-0.30359742045402527,-0.5578146576881409,0.3756294846534729
0.3450484275817871,0.6052758097648621,-0.6728724241256714
0.168914332985878,0.6051760911941528,0.6407719850540161
0.276218056678772,-0.7288792729377747,-0.6089318990707397
-0.31256550550460815,-0.028357839211821556,-0.4517384469509125
0.2984584867954254,-0.03057658113539219,0.1304454654455185
-0.3408001661300659,0.6543472409248352,-0.005026414059102535
0.2751203179359436,-0.7669003009796143,0.5707440972328186
-0.2797536551952362,0.12315075844526291,0.5642576217651367
0.32630065083503723,0.6400769352912903,-0.0027678096666932106
0.28828632831573486,-0.10561733692884445,-0.6179065704345703
-0.3263302445411682,0.6064733862876892,-0.6781614422798157
0.18219338357448578,-0.6183022856712341,-0.00816225167363882
-0.30029764771461487,-0.6415473222732544,-0.5510388612747192
0.1170353889465332,-0.2656283378601074,0.5926851630210876
-0.313869446516037,-0.08054608106613159,0.08334331214427948
-0.34798523783683777,0.6401767134666443,0.4750296473503113
0.27791449427604675,0.24849039316177368,-0.2769083082675934
0.27791449427604675,0.19360440969467163,0.562461256980896
-0.30359742045402527,-0.5608217120170593,-0.07866677641868591
0.006920837797224522,0.27403730154037476,-0.6295757293701172
0.03579086437821388,0.6558441519737244,-0.32691773772239685
0.2986581027507782,-0.2968634366989136,-0.24567317962646484
-0.3241414427757263,0.31655561923980713,0.22683855891227722
-0.019893458113074303,-0.3202282190322876,-0.6500199437141418
-0.30658459663391113,0.3450031876564026,-0.3187214732170105
0.004974826239049435,0.6455721855163574,0.23762944340705872
0.2984584867954254,-0.5005403757095337,0.3262387216091156
0.2984584867954254,0.33761852979660034,0.23223400115966797
-0.03175552189350128,-0.6102124452590942,0.5926851630210876
0.04119628295302391,-0.6388462781906128,-0.3449735641479492
-0.2696745693683624,-0.2861723303794861,0.572141170501709
-0.05524672195315361,0.345402330160141,0.5926851630210876
-0.023911813274025917,-0.6285743117332458,0.24790146946907043
-0.313869446516037,-0.3517494201660156,-0.363129198551178
0.2988576889038086,-0.4300866425037384,-0.5354712009429932
0.31900250911712646,0.2870369255542755,-0.6399408578872681
0.34025838971138,0.632805347442627,0.33252567052841187
0.3468446731567383,0.6401767134666443,-0.33179429173469543
-0.30029764771461487,-0.7747705578804016,0.5563739538192749
-0.013127917423844337,0.0036955163814127445,0.572141170501709
-0.005297186318784952,0.6400769352912903,-0.6782613396644592
-0.313869446516037,0.17306038737297058,-0.065447598695755
0.2984584867954254,-0.10108011960983276,0.42024341225624084
-0.3208416700363159,0.3014070391654968,-0.6343525052070618
0.2984584867954254,-0.37520068883895874,0.05990200117230415
-0.30588603019714355,0.6353001594543457,-0.35524556040763855
-0.064786896109581,-0.05046028271317482,-0.6295757293701172
0.030914288014173508,0.6353001594543457,-0.07815789431333542
-0.313869446516037,-0.11380038410425186,0.3653574585914612
0.31900250911712646,-0.6229726076126099,-0.2485804259777069
0.2881864905357361,-0.02813829481601715,-0.35285720229148865
-0.30359742045402527,-0.34936103224754333,0.17195259034633636
-0.26847705245018005,-0.24038073420524597,-0.6067364811897278
0.27132153511047363,-0.48736101388931274,0.5824131965637207
-0.30029764771461487,0.35328593850135803,0.48291322588920593
-0.313869446516037,-0.1686364859342575,-0.19078722596168518
0.2984584867954254,0.4316232204437256,0.5063645243644714
-0.011201516725122929,-0.6285743117332458,-0.6343525052070618
0.27791449427604675,0.36106982827186584,-0.07030420750379562
-0.12036477774381638,0.618827760219574,0.6088582277297974
-0.2770392894744873,0.625028133392334,0.23462238907814026
0.2984584867954254,0.024249520152807236,-0.12023377418518066
-0.07873790711164474,-0.6491183042526245,-0.031145557761192322
-0.21976493299007416,-0.6285743117332458,-0.3082432150840759
0.30873048305511475,0.1080021783709526,0.3365107476711273
-0.2770392894744873,-0.6183022856712341,0.15638494491577148
-0.2510998547077179,-0.5006400942802429,0.5926851630210876
0.14188377559185028,0.06478530913591385,-0.6294758915901184
0.14847008883953094,-0.6285743117332458,0.4515783190727234
-0.313869446516037,0.40028831362724304,-0.0811050683259964
0.2984584867954254,-0.2812957465648651,0.27135273814201355
-0.14921152591705322,0.6353001594543457,-0.19078722596168518
-0.30359742045402527,0.08932767808437347,0.23462238907814026
0.2984584867954254,0.40028831362724304,-0.41791537404060364
-0.313869446516037,-0.32342156767845154,-0.08893878757953644
-0.2906310260295868,0.1107032299041748,-0.29257574677467346
-0.07874789088964462,-0.17162355780601501,0.5926851630210876
0.2984584867954254,-0.17940740287303925,-0.05759391188621521
-0.313869446516037,-0.3047470450401306,0.38102492690086365
-0.15230508148670197,0.4833158254623413,-0.6305736303329468
0.14956779778003693,0.4562719762325287,-0.6305736303329468
0.2881864905357361,0.1833323985338211,0.05450655147433281
0.27791449427604675,-0.5974522829055786,0.17444077134132385
-0.28591421246528625,0.04662303626537323,-0.6269810795783997
0.19547243416309357,-0.6285743117332458,-0.4962526261806488
0.2881864905357361,0.1080021783709526,-0.4859806299209595
-0.13115566968917847,0.625028133392334,0.39918053150177
0.15625391900539398,0.6353001594543457,-0.4962526261806488
-0.13603225350379944,0.625028133392334,0.06528747826814651
-0.2890210747718811,-0.45184147357940674,-0.6478244662284851
0.2291957288980484,-0.0252010989934206,0.5824131965637207
0.11593767255544662,-0.21333691477775574,-0.6294758915901184
0.13809826970100403,0.31655561923980713,0.5824131965637207
0.2881864905357361,-0.2788075804710388,0.480425089597702
0.30873048305511475,-0.4668169915676117,-0.12270199507474899
0.2032562643289566,0.614756166934967,-0.15945230424404144
0.2032562643289566,0.6353001594543457,0.1538967341184616
-0.044974710792303085,-0.404147207736969,0.5824131965637207
-0.313869446516037,0.4785257577896118,0.11467820405960083
0.2984584867954254,-0.21862593293190002,-0.44146645069122314
-0.313869446516037,0.4785257577896118,-0.4728013575077057
0.07008293271064758,0.6353001594543457,0.4359109103679657
0.3397594094276428,0.6533493399620056,0.5278199315071106
-0.19330662488937378,0.6353001594543457,-0.47570863366127014
0.2984584867954254,0.46295812726020813,-0.22212211787700653
0.028485985472798347,-0.6388462781906128,-0.15696412324905396
-0.313869446516037,0.1966114640235901,0.3604809045791626
-0.31077587604522705,0.16856971383094788,-0.4924605190753937
-0.18942797183990479,-0.7538273930549622,-0.6006490588188171
-0.1886296421289444,-0.6295722126960754,0.4751293957233429
0.14657403528690338,-0.477787584066391,-0.6286776065826416
0.2984584867954254,0.4786255955696106,0.11477800458669662
-0.313869446516037,0.48640939593315125,0.3496900200843811
-0.30029764771461487,-0.08540268242359161,0.5612505674362183
-0.12327203899621964,0.19121602177619934,0.5824131965637207
-0.266767293214798,0.49419325590133667,0.5926851630210876
-0.13354405760765076,-0.6285743117332458,-0.46491774916648865
-0.3228375017642975,0.5038864612579346,-0.18591062724590302
0.2984584867954254,0.2670650780200958,0.42024341225624084
-0.313869446516037,-0.516207754611969,-0.42579901218414307
0.14847008883953094,-0.6285743117332458,0.27135273814201355
0.06224919110536575,0.4785257577896118,0.5926851630210876
0.2883860766887665,-0.5871536731719971,-0.6160105466842651
-0.33441343903541565,0.0007383605116046965,-0.05760388821363449
-0.313869446516037,-0.48497259616851807,-0.2377895712852478
0.2729182243347168,-0.27621299028396606,-0.6193037033081055
-0.30359742045402527,-0.2210143357515335,-0.4468618929386139
0.10925155878067017,-0.5163075923919678,0.5926851630210876
0.2881864905357361,-0.43548211455345154,-0.34206628799438477
0.2984584867954254,-0.21862593293190002,0.11477800458669662
0.2984584867954254,0.5490792393684387,-0.48846879601478577
0.0779266357421875,-0.6491183042526245,0.13532203435897827
-0.3241414427757263,0.31655561923980713,0.041786279529333115
-0.313869446516037,-0.2107423096895218,0.24790146946907043
-0.15221856534481049,-0.6491183042526245,-0.12324082851409912
-0.03957926854491234,-0.6285743117332458,0.4123598039150238
0.2881864905357361,-0.6312753558158875,0.5117599368095398
0.2881864905357361,0.2225509136915207,-0.12270199507474899
0.13270282745361328,0.12605801224708557,0.5926851630210876
-0.17515099048614502,0.006133801769465208,0.5824131965637207
0.13511112332344055,0.25597482919692993,-0.6088321805000305
-0.19621388614177704,-0.6285743117332458,0.29490384459495544
0.25565406680107117,-0.1613515466451645,0.5824131965637207
0.2984584867954254,0.4786255955696106,0.3026876449584961
-0.313869446516037,-0.5005403757095337,0.0677257627248764
-0.09617169201374054,-0.48666912317276,-0.6294758915901184
-0.30658459663391113,0.15569645166397095,0.08863232284784317
0.017424017190933228,0.42882904410362244,-0.6511176228523254
0.2881864905357361,-0.11918585002422333,-0.1882990300655365
0.2929699122905731,0.023783788084983826,-0.6295757293701172
0.17192135751247406,0.6353001594543457,0.005055938381701708
-0.044938135892152786,0.1003115102648735,-0.6501197218894958
-0.2770392894744873,0.24112564325332642,0.6029571890830994
-0.313869446516037,0.03990698978304863,0.4359109103679657
0.31900250911712646,-0.5269986391067505,0.020733369514346123
-0.29332542419433594,-0.2450842559337616,0.023680539801716805
0.28858569264411926,0.47323015332221985,-0.6035364866256714
-0.16915680468082428,0.6353999376296997,-0.6650885939598083
-0.313869446516037,0.2670650780200958,-0.19078722596168518
-0.3023932874202728,-0.43787047266960144,0.46674683690071106
0.18051016330718994,-0.7619040012359619,0.4957798421382904
0.30873048305511475,0.08932767808437347,-0.250968873500824
0.21970880031585693,-0.7883423566818237,-0.5023533701896667
0.16403773427009583,0.6353001594543457,-0.33179429173469543
0.2881864905357361,-0.03597203269600868,0.26896435022354126
-0.00041861794306896627,0.6353001594543457,-0.4962526261806488
-0.15180614590644836,0.3103751242160797,-0.6295757293701172
0.16403773427009583,0.6275163292884827,-0.6781614422798157
0.18758881092071533,-0.6491183042526245,-0.14669211208820343
0.2984584867954254,-0.4535379409790039,0.18523162603378296
0.1741168051958084,0.6353001594543457,0.3128664791584015
-0.32912448048591614,0.6303105354309082,0.6384767293930054
-0.09982076287269592,-0.6388462781906128,0.12017344683408737
0.07252121716737747,0.6455721855163574,-0.20884306728839874
0.2984584867954254,0.08693929016590118,0.46724578738212585
-0.31117504835128784,-0.028361186385154724,-0.29786479473114014
0.30873048305511475,0.1080021783709526,0.1671757996082306
-0.313869446516037,-0.4927564561367035,0.23223400115966797
0.2984584867954254,-0.5475426316261292,-0.4335828423500061
-0.16288311779499054,0.6353001594543457,-0.34506672620773315
0.30873048305511475,0.2695532739162445,-0.4517384469509125
-0.29002565145492554,-0.09079813212156296,-0.5877692103385925
-0.17715346813201904,-0.6041250824928284,-0.6296755075454712
0.06740520149469376,0.6353001594543457,0.06339804828166962
0.1270146667957306,-0.6282749176025391,-0.6208937764167786
0.007416106760501862,0.1966114640235901,0.5926851630210876
0.21104009449481964,0.5020769238471985,0.5926851630210876
-0.06602761149406433,-0.6491183042526245,-0.24069683253765106
0.18758881092071533,-0.6285743117332458,-0.35524556040763855
-0.12576022744178772,0.47074195742607117,0.5926851630210876
-0.2921212613582611,-0.3698052167892456,-0.4933653175830841
0.0544254444539547,-0.6285743117332458,-0.4962526261806488
-0.30029764771461487,0.46295812726020813,-0.6138085126876831
-0.13603225350379944,0.625028133392334,0.20629452168941498
0.28159353137016296,-0.6285743117332458,0.38102492690086365
-0.21456247568130493,-0.7663015723228455,0.5068502426147461
-0.31677010655403137,0.6159470081329346,-0.5089330077171326
-0.21976493299007416,-0.6285743117332458,-0.0027678096666932106
-0.1516997069120407,-0.2944750487804413,0.5824131965637207
0.08870753645896912,-0.08054608106613159,0.572141170501709
-0.3241414427757263,-0.15346792340278625,-0.03949815779924393
-0.3029787540435791,-0.8032979965209961,-0.49906018376350403
0.2984584867954254,0.4942930042743683,-0.08892881125211716
0.2881864905357361,0.3086719810962677,0.08883854746818542
-0.33441343903541565,-0.2235025018453598,-0.336670845746994
-0.20798277854919434,0.15470515191555023,-0.6194034814834595
-0.3241414427757263,-0.33857011795043945,-0.2401779592037201
-0.313869446516037,0.31406745314598083,-0.48058515787124634
0.2984584867954254,-0.48487284779548645,0.4593621492385864
0.2984584867954254,-0.08541266620159149,-0.48846879601478577
-0.2510998547077179,-0.6415473222732544,0.5926851630210876
0.19078217446804047,-0.6807658672332764,0.5900905132293701
0.2267075479030609,-0.35564130544662476,0.5926851630210876
0.2984584867954254,-0.17162355780601501,-0.31612682342529297
0.2881864905357361,0.0423552580177784,0.02317165583372116
0.04362458735704422,0.6353001594543457,0.5974619388580322
0.27791449427604675,-0.5896684527397156,-0.11730655282735825
-0.18594186007976532,0.625028133392334,0.5323039293289185
-0.16667525470256805,-0.30225223302841187,-0.6091315150260925
0.19537265598773956,0.6353001594543457,0.48291322588920593
0.15195618569850922,-0.09444724023342133,-0.6192039251327515
-0.14433494210243225,0.6353001594543457,-0.04978014528751373
0.27950456738471985,0.18532826006412506,-0.6192039251327515
0.2984584867954254,0.3219510614871979,-0.18290360271930695
-0.19621388614177704,0.36106982827186584,0.5926851630210876
0.3468446731567383,0.6401767134666443,-0.17802701890468597
-0.32524582743644714,0.6289001703262329,0.08116114139556885
-0.32064205408096313,-0.6446276903152466,-0.18591062724590302
-0.266767293214798,0.6353001594543457,0.35757362842559814
0.27750203013420105,0.30279088020324707,0.5926851630210876
-0.011268080212175846,-0.1668335348367691,-0.6295757293701172
-0.31107527017593384,0.3502921760082245,0.3367169499397278
0.3468446731567383,0.6400769352912903,0.2057756632566452
0.2984584867954254,-0.3674168288707733,0.3653574585914612
-0.30359742045402527,-0.17701900005340576,0.4405079782009125
0.31900250911712646,-0.31750723719596863,-0.10459625720977783
-0.313869446516037,0.024239541962742805,-0.18290360271930695
0.067135751247406,-0.6285743117332458,-0.03410271555185318
-0.30359742045402527,-0.0956946611404419,0.22974582016468048
0.09038075804710388,0.34250837564468384,-0.6305736303329468
-0.33441343903541565,0.044783562421798706,0.08334331214427948
-0.313869446516037,0.22794635593891144,-0.370913028717041
-0.2745510935783386,0.6353001594543457,-0.15945230424404144
0.2984584867954254,-0.33608195185661316,-0.3865804672241211
-0.31705617904663086,0.4892102777957916,-0.020247848704457283
-0.266767293214798,-0.6285743117332458,-0.4335828423500061
0.28888505697250366,0.38213270902633667,0.39918053150177
0.2883860766887665,-0.68087238073349,-0.5329697132110596
0.2984584867954254,0.35328593850135803,-0.3004593551158905
0.07252121716737747,-0.37281230092048645,0.5824131965637207
-0.2995991110801697,-0.6781713366508484,0.48560765385627747
0.15664644539356232,-0.3189242482185364,-0.6203016042709351
-0.14921152591705322,-0.5788775682449341,0.5926851630210876
0.31900250911712646,-0.17646023631095886,0.23711057007312775
0.2984584867954254,0.5020769238471985,-0.35524556040763855
-0.1884300410747528,-0.12459127604961395,0.5926851630210876
-0.3023932874202728,0.5020769238471985,0.46674683690071106
-0.07874789088964462,0.6353001594543457,0.5063645243644714
0.2984584867954254,0.10260674357414246,-0.37879663705825806
0.2984584867954254,0.5569629073143005,0.42024341225624084
-0.313869446516037,-0.38308432698249817,0.036390844732522964
-0.313869446516037,0.4785257577896118,0.23223400115966797
0.2984584867954254,-0.08836982399225235,0.03640082851052284
-0.0004176200309302658,-0.2656283378601074,0.5926851630210876
-0.30658459663391113,0.5179439783096313,-0.35524556040763855
-0.313869446516037,0.07127183675765991,-0.40224793553352356
0.2984584867954254,-0.17453083395957947,0.32914602756500244
0.2984584867954254,0.22794635593891144,0.27135273814201355
0.04409690946340561,-0.009510349482297897,-0.6089318990707397
-0.30029764771461487,-0.38308432698249817,0.5690343379974365
0.09359408915042877,-0.6285743117332458,0.5533668994903564
-0.313869446516037,-0.3909679353237152,0.287020206451416
-0.17276258766651154,-0.4144192039966583,0.5926851630210876
-0.01608806848526001,0.6353001594543457,0.35757362842559814
-0.33441343903541565,-0.4741817116737366,-0.07814790308475494
0.19547243416309357,-0.6285743117332458,0.10689438134431839
-0.1710793673992157,-0.7586906552314758,0.6106345653533936
-0.036342646926641464,0.625028133392334,-0.1534581184387207
0.2502586245536804,0.6353001594543457,-0.5589224696159363
0.2502586245536804,0.6353001594543457,-0.4335828423500061
0.2881864905357361,-0.5999404788017273,0.28162476420402527
0.21892370283603668,-0.5702953934669495,0.5926851630210876
0.2984584867954254,-0.39875176548957825,-0.19857105612754822
-0.313869446516037,0.20439527928829193,0.2635689079761505
0.2984584867954254,0.3767372667789459,-0.5275875926017761
-0.19960682094097137,-0.06473232805728912,-0.629974901676178
0.05198715999722481,-0.6388462781906128,0.35508546233177185
0.2984584867954254,-0.27341213822364807,0.012899643741548061
-0.30029764771461487,-0.5632100701332092,0.5142481923103333
-0.05525669455528259,0.6353001594543457,-0.24069683253765106
0.10146773606538773,-0.6285743117332458,-0.26912447810173035
-0.19012652337551117,-0.6885496973991394,-0.5510388612747192
-0.33441343903541565,0.3972812592983246,-0.2269986867904663
-0.30359742045402527,0.30088815093040466,-0.06787589937448502
0.299157053232193,-0.06485866755247116,0.5092718005180359
0.0030654435977339745,-0.5134268403053284,-0.6489222049713135
-0.30029764771461487,-0.516207754611969,-0.5354712009429932
-0.0520932711660862,0.5287215709686279,-0.6305736303329468
-0.08658161759376526,-0.06192546337842941,0.5926851630210876
-0.2992997169494629,-0.6275763511657715,0.2504960596561432
0.25405076146125793,-0.3965563178062439,-0.6293761730194092
0.2984584867954254,-0.3281983435153961,-0.4962526261806488
-0.33421388268470764,-0.2718021869659424,-0.14378486573696136
-0.3317190408706665,0.13124725222587585,-0.2034476399421692
0.05292855203151703,0.16966743767261505,-0.6294758915901184
0.2984584867954254,-0.39875176548957825,0.5015877485275269
-0.24321624636650085,0.6353001594543457,-0.26912447810173035
-0.313869446516037,-0.571093738079071,-0.3004593551158905
0.2881864905357361,0.06587640196084976,0.5793063044548035
-0.3208416700363159,0.12906506657600403,-0.6264688372612
0.1025654524564743,0.6353001594543457,0.18722748756408691
-0.30029764771461487,0.03209322690963745,-0.5198037624359131
0.2984584867954254,0.008582067675888538,0.3966923654079437
-0.05769498646259308,0.625028133392334,0.13574108481407166
0.298957496881485,-0.1950748711824417,-0.5589224696159363
0.3159089684486389,-0.7622100114822388,0.4623692035675049
0.2108471393585205,0.5537629127502441,-0.6203016042709351
0.30873048305511475,-0.322802871465683,0.17205236852169037
-0.3043891489505768,-0.2338942140340805,0.14611291885375977
-0.1407291442155838,0.0577998161315918,-0.6296755075454712
0.203455850481987,0.3500926196575165,-0.629974901676178
0.31900250911712646,-0.0570349246263504,-0.11730655282735825
-0.3105696737766266,0.19121602177619934,0.49318522214889526
-0.30029764771461487,-0.3204145133495331,0.48291322588920593
0.09908269345760345,0.5466842651367188,-0.6305736303329468
0.2502586245536804,0.5880117416381836,0.6396742463111877
-0.30029764771461487,0.5412954092025757,-0.10458628833293915
-0.2890210747718811,-0.5615136027336121,-0.6272804737091064
-0.25888368487358093,-0.6285743117332458,0.3966923654079437
-0.3317190408706665,-0.6195797324180603,0.03900540992617607
0.2080463171005249,0.38921135663986206,0.5931841731071472
-0.313869446516037,0.06639526784420013,-0.023321814835071564
-0.313869446516037,0.000738360860850662,0.29490384459495544
0.2984584867954254,-0.5005403757095337,-0.24557340145111084
-0.07091416418552399,-0.6080303192138672,-0.3425852060317993
-0.05525669828057289,0.6353001594543457,-0.0027777894865721464
0.04658174514770508,0.35328593850135803,0.5926851630210876
0.2984584867954254,0.01641579531133175,-0.48058515787124634
0.2984584867954254,-0.38308432698249817,-0.04976018890738487
-0.09440536051988602,-0.6285743117332458,0.5142481923103333
0.2984584867954254,0.43940702080726624,0.020733369514346123
0.2984584867954254,-0.4300866425037384,-0.4335828423500061
0.2036554366350174,-0.7082088589668274,-0.6270808577537537
-0.16637587547302246,-0.20046366751194,-0.6296755075454712
-0.2890210747718811,-0.3500528931617737,-0.6272804737091064
-0.21727676689624786,0.625028133392334,0.09662237018346786
0.21483221650123596,-0.1908835619688034,-0.6294758915901184
0.2988576889038086,-0.5318751931190491,-0.5354712009429932
-0.2378207892179489,0.625028133392334,-0.5927455425262451
-0.30678418278694153,-0.06245635822415352,0.4606594741344452
0.27791449427604675,0.11339763551950455,-0.15457572042942047
0.08331210166215897,0.625028133392334,-0.4204035699367523
-0.13354405760765076,-0.6285743117332458,0.3732410967350006
-0.07874789088964462,0.6353001594543457,-0.5589224696159363
-0.313869446516037,0.42373961210250854,-0.3865804672241211
0.07791665941476822,0.6353001594543457,-0.5824735164642334
0.23459117114543915,0.6353001594543457,-0.25345703959465027
-0.023921793326735497,-0.5084239840507507,0.5926851630210876
0.2984584867954254,-0.01490913424640894,-0.22990594804286957
0.289377361536026,-0.6285743117332458,-0.37879663705825806
0.007423092145472765,-0.6285743117332458,0.4985807240009308
0.19537265598773956,0.2200627326965332,0.5926851630210876
0.299157053232193,-0.2107423096895218,-0.1515686810016632
-0.30029764771461487,0.5726303458213806,-0.44146645069122314
0.2984584867954254,0.5256279706954956,0.20089909434318542
-0.30029764771461487,0.5569629073143005,-0.5823737978935242
0.27332404255867004,-0.2854737639427185,0.5695465207099915
-0.22436867654323578,-0.653535783290863,-0.630074679851532
0.07791665941476822,0.6353001594543457,0.3262387216091156
0.2984584867954254,0.21227890253067017,0.1538967341184616
-0.29332542419433594,-0.46629810333251953,-0.36012211441993713
0.2881864905357361,-0.18480284512043,0.4569737911224365
-0.30029764771461487,-0.26552852988243103,-0.5354712009429932
0.2984584867954254,0.5881980061531067,-0.11242999136447906
0.2988576889038086,-0.03057658113539219,-0.5668061375617981
-0.30658459663391113,-0.03367016091942787,0.1590859591960907
-0.06012329086661339,-0.6080303192138672,-0.11242999136447906
0.25804248452186584,0.6353001594543457,0.07555948197841644
0.2984584867954254,-0.39875176548957825,0.2635689079761505
-0.30029764771461487,0.5647467374801636,0.2792363464832306
0.2032562643289566,-0.6285743117332458,-0.2612408995628357
0.2502586245536804,0.6353001594543457,0.25568529963493347
0.2988576889038086,0.5255281925201416,0.5221317410469055
0.2984584867954254,-0.48038217425346375,-0.6235882043838501
0.2984584867954254,0.22794635593891144,-0.5511386394500732
0.204054594039917,-0.5727902054786682,-0.6283782124519348
-0.023921793326735497,0.43940702080726624,0.5926851630210876
-0.30029764771461487,0.23573018610477448,-0.5667062997817993
0.2984584867954254,0.1103905662894249,-0.08109508454799652
0.27791449427604675,0.2954927086830139,-0.010597542859613895
0.10925155878067017,0.6353001594543457,0.5220319628715515
-0.141427680850029,0.27494871616363525,0.5926851630210876
-0.01607809029519558,-0.6285743117332458,0.17444077134132385
-0.2486116737127304,0.018844105303287506,0.5824131965637207
-0.313869446516037,0.3689534366130829,0.12256182730197906
0.1808161586523056,-0.7690957188606262,0.6117322444915771
-0.30359742045402527,-0.48248445987701416,-0.1540568768978119
-0.27994659543037415,0.36355793476104736,0.5824131965637207
0.2984584867954254,-0.477088987827301,0.08344310522079468
0.03874801844358444,-0.14319589734077454,0.6132291555404663
-0.313869446516037,-0.14025874435901642,-0.3944641053676605
-0.12814861536026,-0.6183022856712341,0.2502898871898651
-0.313869446516037,0.4834023416042328,-0.29745230078697205
0.2984584867954254,0.22794635593891144,0.5063645243644714
0.07009290903806686,-0.6285743117332458,0.20868290960788727
-0.3167501389980316,-0.7747705578804016,0.46226948499679565
-0.21836784482002258,0.5503765940666199,-0.6305736303329468
-0.313869446516037,-0.39875176548957825,0.38102492690086365
0.19058260321617126,0.14501865208148956,-0.6293761730194092
-0.30359742045402527,-0.18480284512043,0.3473016321659088
0.289377361536026,-0.7688960433006287,-0.5235093832015991
-0.30359742045402527,0.23821838200092316,0.13574108481407166
-0.21976493299007416,0.5804141759872437,0.5926851630210876
0.23459117114543915,0.6353001594543457,-0.065447598695755
0.2984584867954254,0.38462090492248535,0.1304454654455185
-0.313869446516037,0.1103905662894249,0.31057125329971313
-0.2275487780570984,0.6353001594543457,-0.4101315438747406
-0.20409749448299408,-0.2342933863401413,0.5926851630210876
-0.03957926854491234,-0.6285743117332458,-0.4492502510547638
0.15625391900539398,-0.43797028064727783,0.5926851630210876
-0.30359742045402527,-0.322902649641037,0.2502898871898651
0.19547243416309357,-0.6285743117332458,0.3496900200843811
-0.313869446516037,0.4159557819366455,0.0442245677113533
0.28398191928863525,-0.6388462781906128,0.07017402350902557
-0.30029764771461487,0.5647467374801636,0.5455830097198486
-0.30029764771461487,0.5647467374801636,0.17744781076908112
-0.313869446516037,-0.11675754934549332,-0.2769083082675934
-0.05524672195315361,0.5411956310272217,0.5926851630210876
-0.30658459663391113,-0.05276549234986305,-0.13590124249458313
-0.30029764771461487,0.38462090492248535,-0.5354712009429932
-0.313869446516037,0.29061615467071533,0.40457600355148315
-0.3241414427757263,0.23033475875854492,-0.26663631200790405
-0.29332542419433594,0.06639526784420013,-0.08406222611665726
-0.20279355347156525,-0.7740787267684937,-0.5324707627296448
-0.21976493299007416,0.14172548055648804,0.5926851630210876
-0.30029764771461487,-0.1480724960565567,-0.5198037624359131
0.16164934635162354,-0.18480284512043,0.5824131965637207
-0.18594186007976532,0.6455721855163574,0.26896435022354126
-0.24570441246032715,0.625028133392334,-0.005216074176132679
0.2984584867954254,0.33761852979660034,0.4750296473503113
0.23548929393291473,-0.05266370251774788,-0.6294758915901184
0.2984584867954254,0.1573929339647293,0.4123598039150238
-0.313869446516037,0.4159557819366455,0.40457600355148315
0.04118630290031433,0.12066257745027542,0.6029571890830994
0.12740720808506012,-0.6183022856712341,-0.12270199507474899
0.2881864905357361,-0.5451542139053345,0.5430948734283447
0.2984584867954254,-0.2656283378601074,0.40457600355148315
-0.3241414427757263,-0.27590033411979675,-0.37630847096443176
-0.10220915079116821,0.6353001594543457,-0.4101315438747406
0.03580084443092346,-0.6285743117332458,0.07261231541633606
0.1171351820230484,-0.6285743117332458,-0.4335828423500061
0.298957496881485,0.3297348916530609,0.3262387216091156
0.2984584867954254,0.05560437589883804,0.240117609500885
-0.0684758797287941,0.625028133392334,0.2846318483352661
-0.3477856516838074,0.6127470135688782,-0.2740010619163513
-0.3043891489505768,-0.2338942140340805,-0.22990594804286957
0.2984584867954254,0.5569629073143005,-0.590257465839386
0.2926705479621887,0.4696442186832428,0.5894917845726013
0.2988576889038086,0.07915546000003815,0.09901076555252075
-0.2745510935783386,-0.17940740287303925,0.5926851630210876
0.18271222710609436,0.09181585907936096,0.5926851630210876
0.19249190390110016,0.614756166934967,0.39130356907844543
0.2881864905357361,0.5750187039375305,0.2895083725452423
-0.313869446516037,-0.08542264997959137,-0.0027777894865721464
-0.21517449617385864,-0.4051384925842285,-0.629974901676178
-0.30029764771461487,0.03992695361375809,0.5220319628715515
-0.30029764771461487,0.2876090705394745,0.4937041401863098
-0.00020905330893583596,0.3390156030654907,-0.6305736303329468
0.2984584867954254,0.47074195742607117,-0.5275875926017761
0.27791449427604675,-0.11187099665403366,0.10201781243085861
-0.2510998547077179,-0.6285743117332458,-0.10459625720977783
-0.313869446516037,0.392404705286026,0.20868290960788727
0.15625391900539398,-0.6285743117332458,0.18523162603378296
-0.18054641783237457,-0.6285743117332458,-0.22990594804286957
0.27791449427604675,0.18872782588005066,-0.40712445974349976
-0.00040963655919767916,-0.6285743117332458,-0.2612408995628357
0.34395068883895874,0.6513534784317017,-0.5197904706001282
-0.05524672195315361,0.2592812478542328,0.5926851630210876
0.21113988757133484,-0.6885496973991394,0.48251405358314514
0.2737099230289459,-0.7042171359062195,0.5926851630210876
-0.13364385068416595,-0.49425336718559265,0.5926851630210876
0.2984584867954254,0.5490792393684387,-0.2377895712852478
-0.31137463450431824,-0.4431594908237457,-0.4923607110977173
0.28858569264411926,0.3948929011821747,0.5666459798812866
-0.07873790711164474,-0.6285743117332458,-0.543255090713501
-0.08658161759376526,0.1103905662894249,0.5926851630210876
0.2984584867954254,0.4316232204437256,0.23223400115966797
-0.21976493299007416,-0.3439655900001526,0.5926851630210876
0.27791449427604675,-0.2450842559337616,-0.33957812190055847
-0.30359742045402527,-0.5529381036758423,0.17495961487293243
0.13270282745361328,0.4316232204437256,0.5926851630210876
-0.313869446516037,0.4550745189189911,-0.15945230424404144
-0.141427680850029,-0.6285743117332458,0.052068281918764114
0.299157053232193,-0.3674168288707733,-0.3004593551158905
-0.1884300410747528,-0.6285743117332458,-0.3865804672241211
0.14058645069599152,-0.3517494201660156,0.5926851630210876
0.28398191928863525,0.625028133392334,0.4618503153324127
0.08870753645896912,0.6558441519737244,-0.06839477270841599
-0.06829959899187088,0.6084559559822083,-0.6559209823608398
0.28159353137016296,-0.6285743117332458,-0.19078722596168518
-0.10980003327131271,-0.12407569587230682,-0.6193037033081055
-0.1075979620218277,0.15599583089351654,-0.6295757293701172
0.2984584867954254,0.35328593850135803,0.036400824785232544
0.25804248452186584,-0.6285743117332458,-0.026267990469932556
0.14058645069599152,0.6353001594543457,0.09901076555252075
0.30873048305511475,-0.5264797806739807,0.22984559834003448
0.2984584867954254,0.5334118604660034,0.052068278193473816
0.2984584867954254,-0.5397588014602661,-0.3239106833934784
-0.30359742045402527,-0.1583644598722458,0.17495961487293243
0.07008293271064758,0.25139766931533813,0.5926851630210876
-0.31117504835128784,-0.4097289443016052,-0.14897409081459045
0.3043396472930908,-0.670081377029419,-0.6404464244842529
-0.3136698603630066,-0.4055376648902893,-0.2612408995628357
-0.30029764771461487,-0.7228917479515076,-0.590257465839386
-0.31266528367996216,0.15199750661849976,0.1798362135887146
-0.21886681020259857,0.2631731927394867,-0.6502195000648499
0.24576130509376526,0.26366549730300903,-0.6191041469573975
0.06883551925420761,0.4694446623325348,-0.6305736303329468
0.2881864905357361,-0.09568467736244202,-0.26663631200790405
-0.30359742045402527,-0.17701900005340576,0.07799777388572693
0.2984584867954254,-0.1089138463139534,-0.4101315438747406
0.2984584867954254,0.47074195742607117,0.4123598039150238
0.30873048305511475,-0.18480284512043,-0.24806158244609833
-0.31076258420944214,-0.6491183042526245,-0.3757895827293396
-0.30359742045402527,-0.2788075804710388,-0.2979712188243866
0.13270282745361328,-0.02276281639933586,0.5926851630210876
-0.2510998547077179,0.6353001594543457,0.4515783190727234
-0.3090793788433075,-0.4345773458480835,0.1304454654455185
0.3469444513320923,0.6127470135688782,-0.41791537404060364
0.2949657738208771,-0.6281750798225403,-0.4721028208732605
0.22131212055683136,-0.27590033411979675,0.5824131965637207
0.2984584867954254,-0.5554262399673462,0.42024341225624084
0.27791449427604675,-0.14512532949447632,0.3311152458190918
-0.03958924859762192,0.6353001594543457,0.4359109103679657
-0.313869446516037,-0.477088987827301,0.3262387216091156
0.1170353889465332,0.5363191366195679,0.572141170501709
-0.29332542419433594,0.04772075638175011,-0.3239106833934784
-0.30658459663391113,0.15569645166397095,-0.4048425257205963
-0.15709514915943146,-0.6285743117332458,-0.06543761491775513
0.2988576889038086,0.10260674357414246,-0.5745899081230164
-0.313869446516037,0.11827418953180313,0.3966923654079437
0.2984584867954254,0.48640939593315125,-0.4335828423500061
0.31900250911712646,-0.0981229618191719,0.20089909434318542
-0.03957926854491234,-0.6285743117332458,0.3262387216091156
0.15085847675800323,0.625028133392334,-0.2245105355978012
-0.19012652337551117,-0.6964333653450012,0.5220319628715515
-0.30029764771461487,0.005634890403598547,-0.590257465839386
0.19577181339263916,-0.7042171359062195,-0.5200033187866211
-0.30029764771461487,0.5726303458213806,0.020743347704410553
-0.23242536187171936,-0.6491183042526245,-0.4834924638271332
0.2984584867954254,-0.4065355658531189,0.44369471073150635
-0.31685659289360046,-0.25244906544685364,-0.03949815779924393
-0.20409749448299408,-0.6285743117332458,0.2165665328502655
0.23030008375644684,0.42783108353614807,-0.630074679851532
0.2984584867954254,-0.5397588014602661,0.14611291885375977
0.07304009050130844,0.6558441519737244,0.00017936738731805235
-0.3136698603630066,0.3199551999568939,-0.40224793553352356
-0.3010028600692749,0.21238532662391663,0.0055183288641273975
0.27791449427604675,-0.002198833506554365,0.5563739538192749
0.2984584867954254,0.5804141759872437,0.11477800458669662
0.21892370283603668,-0.10892382264137268,0.5926851630210876
0.007415108382701874,0.6353001594543457,0.4985807240009308
0.2984584867954254,0.43940702080726624,-0.3082432150840759
0.06225917115807533,-0.6285743117332458,0.287020206451416
-0.29002565145492554,0.1706719845533371,0.5745295882225037
-0.19621388614177704,0.6353001594543457,-0.1281173974275589
0.07791665941476822,0.6353001594543457,-0.504136323928833
0.12491900473833084,-0.6491183042526245,0.06477857381105423
0.017688119783997536,-0.06436473876237869,0.5824131965637207
0.2988576889038086,0.38462090492248535,-0.6059248447418213
-0.30029764771461487,0.5647467374801636,0.35757362842559814
-0.2508004903793335,0.6353001594543457,-0.495753675699234
-0.30029764771461487,-0.6964333653450012,0.5612505674362183
-0.19133728742599487,-0.6491183042526245,0.07068291306495667
-0.13842064142227173,0.6558441519737244,-0.0918959528207779
-0.3241414427757263,0.2852207124233246,0.3286271393299103
-0.30029764771461487,-0.4692053496837616,0.5376994013786316
-0.21188132464885712,0.43940702080726624,0.5926851630210876
-0.313869446516037,-0.2656283378601074,0.3026876449584961
-0.313869446516037,-0.571093738079071,-0.48058515787124634
-0.30359742045402527,-0.5372706651687622,0.29729220271110535
-0.12316561490297318,0.5594577193260193,-0.6305736303329468
-0.09728937596082687,0.42882904410362244,-0.6305736303329468
0.2984584867954254,0.23573018610477448,0.3496900200843811
-0.06064216047525406,0.625028133392334,-0.3498501181602478
0.03875799477100372,-0.6285743117332458,-0.5824735164642334
-0.313869446516037,-0.31263065338134766,-0.038985274732112885
-0.30029764771461487,0.42373961210250854,0.5142481923103333
-0.3004905879497528,-0.6183022856712341,-0.023830700665712357
-0.30029764771461487,-0.06974522024393082,-0.5275875926017761
-0.25888368487358093,-0.7042171359062195,-0.5204025506973267
-0.30029764771461487,-0.4065355658531189,-0.5667062997817993
-0.3136698603630066,0.3199551999568939,-0.1281173974275589
0.2399865984916687,0.625028133392334,-0.6475317478179932
0.08960238099098206,-0.16051335632801056,-0.6089318990707397
-0.30029764771461487,-0.1480724960565567,0.5142481923103333
-0.3000980615615845,-0.6240836977958679,0.3262387216091156
0.2984584867954254,-0.5554262399673462,-0.18290360271930695
-0.313869446516037,0.07127183675765991,0.12546908855438232
0.2984584867954254,-0.6102124452590942,-0.5589224696159363
-0.30359742045402527,0.10499513149261475,-0.470313161611557
-0.21397696435451508,-0.47998300194740295,-0.629974901676178
-0.345191091299057,0.6516528725624084,0.3242295980453491
-0.24380172789096832,0.33751872181892395,-0.6503193378448486
0.2984584867954254,-0.1950748711824417,0.023690519854426384
0.028476009145379066,0.625028133392334,-0.2793964743614197
0.24237501621246338,-0.6285743117332458,0.4515783190727234
-0.313869446516037,0.29839998483657837,-0.2612408995628357
0.2057444453239441,-0.6183022856712341,-0.07866677641868591
0.06765462458133698,-0.6388462781906128,0.4853016436100006
0.12491900473833084,-0.6285743117332458,-0.5198037624359131
0.2984584867954254,0.29839998483657837,-0.11242999136447906
-0.21188132464885712,-0.054092735052108765,0.5926851630210876
0.21892370283603668,0.6353001594543457,0.5533668994903564
-0.12576022744178772,0.38462090492248535,0.5926851630210876
-0.06308044493198395,-0.6285743117332458,-0.19078722596168518
0.30873048305511475,0.1314534693956375,0.25817349553108215
0.21892370283603668,-0.6285743117332458,-0.42579901218414307
-0.21976493299007416,0.6195329427719116,-0.6577172875404358
-0.30029764771461487,-0.2341935783624649,0.5063645243644714
0.2881864905357361,0.15500454604625702,-0.3263988494873047
0.2984584867954254,0.29061615467071533,-0.5119200944900513
0.2984584867954254,0.01641579531133175,-0.27991536259651184
0.2984584867954254,-0.061914484947919846,0.35757362842559814
0.2984584867954254,0.29839998483657837,-0.37879663705825806
0.049020033329725266,-0.5372706651687622,0.5824131965637207
-0.313869446516037,-0.28420305252075195,-0.4492502510547638
-0.313869446516037,-0.48497259616851807,0.40457600355148315
-0.313869446516037,-0.5475426316261292,-0.19857105612754822
0.22431915998458862,-0.6183022856712341,0.2502898871898651
-0.30029764771461487,0.5490792393684387,-0.2769083082675934
-0.18034683167934418,0.4159557819366455,-0.6297752857208252
0.22071997821331024,0.01864117570221424,-0.6293761730194092
0.2971612513065338,-0.23038820922374725,-0.630074679851532
0.2984584867954254,0.14960910379886627,0.5142481923103333
0.18828736245632172,-0.6494309902191162,-0.5668061375617981
-0.18114517629146576,-0.630470335483551,0.5533668994903564
-0.313869446516037,0.23573018610477448,0.0677257627248764
0.2984584867954254,-0.3908681571483612,0.1304454654455185
0.2984584867954254,0.5099605321884155,-0.16723613440990448
0.2984584867954254,0.4080721437931061,-0.17511975765228271
0.2881864905357361,0.09233473241329193,-0.01303982175886631
-0.313869446516037,-0.08542264997959137,-0.3474617302417755
-0.07091416418552399,0.008572089485824108,0.572141170501709
0.2984584867954254,-0.20295847952365875,0.27135273814201355
0.2881864905357361,-0.3541377782821655,0.5587623119354248
0.2984584867954254,-0.5318751931190491,-0.06542763859033585
-0.16000238060951233,0.6353001594543457,0.16956420242786407
-0.141427680850029,-0.6285743117332458,-0.33179429173469543
-0.29332542419433594,-0.5084240436553955,-0.010607522912323475
-0.313869446516037,0.06338822096586227,-0.25345703959465027
0.27791449427604675,0.2328229397535324,-0.2269986867904663
0.16164934635162354,0.6455721855163574,-0.41552698612213135
0.31900250911712646,-0.477088987827301,-0.015478106215596199
-0.30029764771461487,0.5412954092025757,-0.5119200944900513
-0.11787660419940948,-0.6285743117332458,0.44369471073150635
-0.29002565145492554,0.09721129387617111,-0.576978325843811
-0.2920215129852295,-0.41083332896232605,0.21117110550403595
0.15715205669403076,-0.6171979904174805,0.5920864343643188
0.2415766716003418,0.09452352672815323,-0.6293761730194092
0.08055117726325989,0.05859816446900368,0.5926851630210876
-0.3004905879497528,0.625028133392334,0.5353109836578369
-0.07144307345151901,0.33791789412498474,-0.6296755075454712
0.2984584867954254,-0.3438657820224762,-0.590257465839386
0.2987579107284546,-0.7121008038520813,0.49089664220809937
-0.313869446516037,-0.29696324467658997,0.11467820405960083
0.3396596312522888,0.6465634703636169,0.6406722068786621
-0.313869446516037,-0.571093738079071,0.11467820405960083
0.2881864905357361,0.4183441698551178,0.3002992570400238
0.2881864905357361,-0.009523671120405197,0.4569737911224365
0.07008293271064758,-0.4536377191543579,0.5926851630210876
0.2984584867954254,0.42373961210250854,-0.0967625305056572
-0.10220915079116821,0.6353001594543457,-0.48846879601478577
0.2984584867954254,-0.3047470450401306,0.09122693538665771
-0.3029787540435791,0.6558441519737244,-0.08893878757953644
0.2984584867954254,0.5256279706954956,-0.018430273979902267
0.2984584867954254,0.07905567437410355,0.3889085352420807
-0.2226722091436386,-0.42230281233787537,0.6132291555404663
0.2984584867954254,-0.43787047266960144,0.3732410967350006
-0.313869446516037,-0.5632100701332092,-0.370913028717041
0.1797051876783371,-0.5084239840507507,0.5926851630210876
-0.06308044493198395,0.18872782588005066,0.5926851630210876
-0.29332542419433594,0.013448658399283886,0.3448134660720825
-0.013128915801644325,0.6558441519737244,-0.42579901218414307
0.2984584867954254,0.024249520152807236,-0.4101315438747406
-0.22405603528022766,0.4797233045101166,-0.630074679851532
0.09449221938848495,-0.533970832824707,-0.6284779906272888
-0.29332542419433594,0.29839998483657837,0.13822929561138153
0.2881864905357361,-0.39626356959342957,-0.11784537881612778
-0.30359742045402527,-0.017367376014590263,0.2140783667564392
0.2984584867954254,-0.03057658113539219,0.05990200117230415
-0.1648789644241333,0.08693929016590118,0.5926851630210876
-0.30029764771461487,-0.18719124794006348,-0.5823737978935242
0.2984584867954254,-0.1559162139892578,-0.48846879601478577
0.2984584867954254,0.17306038737297058,-0.026263998821377754
-0.313869446516037,0.021282387897372246,-0.007654361426830292
0.06817354261875153,-0.300163209438324,-0.6192039251327515
-0.313869446516037,-0.16373993456363678,-0.12023377418518066
-0.34798523783683777,0.6401767134666443,0.3840320110321045
0.27791449427604675,0.008582067675888538,0.3262387216091156
-0.01315744873136282,0.6506549119949341,0.6383769512176514
-0.30647149682044983,0.39559808373451233,-0.6476249098777771
-0.1516997069120407,0.625028133392334,0.46475762128829956
0.2984584867954254,-0.257744699716568,-0.5275875926017761
0.11952356994152069,0.6455721855163574,0.2532968819141388
0.20616351068019867,0.13684889674186707,0.572141170501709
-0.33441343903541565,0.1838512420654297,-0.1799963265657425
-0.313869446516037,0.392404705286026,-0.4492502510547638
0.2984584867954254,-0.33608195185661316,0.42802727222442627
-0.1884300410747528,0.5177443623542786,0.5926851630210876
-0.30029764771461487,0.4786255955696106,-0.543255090713501
-0.0004176200309302658,-0.3517494201660156,0.5926851630210876
0.007416106760501862,0.29061615467071533,0.5926851630210876
0.015526259317994118,0.6558441519737244,0.04182625934481621
-0.313869446516037,-0.14809244871139526,0.2792363464832306
0.11477678269147873,0.6533493399620056,-0.6760658025741577
0.2267075479030609,-0.6285743117332458,0.16956420242786407
0.2502586245536804,0.6353001594543457,0.3262387216091156
-0.3446921110153198,0.6311088800430298,-0.588161826133728
-0.29610633850097656,0.4316232204437256,0.5927850008010864
0.20185917615890503,-0.11783531308174133,-0.6294758915901184
0.32600128650665283,0.6196327209472656,-0.5824735164642334
-0.3115675449371338,0.3555745780467987,-0.027940865606069565
-0.1902196854352951,0.6242298483848572,0.597282350063324
0.12921008467674255,0.20210005342960358,0.5931841731071472
0.110854871571064,0.16508358716964722,-0.6192039251327515
0.23069925606250763,-0.4879664480686188,-0.6286776065826416
-0.3022935092449188,0.15000827610492706,0.020743347704410553
-0.313869446516037,0.4159557819366455,0.31835511326789856
-0.1648789644241333,0.6353001594543457,-0.2769083082675934
0.1796054095029831,-0.26981961727142334,-0.630174458026886
-0.06026628986001015,0.03408907726407051,-0.6295757293701172
0.01595866121351719,-0.2151331752538681,-0.6089318990707397
0.16403773427009583,0.6353001594543457,-0.590257465839386
-0.313869446516037,-0.07758892327547073,-0.17802701890468597
-0.23543240129947662,-0.7277681827545166,0.48251405358314514
0.2634379267692566,-0.5999404788017273,0.5824131965637207
-0.28922730684280396,-0.5842729806900024,0.5798185467720032
0.299157053232193,-0.48497259616851807,-0.39436429738998413
0.2984584867954254,-0.3674168288707733,0.20089909434318542
0.2988576889038086,-0.5867611765861511,0.4828134775161743
-0.3133704662322998,0.614556610584259,0.18292316794395447
-0.0836244598031044,0.6558441519737244,-0.07328131794929504
-0.2902185916900635,0.6353001594543457,0.0442245714366436
-0.13354405760765076,-0.2107423096895218,0.5926851630210876
0.03275047615170479,0.5352081060409546,-0.6305736303329468
-0.313869446516037,0.2200627326965332,-0.4492502510547638
-0.31117504835128784,-0.5940459966659546,0.4554702639579773
0.33657267689704895,0.6298049688339233,0.057463712990283966
0.2984584867954254,0.5726303458213806,-0.370913028717041
-0.21169500052928925,-0.7709916830062866,0.5881945490837097
0.31900250911712646,-0.2939561605453491,-0.17511975765228271
0.2984584867954254,-0.3438657820224762,0.3026876449584961
0.10676337778568268,0.625028133392334,-0.26663631200790405
-0.03714098036289215,-0.6183022856712341,0.0652974545955658
-0.10220915079116821,-0.6285743117332458,-0.6059248447418213
0.2984584867954254,-0.42220303416252136,-0.2612408995628357
-0.21188132464885712,-0.5554262399673462,0.5926851630210876
0.01281853299587965,-0.6388462781906128,-0.4360710084438324
-0.21976493299007416,0.6353001594543457,-0.20645466446876526
0.18758881092071533,0.6353001594543457,0.23223400115966797
0.007416106760501862,0.5177443623542786,0.5926851630210876
0.04954887926578522,0.6274032592773438,0.6354829668998718
-0.3136698603630066,0.3543837070465088,0.2635689079761505
-0.3136698603630066,-0.4399661421775818,-0.42579901218414307
0.3465453088283539,0.6332910060882568,0.37614837288856506
0.2984584867954254,0.5256279706954956,0.3496900200843811
0.2984584867954254,0.01641579531133175,0.17744781076908112
0.2662254869937897,0.5497778654098511,0.5926851630210876
0.1803971230983734,-0.014087487012147903,-0.6192039251327515
0.18828736245632172,-0.7434357404708862,0.5455830097198486
0.049020033329725266,0.625028133392334,0.15929217636585236
-0.30029764771461487,0.5412954092025757,0.09911055862903595
0.14837029576301575,0.6353001594543457,0.40457600355148315
0.19227907061576843,-0.7726749181747437,-0.6003497242927551
0.2835960388183594,-0.3956648111343384,0.5798185467720032
-0.29002565145492554,-0.636151909828186,-0.6114200949668884
-0.3043891489505768,0.4316232204437256,-0.018452227115631104
-0.3409000039100647,0.6544470191001892,-0.41234028339385986
0.25834187865257263,0.23632894456386566,0.5926851630210876
0.2032562643289566,0.5725305676460266,0.5926851630210876
-0.30029764771461487,0.3062836229801178,-0.5510388612747192
0.26773563027381897,-0.12098546326160431,0.5712431073188782
0.2984584867954254,-0.17162355780601501,-0.3944641053676605
0.27791449427604675,-0.4408775568008423,-0.17511975765228271
0.2988576889038086,-0.2107423096895218,0.5299155712127686
-0.2275487780570984,0.6353001594543457,-0.33179429173469543
0.23459117114543915,0.6353001594543457,-0.370913028717041
0.2984584867954254,-0.2812957465648651,-0.42579901218414307
0.12491900473833084,-0.6285743117332458,-0.33957812190055847
0.2984584867954254,0.03991697356104851,-0.18290360271930695
0.2881864905357361,0.13933709263801575,-0.2637290358543396
0.2984584867954254,0.3689534366130829,-0.2377895712852478
-0.1884300410747528,-0.6285743117332458,0.1538967341184616
-0.1648789644241333,0.6353001594543457,-0.5668061375617981
0.2881864905357361,0.2068834900856018,-0.46740588545799255
0.2984584867954254,0.24361379444599152,-0.33957812190055847
0.2984584867954254,-0.1324150264263153,0.48291322588920593
-0.01608806848526001,0.6353001594543457,-0.5745899081230164
-0.3241414427757263,-0.11136210709810257,-0.483073353767395
0.036309730261564255,0.6455721855163574,-0.10996176302433014
0.2984584867954254,-0.24996082484722137,0.17744781076908112
0.1511644721031189,0.3877144455909729,-0.6305736303329468
0.24278080463409424,-0.7797669172286987,0.5206415057182312
-0.03704124316573143,-0.19657175242900848,0.572141170501709
-0.3023932874202728,0.09472312033176422,0.46674683690071106
0.30914297699928284,0.622932493686676,0.2575747072696686
-0.32524582743644714,0.6083561182022095,0.21916115283966064
0.29036200046539307,0.08655339479446411,0.572141170501709
0.2988576889038086,-0.051607903093099594,-0.6293761730194092
0.2984584867954254,0.4316232204437256,-0.4728013575077057
-0.21188132464885712,0.2827325463294983,0.5926851630210876
0.27791449427604675,0.30919089913368225,0.1823243945837021
0.2881864905357361,-0.5608217120170593,0.08095492422580719
0.13280263543128967,-0.6285743117332458,-0.2142385095357895
0.2984584867954254,0.3062836229801178,0.5299155712127686
0.2984584867954254,-0.3674168288707733,-0.44146645069122314
-0.20409749448299408,0.6353001594543457,0.3496900200843811
-0.19621388614177704,-0.6285743117332458,0.40457600355148315
0.06764465570449829,0.625028133392334,-0.3498501181602478
0.22131212055683136,0.3086719810962677,0.5824131965637207
-0.07580071687698364,0.6353001594543457,0.2292269468307495
0.2984584867954254,-0.04624404013156891,-0.42579901218414307
-0.2275487780570984,0.6353001594543457,-0.05761387199163437
-0.313869446516037,-0.44575411081314087,0.02855711616575718
-0.0836244598031044,0.6558441519737244,0.08043605834245682
0.2984584867954254,-0.16373993456363678,0.4123598039150238
-0.28243473172187805,-0.6285743117332458,-0.29257574677467346
0.15625391900539398,-0.6285743117332458,0.5142481923103333
0.27791449427604675,0.19951871037483215,0.09122693538665771
-0.25888368487358093,0.6353001594543457,0.287020206451416
0.2984584867954254,0.16527655720710754,-0.5589224696159363
0.2629190683364868,0.6558441519737244,-0.0027777894865721464
-0.30029764771461487,0.5569629073143005,0.42024341225624084
-0.313869446516037,-0.3674168288707733,0.09901076555252075
-0.313869446516037,-0.33608195185661316,-0.16723613440990448
-0.30029764771461487,-0.03057658113539219,0.5299155712127686
0.2881864905357361,0.029644964262843132,-0.03948817774653435
0.0544254444539547,-0.6080303192138672,-0.0967625305056572
0.004465936217457056,-0.6080303192138672,0.002109760884195566
-0.11787660419940948,-0.11675754934549332,0.5926851630210876
-0.30359742045402527,-0.09865181148052216,-0.07866677641868591
0.2984584867954254,-0.39875176548957825,-0.37879663705825806
-0.313869446516037,-0.5005403757095337,-0.3082432150840759
-0.313869446516037,-0.33608195185661316,0.3262387216091156
0.2984584867954254,0.18094401061534882,0.31835511326789856
-0.313869446516037,0.4080721437931061,-0.3082432150840759
0.2984584867954254,0.5177443623542786,-0.29257574677467346
0.2984584867954254,-0.3281983435153961,-0.018430273979902267
-0.08658161759376526,-0.571093738079071,0.5926851630210876
-0.11787661164999008,0.6353001594543457,-0.015488087199628353
0.15296076238155365,0.3122711777687073,-0.630374014377594
-0.31117504835128784,0.5126549005508423,-0.41791537404060364
0.054415468126535416,0.4159557819366455,0.5926851630210876
0.2881864905357361,0.22545817494392395,-0.6034366488456726
0.24538204073905945,0.6353001594543457,0.19301548600196838
-0.12576022744178772,-0.6285743117332458,-0.19078722596168518
0.32630065083503723,0.6196327209472656,-0.26912447810173035
0.13270282745361328,0.3689534366130829,0.5926851630210876
0.2984584867954254,-0.2812957465648651,0.33402255177497864
0.2984584867954254,-0.5632100701332092,0.3262387216091156
0.007416106760501862,-0.4536377191543579,0.5926851630210876
0.30873048305511475,-0.09864183515310287,-0.03653601557016373
0.01281853299587965,-0.6183022856712341,0.5587623119354248
-0.32524582743644714,0.6289001703262329,-0.1460668295621872
-0.06284094601869583,-0.3523481488227844,0.5926851630210876
-0.30678418278694153,-0.5318751931190491,0.4607592821121216
-0.134428933262825,0.0016065582167357206,-0.6501197218894958
-0.30359742045402527,-0.3414774239063263,-0.3028477430343628
-0.33421388268470764,0.3543837070465088,0.43290382623672485
-0.18952777981758118,-0.7019218802452087,-0.6271807551383972
-0.29590675234794617,-0.6285743117332458,0.07068291306495667
0.2984584867954254,0.5881980061531067,0.48291322588920593
0.30504485964775085,0.6353001594543457,-0.07328131794929504
-0.30029764771461487,-0.3204145133495331,-0.5745899081230164
0.2988576889038086,-0.11675754934549332,-0.5668061375617981
-0.25548410415649414,0.6198388934135437,0.607560932636261
-0.30359742045402527,-0.2474726438522339,0.218954935669899
-0.29332542419433594,0.25139763951301575,-0.12023377418518066
0.2984584867954254,0.2827325463294983,-0.22990594804286957
0.2984584867954254,-0.477088987827301,-0.4728013575077057
-0.07655245065689087,0.6353001594543457,-0.19657519459724426
0.10146773606538773,-0.6285743117332458,0.4123598039150238
-0.06308044493198395,-0.6491183042526245,0.20089909434318542
-0.313869446516037,-0.014929089695215225,-0.22990594804286957
0.07008293271064758,-0.054092735052108765,0.5926851630210876
-0.03958924859762192,0.6353001594543457,0.5533668994903564
0.2984584867954254,0.5881980061531067,-0.5354712009429932
-0.313869446516037,0.43940702080726624,0.16168057918548584
0.2984584867954254,0.29061615467071533,0.27135273814201355
0.2984584867954254,0.36106982827186584,-0.13590124249458313
-0.30029764771461487,0.1339416652917862,0.5220319628715515
0.2984584867954254,-0.24207720160484314,-0.2769083082675934
0.2502586245536804,-0.6285743117332458,-0.33179429173469543
0.19547243416309357,-0.6285743117332458,0.4123598039150238
0.03253756836056709,0.3988845646381378,-0.6408456563949585
0.09016121923923492,0.032382626086473465,-0.6294758915901184
-0.05566585063934326,-0.2912750244140625,0.5926851630210876
-0.24920378625392914,-0.7187868356704712,0.5932838916778564
0.16443690657615662,0.5730295777320862,-0.6305736303329468
-0.31117504835128784,-0.24746601283550262,0.44369471073150635
-0.15709514915943146,0.5804141759872437,0.5926851630210876
-0.30029764771461487,-0.5318751931190491,0.5769179463386536
0.2502586245536804,-0.6285743117332458,0.3026876449584961
-0.30029764771461487,0.5726303458213806,-0.16723613440990448
-0.31117504835128784,0.16098546981811523,-0.23519496619701385
-0.07965600490570068,0.20898577570915222,-0.6295757293701172
0.2988576889038086,-0.15588626265525818,-0.11246990412473679
0.06224919110536575,-0.21862593293190002,0.5926851630210876
0.17430976033210754,-0.12215298414230347,0.5824131965637207
0.30873048305511475,0.03744874894618988,-0.5408666729927063
-0.313869446516037,-0.16674698889255524,0.005055938381701708
-0.313869446516037,0.024239541962742805,-0.11243996769189835
0.31900250911712646,-0.04328688979148865,0.009946480393409729
-0.2003985345363617,-0.7703863382339478,0.5371072888374329
0.2984584867954254,0.4159557819366455,0.44369471073150635
0.2984584867954254,0.2670650780200958,0.17744781076908112
-0.09982076287269592,0.06587640196084976,0.5824131965637207
-0.30359742045402527,-0.059483181685209274,0.32084324955940247
0.16403773427009583,0.6353001594543457,-0.11243996769189835
0.21892370283603668,-0.6285743117332458,0.036400824785232544
-0.13354405760765076,0.6353001594543457,0.31835511326789856
-0.313869446516037,0.09472312033176422,0.09122693538665771
0.2984584867954254,-0.46142154932022095,0.2635689079761505
-0.12087038159370422,-0.238883838057518,-0.6501197218894958
0.2881864905357361,-0.7458240985870361,0.5353109836578369
0.2984584867954254,0.5726303458213806,-0.17511975765228271
0.30893009901046753,-0.7302564382553101,-0.5848618745803833
0.24965986609458923,0.49139901995658875,-0.6305736303329468
-0.24321624636650085,-0.6285743117332458,-0.22212211787700653
-0.3136698603630066,0.5086631774902344,0.29490384459495544
-0.2741519808769226,0.24251607060432434,-0.6269810795783997
-0.31117504835128784,-0.028361186385154724,-0.38398584723472595
0.09112920612096786,0.09492270648479462,-0.6294758915901184
0.2986581027507782,0.5804141759872437,0.5454832911491394
-0.313869446516037,-0.4927564561367035,0.13822929561138153
-0.266767293214798,-0.630470335483551,0.4752292335033417
-0.2994993031024933,-0.43787047266960144,0.5900905132293701
-0.30359742045402527,0.006133801769465208,-0.4468618929386139
0.2502586245536804,-0.7434357404708862,0.48251405358314514
0.21143928170204163,-0.45683106780052185,0.5926851630210876
0.31900250911712646,-0.6073051691055298,-0.04680802300572395
-0.3136698603630066,-0.4399661421775818,-0.19857105612754822
0.3021375238895416,0.6353001594543457,0.5974619388580322
-0.30029764771461487,-0.5005403757095337,-0.5980412364006042
-0.31117504835128784,-0.5990357398986816,0.39150315523147583
-0.14901193976402283,-0.553629994392395,-0.6294758915901184
-0.2818492650985718,0.12118145078420639,0.2635689079761505
0.25804248452186584,0.42373961210250854,0.5926851630210876
-0.30359742045402527,-0.18967941403388977,-0.25584542751312256
-0.30029764771461487,-0.6337635517120361,0.5220319628715515
-0.30029764771461487,-0.31253087520599365,0.5612505674362183
0.31343409419059753,0.6200385689735413,0.11688028275966644
-0.31117504835128784,-0.4097289443016052,-0.015824684873223305
-0.313869446516037,-0.10892382264137268,0.42802727222442627
-0.2902185916900635,-0.6285743117332458,-0.4962526261806488
0.08295284956693649,0.42582860589027405,-0.6408456563949585
-0.3023932874202728,-0.37520068883895874,0.46674683690071106
0.14817070960998535,0.5174450278282166,-0.6305736303329468
0.2984584867954254,0.5726303458213806,-0.3082432150840759
-0.023911813274025917,-0.6285743117332458,-0.504136323928833
0.08575038611888885,0.3062836229801178,0.5926851630210876
0.2984584867954254,-0.12945787608623505,0.25568529963493347
0.2984584867954254,0.22794635593891144,0.00802307017147541
-0.2143695056438446,0.2068834900856018,0.5824131965637207
-0.3241414427757263,0.23033475875854492,0.19841089844703674
0.0544254444539547,-0.6285743117332458,-0.22212211787700653
0.2984584867954254,0.5647467374801636,-0.4335828423500061
0.2984584867954254,0.29839998483657837,-0.31612682342529297
0.2984584867954254,0.1573929339647293,0.09911055862903595
0.31900250911712646,-0.6229726076126099,0.2293267548084259
-0.266767293214798,-0.6285743117332458,-0.15945230424404144
0.015246839262545109,0.6558441519737244,0.4407874345779419
0.2881864905357361,-0.4511495530605316,-0.047321900725364685
0.2881864905357361,-0.16618822515010834,0.5353109836578369
0.2984584867954254,-0.257744699716568,-0.041926462203264236
0.2881864905357361,-0.12997674942016602,-0.2637290358543396
-0.313869446516037,-0.1950748711824417,-0.37879663705825806
-0.15709514915943146,-0.6285743117332458,-0.5198037624359131
-0.2565884590148926,-0.30325016379356384,-0.629974901676178
0.2881864905357361,0.029644964262843132,0.5039761662483215
0.2881864905357361,-0.08001722395420074,0.46475762128829956
0.2988576889038086,0.21227890253067017,0.2165665328502655
0.2984584867954254,0.11827418953180313,-0.4335828423500061
0.2502586245536804,0.6353001594543457,-0.3082432150840759
0.25804248452186584,0.6353001594543457,-0.14378486573696136
0.2984584867954254,-0.3281983435153961,-0.19078722596168518
-0.313869446516037,0.47074195742607117,0.42024341225624084
-0.313869446516037,0.2827325463294983,-0.35524556040763855
0.054415468126535416,0.5568631291389465,0.5926851630210876
-0.30029764771461487,0.5881980061531067,-0.3865804672241211
-0.010469737462699413,-0.013315741904079914,-0.6295757293701172
-0.33441343903541565,-0.3547564744949341,0.23223400115966797
-0.06593450903892517,-0.15199434757232666,-0.6295757293701172
-0.24809281527996063,0.03506035357713699,0.5926851630210876
-0.09982076287269592,0.625028133392334,0.5430948734283447
-0.30029764771461487,0.5804141759872437,-0.3239106833934784
0.15625391900539398,0.6353001594543457,0.5533668994903564
-0.3241414427757263,0.17845581471920013,-0.3341826796531677
0.04659172147512436,-0.6080303192138672,0.44857126474380493
0.06224919110536575,0.1573929339647293,0.5926851630210876
0.2984584867954254,-0.01490913424640894,0.23223400115966797
-0.23543240129947662,-0.2812957465648651,0.5926851630210876
0.2984584867954254,0.35328593850135803,-0.4492502510547638
-0.30359742045402527,0.4653465449810028,-0.3498501181602478
0.07008293271064758,-0.5945449471473694,0.5926851630210876
-0.01607809029519558,-0.6285743117332458,-0.3239106833934784
-0.07091416418552399,-0.6285743117332458,0.2792363464832306
0.2984584867954254,-0.08541266620159149,0.09122693538665771
-0.20409749448299408,0.6353001594543457,0.05205829069018364
-0.313869446516037,0.07127183675765991,0.3653574585914612
0.2984584867954254,0.4159557819366455,0.17744781076908112
-0.313869446516037,0.06338822096586227,0.2792363464832306
0.10146773606538773,-0.6285743117332458,-0.16723613440990448
0.2881864905357361,-0.581365704536438,-0.3606410324573517
0.12491900473833084,0.6353001594543457,-0.02627597376704216
0.18758881092071533,0.6353001594543457,0.0677257627248764
-0.11787660419940948,0.6353001594543457,-0.3082432150840759
-0.30029764771461487,0.5335116386413574,0.23223400115966797
-0.2956140339374542,0.625028133392334,-0.19618263840675354
0.09438244998455048,0.6353001594543457,0.1309444159269333
-0.019091829657554626,0.4833158254623413,-0.6305736303329468
-0.1078973338007927,0.6353001594543457,-0.2433779537677765
