-0.17585164308547974,-0.22786657512187958,0.16318738460540771 
0.7301291227340698,1.0284063816070557,-0.3129440248012543 
1.0991699695587158,-0.7583975195884705,-0.6888433694839478 
-0.7342184782028198,0.9599167108535767,0.5779745578765869 
-1.084223747253418,-0.7601193189620972,-0.6825301051139832 
0.6047969460487366,-0.015357205644249916,0.2786441445350647 
0.4246995151042938,-0.154666930437088,-0.6878868341445923 
-0.4935981035232544,-0.757249653339386,0.5784528255462646 
-0.8280569911003113,0.49474161863327026,-0.41852909326553345 
0.4844844937324524,-0.14610350131988525,-0.4350106418132782 
0.069773830473423,0.4758746027946472,0.2788354754447937 
-0.3336840271949768,-0.2233707308769226,-0.3632075786590576 
1.0984046459197998,-0.7596410512924194,-0.16024835407733917 
0.5890364646911621,-0.10023865103721619,0.5745309591293335 
0.6143625378608704,-0.0484551377594471,-0.23196753859519958 
-0.32591313123703003,-0.32193833589553833,-0.02250373363494873 
0.4487091898918152,-0.26271772384643555,-0.021164536476135254 
-0.2109573781490326,0.4757789373397827,-0.04625142738223076 
0.4726960062980652,0.38165342807769775,0.20996315777301788 
-0.25476783514022827,0.16011415421962738,0.2788354754447937 
-1.0197515487670898,0.12761393189430237,-0.3912193179130554 
0.2802361249923706,-0.22786657512187958,-0.10877218842506409 
-0.17585164308547974,0.09143314510583878,-0.16118210554122925 
0.36770766973495483,1.030989170074463,0.3092482089996338 
0.4644695818424225,-0.41860461235046387,-0.3496244251728058 
-0.05303890258073807,-0.22786657512187958,-0.1701737642288208 
-0.4740113615989685,-0.3486800789833069,0.27787891030311584 
0.8064625859260559,0.5371172428131104,-0.4048503041267395 
0.5790882706642151,0.42400628328323364,-0.021164536476135254 
0.26273107528686523,0.4562651216983795,-0.049614690244197845 
0.5696911811828613,-0.22786657512187958,0.040365081280469894 
-0.47688108682632446,0.36854857206344604,0.15438702702522278 
-0.41269588470458984,-0.22786657512187958,-0.04737346991896629 
0.18555952608585358,1.0304152965545654,0.5596085786819458 
-0.727713942527771,1.021040916442871,-0.32506364583969116 
-1.0391697883605957,-0.16289332509040833,0.28358370065689087 
0.1304616779088974,-0.7597366571426392,-0.07650375366210938 
-0.22846242785453796,0.440768837928772,0.27787891030311584 
0.10480304807424545,-0.22786657512187958,0.14558666944503784 
0.7562204003334045,-0.2872689366340637,-0.16137340664863586 
-0.6144343614578247,-0.2233707308769226,-0.37191227078437805 
0.5696911811828613,-0.38378581404685974,0.27433961629867554 
-0.1632022261619568,-0.7627020478248596,-0.035467326641082764 
-0.025598883628845215,0.07127253711223602,-0.690660834312439 
0.4971611499786377,0.07031597197055817,-0.022312402725219727 
-0.7733417749404907,-0.34272441267967224,0.07128478586673737 
-0.7996243834495544,-0.2248055785894394,0.15438702702522278 
0.3680483400821686,-0.12936002016067505,0.27787891030311584 
0.3259155750274658,0.6525740623474121,-0.37156200408935547 
0.3942581117153168,0.13380874693393707,0.27787891030311584 
-0.3599894344806671,-0.09428296238183975,0.2788354754447937 
0.6032664179801941,0.020370308309793472,0.025729713961482048 
0.06795269250869751,0.2913004755973816,-0.5100623369216919 
0.3844783902168274,0.07481181621551514,-0.6901825666427612 
0.2820572853088379,-0.6924905776977539,-0.021164536476135254 
-0.4894348084926605,0.4307021498680115,-0.27417466044425964 
0.11360340565443039,-0.070541150867939,-0.24478545784950256 
-0.0968397855758667,-0.03289094939827919,0.2788354754447937 
-0.6011382341384888,0.026272287592291832,0.03157429397106171 
-0.01796185038983822,0.2565354108810425,0.2783571779727936 
-0.4916120767593384,0.16881884634494781,0.2788354754447937 
-0.7471320629119873,0.7840054035186768,-0.3447209298610687 
0.31788045167922974,-0.5269100069999695,-0.09075647592544556 
0.21892066299915314,0.3004415035247803,0.2788354754447937 
-0.6249793767929077,-0.015724360942840576,0.20989030599594116 
-0.551898181438446,-0.7050215005874634,-0.024512499570846558 
0.49957534670829773,-0.22786657512187958,-0.1701737642288208 
1.0889347791671753,0.07662928104400635,-0.24212989211082458 
-0.5881290435791016,-0.22786657512187958,0.08417551964521408 
0.4389294385910034,0.6028100848197937,0.20336288213729858 
-0.49335670471191406,-0.4027389883995056,-0.5643949508666992 
-0.7577270865440369,-0.3486800789833069,-0.19647915661334991 
0.5307592153549194,0.1849847137928009,0.12808161973953247 
0.45413872599601746,0.4756832718849182,0.02280263602733612 
0.6679527163505554,0.07213343679904938,0.3754708468914032 
0.08349089324474335,0.7313717603683472,0.21378940343856812 
0.4858737587928772,-0.16308465600013733,-0.3629644513130188 
0.28903648257255554,0.4933796525001526,0.2788354754447937 
-0.6319394111633301,-0.22585779428482056,0.2788354754447937 
0.7739395499229431,-0.524327278137207,-0.0867389440536499 
0.008366506546735764,0.5457035303115845,-0.03643712028861046 
-0.5179175138473511,-0.22786657512187958,-0.20527951419353485 
0.2362343966960907,0.7309890985488892,0.0943150594830513 
0.6869654059410095,-0.1251128911972046,-0.07660307735204697 
0.07153758406639099,0.07213343679904938,0.21754279732704163 
0.008371289819478989,0.06761479377746582,-0.1719912439584732 
-0.4996243715286255,-0.5288231372833252,-0.06894692778587341 
0.5609864592552185,-0.19955238699913025,0.2788354754447937 
-0.7038955688476562,-0.5278666019439697,0.43678635358810425 
-0.9673321843147278,0.2072475403547287,-0.5488029718399048 
-0.1407458782196045,0.2780579924583435,-0.09195586293935776 
-0.5271961092948914,0.19914180040359497,0.10177622735500336 
-0.44560155272483826,0.5457035303115845,0.12808161973953247 
-0.3599894344806671,0.11687763780355453,-0.15013383328914642 
0.10480304807424545,-0.22786657512187958,-0.06491678208112717 
-0.026704806834459305,-0.19955238699913025,0.2788354754447937 
0.015341877937316895,-0.02873358130455017,-0.3940316140651703 
-0.6284229755401611,0.4313717484474182,0.45314350724220276 
0.29104524850845337,-0.45906710624694824,-0.3249451816082001 
-0.25476783514022827,0.6162019371986389,0.2788354754447937 
-0.6319394111633301,-0.39249053597450256,-0.32274508476257324 
0.6901220679283142,-0.12991483509540558,0.17485742270946503 
-0.361810564994812,0.07213343679904938,0.3052593469619751 
0.19261527061462402,-0.15564627945423126,0.2788354754447937 
0.639902651309967,-0.4276919364929199,-0.32456257939338684 
-0.14954623579978943,-0.2609635293483734,-0.32274508476257324 
-0.4038955271244049,0.4670742154121399,0.27816587686538696 
0.5720825791358948,0.08540681004524231,-0.13800466060638428 
-0.3599894344806671,0.29164114594459534,0.27787891030311584 
-0.5953031778335571,0.03800927475094795,-0.1350775957107544 
-0.7318999171257019,-0.3749854862689972,0.12808161973953247 
0.16697944700717926,0.5966880917549133,-0.03124300204217434 
0.1662142127752304,-0.22786657512187958,-0.2403852641582489 
0.4206591546535492,-0.2872689366340637,0.27433961629867554 
-0.3091892600059509,-0.6837857961654663,-0.6227450966835022 
0.4487091898918152,-0.013574302196502686,0.5781658887863159 
-0.06179142743349075,0.5722958445549011,0.2788354754447937 
0.4888618588447571,0.31756392121315,0.040365081280469894 
-0.4898902475833893,0.31756392121315,-0.0035027635749429464 
-0.3242141008377075,0.5966880917549133,-0.03124300204217434 
-0.29857826232910156,-0.24336282908916473,0.2788354754447937 
0.4988829493522644,-0.1622237265110016,-0.5231671929359436 
-0.32497933506965637,-0.38378581404685974,-0.3485722243785858 
0.33361220359802246,0.602714478969574,-0.03073602356016636 
-0.300393670797348,-0.20129701495170593,-0.021164536476135254 
-0.36008507013320923,-0.22786657512187958,-0.20527951419353485 
-0.6231390833854675,-0.40023866295814514,0.27453094720840454 
0.7311584949493408,-0.38378581404685974,0.2594172954559326 
0.17501457035541534,0.6074016094207764,0.2788354754447937 
-0.6843588948249817,-0.11975616216659546,0.16318738460540771 
0.27153143286705017,-0.11428463459014893,-0.2716647684574127 
-0.6161789894104004,0.2797260880470276,0.08372005820274353 
0.7148969769477844,-0.16722065210342407,-0.24908997118473053 
0.34164729714393616,0.12893030047416687,-0.14507363736629486 
0.08277934789657593,0.4309890866279602,0.44147348403930664 
0.25323837995529175,0.4284520149230957,-0.02719089388847351 
-0.7318999171257019,-0.29606929421424866,-0.0035218922421336174 
-0.08629482984542847,0.3547969162464142,-0.021164536476135254 
0.1662142127752304,0.2988153398036957,-0.08591996878385544 
-0.1670512855052948,0.2828407883644104,0.27787891030311584 
-0.026714371517300606,-0.12995308637619019,-0.28180432319641113 
-0.3004099428653717,-0.08861425518989563,0.18638762831687927 
0.054032519459724426,-0.2978043556213379,0.5788354873657227 
0.45576488971710205,-0.006575987208634615,0.2788354754447937 
-0.4916120767593384,-0.1644466370344162,0.2788354754447937 
0.4469645321369171,-0.1251511573791504,-0.27864769101142883 
0.5978368520736694,-0.2978043556213379,-0.02212110161781311 
0.085553377866745,-0.017159223556518555,0.5788354873657227 
-0.5004124641418457,-0.31357431411743164,-0.32274508476257324 
0.755933403968811,-0.33987972140312195,-0.3105010986328125 
0.7310628294944763,-0.35748040676116943,0.05787012353539467 
-0.8730153441429138,-0.21449753642082214,0.48069244623184204 
-0.33371639251708984,1.031371831893921,-0.17191839218139648 
-0.08810639381408691,0.4056631028652191,0.2788354754447937 
0.5189206600189209,0.32625317573547363,-0.4919833540916443 
-0.7459613680839539,-0.31357431411743164,0.2788354754447937 
-0.18639659881591797,0.48641955852508545,-0.02212110161781311 
0.5872918963432312,-0.22786657512187958,-0.2841957211494446 
0.20131994783878326,-0.33987972140312195,-0.32274508476257324 
0.2101203054189682,-0.22786657512187958,0.04906977340579033 
0.343458890914917,0.24079887568950653,-0.021164536476135254 
0.7299377918243408,0.4282150864601135,-0.02422553300857544 
-0.1933566778898239,-0.14691288769245148,0.2788354754447937 
-0.5793286561965942,-0.22786657512187958,-0.05614512413740158 
-0.12247558683156967,0.5966880917549133,-0.03124300204217434 
0.12240376323461533,0.4625784456729889,-0.04845438525080681 
-0.7454831004142761,-0.20806577801704407,-0.23158492147922516 
0.35924798250198364,-0.3311750292778015,-0.32274508476257324 
0.35924798250198364,-0.22786657512187958,-0.22278456389904022 
-0.4477059841156006,-0.16176827251911163,-0.30313560366630554 
-0.2898736000061035,-0.22786657512187958,0.040365081280469894 
0.3065415322780609,-0.22786657512187958,0.19819745421409607 
-0.14954623579978943,-0.29606929421424866,0.2788354754447937 
0.7206591367721558,0.06070476770401001,0.23039895296096802 
-0.9672365188598633,0.2074579894542694,-0.29401370882987976 
0.5887266993522644,0.049822788685560226,0.16022203862667084 
0.24522604048252106,0.16011415421962738,0.27787891030311584 
0.7310628294944763,-0.27846860885620117,0.17189207673072815 
0.4381641745567322,-0.22786657512187958,-0.03859894350171089 
0.48197463154792786,-0.22786657512187958,0.14558666944503784 
-0.37934431433677673,0.2797260880470276,-0.516279935836792 
0.4205634891986847,0.48457932472229004,0.2784528434276581 
-0.0968397855758667,0.41130682826042175,-0.05823042616248131 
-1.0342912673950195,-0.1622237265110016,0.04134443402290344 
-0.36182013154029846,0.41262316703796387,0.27431461215019226 
-0.13194553554058075,0.11620805412530899,0.2788354754447937 
0.6223976016044617,-0.22786657512187958,-0.12631548941135406 
-0.7926414608955383,-0.4614585041999817,-0.14176394045352936 
-0.010963529348373413,1.0274498462677002,-0.32400184869766235 
0.4373989403247833,0.6162019371986389,0.049165431410074234 
-0.18405523896217346,0.03784298896789551,-0.022312402725219727 
0.550942599773407,0.13495661318302155,0.008186398074030876 
-0.7577270865440369,-0.3486800789833069,-0.3281018137931824 
-0.43565332889556885,0.6775174140930176,0.09297587722539902 
-0.5547678470611572,-0.11482398211956024,0.1769559532403946 
0.20435816049575806,-0.0358121395111084,-0.0578964501619339 
0.44287416338920593,0.06362006068229675,-0.08453887701034546 
-0.34248438477516174,0.40441957116127014,-0.0596843957901001 
0.37854549288749695,0.6355472803115845,-0.021164536476135254 
0.4987872838973999,-0.5246142745018005,-0.030971497297286987 
0.6047969460487366,-0.22786657512187958,0.16318738460540771 
-0.04426724836230278,-0.22786657512187958,0.12808161973953247 
-0.2372627854347229,-0.22786657512187958,-0.22278456389904022 
0.4907749593257904,-0.02601328305900097,-0.21943660080432892 
0.697391927242279,-0.14123094081878662,0.048208869993686676 
-0.6407397389411926,-0.22786657512187958,-0.1701737642288208 
-0.1828117072582245,0.37354546785354614,-0.4693128764629364 
0.6750084161758423,-0.24355414509773254,0.27433961629867554 
-0.7266388535499573,-0.18214300274848938,0.0666704773902893 
-0.532288670539856,0.4309890866279602,-0.07023605704307556 
0.45566922426223755,0.07966745644807816,-0.16644318401813507 
-0.00871780514717102,0.42744988203048706,0.28101053833961487 
-0.48281171917915344,-0.015347640961408615,0.2788354754447937 
-0.31617897748947144,-0.13531939685344696,-0.28534358739852905 
-0.6506879925727844,-0.06489744782447815,-0.11754383891820908 
0.7310628294944763,-0.27846860885620117,-0.029836857691407204 
0.034677647054195404,-0.22786657512187958,-0.2578903138637543 
0.552186131477356,-0.33987972140312195,-0.3485722243785858 
-0.00916532427072525,0.6776131391525269,0.2788354754447937 
-0.25924086570739746,-0.18302671611309052,-0.32982730865478516 
0.34164729714393616,0.6250023245811462,0.2788354754447937 
0.7060238122940063,-0.10502144694328308,0.575487494468689 
0.19261527061462402,0.41446346044540405,0.2788354754447937 
-0.668789803981781,-0.10502144694328308,-0.021929770708084106 
-0.4998156428337097,-0.1592583954334259,0.38417553901672363 
0.7312541604042053,-0.4000473618507385,-0.15266872942447662 
-0.44043612480163574,0.5965924859046936,-0.020577356219291687 
0.31799745559692383,-0.3089100122451782,0.2087615728378296 
-0.2641192674636841,-0.7576322555541992,-0.689608633518219 
0.4750145673751831,0.41262316703796387,0.2743050456047058 
-0.17585164308547974,-0.22786657512187958,0.04906977340579033 
-0.377590149641037,0.16881884634494781,0.2788354754447937 
-0.2109573781490326,-0.35748040676116943,-0.3485722243785858 
-0.7341956496238708,-0.19256950914859772,0.24210356175899506 
-0.034162282943725586,0.4197016954421997,-0.021164536476135254 
-0.6223738193511963,-0.014477169141173363,0.16318738460540771 
-0.48281171917915344,-0.22786657512187958,0.040365081280469894 
-0.5617279410362244,-0.11978485435247421,-0.275204062461853 
0.4565301239490509,0.4625784456729889,0.13391664624214172 
0.6487030386924744,-0.12937915325164795,0.2784528434276581 
-0.7318999171257019,-0.3749854862689972,-0.09123843908309937 
-0.461311936378479,0.4313717484474182,0.43362969160079956 
-0.4382360577583313,0.2571093440055847,-0.09844133257865906 
-0.1670512855052948,0.5372857451438904,0.2788354754447937 
-0.7645414471626282,-0.526814341545105,-0.09075647592544556 
-0.5354225635528564,-0.22786657512187958,0.18069243431091309 
-0.42140060663223267,-0.25216320157051086,0.2788354754447937 
-0.4674111306667328,0.41130682826042175,0.049165431410074234 
-0.1377805471420288,-0.40502145886421204,0.2754875123500824 
0.08731713891029358,-0.18204735219478607,0.2788354754447937 
0.08730757236480713,-0.3223746716976166,-0.3485722243785858 
0.2539307177066803,-0.2872689366340637,0.27816587686538696 
-0.2372627854347229,0.34559112787246704,-0.07328381389379501 
0.3340676426887512,-0.33731982111930847,-0.1835884153842926 
0.38555338978767395,-0.19763928651809692,-0.328675776720047 
-0.20390164852142334,-0.10683891177177429,0.5767310261726379 
0.6066372394561768,0.6618526577949524,-0.021164536476135254 
-0.173770010471344,1.0307021141052246,0.3988109230995178 
0.3522305190563202,0.8810962438583374,-0.021164536476135254 
-1.1001982688903809,0.07347263395786285,-0.3473687171936035 
-0.1933566778898239,-0.0029219260904937983,-0.20700132846832275 
-0.18639659881591797,-0.24424654245376587,-0.4776349663734436 
-0.051284730434417725,0.8722958564758301,-0.02212110161781311 
0.5170803666114807,-0.10305462032556534,0.2788354754447937 
0.06099260598421097,-0.22786657512187958,0.031564727425575256 
0.6487030386924744,-0.3048696517944336,-0.32274508476257324 
-0.39509519934654236,-0.3048696517944336,-0.32274508476257324 
-0.12324082851409912,-0.22786657512187958,-0.09122887253761292 
0.16630986332893372,0.7126231789588928,0.2788354754447937 
-0.052331048995256424,-0.45466694235801697,-0.38788682222366333 
0.49814051389694214,0.28418001532554626,0.13975165784358978 
1.043115496635437,-0.16002365946769714,-0.25609567761421204 
0.4987872838973999,-0.160788893699646,-0.02709519863128662 
0.18555952608585358,-0.6837857961654663,-0.022745072841644287 
0.7297236919403076,-0.187595397233963,-0.14678587019443512 
0.09609835594892502,-0.156315878033638,-0.299405038356781 
-0.5968336462974548,-0.1293695867061615,0.2788354754447937 
0.3522305190563202,0.021531403064727783,-0.021164536476135254 
0.4732699394226074,-0.22786657512187958,-0.2841957211494446 
0.036718785762786865,-0.7628933191299438,-0.027910500764846802 
0.03294259309768677,0.07213343679904938,0.27894437313079834 
0.5346810817718506,-0.22786657512187958,-0.07368557155132294 
-0.844222903251648,0.3811022937297821,0.5788354873657227 
0.19251960515975952,-0.22786657512187958,0.19819745421409607 
-0.6845502257347107,-0.1723860800266266,-0.3105967938899994 
-1.0380219221115112,-0.1627020239830017,-0.11997717618942261 
0.21507161855697632,-0.07043959200382233,0.29647812247276306 
0.3259155750274658,-0.3260132968425751,0.08056341111660004 
-0.21899248659610748,-0.22384901344776154,-0.38673895597457886 
-0.7597358226776123,-0.2685203552246094,-0.1350775957107544 
0.35924798250198364,0.4841966927051544,-0.04494094103574753 
0.06881359219551086,-0.754762589931488,-0.687982439994812 
-0.5011777281761169,0.2780579924583435,0.18949277698993683 
0.7310628294944763,-0.38378581404685974,0.15438702702522278 
-0.6845502257347107,-0.22786657512187958,0.16318738460540771 
-0.07056308537721634,0.122903972864151,-0.14759895205497742 
-0.544222891330719,-0.27846860885620117,0.2788354754447937 
-0.29857826232910156,0.37055736780166626,0.27787891030311584 
-0.5705282688140869,-0.02601328305900097,-0.21943660080432892 
0.28903648257255554,-0.22786657512187958,-0.2929960787296295 
-0.2372627854347229,0.6599166989326477,-0.02715848945081234 
-0.07056308537721634,-0.20280468463897705,-0.33250197768211365 
0.05222095549106598,0.6336113810539246,-0.028555067256093025 
-0.2810732424259186,0.06168413907289505,-0.17476524412631989 
-0.5249960422515869,0.20526377856731415,-0.0035218922421336174 
0.5784915089607239,-0.13003918528556824,-0.28189998865127563 
-0.18563136458396912,-0.08163134753704071,0.18876945972442627 
-0.27236855030059814,-0.22786657512187958,0.18069243431091309 
-0.04606929421424866,0.06070476770401001,0.23039895296096802 
-0.44368845224380493,0.5630171895027161,0.22450286149978638 
0.6728083491325378,-0.1033511608839035,-0.17600879073143005 
-0.6758455038070679,-0.29606929421424866,-0.32274508476257324 
0.3942581117153168,0.20545509457588196,-0.11570724099874496 
0.4644695818424225,-0.1907520443201065,0.2788354754447937 
0.3767530620098114,-0.22786657512187958,-0.11754383891820908 
-0.25655069947242737,0.07213343679904938,-0.4613734185695648 
-0.27236855030059814,-0.2872689366340637,-0.32274508476257324 
0.7953436970710754,-0.22365771234035492,-0.22278456389904022 
-0.37278449535369873,-0.7590671181678772,-0.679469108581543 
0.5170803666114807,-0.2872689366340637,0.27787891030311584 
-0.45765420794487,0.4625784456729889,0.19819745421409607 
0.4925196170806885,-0.10502144694328308,-0.021929770708084106 
0.21222473680973053,0.7313717603683472,0.19618868827819824 
0.5499860644340515,-0.46231940388679504,-0.3253278136253357 
0.20131994783878326,-0.1823343187570572,-0.3175796568393707 
-0.8598148226737976,0.41582542657852173,0.36657482385635376 
0.7562204003334045,-0.3749854862689972,-0.03863720968365669 
0.6662080883979797,-0.22786657512187958,0.07547083497047424 
0.7295323610305786,-0.4617454409599304,-0.32341468334198 
0.1838149130344391,-0.22786657512187958,-0.11754383891820908 
-0.0969354435801506,-0.22786657512187958,0.21579816937446594 
-0.5705282688140869,-0.22786657512187958,-0.2841957211494446 
0.19251960515975952,-0.43639662861824036,-0.32456257939338684 
0.008359810337424278,-0.22786657512187958,-0.07368557155132294 
0.5276253819465637,-0.36796802282333374,-0.021164536476135254 
0.4644695818424225,-0.31357431411743164,-0.32274508476257324 
-0.3944256007671356,-0.08700354397296906,-0.254733681678772 
-0.43900129199028015,0.16681008040905,-0.1299886852502823 
0.6531988978385925,-0.0705220177769661,0.00524976197630167 
1.0953437089920044,0.07634229958057404,-0.3912193179130554 
0.6329426169395447,-0.09607541561126709,0.5778789520263672 
0.572656512260437,-0.2458498775959015,-0.374399334192276 
0.04013003781437874,-0.46270203590393066,-0.3255191147327423 
-0.7318999171257019,-0.38378581404685974,0.031564727425575256 
0.27153143286705017,0.1851760298013687,-0.12304405868053436 
0.4206591546535492,0.5717219114303589,-0.033586569130420685 
-0.43536636233329773,0.6862221360206604,0.18949277698993683 
0.025905989110469818,-0.22786657512187958,0.206997811794281 
-0.6681202054023743,-0.754571259021759,-0.6877912282943726 
-0.05303890258073807,-0.2872689366340637,0.27433961629867554 
-0.1407458782196045,-0.22786657512187958,-0.19647915661334991 
0.4732699394226074,0.1864195615053177,0.2788354754447937 
-0.32497933506965637,0.49271005392074585,-0.0436113215982914 
-0.7992645502090454,0.5842756628990173,-0.21582448482513428 
0.3503519892692566,0.7311804890632629,0.05614831671118736 
-0.03549559414386749,-0.2872689366340637,-0.3485722243785858 
0.2539307177066803,0.5457035303115845,-0.03643712028861046 
-0.12314517796039581,0.6425073742866516,0.2788354754447937 
-0.29857826232910156,0.08110228925943375,0.2788354754447937 
-0.06179142743349075,0.17761920392513275,0.2788354754447937 
-0.3073786199092865,0.48457932472229004,0.27787891030311584 
-0.15825092792510986,0.17302770912647247,-0.12759728729724884 
-0.6843588948249817,-0.11975616216659546,0.25960859656333923 
-0.7390012741088867,0.6960974931716919,-0.3614846467971802 
-0.5391530990600586,0.16681008040905,0.19819745421409607 
0.7438079118728638,0.8544081449508667,0.4280816316604614 
-0.6495401263237,-0.31357431411743164,0.27433961629867554 
-0.04425768181681633,0.2988153398036957,-0.08591996878385544 
-0.5004124641418457,-0.22786657512187958,-0.11754383891820908 
0.3942581117153168,-0.22786657512187958,0.16318738460540771 
0.4644695818424225,-0.22786657512187958,0.05787012353539467 
0.7312541604042053,-0.4000473618507385,-0.24908997118473053 
0.31534188985824585,0.08990264683961868,0.27787891030311584 
0.11360340565443039,0.36902686953544617,-0.06761141121387482 
-0.7201342582702637,-0.40664759278297424,0.2755831480026245 
-0.4477059841156006,0.2565354108810425,0.2784528434276581 
-0.3599894344806671,0.20526377856731415,-0.11577420681715012 
0.7368021607398987,-0.19773493707180023,0.12511630356311798 
0.7310628294944763,-0.27846860885620117,-0.24908997118473053 
0.49154022336006165,0.1538965106010437,-0.13501062989234924 
-1.0013856887817383,0.07615099847316742,-0.0867389440536499 
-0.9192171692848206,0.2913195788860321,0.2526332437992096 
0.7369935512542725,-0.19783058762550354,0.2216331958770752 
-0.39509519934654236,0.014516164548695087,-0.1979140043258667 
-0.3512847423553467,-0.22786657512187958,-0.11754383891820908 
0.5803318023681641,-0.44691288471221924,0.5788354873657227 
0.35924798250198364,-0.11978485435247421,-0.275204062461853 
0.7341465950012207,1.0038228034973145,0.3754708468914032 
0.4750145673751831,0.21968501806259155,-0.021164536476135254 
-0.1670512855052948,-0.1723860800266266,-0.3105967938899994 
0.6574077010154724,-0.1776471585035324,-0.3142317235469818 
-0.41269588470458984,-0.39249053597450256,-0.32274508476257324 
-0.36008507013320923,-0.31357431411743164,0.27433961629867554 
-0.7318999171257019,-0.31357431411743164,0.18949277698993683 
0.01715346798300743,0.3969584107398987,0.2788354754447937 
0.2294178009033203,0.8100237846374512,0.2589331269264221 
-0.24596749246120453,0.5544081330299377,-0.0354423001408577 
-1.0969460010528564,0.06715932488441467,0.3637051582336426 
-0.010963529348373413,-0.6749855279922485,-0.6485722064971924 
0.24522604048252106,0.6336113810539246,-0.028555067256093025 
-0.34102678298950195,0.25178879499435425,-0.2245291769504547 
0.3767530620098114,-0.04166260361671448,0.27787891030311584 
-0.08811596035957336,0.31794655323028564,0.27787891030311584 
0.35295751690864563,-0.15222549438476562,0.1625692993402481 
0.2539307177066803,0.5722958445549011,0.2788354754447937 
0.6135972738265991,-0.22786657512187958,-0.03859894350171089 
-0.4758516550064087,0.4951242506504059,0.5788354873657227 
0.3329426050186157,-0.24336282908916473,0.2788354754447937 
0.5827004313468933,0.06149282306432724,-0.05615660548210144 
0.2978368401527405,0.06168413907289505,-0.17476524412631989 
0.6304555535316467,0.4313717484474182,0.5110154151916504 
0.6662080883979797,-0.22786657512187958,-0.21398422122001648 
0.3465029001235962,-0.359239399433136,-0.08133216202259064 
-0.22846242785453796,0.26409223675727844,-0.09626038372516632 
-0.762892484664917,-0.2607722282409668,-0.2958657741546631 
0.28870537877082825,1.031371831893921,0.34007811546325684 
0.8694998621940613,0.39143314957618713,-0.22165951132774353 
-0.00040993091533891857,0.4625784456729889,-0.04845438525080681 
0.26273107528686523,-0.03745374083518982,-0.2257499098777771 
0.5534296631813049,0.12902595102787018,0.18652743101119995 
-0.4492364525794983,0.5174849629402161,0.032310839742422104 
-0.6981333494186401,-0.14083874225616455,-0.18767881393432617 
-0.5968336462974548,-0.3047739565372467,-0.3485722243785858 
-0.2635681927204132,-0.3223746716976166,0.27816587686538696 
-0.6862948536872864,-0.4732469916343689,-0.021164536476135254 
0.3487030267715454,-0.022374659776687622,-0.021547168493270874 
-0.658244788646698,-0.22786657512187958,-0.029827293008565903 
-0.08810639381408691,0.4933796525001526,0.2788354754447937 
0.078545480966568,0.660012423992157,0.2788354754447937 
-0.43900129199028015,-0.22786657512187958,-0.23158492147922516 
-0.5267178416252136,-0.39249053597450256,-0.32274508476257324 
-0.377590149641037,-0.22786657512187958,0.05787012353539467 
0.3943537473678589,0.4056631028652191,0.2788354754447937 
0.4381641745567322,0.4400036036968231,-0.05257907137274742 
0.15925413370132446,0.977421760559082,-0.3264697790145874 
0.2364257127046585,-0.22786657512187958,-0.19647915661334991 
0.49957534670829773,0.06359724700450897,0.2788354754447937 
0.7310628294944763,-0.27846860885620117,0.08417551964521408 
-0.5267178416252136,-0.08551130443811417,0.2788354754447937 
0.8872919082641602,0.32035118341445923,-0.49494868516921997 
0.6574077010154724,-0.10878441482782364,-0.2682211697101593 
0.4732699394226074,-0.3573847711086273,0.2788354754447937 
0.7369935512542725,-0.19763928651809692,-0.015191924758255482 
-0.7318999171257019,-0.26976388692855835,0.11048092693090439 
-0.5413532257080078,-0.40502145886421204,0.2754875123500824 
0.4779570996761322,0.36070477962493896,0.11928128451108932 
0.6679527163505554,0.977421760559082,-0.3264697790145874 
0.10480304807424545,-0.4088476896286011,-0.3235103487968445 
0.13816416263580322,0.5838930606842041,-0.39020538330078125 
-0.1049705520272255,-0.08700354397296906,-0.254733681678772 
0.3241422474384308,0.40441957116127014,-0.0596843957901001 
0.43634673953056335,0.6423159837722778,0.12808161973953247 
0.6592479944229126,0.24599045515060425,-0.021164536476135254 
-0.3073786199092865,-0.22786657512187958,-0.2666906714439392 
-0.15825092792510986,0.019738975912332535,0.2788354754447937 
-0.22145453095436096,0.3811022937297821,-0.021164536476135254 
0.1662142127752304,0.12500838935375214,0.27787891030311584 
0.2539307177066803,-0.22786657512187958,0.1367863267660141 
0.2364257127046585,0.05479690060019493,0.27787891030311584 
0.13120411336421967,-0.10305462032556534,0.2788354754447937 
0.4692523777484894,0.3960018455982208,0.040365081280469894 
0.4205634891986847,0.6425073742866516,0.2784528434276581 
-0.2810732424259186,0.27413609623908997,0.27787891030311584 
0.8380290865898132,0.46671444177627563,-0.3649091422557831 
0.30354544520378113,0.4307021498680115,-0.0970197319984436 
-0.8621105551719666,0.40989476442337036,-0.4498181939125061 
0.10489870607852936,0.5457035303115845,-0.03643712028861046 
-0.4964677095413208,-0.5330320000648499,-0.026999562978744507 
0.17501457035541534,-0.11428463459014893,-0.2716647684574127 
0.054032519459724426,0.11288289725780487,-0.021023273468017578 
-0.7340043783187866,-0.1922825425863266,-0.012283981777727604 
0.3767530620098114,-0.4088476896286011,-0.3235103487968445 
0.5371909737586975,0.5571093559265137,-0.398441344499588 
-0.03547646105289459,-0.12059792876243591,0.2788354754447937 
-0.3091653287410736,0.784579336643219,-0.021164536476135254 
-0.5810732841491699,0.21448871493339539,-0.021164536476135254 
-0.11444048583507538,-0.15564627945423126,0.2788354754447937 
-0.4916120767593384,-0.22786657512187958,-0.30170077085494995 
0.7953436970710754,-0.22365771234035492,0.17189207673072815 
-0.07862687855958939,0.2306126058101654,-0.10705038160085678 
-0.08812551945447922,0.049822788685560226,-0.18040895462036133 
0.2381894439458847,-0.5278666019439697,-0.5578902959823608 
-0.4038955271244049,0.3255990147590637,-0.07852575927972794 
0.5083757042884827,-0.22786657512187958,0.22450286149978638 
-0.377590149641037,0.37055736780166626,0.27787891030311584 
0.19261527061462402,-0.2346581518650055,0.2788354754447937 
-0.32497933506965637,0.002195670735090971,0.2788354754447937 
0.7886705994606018,0.6174682974815369,0.2614106237888336 
-0.29857826232910156,-0.1644466370344162,0.2788354754447937 
0.701313853263855,-0.22786657512187958,-0.08245722204446793 
0.13405096530914307,0.41262316703796387,-0.10180255770683289 
0.3504476547241211,-0.3223746716976166,0.2784528434276581 
0.7564116716384888,-0.296738862991333,0.27443528175354004 
-0.2635681927204132,0.41771575808525085,-0.05689028650522232 
-0.6670451760292053,-0.22786657512187958,-0.2578903138637543 
0.28903648257255554,-0.22786657512187958,0.0666704773902893 
-0.14878098666667938,0.5237026214599609,-0.03918244689702988 
0.1408425271511078,0.25938230752944946,0.5781658887863159 
-0.09375966340303421,0.7308934926986694,0.18509261310100555 
0.04344930127263069,-0.1031981036067009,-0.2646819055080414 
0.5106714367866516,0.2439088076353073,0.07547083497047424 
0.44282853603363037,-0.7600237131118774,0.4928407669067383 
-0.46645456552505493,0.41255033016204834,0.27778324484825134 
0.6512129306793213,0.07309000194072723,-0.6907564997673035 
-1.0971373319625854,-0.7546669244766235,-0.6017964482307434 
-0.5053865313529968,0.26418787240982056,-0.05614129826426506 
-0.12037116289138794,0.7309890985488892,0.05882668495178223 
0.1838149130344391,0.41771575808525085,-0.05689028650522232 
0.6851480007171631,-0.4603106379508972,-0.3856867551803589 
-0.24777905642986298,0.5640922784805298,0.20373962819576263 
0.4845573604106903,0.33296456933021545,0.26831328868865967 
-0.2953031659126282,-0.2619907259941101,0.5421035885810852 
0.5265731811523438,-0.1577278971672058,-0.6888433694839478 
-0.27409401535987854,-0.48759540915489197,-0.6214059591293335 
-0.25476783514022827,-0.0649261400103569,-0.24153316020965576 
-0.21966208517551422,-0.2609635293483734,0.27433961629867554 
-0.24125754833221436,-0.5300666689872742,-0.08922597765922546 
0.15750950574874878,0.2565354108810425,0.2784528434276581 
-0.21086172759532928,0.6776131391525269,0.2788354754447937 
-0.3617914319038391,-0.24520310759544373,-0.021164536476135254 
0.13816416263580322,-0.3855113089084625,0.5788354873657227 
0.5170803666114807,-0.1723860800266266,-0.3105967938899994 
-0.43890565633773804,0.6161063313484192,0.15438702702522278 
0.10480304807424545,-0.23025797307491302,-0.31164899468421936 
-0.017933150753378868,-0.015347640961408615,0.2788354754447937 
0.46621423959732056,0.07213343679904938,0.2877160310745239 
0.0978429913520813,-0.3592011332511902,-0.021164536476135254 
-0.7318999171257019,-0.27846860885620117,-0.20527951419353485 
-0.7318999171257019,-0.38378581404685974,-0.2666906714439392 
0.12414836883544922,0.6878710985183716,-0.36325812339782715 
-0.23458442091941833,0.7313717603683472,0.15065643191337585 
-0.6670451760292053,-0.22786657512187958,0.0666704773902893 
-0.7114523649215698,1.0296499729156494,0.562191367149353 
-0.2810732424259186,-0.22786657512187958,-0.14385880529880524 
0.5609864592552185,-0.22786657512187958,-0.21398422122001648 
-0.519662082195282,-0.22760240733623505,-0.021164536476135254 
0.75612473487854,-0.31357431411743164,-0.09123843908309937 
0.22762535512447357,0.09736381471157074,-0.15850374102592468 
-0.7214006185531616,-0.5278666019439697,0.15614120662212372 
0.28903648257255554,-0.3048696517944336,-0.32274508476257324 
0.7257061004638672,-0.25216320157051086,-0.3187275528907776 
-0.1390012800693512,-0.192496657371521,0.5788354873657227 
-0.3512847423553467,-0.22786657512187958,0.18949277698993683 
0.13120411336421967,-0.22786657512187958,-0.1701737642288208 
0.2803317904472351,0.2565354108810425,0.2784528434276581 
0.045232176780700684,0.23719006776809692,0.5779745578765869 
-0.377590149641037,0.5457035303115845,-0.03643712028861046 
0.301758736371994,0.7313717603683472,0.12836860120296478 
-0.48281171917915344,-0.22786657512187958,0.24210356175899506 
-0.7328565120697021,-0.40865638852119446,-0.16137340664863586 
0.5258806943893433,-0.26976388692855835,-0.32274508476257324 
0.44945159554481506,0.5100237727165222,0.18949277698993683 
-0.36878979206085205,0.6774217486381531,-0.026469767093658447 
-0.10564013570547104,-0.31357431411743164,-0.3485722243785858 
0.04343973472714424,-0.26976388692855835,-0.32274508476257324 
0.6361720561981201,-0.042437419295310974,-0.15850374102592468 
0.10480304807424545,-0.22786657512187958,0.22450286149978638 
0.4975437521934509,-0.16279765963554382,-0.4500286281108856 
0.4030584394931793,-0.2785642445087433,-0.3484765291213989 
0.43586844205856323,0.6511163711547852,-0.02011820673942566 
0.06100216880440712,0.42393338680267334,-0.05564389005303383 
0.6750084161758423,-0.22786657512187958,0.19819745421409607 
-0.10564013570547104,0.33937349915504456,-0.07487170398235321 
0.8960922360420227,-0.14567524194717407,-0.07956472039222717 
-0.6540359854698181,-0.0705220177769661,0.21579816937446594 
0.6592479944229126,0.41262316703796387,-0.021164536476135254 
0.22762535512447357,-0.25216320157051086,-0.32274508476257324 
-1.0888152122497559,-0.745675265789032,-0.513984203338623 
-0.5108617544174194,0.6705573797225952,0.5778789520263672 
-0.5091171264648438,-0.22786657512187958,-0.03859894350171089 
0.5872918963432312,-0.26976388692855835,0.27787891030311584 
0.49936121702194214,-0.15830186009407043,-0.5953874588012695 
-0.2565411329269409,0.4688188433647156,-0.021164536476135254 
0.4750145673751831,0.26254627108573914,0.07425010204315186 
0.5872918963432312,-0.08551130443811417,0.2788354754447937 
0.06100216880440712,0.010967325419187546,0.2788354754447937 
-0.5617279410362244,-0.20835274457931519,0.2788354754447937 
0.4750145673751831,0.07213343679904938,-0.17191839218139648 
-0.41269588470458984,-0.23551905155181885,-0.3186318874359131 
0.20131994783878326,0.49271005392074585,-0.0436113215982914 
0.6695560216903687,-0.0976213589310646,0.10101097822189331 
0.44447746872901917,0.5457035303115845,0.03157429397106171 
0.701313853263855,-0.38378581404685974,-0.32274508476257324 
0.5203326940536499,-0.45753660798072815,-0.38979995250701904 
-0.4202755093574524,-0.5376235246658325,-0.08310401439666748 
0.17895926535129547,-0.7593540549278259,-0.024658203125 
-0.43890565633773804,0.6161063313484192,0.05787012353539467 
-0.6285914778709412,-0.025984587147831917,-0.17897410690784454 
0.26273107528686523,-0.21705745160579681,0.2788354754447937 
-0.6056340336799622,-0.1723860800266266,-0.3105967938899994 
-0.6056340336799622,-0.22786657512187958,0.18949277698993683 
0.6750084161758423,-0.22786657512187958,0.005259326659142971 
-0.32497933506965637,-0.22786657512187958,-0.021055636927485466 
0.5915964245796204,0.04322252795100212,0.2412426620721817 
-0.5179175138473511,-0.22786657512187958,0.10177622735500336 
-0.7371610403060913,-0.41870027780532837,-0.3498157560825348 
0.4487091898918152,0.026746898889541626,-0.021164536476135254 
0.28204771876335144,0.9249066710472107,-0.3291194438934326 
0.04344930127263069,-0.22786657512187958,0.11048092693090439 
0.5346810817718506,-0.024119295179843903,0.2788354754447937 
-0.1687958985567093,0.07213343679904938,0.3490697741508484 
0.078545480966568,0.24773506820201874,0.27816587686538696 
-0.45545411109924316,0.4757789373397827,0.12808161973953247 
-0.15825092792510986,-0.22786657512187958,0.2508082389831543 
0.41107070446014404,-0.46243786811828613,-0.022408097982406616 
-0.7678665518760681,-0.2545545995235443,0.20996315777301788 
-0.4741070568561554,-0.1031981036067009,-0.2646819055080414 
0.815167248249054,0.5296560525894165,-0.11930757761001587 
-0.29492056369781494,-0.7616498470306396,-0.6265713572502136 
-0.3512847423553467,0.6425073742866516,0.27797454595565796 
-0.38435888290405273,-0.4197561740875244,0.39297589659690857 
-0.24776948988437653,-0.04868006706237793,-0.021164536476135254 
-0.1687958985567093,-0.33289095759391785,0.5788354873657227 
0.6487030386924744,-0.39249053597450256,0.2788354754447937 
0.36795270442962646,0.06168413907289505,-0.17476524412631989 
-0.5898736119270325,0.07213343679904938,-0.18951907753944397 
-0.7318999171257019,-0.2872689366340637,-0.07369513064622879 
-0.7577270865440369,-0.4012908637523651,0.206997811794281 
-0.5354225635528564,0.03210730105638504,-0.18911364674568176 
0.45901721715927124,0.4485170245170593,0.2333032190799713 
0.7986916303634644,-0.22872747480869293,-0.021055636927485466 
-0.2372627854347229,0.122903972864151,-0.14759895205497742 
-0.7108556032180786,-0.22786657512187958,-0.16137340664863586 
-0.7197515964508057,-0.1723860800266266,0.1368819773197174 
-0.49335670471191406,-0.04868006706237793,-0.025660395622253418 
0.1680544763803482,0.07213343679904938,0.41048094630241394 
-0.7337174415588379,-0.43639662861824036,0.07547083497047424 
0.4048987030982971,0.3774217367172241,0.2735302448272705 
-1.0913023948669434,-0.7609802484512329,0.23911896347999573 
0.4206591546535492,-0.22786657512187958,-0.1701737642288208 
-0.21966208517551422,-0.22786657512187958,0.10177622735500336 
0.034696776419878006,-0.13814124464988708,0.2788354754447937 
-0.32497933506965637,0.22152529656887054,0.2788354754447937 
-0.18465198576450348,-0.22786657512187958,-0.2666906714439392 
0.4381641745567322,-0.22786657512187958,0.21579816937446594 
0.22762535512447357,0.6513077020645142,0.2788354754447937 
0.2539307177066803,-0.22786657512187958,-0.00351232779212296 
-0.8982685208320618,0.3321264386177063,-0.18071871995925903 
-1.0954155921936035,0.06610710918903351,-0.48184382915496826 
0.7328802943229675,-0.43639662861824036,-0.021036503836512566 
0.7562204003334045,-0.3311750292778015,0.21579816937446594 
0.060250163078308105,0.4313717484474182,-0.22845107316970825 
0.3241422474384308,-0.1723860800266266,-0.3105967938899994 
0.2101203054189682,0.7304152250289917,0.031564727425575256 
-0.19268709421157837,0.6088364720344543,-0.03025774285197258 
-0.10647821426391602,0.4307021498680115,-0.177083820104599 
-0.694594144821167,-0.13542461395263672,-0.03859894350171089 
-0.598673939704895,-0.7505537271499634,-0.6841562986373901 
0.7310628294944763,-0.3486800789833069,-0.20527951419353485 
0.7389066219329834,-0.4600236713886261,-0.19246160984039307 
-0.5124651193618774,0.23816943168640137,0.27816587686538696 
-0.1933566778898239,-0.417648047208786,-0.32408425211906433 
-1.0995287895202637,-0.1590670943260193,0.50699782371521 
-0.3336840271949768,-0.31357431411743164,-0.3485722243785858 
-0.7577270865440369,-0.31357431411743164,0.0666704773902893 
-0.03073192574083805,-0.4566757082939148,-0.32456257939338684 
-0.25690463185310364,0.419414758682251,-0.021164536476135254 
0.11360340565443039,0.5459904670715332,0.2788354754447937 
-0.18455632030963898,0.6162019371986389,0.2788354754447937 
0.31534188985824585,0.4319685101509094,0.2788354754447937 
-0.6933505535125732,-0.36618512868881226,-0.32274508476257324 
0.5083757042884827,-0.22786657512187958,-0.012283981777727604 
-0.5618236064910889,-0.22786657512187958,0.02279307134449482 
-0.20215702056884766,-0.22786657512187958,-0.012283981777727604 
0.41176313161849976,0.22152529656887054,0.27816587686538696 
0.18448449671268463,0.21836866438388824,-0.11123055219650269 
-0.23901697993278503,0.43041521310806274,0.3754708468914032 
1.0329760313034058,-0.1526581346988678,-0.030347496271133423 
-0.6845502257347107,-0.22786657512187958,-0.1000005304813385 
0.10480304807424545,-0.0029219260904937983,-0.20700132846832275 
-0.3289968967437744,-0.4566757082939148,-0.32456257939338684 
0.46349024772644043,-0.524327278137207,-0.0867389440536499 
-0.7347924709320068,0.42046695947647095,0.34036508202552795 
0.4205634891986847,0.34425196051597595,0.2784528434276581 
0.35755857825279236,-0.7578235864639282,-0.688747763633728 
0.25281524658203125,-0.5327450037002563,-0.6878868341445923 
-0.4363229274749756,0.6599166989326477,-0.0035027635749429464 
0.4697306454181671,0.3960975110530853,0.27453094720840454 
0.3767530620098114,-0.0649261400103569,-0.24153316020965576 
0.23812472820281982,0.46652311086654663,-0.23380780220031738 
-0.1687958985567093,1.0304152965545654,0.3227930963039398 
-0.10564013570547104,-0.3486800789833069,0.27433961629867554 
-0.43390870094299316,-0.7587801218032837,-0.414473295211792 
-0.06357429921627045,-0.057384759187698364,-0.021164536476135254 
0.915032148361206,0.29696330428123474,0.4865274429321289 
0.6311023235321045,-0.2216489315032959,-0.35392895340919495 
-0.4009302258491516,-0.23867569863796234,-0.3820517957210541 
-0.4724808931350708,0.3878710865974426,0.21579816937446594 
-0.42140060663223267,0.09143314510583878,-0.16118210554122925 
0.6498509049415588,-0.0648878738284111,-0.09415595233440399 
-0.1407458782196045,-0.03745374083518982,-0.2257499098777771 
-0.377590149641037,-0.1515330821275711,-0.2961527109146118 
-0.5730153322219849,0.08550246804952621,-0.09122887253761292 
-0.3154137432575226,0.15992283821105957,-0.1326383501291275 
0.1399088054895401,-0.29606929421424866,-0.32274508476257324 
-0.4214962422847748,0.589896559715271,0.27816587686538696 
-0.12324082851409912,-0.22786657512187958,-0.012283981777727604 
-0.7318999171257019,-0.25216320157051086,0.04906977340579033 
-0.0003936694120056927,0.31794655323028564,0.2788354754447937 
-0.42140060663223267,-0.11182627081871033,0.2788354754447937 
-0.5618236064910889,-0.22786657512187958,-0.13508714735507965 
-0.10564013570547104,0.2565354108810425,0.27816587686538696 
0.3767530620098114,-0.22786657512187958,0.2333032190799713 
0.15045377612113953,0.17587459087371826,-0.021164536476135254 
-0.41269588470458984,-0.22786657512187958,0.206997811794281 
-0.2109573781490326,-0.22786657512187958,-0.14385880529880524 
0.45566922426223755,-0.22786657512187958,-0.1000005304813385 
-0.4038955271244049,-0.006575987208634615,0.2788354754447937 
0.31534188985824585,-0.059201132506132126,0.27787891030311584 
0.2645139694213867,0.06902685761451721,0.23238860070705414 
0.078545480966568,-0.22404032945632935,-0.37191227078437805 
0.49630022048950195,-0.15457123517990112,-0.3009200692176819 
-0.7451004981994629,-0.2137094885110855,-0.3402501344680786 
0.3680483400821686,0.30512866377830505,-0.08407380431890488 
0.05222095549106598,-0.38378581404685974,-0.3485722243785858 
0.4205634891986847,0.046092208474874496,0.2788354754447937 
-0.6920341849327087,-0.7628933191299438,-0.029727965593338013 
-0.34248438477516174,0.423263818025589,0.27787891030311584 
-0.21966208517551422,-0.25216320157051086,-0.32274508476257324 
0.5872918963432312,-0.39249053597450256,-0.32274508476257324 
0.790774941444397,0.3321073055267334,0.11088636517524719 
-0.2828656733036041,0.9862221479415894,-0.32621151208877563 
0.01713433489203453,-0.3223746716976166,-0.3485722243785858 
0.21892066299915314,-0.22786657512187958,-0.06491678208112717 
-0.00916532427072525,0.6074016094207764,0.2788354754447937 
0.1680544763803482,-0.3855113089084625,-0.021164536476135254 
0.19261527061462402,0.20392459630966187,0.27787891030311584 
-0.2898736000061035,0.6688127517700195,0.2788354754447937 
0.09609835594892502,-0.22786657512187958,-0.22278456389904022 
0.3241422474384308,-0.22786657512187958,-0.1701737642288208 
-0.5881290435791016,-0.22786657512187958,-0.20527951419353485 
0.1399088054895401,-0.35748040676116943,-0.3485722243785858 
0.422667920589447,-0.45906710624694824,-0.32484951615333557 
-0.14474064111709595,0.829059362411499,-0.022216767072677612 
-0.24596749246120453,-0.1350993812084198,-0.28515228629112244 
0.016107141971588135,0.22982460260391235,0.2616210877895355 
0.44897329807281494,0.5010321736335754,-0.0412294864654541 
-0.2252829670906067,-0.7590671181678772,-0.02561473846435547 
-0.7284563183784485,-0.24336282908916473,0.2788354754447937 
-0.5367617011070251,0.17302770912647247,-0.05613938346505165 
0.8521861433982849,-0.3374537527561188,0.07425010204315186 
0.35222095251083374,0.20131909847259521,0.25768962502479553 
0.2645139694213867,-0.35921740531921387,0.06181482970714569 
-0.4741070568561554,0.31134629249572754,-0.08235199749469757 
-0.6909591555595398,-0.12991483509540558,-0.12631548941135406 
-0.2968336343765259,0.22378647327423096,-0.5481334328651428 
0.6277543902397156,-0.025975020602345467,-0.029827293008565903 
0.45566922426223755,-0.070541150867939,-0.24478545784950256 
-0.3073786199092865,-0.36618512868881226,0.27433961629867554 
-0.14954623579978943,0.39686277508735657,0.27787891030311584 
0.22762535512447357,-0.22786657512187958,-0.2578903138637543 
0.6750084161758423,-0.22786657512187958,-0.27539539337158203 
0.5433857440948486,-0.22786657512187958,0.15438702702522278 
-0.24596749246120453,0.22152529656887054,0.2788354754447937 
-0.00916532427072525,-0.331079363822937,0.2788354754447937 
0.5609864592552185,-0.22786657512187958,-0.13508714735507965 
0.08731713891029358,0.3969584107398987,0.2788354754447937 
-0.6231390833854675,-0.22786657512187958,-0.10877218842506409 
-0.7318999171257019,-0.36618512868881226,-0.029836857691407204 
0.31534188985824585,-0.22786657512187958,0.12808161973953247 
0.42936381697654724,-0.22786657512187958,-0.2403852641582489 
-0.12324082851409912,-0.22786657512187958,-0.27539539337158203 
-0.6319394111633301,-0.22786657512187958,0.12808161973953247 
0.21892066299915314,0.4758746027946472,0.2788354754447937 
0.4712611436843872,0.3877754509449005,-0.021065201610326767 
-0.4741070568561554,-0.22786657512187958,0.17189207673072815 
-0.41269588470458984,-0.3573847711086273,0.2783571779727936 
0.5170803666114807,-0.4000473618507385,-0.32293641567230225 
0.7568899989128113,-0.31357431411743164,0.12808161973953247 
0.5959965586662292,-0.22786657512187958,0.2333032190799713 
-0.04426724836230278,0.7304152250289917,0.24210356175899506 
0.4418720006942749,-0.7603106498718262,-0.4062086045742035 
0.7889347672462463,-0.2233707308769226,-0.15257306396961212 
0.03294259309768677,-0.08842293918132782,0.18646416068077087 
-0.797041654586792,-0.4545712471008301,0.14558666944503784 
0.19261527061462402,0.35257402062416077,-0.07156199961900711 
-0.3629547953605652,-0.23542340099811554,0.269365519285202 
-0.19548392295837402,0.419414758682251,-0.021164536476135254 
-0.4767853915691376,0.36902686953544617,0.09297587722539902 
0.7311584949493408,-0.24355414509773254,-0.19647915661334991 
-0.34248438477516174,0.06168413907289505,-0.17476524412631989 
0.4732699394226074,0.12500838935375214,0.2788354754447937 
-0.361810564994812,0.07213343679904938,-0.23332953453063965 
0.7301291227340698,0.45389652252197266,-0.4350106418132782 
-0.7318999171257019,-0.3223746716976166,-0.2666906714439392 
0.13120411336421967,-0.25216320157051086,0.27433961629867554 
-0.3004118502140045,0.07213343679904938,0.331564724445343 
-1.03410005569458,-0.15897142887115479,-0.053304970264434814 
-0.29857826232910156,0.34559112787246704,-0.07328381389379501 
-0.5617279410362244,0.002195670735090971,0.2788354754447937 
-0.4477059841156006,-0.3311750292778015,-0.3485722243785858 
-0.06181056424975395,-0.36618512868881226,-0.3485722243785858 
0.7568899989128113,-0.4012908637523651,0.10177622735500336 
-0.2517796754837036,-0.1650433987379074,-0.04909607768058777 
0.45566922426223755,-0.1776471585035324,-0.3142317235469818 
0.6970093250274658,-0.14125962555408478,-0.012829220853745937 
0.7364195585250854,-0.2346581518650055,0.2788354754447937 
0.07019838690757751,0.42744988203048706,-0.31964951753616333 
0.7188189029693604,-0.3047739565372467,-0.3485722243785858 
-0.15212894976139069,0.7309890985488892,0.2023106962442398 
-0.2929345667362213,0.7313717603683472,0.2344510853290558 
-0.6407397389411926,-0.23551905155181885,-0.3186318874359131 
-0.4968503713607788,0.06706367433071136,-0.552055299282074 
0.7176709771156311,-0.18300390243530273,-0.31777098774909973 
-1.0341956615447998,-0.16212806105613708,0.10639052093029022 
0.5534296631813049,0.12893030047416687,0.12511630356311798 
-0.47508639097213745,-0.06938740611076355,0.19294962286949158 
-0.5803080201148987,-0.526814341545105,-0.09075647592544556 
0.5890364646911621,-0.15036240220069885,-0.6841562986373901 
0.023256318643689156,0.7308934926986694,0.1464475691318512 
-0.48281171917915344,0.12893030047416687,-0.14507363736629486 
0.756794273853302,-0.39249053597450256,-0.3433111310005188 
-0.752561628818512,-0.2872689366340637,-0.3484765291213989 
-0.6638885140419006,-0.0869748517870903,-0.05541335791349411 
-0.4908468723297119,-0.4545712471008301,-0.3877911865711212 
-0.4377577602863312,0.6336113810539246,0.22450286149978638 
-0.47525492310523987,0.37543579936027527,-0.0035027635749429464 
-1.0932154655456543,-0.7503623962402344,-0.29475024342536926 
0.41472846269607544,-0.2299709916114807,-0.3888433575630188 
0.49916988611221313,-0.15811052918434143,0.5118762850761414 
1.098691701889038,-0.7624150514602661,-0.23514699935913086 
-0.23305392265319824,-0.45897144079208374,-0.3788951635360718 
0.3680483400821686,-0.1907520443201065,0.2788354754447937 
0.7041835188865662,-0.1513417661190033,0.10761125385761261 
0.5960922241210938,-0.29606929421424866,-0.3485722243785858 
-0.46530669927597046,-0.4012908637523651,-0.3485722243785858 
-0.2635681927204132,-0.36618512868881226,-0.32274508476257324 
-0.28910836577415466,0.2306126058101654,-0.10705038160085678 
-0.46329793334007263,0.4316815733909607,-0.021046072244644165 
-0.6375831365585327,-0.042131319642066956,0.014040548354387283 
0.7310628294944763,-0.38378581404685974,-0.09123843908309937 
0.29714447259902954,-0.2679979205131531,0.16199535131454468 
-0.6845502257347107,-0.4276919364929199,-0.32484951615333557 
0.24835991859436035,-0.15901707112789154,0.17369408905506134 
-0.3599894344806671,0.10750335454940796,0.2788354754447937 
-0.6757498383522034,-0.36618512868881226,0.27787891030311584 
0.6223976016044617,-0.18204735219478607,0.2788354754447937 
-0.230235755443573,0.39143314957618713,0.1388179063796997 
-0.21966208517551422,0.3092418611049652,0.27787891030311584 
0.2978368401527405,0.6599166989326477,-0.02715848945081234 
-0.06179142743349075,0.6513077020645142,0.2788354754447937 
0.6855534315109253,0.07213343679904938,-0.2947406768798828 
0.26273107528686523,0.4056631028652191,0.2788354754447937 
0.6135972738265991,-0.22786657512187958,0.10177622735500336 
0.41185879707336426,-0.35748040676116943,-0.32274508476257324 
-0.48281171917915344,0.00869071390479803,-0.20087933540344238 
0.12890836596488953,-0.46231940388679504,-0.3253278136253357 
-0.5784677267074585,0.07354547083377838,0.005259326659142971 
-0.5183001160621643,0.22458627820014954,0.1726573258638382 
-0.7340043783187866,-0.4275962710380554,-0.06489573419094086 
-0.028085947036743164,0.4313717484474182,0.5099631547927856 
0.24522604048252106,-0.41860461235046387,-0.3497200906276703 
0.4516516923904419,0.49271005392074585,0.08417551964521408 
-0.798093855381012,-0.2298753410577774,-0.1146167665719986 
-0.6672365069389343,-0.09254202991724014,-0.1782088726758957 
0.5360202789306641,0.17245377600193024,0.22086796164512634 
-0.7492364645004272,0.817484974861145,0.4814577102661133 
-0.30670905113220215,-0.08700354397296906,-0.254733681678772 
0.4865661561489105,0.3255033791065216,0.206997811794281 
0.22064614295959473,-0.10023865103721619,-0.025469064712524414 
-0.4582509398460388,0.3379901647567749,-0.48614832758903503 
0.7451242804527283,-0.4420403242111206,-0.37535589933395386 
-0.13194553554058075,0.4562651216983795,-0.049614690244197845 
0.755933403968811,-0.3486800789833069,-0.14385880529880524 
-0.657383918762207,-0.07619442045688629,0.1367863267660141 
-0.07058221101760864,0.5717219114303589,-0.033586569130420685 
-0.5354225635528564,-0.20806577801704407,-0.3363282382488251 
-0.48493897914886475,0.42878907918930054,-0.025277763605117798 
0.21892066299915314,-0.22365771234035492,-0.37191227078437805 
0.5353506803512573,-0.09802311658859253,-0.2614296078681946 
-0.07936343550682068,-0.2609635293483734,-0.32274508476257324 
0.7568899989128113,-0.3047739565372467,0.014030984602868557 
-0.6758455038070679,-0.22786657512187958,0.24210356175899506 
0.35924798250198364,-0.25216320157051086,-0.32274508476257324 
-0.5530232787132263,-0.3486800789833069,-0.3485722243785858 
-0.5530232787132263,-0.27846860885620117,-0.32274508476257324 
0.7075315117835999,-0.1565071940422058,-0.19351382553577423 
0.8745696544647217,0.3793804943561554,-0.27719736099243164 
0.4312041401863098,0.4349566102027893,0.15741343796253204 
-0.1828117072582245,-0.10502144694328308,0.5780702829360962 
-0.1932382583618164,0.005128651857376099,-0.16311803460121155 
0.3504476547241211,-0.3925861716270447,0.27433961629867554 
-0.7553356885910034,-0.21810965240001678,0.11928128451108932 
-0.20390164852142334,-0.0011846721172332764,0.21408003568649292 
0.3066371977329254,-0.0762135460972786,-0.24813340604305267 
0.13971750438213348,0.7313717603683472,0.2052760124206543 
-0.5077779293060303,0.2565354108810425,0.014030984602868557 
-0.6845502257347107,-0.17324697971343994,0.2786441445350647 
0.7310628294944763,-0.2609635293483734,-0.11755340546369553 
-0.5517796874046326,0.13495661318302155,0.11928128451108932 
-0.544222891330719,-0.3486800789833069,0.27787891030311584 
-0.08810639381408691,-0.24336282908916473,0.2788354754447937 
-1.0197515487670898,0.12761393189430237,0.033309340476989746 
0.12065914273262024,-0.29125189781188965,0.09912067651748657 
0.26273107528686523,0.30512866377830505,-0.08407380431890488 
0.7484722137451172,-0.21313554048538208,-0.252055287361145 
0.054032519459724426,-0.2853403687477112,0.10218165814876556 
-0.18465198576450348,-0.3048696517944336,-0.32274508476257324 
0.14870916306972504,-0.1907520443201065,0.2788354754447937 
0.045232176780700684,1.012718915939331,-0.021164536476135254 
0.1293638050556183,0.07213343679904938,0.4192813038825989 
-0.46530669927597046,-0.07673965394496918,0.2788354754447937 
-0.27236855030059814,-0.22786657512187958,-0.04737346991896629 
-0.009183499030768871,-0.22786657512187958,-0.22278456389904022 
0.5974314212799072,0.032145559787750244,0.10761125385761261 
0.0083779850974679,0.5459904670715332,0.2788354754447937 
-0.22846242785453796,-0.1907520443201065,0.2788354754447937 
0.28204771876335144,0.4410786032676697,-0.440118670463562 
-0.7740113735198975,-0.23640276491641998,-0.021164536476135254 
0.31534188985824585,0.6776131391525269,0.2788354754447937 
-0.07934430986642838,-0.14628155529499054,-0.2926134467124939 
-0.36878979206085205,-0.03745374083518982,-0.2257499098777771 
0.17501457035541534,0.07947614043951035,-0.16653883457183838 
-0.7577270865440369,-0.35748040676116943,0.24210356175899506 
-0.14249050617218018,0.1582738757133484,0.5788354873657227 
-0.43900129199028015,-0.22786657512187958,0.07547083497047424 
-0.43900129199028015,-0.22786657512187958,0.005259326659142971 
0.5083757042884827,-0.22786657512187958,-0.2403852641582489 
-0.2109573781490326,-0.22786657512187958,0.206997811794281 
0.07852634787559509,-0.22786657512187958,-0.11754383891820908 
0.04345886409282684,-0.21705745160579681,0.2788354754447937 
-0.009183499030768871,-0.23025797307491302,-0.31164899468421936 
-0.41269588470458984,0.2127249538898468,0.2788354754447937 
0.4662870466709137,0.41130682826042175,0.15438702702522278 
0.7568899989128113,-0.40999558568000793,0.02280263602733612 
0.3241422474384308,-0.41860461235046387,-0.3497200906276703 
-0.10564013570547104,-0.44261425733566284,-0.3758341670036316 
-0.7577270865440369,-0.3223746716976166,-0.10877218842506409 
0.2932453751564026,0.7309890985488892,0.0730794370174408 
0.6869654059410095,-0.1251128911972046,0.23043355345726013 
0.6365547180175781,-0.04247567802667618,0.06083546206355095 
-0.4076489210128784,0.4307021498680115,0.3044653832912445 
0.30367186665534973,-0.2607722282409668,-0.35364195704460144 
0.49000975489616394,-0.4617454409599304,-0.3252321481704712 
-0.2992250323295593,0.32814714312553406,-0.48978325724601746 
0.1680544763803482,-0.17709603905677795,0.15240105986595154 
0.7871172428131104,-0.24240626394748688,0.22450286149978638 
0.48816949129104614,-0.5412583947181702,-0.18951907753944397 
-0.4565063416957855,-0.29606929421424866,0.27433961629867554 
-0.4302009344100952,0.3092418611049652,0.27787891030311584 
0.8346810936927795,-0.6398797035217285,-0.021164536476135254 
0.3329426050186157,0.3004415035247803,0.2788354754447937 
0.2294178009033203,-0.5278666019439697,-0.41754385828971863 
-0.17585164308547974,-0.21810965240001678,-0.34618082642555237 
-0.053019773215055466,0.11620805412530899,0.2788354754447937 
-0.5793286561965942,-0.06796800345182419,0.2788354754447937 
0.12414836883544922,-0.5278666019439697,0.2350832223892212 
-0.2898736000061035,0.6424117088317871,-0.028038524091243744 
0.2978368401527405,-0.33987972140312195,0.2788354754447937 
0.3065415322780609,-0.22786657512187958,-0.2403852641582489 
0.6135972738265991,-0.3486800789833069,-0.3485722243785858 
0.5452260375022888,0.053052306175231934,-0.021164536476135254 
0.06383946537971497,-0.7627020478248596,-0.6260930299758911 
-0.07058221101760864,-0.417648047208786,-0.32408425211906433 
-0.44368845224380493,0.5630171895027161,0.07547083497047424 
0.4205634891986847,-0.14691288769245148,0.2788354754447937 
0.3680483400821686,0.4670742154121399,0.2788354754447937 
-0.42140060663223267,-0.4389793276786804,-0.37009483575820923 
-0.5466142892837524,0.14787018299102783,0.023529624566435814 
-0.7677709460258484,-0.2545545995235443,-0.0093569066375494 
-0.06181056424975395,0.4562651216983795,-0.049614690244197845 
-0.3526011109352112,-0.3701106905937195,-0.021834135055541992 
0.17788423597812653,0.7307021617889404,0.08006231486797333 
0.21959026157855988,-0.08700354397296906,-0.254733681678772 
0.3394244313240051,-0.3682454228401184,-0.021547168493270874 
0.16628703474998474,0.1113068163394928,-0.20702412724494934 
0.5346810817718506,0.06168413907289505,-0.17476524412631989 
-0.04425768181681633,0.02035117894411087,-0.19494865834712982 
0.5241588950157166,0.20526377856731415,0.27127864956855774 
0.00663718581199646,-0.3086995482444763,0.08993770182132721 
0.7311584949493408,-0.24355414509773254,0.014021419920027256 
-0.0618009977042675,0.17302770912647247,-0.12759728729724884 
0.2802361249923706,0.11104262620210648,-0.15266872942447662 
-0.21966208517551422,0.06168413907289505,-0.17476524412631989 
0.6935656666755676,-0.13573071360588074,-0.12977825105190277 
-0.4876902103424072,0.3255990147590637,0.22459854185581207 
0.4350075423717499,0.6686214208602905,0.03158385679125786 
0.1662142127752304,0.6511163711547852,-0.027569809928536415 
0.24522604048252106,0.695022463798523,-0.025981921702623367 
0.552186131477356,0.046092208474874496,0.2788354754447937 
0.6925134658813477,-0.22786657512187958,-0.16137340664863586 
0.5784915089607239,-0.19763928651809692,-0.328675776720047 
0.19957533478736877,-0.7050215005874634,0.5780702829360962 
-0.851875364780426,0.4348610043525696,0.19999948143959045 
0.3768486976623535,0.4171418249607086,-0.05698976665735245 
0.7581334710121155,-0.41870027780532837,0.22450286149978638 
0.5606995224952698,0.11094696819782257,-0.0590607188642025 
-0.6950951814651489,0.3249066472053528,-0.3291194438934326 
0.3621176779270172,0.7294586300849915,-0.012991835363209248 
0.2539307177066803,-0.1923781931400299,-0.32475388050079346 
-0.6609460115432739,1.0287890434265137,-0.3055498003959656 
-0.3073786199092865,0.5457035303115845,-0.03643712028861046 
0.6627644896507263,-0.08708963543176651,-0.045170512050390244 
-0.6190258860588074,-0.45887577533721924,-0.3791821300983429 
-0.737830638885498,-0.19763928651809692,0.18069243431091309 
0.7944827675819397,-0.23408420383930206,-0.27539539337158203 
-0.5968336462974548,-0.26976388692855835,0.27433961629867554 
0.43433794379234314,0.695022463798523,0.1368819773197174 
0.17501457035541534,-0.4418489933013916,-0.37516456842422485 
0.24522604048252106,-0.22786657512187958,0.206997811794281 
-0.43900129199028015,-0.18204735219478607,0.2788354754447937 
-0.15825092792510986,-0.3486800789833069,-0.3485722243785858 
-0.15825092792510986,-0.22786657512187958,-0.13508714735507965 
-0.46482840180397034,0.42393338680267334,0.1368819773197174 
-0.04426724836230278,-0.22786657512187958,0.206997811794281 
-0.36878979206085205,0.4625784456729889,-0.04845438525080681 
-0.11444048583507538,0.5810962319374084,0.2788354754447937 
-0.11444048583507538,0.16881884634494781,0.2788354754447937 
-0.544222891330719,-0.16176827251911163,-0.30313560366630554 
0.6241422891616821,-0.5278666019439697,-0.3736855983734131 
-0.3705822229385376,-0.5278666019439697,0.25262653827667236 
-0.06008505821228027,0.07213343679904938,0.2350832223892212 
0.3680483400821686,0.010967325419187546,0.27787891030311584 
-0.7577270865440369,-0.3223746716976166,0.11928128451108932 
-0.5372627973556519,-0.5278666019439697,0.331564724445343 
0.3066371977329254,0.5547907948493958,0.2788354754447937 
0.2908346951007843,0.4513137936592102,-0.021164536476135254 
-0.24596749246120453,-0.13814124464988708,0.2788354754447937 
0.27153143286705017,-0.22786657512187958,-0.05614512413740158 
-0.6144343614578247,-0.22786657512187958,0.014021419920027256 
-0.6933505535125732,-0.23025797307491302,-0.31164899468421936 
-0.36008507013320923,-0.23025797307491302,-0.31164899468421936 
0.4048987030982971,0.43380874395370483,-0.021355867385864258 
-0.43900129199028015,-0.2785642445087433,-0.3484765291213989 
