0.09062465280294418,-0.5740765929222107,-0.22786448895931244
-0.15445707738399506,0.9344103336334229,0.2913390100002289
-0.0031374034006148577,0.018595172092318535,0.5120803117752075
-0.05397967994213104,0.2668486535549164,-0.2966405153274536
-0.5278373956680298,-0.21884915232658386,0.013350938446819782
0.52211993932724,-0.04603103548288345,0.022822180762887
0.1420496553182602,0.9324044585227966,-0.30072641372680664
-0.15141311287879944,-0.581004798412323,0.3730354607105255
0.10092110186815262,0.4559902250766754,0.19192680716514587
-0.24242401123046875,-0.20932988822460175,-0.4646160304546356
0.28330329060554504,-0.11436551064252853,-0.45117929577827454
0.34981584548950195,-0.5804140567779541,0.22282369434833527
-0.3301794230937958,0.22317232191562653,0.12761621177196503
0.28962546586990356,0.9334663152694702,0.1421249806880951
-0.2976449728012085,0.9400153756141663,-0.15190061926841736
-0.36293309926986694,-0.5768693685531616,-0.19436635076999664
0.35283058881759644,-0.17857572436332703,0.39843064546585083
-0.35749515891075134,-0.20319296419620514,0.393171101808548
0.29089903831481934,0.26533716917037964,-0.10422269999980927
0.4286351501941681,-0.38831856846809387,-0.1509787142276764
-0.4239446222782135,0.06826986372470856,-0.2336878627538681
-0.1917681246995926,0.5440164804458618,-0.059357184916734695
0.3266834318637848,0.16001883149147034,0.2647615373134613
0.15375369787216187,0.6209022402763367,-0.12641915678977966
0.05787857249379158,-0.332954078912735,0.4871479570865631
-0.10614663362503052,-0.5744182467460632,0.050552330911159515
0.0578610897064209,-0.3478495180606842,-0.46725624799728394
-0.011494406498968601,0.005513623356819153,-0.504469096660614
-0.3781169652938843,-0.4376908838748932,0.18525944650173187
-0.09563980251550674,0.2455207109451294,0.3183537423610687
0.4785982370376587,-0.30822572112083435,0.15546725690364838
0.06409019976854324,0.7473291754722595,0.2185119241476059
-0.4428495466709137,-0.27218812704086304,-0.264239639043808
0.43763408064842224,0.017262432724237442,-0.2474130541086197
-0.4696626365184784,-0.005805613473057747,0.20194493234157562
-0.08031328022480011,0.7570348978042603,-0.21005669236183167
0.19835704565048218,0.16980750858783722,-0.35196977853775024
-0.14909031987190247,-0.580582857131958,-0.37725499272346497
-0.27751561999320984,0.05788901820778847,0.40654870867729187
0.13932932913303375,-0.5760253667831421,0.39136484265327454
-0.23329150676727295,0.7976298928260803,0.07035275548696518
-0.26266932487487793,0.3007071614265442,-0.13520397245883942
0.19021326303482056,-0.5766085386276245,0.012870718725025654
-0.2512757182121277,0.05747462064027786,-0.429749995470047
0.2954564690589905,-0.3553192913532257,-0.3705800175666809
0.3128359615802765,0.9344791769981384,-0.10080400109291077
-0.11393636465072632,0.5796988606452942,0.1697971522808075
-0.13821116089820862,-0.1663893610239029,0.5180725455284119
0.23684212565422058,0.010837024077773094,0.4545277953147888
0.2819881737232208,-0.3945147693157196,0.3529917895793915
0.46375197172164917,-0.023799806833267212,0.25607621669769287
0.11231471598148346,0.393451988697052,-0.20828434824943542
-0.4928894639015198,0.04506823420524597,-0.025479327887296677
0.12775938212871552,0.19534660875797272,0.3670508563518524
-0.4332282841205597,-0.4178575873374939,-0.03466258570551872
0.31926408410072327,-0.5741181969642639,-0.2157188057899475
0.451759934425354,-0.20146334171295166,-0.2751268744468689
-0.28030067682266235,-0.3975178599357605,-0.34872114658355713
0.2141820341348648,0.7443751692771912,0.056039001792669296
0.4241192042827606,0.14892765879631042,0.048932164907455444
0.06958463042974472,0.9416188597679138,0.33135849237442017
0.21705153584480286,0.4524455666542053,-0.003551273141056299
0.41159453988075256,-0.5782197713851929,-0.006743157748132944
-0.23548583686351776,-0.3815668523311615,0.40123170614242554
-0.2150617390871048,0.39910659193992615,0.09849919378757477
-0.4738648533821106,-0.22787317633628845,0.22066350281238556
-0.15007594227790833,-0.5766085386276245,-0.16144394874572754
-0.11266767233610153,0.9413657784461975,-0.3046582341194153
0.2744831442832947,0.2824268937110901,0.09980673342943192
0.05741439014673233,-0.5766085386276245,0.19547149538993835
0.12374116480350494,-0.14043667912483215,0.5239779949188232
-0.04143152013421059,0.5454512238502502,-0.19714392721652985
-0.38233682513237,-0.08811800181865692,-0.36939847469329834
0.5207552313804626,-0.23813442885875702,-0.03891267627477646
-0.05467257276177406,-0.19725102186203003,-0.5195332765579224
-0.31995975971221924,-0.5695959329605103,0.04988731071352959
-0.5139195322990417,-0.09579054266214371,-0.15951032936573029
-0.2642652690410614,0.19114363193511963,-0.28871479630470276
0.18658418953418732,0.8049723505973816,-0.1589120328426361
-0.3899325728416443,0.1876833438873291,-0.045929599553346634
-0.11488233506679535,0.7799908518791199,0.2105785757303238
-0.24587421119213104,-0.5695959329605103,0.21588808298110962
-0.12509439885616302,-0.34333494305610657,-0.4640920162200928
-0.26308369636535645,0.19523689150810242,0.2921906113624573
0.1368742734193802,-0.46680790185928345,-0.3611275255680084
-0.06857236474752426,0.4105769693851471,0.2204686403274536
0.032356880605220795,0.16599160432815552,-0.4076303541660309
-0.008947070688009262,-0.47178736329078674,0.3915260136127472
-0.19742272794246674,0.7178745269775391,-0.08118228614330292
0.15762117505073547,0.03162673860788345,-0.4692254662513733
0.028028160333633423,-0.5704399347305298,-0.057340946048498154
-0.3016960322856903,0.9324888586997986,0.14990456402301788
0.1311352699995041,-0.20070375502109528,-0.5117764472961426
0.42449963092803955,0.13124699890613556,-0.12447800487279892
0.3152054250240326,0.0498712956905365,-0.3709176182746887
-0.13319651782512665,0.4047611951828003,-0.18718507885932922
-0.12357525527477264,0.12830998003482819,0.4351593554019928
0.5076724290847778,-0.10706455260515213,-0.1441842019557953
0.22591324150562286,-0.2645080089569092,0.46908700466156006
0.15679951012134552,0.29596570134162903,0.23724055290222168
0.026836462318897247,-0.5804140567779541,-0.4073847830295563
-0.16476856172084808,-0.05874020606279373,-0.5056230425834656
0.15797355771064758,0.5922915935516357,0.12272116541862488
-0.3969375491142273,-0.03241590037941933,0.3458671569824219
0.5117587447166443,-0.13874877989292145,0.1415342092514038
-0.13260573148727417,0.16318708658218384,-0.39345163106918335
0.452487975358963,-0.2080991417169571,0.27705201506614685
0.45893657207489014,-0.380388081073761,0.0017635059775784612
-0.09512582421302795,-0.3356471359729767,0.47642192244529724
-0.38018205761909485,-0.3340063691139221,0.30851876735687256
0.1745997965335846,0.8664135336875916,0.22045305371284485
-0.4406476318836212,0.11591289192438126,0.09984194487333298
0.20093171298503876,0.2666874825954437,-0.2309027761220932
-0.36997199058532715,-0.41325727105140686,-0.22309550642967224
0.38263872265815735,-0.41870152950286865,0.20559914410114288
-0.1575028896331787,-0.009206698276102543,0.49592524766921997
-0.38469234108924866,0.11082374304533005,0.2422199845314026
0.3553784489631653,0.02885640785098076,0.3598770797252655
0.32659900188446045,0.17645010352134705,-0.23048077523708344
-0.09201072156429291,-0.5740765929222107,0.2369948923587799
-0.3111056387424469,0.9072617292404175,-0.0009788491297513247
0.2023589313030243,-0.5809891819953918,0.16678400337696075
0.06788807362318039,0.7277490496635437,-0.2040644884109497
-0.26156625151634216,-0.11377310752868652,0.46706318855285645
-0.19661033153533936,0.6422231793403625,0.06984419375658035
0.03277042880654335,0.5955831408500671,0.1974126249551773
0.14733952283859253,-0.4274788796901703,0.40511396527290344
-0.5250639319419861,-0.10093876719474792,0.11117037385702133
-0.4888460040092468,-0.3016427159309387,-0.1300482153892517
-0.23599223792552948,-0.523100733757019,-0.27175095677375793
-0.47525808215141296,-0.33320724964141846,0.12432471662759781
-0.06399931758642197,-0.45845261216163635,-0.38568708300590515
0.22761878371238708,-0.5731658339500427,-0.3306777775287628
0.11429743468761444,0.08610236644744873,0.4647398889064789
0.388815313577652,-0.0726657435297966,-0.36097437143325806
-0.3417279124259949,-0.2694169580936432,-0.38511019945144653
-0.21743237972259521,0.29102280735969543,0.1978633850812912
0.2796742022037506,0.8695362210273743,0.020398098975419998
0.00620305584743619,0.8539227247238159,-0.2704850137233734
0.35377487540245056,-0.21893355250358582,-0.3839147388935089
-0.19075535237789154,0.8459894061088562,-0.18524394929409027
-0.04320313408970833,-0.5759157538414001,-0.27865391969680786
-0.005795667413622141,-0.20518432557582855,0.542266845703125
0.23443734645843506,-0.5323000550270081,0.29725444316864014
-0.23935572803020477,-0.25799694657325745,0.4642638564109802
-0.2248518019914627,-0.5766085386276245,-0.04523754492402077
-0.28654608130455017,0.2985052168369293,0.003980326000601053
0.35522353649139404,-0.48375776410102844,0.09196395426988602
-0.35449209809303284,0.1774524301290512,-0.187107115983963
0.31073233485221863,-0.44883134961128235,-0.2588382065296173
0.4472868740558624,0.08226291090250015,0.17285305261611938
0.250135213136673,0.12402261048555374,0.37903523445129395
0.39175358414649963,-0.3405497968196869,-0.27673038840293884
0.1889713555574417,-0.31812408566474915,-0.45035919547080994
-0.26916027069091797,-0.4630100131034851,0.2903338670730591
0.49564647674560547,0.016281235963106155,-0.10261915624141693
0.08470925688743591,0.26247525215148926,-0.3068186342716217
-0.3355731964111328,-0.5021626353263855,-0.07452250272035599
0.18194234371185303,-0.5766085386276245,-0.11992055922746658
-0.008820475079119205,0.8466646075248718,0.2720196843147278
-0.34198370575904846,0.08382415026426315,-0.33748501539230347
0.33174726366996765,-0.5091752409934998,-0.09873688220977783
0.019461002200841904,0.331251323223114,0.26982536911964417
-0.134878009557724,0.622427761554718,-0.14742757380008698
0.48519256711006165,-0.2601306736469269,-0.1628054529428482
0.3815491497516632,-0.3114404082298279,0.33785709738731384
-0.3713728189468384,-0.5744431614875793,0.18548385798931122
0.016856105998158455,0.15347592532634735,0.4254085123538971
0.20168375968933105,0.394119530916214,0.11013840138912201
-0.21700286865234375,0.4180959463119507,-0.0728607252240181
-0.28046318888664246,-0.07153458148241043,-0.44838783144950867
-0.17438983917236328,0.28855395317077637,-0.24483580887317657
-0.12695112824440002,0.0556102953851223,-0.47075939178466797
0.20835864543914795,0.38670018315315247,-0.11190282553434372
0.02805348113179207,-0.5695959329605103,0.06651352345943451
0.15079979598522186,0.4950661063194275,-0.1426233947277069
0.22869835793972015,0.9119879603385925,-0.21157582104206085
-0.5367911458015442,-0.09460898488759995,-0.030087413266301155
-0.46134012937545776,-0.15209856629371643,-0.2720809578895569
-0.20601363480091095,0.8645743727684021,0.1921623945236206
0.01591632328927517,-0.5766085386276245,0.32831254601478577
-0.010088826529681683,0.41857337951660156,-0.23003001511096954
-0.19016458094120026,0.5210605263710022,0.07207445055246353
-0.43812334537506104,-0.14314492046833038,0.30831047892570496
0.19873736798763275,0.574737012386322,-0.009613517671823502
0.2632935643196106,-0.1342063695192337,0.4668850302696228
0.3521713614463806,0.20015724003314972,0.15150059759616852
-0.2476390302181244,0.8323169946670532,-0.07344307005405426
0.16701050102710724,-0.08308302611112595,-0.49911054968833923
-0.12374403327703476,-0.4356653392314911,0.4081522524356842
-0.4927734434604645,0.022085025906562805,-0.14761033654212952
-0.3885821998119354,-0.46452921628952026,0.06760984659194946
0.04416403919458389,-0.11791019886732101,-0.5260395407676697
0.40171244740486145,-0.08533290773630142,0.3479771018028259
0.5024825930595398,-0.02557974122464657,0.13808144629001617
0.33765503764152527,0.2355702668428421,0.01447341963648796
0.14236250519752502,-0.0255773663520813,0.5071523785591125
0.20321041345596313,0.7106163501739502,-0.05470690131187439
-0.50294029712677,0.012820959091186523,0.09546089917421341
-0.2106655389070511,0.9374696016311646,-0.2528483271598816
-0.052167441695928574,0.9342133402824402,0.3289322853088379
-0.49765682220458984,-0.3268797695636749,-0.01231217011809349
0.48551881313323975,0.06649752706289291,0.004370240028947592
-0.4330595135688782,-0.031571924686431885,-0.28576090931892395
0.5180054306983948,-0.2336966097354889,0.079030841588974
0.21781757473945618,0.21474198997020721,0.277835488319397
0.14632675051689148,0.7030207514762878,0.1570708006620407
-0.047001730650663376,0.6734816431999207,0.20323602855205536
-0.25003740191459656,-0.31678506731987,-0.42040956020355225
-0.15415066480636597,-0.5721278786659241,0.14139658212661743
-0.06283547729253769,-0.0893915444612503,0.5246126651763916
0.25826096534729004,0.3339756429195404,0.0024257234763354063
0.0688248723745346,0.5830079317092896,-0.1857503205537796
-0.16935813426971436,-0.4369761347770691,-0.3805837333202362
0.2716641128063202,-0.23202261328697205,-0.45105329155921936
-0.14112983644008636,0.4744732081890106,0.16289420425891876
-0.4888460040092468,-0.11791019886732101,0.21631759405136108
0.293676495552063,-0.5695959329605103,0.00840865820646286
0.040518082678318024,-0.07697758823633194,0.533650815486908
0.4021420478820801,0.08408504724502563,0.2737996280193329
0.23224301636219025,0.831979513168335,0.11520982533693314
0.24684374034404755,0.8376340866088867,-0.07622816413640976
0.43169736862182617,-0.39948296546936035,0.11218913644552231
-0.15277665853500366,0.696184515953064,0.15124739706516266
-0.14142470061779022,-0.23467308282852173,-0.5002202987670898
-0.07921696454286575,-0.581089198589325,-0.07395873218774796
0.04558191075921059,-0.44013842940330505,-0.4083055257797241
-0.2498408704996109,-0.5728182196617126,0.33068332076072693
0.29807278513908386,-0.4814930260181427,0.2264452427625656
-0.35564208030700684,0.062421269714832306,0.333773136138916
0.11121754348278046,0.829785168170929,-0.22862406075000763
0.23831962049007416,-0.44056037068367004,-0.33521759510040283
-0.1599504053592682,-0.5101036429405212,0.29615727066993713
-0.3673141300678253,-0.3413093388080597,-0.31108003854751587
0.0006505842902697623,0.22634658217430115,0.3401205837726593
0.12379272282123566,-0.5766085386276245,-0.3274531066417694
-0.2580198347568512,-0.5746673941612244,-0.16144394874572754
-0.14433693885803223,0.5144774913787842,-0.14684325456619263
0.040163613855838776,-0.24999170005321503,-0.5143083333969116
-0.12197170406579971,0.3181697726249695,0.2503296434879303
-0.31355318427085876,-0.29911085963249207,0.3994593620300293
0.20683950185775757,-0.5740765929222107,-0.21950916945934296
-0.01729394681751728,-0.5766085386276245,-0.17807018756866455
-0.518684983253479,-0.2052537053823471,-0.0958297997713089
-0.34545525908470154,-0.102043516933918,0.4076458811759949
0.03953907638788223,-0.5054617524147034,-0.3299005627632141
0.11552181094884872,-0.5766085386276245,0.286789208650589
0.13127249479293823,-0.2447274923324585,0.5069497227668762
0.12040923535823822,0.123424232006073,-0.42087310552597046
-0.04163607954978943,0.5131251215934753,0.20315364003181458
0.3687132000923157,0.201845183968544,-0.07585681974887848
-0.21201589703559875,-0.581089198589325,0.05819198489189148
-0.2600454092025757,0.30829527974128723,0.11107437312602997
0.3722754716873169,0.0810314416885376,-0.29253026843070984
-0.4503609240055084,0.11162466555833817,-0.0751056969165802
0.3904876410961151,-0.4674831032752991,-0.0026018060743808746
-0.322752445936203,-0.155298113822937,-0.4181799590587616
0.4639836251735687,-0.07240618020296097,-0.241944819688797
0.019381584599614143,0.9357816576957703,-0.32719358801841736
-0.03386110067367554,-0.5743298530578613,0.15403251349925995
-0.43348148465156555,-0.3534625470638275,0.21311049163341522
-0.13900230824947357,-0.5083979964256287,-0.2994508445262909
-0.2983616888523102,-0.5084156394004822,0.1570708006620407
-0.06460636854171753,-0.09126954525709152,-0.5224658846855164
-0.5178470611572266,-0.20615801215171814,0.10918605327606201
0.335721492767334,-0.0788419172167778,0.4230137765407562
-0.030586492270231247,-0.38629305362701416,-0.4527827799320221
0.18869410455226898,0.491183876991272,0.08361998200416565
0.30811604857444763,-0.2970852851867676,0.40384799242019653
0.536712646484375,-0.1473572701215744,0.008216232992708683
0.16380448639392853,-0.35093826055526733,0.45608222484588623
0.1680232584476471,0.9363006353378296,0.28683072328567505
-0.31067606806755066,-0.4797130227088928,-0.179666206240654
-0.16357949376106262,0.19018150866031647,0.3628309965133667
-0.48630645871162415,-0.2165628969669342,-0.184476837515831
0.437328040599823,-0.3145555257797241,0.24357785284519196
0.148689866065979,-0.48951077461242676,0.3299161493778229
-0.43609780073165894,-0.38063845038414,-0.15123188495635986
0.02731078304350376,0.3221288323402405,-0.2715053856372833
-0.07221875339746475,-0.5168629884719849,0.33161166310310364
0.282536119222641,0.131306990981102,-0.3277830481529236
-0.07792484015226364,0.3509158492088318,-0.24457509815692902
0.08868351578712463,0.858648955821991,0.26282042264938354
-0.39902955293655396,-0.1839514672756195,-0.3448209762573242
0.339680552482605,-0.5766085386276245,0.12078004330396652
0.2119801789522171,0.3109883964061737,0.17119388282299042
-0.32878753542900085,-0.0024121215101331472,-0.3971235454082489
0.4802861511707306,-0.1318357288837433,0.23353458940982819
-0.09167313575744629,-0.2510044574737549,0.5132266283035278
-0.017842525616288185,0.09236524254083633,-0.4649359881877899
0.21770039200782776,0.09332630783319473,-0.4045656621456146
0.13214804232120514,-0.5740765929222107,0.10423820465803146
-0.17615465819835663,0.2118462473154068,-0.31614387035369873
-0.1064426377415657,0.8621936440467834,0.2564062476158142
0.2798430025577545,0.22657355666160583,0.21100056171417236
-0.3993711471557617,-0.5566769242286682,0.00027651904383674264
-0.25358036160469055,-0.014902905561029911,0.4592460095882416
-0.3073922097682953,-0.3915256857872009,0.3411409258842468
-0.05497640371322632,-0.581089198589325,0.3992137908935547
-0.39719071984291077,0.18044207990169525,0.050637587904930115
0.3238215148448944,-0.031986337155103683,-0.41303935647010803
-0.008775744587182999,-0.392875999212265,0.46081605553627014
0.23628656566143036,0.9412813782691956,0.22567816078662872
0.08272507786750793,0.2698945701122284,0.3006303310394287
-0.165098637342453,0.760410726070404,-0.16009357571601868
0.18540263175964355,-0.3987838327884674,-0.401469349861145
0.4877307415008545,-0.3176957964897156,-0.06632766127586365
-0.08931001275777817,0.863037645816803,-0.2605261504650116
-0.22089265286922455,0.712634265422821,0.018928738310933113
-0.08292115479707718,0.05358476564288139,0.4888359308242798
0.2732600271701813,-0.5766085386276245,-0.12827587127685547
0.15088419616222382,0.7102788686752319,-0.14667445421218872
-0.2478078156709671,0.1355850100517273,-0.35960835218429565
0.09062465280294418,-0.5766085386276245,-0.136546790599823
-0.3187014162540436,0.2448202222585678,-0.08557093143463135
-0.19944825768470764,0.6341525912284851,-0.023606562986969948
0.20194445550441742,-0.49896320700645447,-0.2752956748008728
-0.06450630724430084,-0.27555641531944275,-0.4960709512233734
0.08994947373867035,-0.03916766867041588,-0.511016845703125
0.4041599929332733,0.11358268558979034,-0.2147829234600067
-0.38334959745407104,-0.4510256350040436,-0.1309765875339508
-0.2852877676486969,0.13497643172740936,0.35650885105133057
0.029175112023949623,0.4171675741672516,0.22956795990467072
-0.2732957601547241,0.23308899998664856,-0.19275528192520142
-0.4198015630245209,-0.2272813469171524,0.3042517900466919
0.3674471974372864,-0.45313560962677,-0.1604311764240265
0.35529401898384094,-0.38857173919677734,0.28518566489219666
-0.24603547155857086,0.3781760632991791,0.004245332442224026
0.2380664348602295,-0.03798611834645271,-0.4591969847679138
0.15291725099086761,0.3830139636993408,0.1894717812538147
-0.0007875568699091673,0.6712028980255127,-0.20659641921520233
0.4887259006500244,-0.22686688601970673,0.1896480768918991
-0.2088695615530014,0.12466656416654587,0.4039011597633362
-0.4469006061553955,0.07434646040201187,0.18011121451854706
0.23408901691436768,-0.3512575030326843,0.4145556688308716
0.07239560037851334,0.04761018604040146,-0.4825926125049591
0.524783730506897,-0.06429765373468399,-0.0731005072593689
0.25494584441185,0.19822455942630768,-0.27875593304634094
0.09510529786348343,-0.5721278786659241,0.009050046093761921
-0.34579285979270935,0.14080919325351715,-0.2666871249675751
-0.20577804744243622,-0.4496752619743347,0.35456010699272156
-0.3441893458366394,-0.42072704434394836,0.26417076587677
0.17375582456588745,0.7861517667770386,0.16137506067752838
-0.29878365993499756,0.21367765963077545,0.21454523503780365
0.11832087486982346,0.19493597745895386,-0.359594464302063
0.38681700825691223,-0.5739014744758606,-0.12325364351272583
-0.17699863016605377,0.23494574427604675,0.28965869545936584
0.230808287858963,0.3116711676120758,-0.1492907553911209
-0.17868132889270782,0.37918370962142944,0.17445136606693268
0.04815808683633804,0.47885555028915405,-0.20633678138256073
0.4605448246002197,0.058318592607975006,-0.16489669680595398
0.36584368348121643,-0.2949753403663635,-0.34500768780708313
-0.32292887568473816,-0.5802451968193054,0.25403550267219543
-0.21548371016979218,0.46459877490997314,0.012360116466879845
-0.18147167563438416,-0.3241767883300781,0.4603096842765808
0.2697921395301819,-0.4963392913341522,-0.19654563069343567
0.47834503650665283,0.05940816551446915,0.0895530954003334
0.5242571234703064,-0.15985555946826935,-0.07865036278963089
-0.45848068594932556,-0.062021687626838684,0.27229049801826477
0.2521531283855438,-0.5721278786659241,0.08309756219387054
-0.05863165482878685,0.20068052411079407,-0.3730275332927704
-0.05879200994968414,-0.5766085386276245,-0.3772473633289337
-0.41482973098754883,0.03349824994802475,0.28172537684440613
-0.03338847681879997,0.7711291313171387,0.23302823305130005
-0.3187241554260254,-0.020577501505613327,0.4059807062149048
-0.3822305202484131,-0.5730482935905457,-0.10244398564100266
-0.19370925426483154,0.3499874770641327,-0.1646510362625122
-0.43052756786346436,-0.4062107503414154,0.12668783962726593
0.32377102971076965,0.9275094270706177,-0.01555592566728592
0.18565580248832703,0.6629320979118347,0.08575522899627686
-0.06486016511917114,0.1781211644411087,0.40080973505973816
-0.4565986692905426,0.1039622500538826,0.01769654080271721
0.432729035615921,0.14935915172100067,-0.04455453157424927
0.1718071699142456,0.11907778680324554,0.4147275984287262
0.18953807651996613,0.5136335492134094,-0.06653093546628952
0.20136120915412903,-0.08929196745157242,0.5026846528053284
-0.08023732900619507,0.4693250060081482,-0.19419002532958984
0.40998339653015137,-0.4376908838748932,-0.07826214283704758
-0.25068360567092896,0.9335029125213623,0.21801304817199707
-0.30781418085098267,-0.5766085386276245,-0.036932867020368576
0.33081886172294617,0.10485602170228958,0.3271310031414032
0.22447848320007324,-0.4556674659252167,0.33649909496307373
0.07574544847011566,0.6694306135177612,0.19158922135829926
0.2521531283855438,-0.5695959329605103,0.23320452868938446
-0.008990113623440266,-0.5766085386276245,0.24526581168174744
-0.15007594227790833,-0.5749205946922302,-0.2444062978029251
-0.28424975275993347,0.8860112428665161,0.07533145695924759
-0.45736590027809143,-0.3824951946735382,0.036146603524684906
0.12328633666038513,-0.29100868105888367,-0.49000197649002075
0.016912633553147316,0.2334684133529663,-0.32222846150398254
-0.30680137872695923,-0.5601511001586914,-0.25284600257873535
0.3879556953907013,0.007672735024243593,-0.3249211609363556
0.4129372537136078,0.146033376455307,0.13436797261238098
-0.2214999496936798,-0.17945975065231323,0.4835428297519684
0.4100249111652374,-0.15348410606384277,-0.3326428532600403
0.07058793306350708,-0.48081016540527344,0.357675164937973
0.38854649662971497,0.1389777660369873,0.21403886377811432
0.04322637617588043,0.5147383213043213,0.2096577286720276
-0.4035281240940094,-0.5754345655441284,0.09141743183135986
-0.2165316939353943,-0.13254611194133759,-0.47982513904571533
0.4050593972206116,-0.22315984964370728,0.3408096432685852
0.3303968906402588,0.21136517822742462,-0.15722407400608063
-0.20239463448524475,-0.0004934474127367139,-0.46248090267181396
-0.390564888715744,0.16168512403964996,0.14580325782299042
0.5094095468521118,-0.2901709973812103,0.0202863160520792
0.11715055257081985,0.3247779607772827,-0.24738533794879913
-0.5076665282249451,-0.28029027581214905,0.07318849861621857
-0.2905051112174988,-0.1965607851743698,0.44325384497642517
-0.025024721398949623,-0.3183533549308777,0.501157820224762
0.3355451226234436,-0.38874056935310364,-0.3077041506767273
-0.47525808215141296,-0.07630240172147751,-0.23419426381587982
0.4395991563796997,-0.2981748580932617,-0.22473426163196564
0.2558742165565491,0.33099809288978577,-0.07462462037801743
0.035514798015356064,-0.561283528804779,0.40227970480918884
0.052890706807374954,-0.2564902603626251,0.5193876624107361
0.11388304084539413,-0.401618093252182,-0.4306216239929199
-0.21727368235588074,-0.5655701160430908,-0.3351508378982544
0.2650735378265381,0.24719177186489105,-0.18532831966876984
0.09973954409360886,0.5572668313980103,0.17774809896945953
-0.08398539572954178,0.6854736804962158,-0.18363288044929504
0.07440352439880371,-0.4145660996437073,0.4340621531009674
-0.43238434195518494,0.10501637309789658,-0.16380706429481506
-0.4175304174423218,-0.34544485807418823,-0.24727582931518555
-0.199356347322464,0.041255198419094086,0.44865524768829346
0.2810245454311371,0.05459753796458244,0.403679221868515
-0.18366600573062897,0.7964482307434082,0.15943393111228943
-0.1301286518573761,-0.15594373643398285,-0.5093837976455688
-0.19134613871574402,-0.3686540424823761,-0.42155584692955017
-0.32706430554389954,0.9304632544517517,-0.07349454611539841
-0.2829170227050781,-0.5766085386276245,0.12078004330396652
0.34329402446746826,-0.13039344549179077,-0.4052516222000122
-0.3477340042591095,0.227375328540802,0.012349989265203476
-0.350181519985199,-0.49997591972351074,0.009521841071546078
-0.5227736234664917,-0.0357917919754982,0.03779234737157822
-0.3827587962150574,0.0016805384075269103,-0.3350488245487213
0.2162075787782669,-0.18576547503471375,0.48748552799224854
0.008724539540708065,0.08444763720035553,0.47422561049461365
0.4079578220844269,-0.0032989007886499166,0.3126991093158722
0.2589125335216522,0.891901433467865,-0.1430453658103943
0.2674366235733032,-0.5404021739959717,-0.2735233008861542
0.17054873704910278,0.22164475917816162,-0.30314671993255615
-0.2861241102218628,-0.4461306035518646,-0.28896796703338623
-0.5168343186378479,-0.055909864604473114,-0.08317623287439346
0.2003408968448639,0.6533951163291931,-0.0036635217256844044
-0.4290008246898651,-0.2936173975467682,0.2629816234111786
-0.1490807831287384,-0.5756134390830994,-0.02963178977370262
0.1969725638628006,-0.16467373073101044,-0.4949045777320862
0.480339378118515,-0.15212219953536987,-0.2242041975259781
-0.16914969682693481,0.10485602170228958,-0.4268729090690613
-0.4009885787963867,0.1658160537481308,-0.1184014081954956
0.48332446813583374,-0.017393220216035843,-0.17258436977863312
-0.3960091471672058,-0.2628200650215149,-0.32373958826065063
-0.19595639407634735,-0.2802587151527405,-0.46009379625320435
0.5017998814582825,-0.18542145192623138,-0.1472577154636383
-0.17830730974674225,-0.10412460565567017,0.5114127397537231
0.31857365369796753,-0.5788105130195618,-0.06630221754312515
0.10100549459457397,0.6611596941947937,-0.17452549934387207
-0.07106251269578934,0.15042109787464142,-0.42983442544937134
0.12911257147789001,-0.5710411667823792,0.2007913440465927
0.16286858916282654,0.45531508326530457,0.14441123604774475
0.4165663421154022,-0.26661792397499084,-0.29740771651268005
0.10493338853120804,0.15219099819660187,0.4224049150943756
-0.4636956751346588,-0.3669661283493042,-0.08050710707902908
0.2942748963832855,-0.29100868105888367,-0.4090650975704193
-0.32569876313209534,0.14908947050571442,0.2679610550403595
0.032517239451408386,-0.5766085386276245,-0.2776587903499603
-0.3166758716106415,-0.3354859948158264,-0.36830130219459534
0.37614011764526367,-0.40224406123161316,-0.23816092312335968
-0.04466453939676285,-0.5701867341995239,0.011394751258194447
0.17383268475532532,0.3478699028491974,-0.17806266248226166
-0.20220932364463806,0.7363814115524292,0.10109151899814606
0.08901350945234299,0.3530181646347046,0.23344267904758453
-0.22696171700954437,0.7696099877357483,-0.03655308112502098
0.3051621615886688,-0.5063057541847229,0.1426388919353485
-0.053643785417079926,0.345683217048645,0.254549503326416
-0.2538844347000122,0.3446704149246216,-0.06099449098110199
-0.20214897394180298,0.5620774626731873,0.01201577577739954
-0.0630878284573555,-0.5175305604934692,-0.3334452509880066
-0.30071720480918884,-0.47262370586395264,0.2233150154352188
0.005667135119438171,0.7579631805419922,-0.227948859333992
0.21316927671432495,0.17983441054821014,0.34367284178733826
0.30161747336387634,-0.43777531385421753,0.2895742952823639
-0.11311760544776917,-0.581089198589325,-0.30634617805480957
0.4488615095615387,-0.10368865728378296,0.2972255051136017
0.22692599892616272,0.7767837643623352,-0.037413932383060455
-0.46446284651756287,0.01350371539592743,-0.21774433553218842
-0.26181572675704956,0.8344290256500244,-0.0013623298145830631
-0.05575371906161308,0.11316914111375809,0.45836853981018066
0.3036782443523407,-0.22361059486865997,0.4264172911643982
-0.13353410363197327,-0.5766085386276245,0.3034154176712036
0.16852319240570068,0.8746000528335571,-0.22381339967250824
-0.0712912306189537,0.6093398332595825,-0.18431557714939117
0.19929657876491547,-0.23071756958961487,-0.4749476909637451
0.5235819816589355,-0.09453218430280685,0.09427933394908905
0.22725607454776764,-0.5794012546539307,-0.049701299518346786
0.148689866065979,-0.5766085386276245,-0.04523754492402077
0.06110168620944023,0.11792829632759094,-0.45388755202293396
-0.5314728021621704,-0.162399023771286,0.052990205585956573
-0.2093227207660675,-0.4659639000892639,-0.327537477016449
0.2754543721675873,-0.047860585153102875,0.4538955092430115
-0.17581705749034882,0.4294895827770233,-0.13620920479297638
-0.07921696454286575,-0.5721278786659241,-0.224074125289917
0.42998549342155457,-0.3632526397705078,0.1926019936800003
0.18443259596824646,-0.5765669941902161,0.3225320279598236
0.3645777106285095,-0.5740765929222107,0.054393261671066284
0.28895360231399536,0.9009276032447815,0.08545577526092529
-0.23101277649402618,-0.5088376402854919,0.24594099819660187
0.060934651643037796,-0.14583812654018402,0.5393567681312561
0.24650613963603973,0.34306687116622925,0.07576260715723038
0.3402789533138275,-0.5094360113143921,-0.032720599323511124
0.3298061192035675,0.22989879548549652,0.091409832239151
0.05992941930890083,0.19694173336029053,0.38646218180656433
0.0022136049810796976,-0.3087320923805237,-0.4960785508155823
-0.030881881713867188,0.2890527546405792,0.2948913276195526
-0.5044321417808533,-0.2703041732311249,-0.06412373483181
-0.16577380895614624,0.8877659440040588,-0.2422119826078415
0.06795631349086761,0.04305274039506912,0.4918918311595917
-0.17801783978939056,0.6007954478263855,-0.09730973094701767
0.10809486359357834,-0.5110319256782532,-0.3082105219364166
0.22734801471233368,0.4034108519554138,0.04548092186450958
0.0817207545042038,-0.5475759506225586,-0.3787665367126465
0.16582249104976654,0.42408815026283264,-0.15249785780906677
0.46998968720436096,-0.33616113662719727,-0.130638986825943
-0.34224820137023926,-0.5126354694366455,0.08711402118206024
-0.3800109326839447,-0.27019986510276794,0.3432881236076355
0.19803814589977264,0.752923309803009,-0.11373559385538101
-0.06020988151431084,-0.015536477789282799,0.5187124609947205
-0.22898726165294647,0.23833006620407104,0.24383105337619781
0.00103011226747185,-0.05452036112546921,-0.5290010571479797
-0.15615253150463104,0.6119561791419983,0.12592826783657074
-0.23472626507282257,0.8424447178840637,0.12314315140247345
-0.15395821630954742,0.5371802449226379,0.13158287107944489
-0.12762629985809326,-0.40148451924324036,-0.4267885088920593
-0.25346243381500244,0.8811830282211304,-0.14220139384269714
-0.07619470357894897,-0.3958299458026886,0.4468061327934265
0.0696173682808876,-0.18632103502750397,-0.5268974304199219
-0.1623135209083557,0.6889263391494751,-0.13291771709918976
-0.1391887217760086,-0.47600722312927246,0.3546444773674011
0.06079871580004692,0.8935049176216125,-0.2878708243370056
0.4605448246002197,-0.38199639320373535,-0.0823461189866066
0.13290761411190033,0.8075886964797974,0.2118445336818695
0.4323486387729645,-0.03655136749148369,-0.2884616255760193
0.2929777204990387,0.2838732600212097,0.03498781472444534
0.4737876057624817,-0.3503398895263672,0.06329715251922607
-0.07503002136945724,-0.011316624470055103,-0.5065438151359558
0.14320406317710876,0.2387942522764206,0.3041749894618988
0.19080403447151184,0.600984513759613,0.052688438445329666
-0.00048457118100486696,0.6037696003913879,-0.19765031337738037
-0.12349085509777069,0.25276198983192444,-0.29631054401397705
0.04011297598481178,0.8045503497123718,0.2461097538471222
-0.045846350491046906,0.9305477142333984,-0.32094690203666687
0.26013362407684326,0.018515145406126976,-0.4314698874950409
0.450240820646286,0.030375555157661438,0.2192714959383011
-0.49233782291412354,-0.13467364013195038,-0.21059465408325195
-0.03427464887499809,0.6037696003913879,0.19800341129302979
0.24709691107273102,0.810373842716217,0.020718807354569435
-0.5250523686408997,-0.1264342963695526,-0.08692128211259842
0.23857280611991882,0.880085825920105,0.16213463246822357
0.016110436990857124,0.6955093145370483,0.21108496189117432
0.5249322652816772,-0.16002435982227325,0.07967863976955414
0.17636461555957794,0.574307382106781,-0.07821501791477203
0.17358702421188354,-0.5766085386276245,-0.2776587903499603
-0.0898704007267952,-0.5744682550430298,0.12292036414146423
-0.47989988327026367,-0.2854384779930115,0.17108072340488434
-0.16670218110084534,-0.5740765929222107,0.21209774911403656
0.424513578414917,-0.427886962890625,0.049309633672237396
-0.1791733354330063,0.8950437307357788,0.24490858614444733
-0.27448493242263794,0.26137810945510864,0.1772492378950119
0.11847570538520813,0.6263036727905273,0.1643289476633072
-0.32056573033332825,-0.5721278786659241,-0.1161302924156189
-0.13952630758285522,0.805985152721405,-0.2012793868780136
-0.16779181361198425,-0.377592533826828,0.42460209131240845
-0.5126346945762634,-0.1606883853673935,0.15646886825561523
0.04840921610593796,0.3829023540019989,-0.23630419373512268
0.42534366250038147,-0.1630626618862152,0.32147639989852905
-0.2200411707162857,0.28348252177238464,-0.19731271266937256
0.22110261023044586,-0.4115277826786041,0.38865652680397034
-0.3189622163772583,0.2572426497936249,0.05868992954492569
0.2939801514148712,0.27837586402893066,-0.04279063642024994
0.26735225319862366,0.18197809159755707,0.30518776178359985
0.5121959447860718,0.015698041766881943,0.047819577157497406
-0.14830845594406128,-0.2650192081928253,0.492469847202301
0.06523872166872025,-0.018388377502560616,0.5145102143287659
-0.1494007706642151,0.33935344219207764,-0.2116602063179016
0.23747564852237701,-0.3486519157886505,-0.4171672463417053
-0.24143528938293457,0.9193733930587769,-0.19347211718559265
-0.2248518019914627,-0.5766085386276245,-0.23613539338111877
-0.3943212032318115,0.04970249533653259,-0.2886303961277008
-0.3127936124801636,-0.22163425385951996,-0.4163232147693634
-0.31330758333206177,0.1383354365825653,-0.31520789861679077
0.17705374956130981,0.01839754357933998,0.47576063871383667
-0.050478894263505936,-0.5740765929222107,0.2951444983482361
-0.008990113623440266,-0.5766085386276245,-0.33572399616241455
-0.2930522859096527,0.09094653278589249,-0.3780989646911621
0.43875521421432495,-0.12230642884969711,-0.2844029366970062
-0.1255163699388504,0.3775853216648102,0.21142254769802094
-0.058766692876815796,0.8102050423622131,-0.23984886705875397
0.22481606900691986,0.2562222480773926,0.2299899309873581
0.3253532648086548,-0.0024965202901512384,0.4003448486328125
-0.10593625903129578,0.662847638130188,0.18036440014839172
0.04106666147708893,0.8899602293968201,0.29202181100845337
-0.30240514874458313,-0.5040193796157837,-0.12101011723279953
-0.5000708103179932,-0.06862226873636246,0.17715732753276825
0.4808945655822754,-0.21599724888801575,-0.20872393250465393
0.1448076069355011,0.5309349298477173,0.14111974835395813
0.13510192930698395,0.784632682800293,-0.19013896584510803
0.4985159635543823,-0.2915150821208954,0.0951233059167862
-0.058699171990156174,0.046664196997880936,-0.4866260588169098
0.22388020157814026,0.07239773124456406,0.42645886540412903
-0.249140202999115,-0.5087353587150574,-0.20970109105110168
-0.17505748569965363,-0.5746673941612244,-0.10329432785511017
0.148689866065979,-0.5766085386276245,-0.19461201131343842
0.07749592512845993,-0.5731280446052551,0.13253165781497955
-0.3553297519683838,0.17847563326358795,0.19699063897132874
0.38728055357933044,-0.5506986975669861,-0.06681788712739944
0.2815309464931488,-0.5766085386276245,0.14567717909812927
0.0005555615643970668,-0.4803719222545624,-0.37469154596328735
0.11160432547330856,0.45485782623291016,-0.18925978243350983
-0.44463953375816345,-0.21076461672782898,-0.2808834910392761
-0.4959353506565094,-0.037564124912023544,-0.16768933832645416
0.26085364818573,0.26795345544815063,0.16753605008125305
-0.4190203547477722,-0.11100960522890091,-0.323203980922699
-0.3194899260997772,0.9337507486343384,0.08081040531396866
-0.4581330716609955,-0.3316957354545593,-0.1837323158979416
-0.2139645665884018,0.7996553778648376,-0.11502552777528763
0.33360397815704346,0.13351726531982422,-0.29057154059410095
-0.35853683948516846,-0.4748256802558899,0.13419918715953827
0.12076203525066376,-0.31540706753730774,0.4943293333053589
0.19510076940059662,0.9310540556907654,-0.25914856791496277
-0.3118652105331421,0.18529491126537323,-0.23934248089790344
-0.1160639077425003,0.20737320184707642,-0.350071519613266
-0.27512723207473755,-0.12868790328502655,-0.451829195022583
0.05397942289710045,0.8105425834655762,-0.2431403547525406
-0.3971063196659088,0.12179452180862427,-0.21748362481594086
-0.347565233707428,0.20673176646232605,-0.125068798661232
0.31731531023979187,-0.1433137208223343,0.4314458668231964
0.49937760829925537,-0.09476777166128159,0.17877845466136932
-0.3938916325569153,-0.17149485647678375,0.3571687638759613
0.17797566950321198,0.6695150136947632,-0.09688015282154083
0.5122091174125671,-0.2021593600511551,0.13151928782463074
0.33807072043418884,-0.5169334411621094,0.03464226797223091
-0.2208007425069809,0.3438264727592468,0.14255449175834656
-0.051929667592048645,-0.14720351994037628,0.5402413010597229
0.10142748057842255,-0.08246338367462158,0.5272365808486938
0.3717590868473053,-0.1168898344039917,0.3999859392642975
0.3081236481666565,-0.581004798412323,0.2724492847919464
0.21499726176261902,-0.03489226475358009,0.4831523299217224
0.13155727088451385,-0.34839874505996704,-0.45970338582992554
0.47475749254226685,0.027716433629393578,0.16212818026542664
-0.2208007425069809,0.1870841383934021,0.3354863226413727
0.23883406817913055,-0.518957257270813,0.23588967323303223
-0.5191364884376526,-0.0371345616877079,0.12293277680873871
0.36356493830680847,-0.4641071557998657,0.14289209246635437
-0.09884689003229141,0.7211660742759705,0.19690623879432678
-0.2082255780696869,-0.5766085386276245,0.2785182595252991
0.3443300127983093,-0.3663829267024994,0.3420769274234772
-0.3237576186656952,-0.08702843636274338,-0.40905749797821045
-0.5369459986686707,-0.15993352234363556,-0.024238690733909607
0.19527707993984222,0.5378554463386536,0.03844220191240311
-0.2394525110721588,0.22858218848705292,-0.24288715422153473
-0.33607959747314453,-0.4124637246131897,-0.2809578776359558
-0.47568002343177795,0.0661599412560463,0.10423820465803146
0.049135029315948486,-0.5740765929222107,0.26189202070236206
-0.2248518019914627,-0.5766085386276245,0.16230343282222748
-0.26325249671936035,-0.33185693621635437,0.4208962321281433
-0.40512406826019287,-0.4544858932495117,0.0038571059703826904
0.21654517948627472,0.42240020632743835,-0.055584631860256195
-0.17539508640766144,0.279093861579895,0.24425305426120758
0.04826367646455765,0.207675039768219,-0.36366572976112366
0.2140132486820221,0.8580582141876221,-0.1646510362625122
-0.4705241918563843,0.05872540920972824,-0.10139477998018265
-0.3634278476238251,0.013334918767213821,0.3727858364582062
-0.0022858791053295135,-0.572486400604248,-0.1071690022945404
0.28811392188072205,0.886584460735321,-0.03637584671378136
-0.1071254089474678,0.9234735369682312,0.3007071018218994
0.5052677392959595,-0.26180732250213623,-0.10683900862932205
-0.5057316422462463,0.007679114118218422,-0.06977816671133041
-0.3841935694217682,-0.46824270486831665,-0.05853009223937988
-0.033093083649873734,-0.257840633392334,0.5218351483345032
-0.3255375921726227,-0.4508568048477173,-0.23790772259235382
-0.41205090284347534,-0.10171230882406235,0.34275078773498535
0.2910602390766144,-0.5062980651855469,-0.14143429696559906
-0.05872449278831482,-0.4441894292831421,0.40857425332069397
-0.3906921446323395,-0.39279165863990784,0.24003319442272186
-0.18113408982753754,0.4524455666542053,0.12499989569187164
-0.25329360365867615,0.899243950843811,0.16483533382415771
-0.5236176252365112,-0.04051802307367325,-0.02499067410826683
0.38466423749923706,0.19991248846054077,0.010047635063529015
-0.18771705031394958,0.47194135189056396,-0.09679575264453888
0.3809507489204407,-0.03199391812086105,0.36232462525367737
-0.1947220116853714,-0.5435248017311096,0.3428288698196411
0.3876533806324005,0.17858679592609406,0.09491930156946182
-0.3606467843055725,-0.5389674305915833,0.13630911707878113
-0.03002862073481083,-0.5704399347305298,0.09349256008863449
0.04080503433942795,-0.5740765929222107,-0.1863410919904709
0.17511652410030365,-0.5726313591003418,0.26333725452423096
-0.05492370203137398,0.22186127305030823,0.3603129982948303
0.09113103896379471,-0.21032504737377167,0.5237762928009033
-0.12729623913764954,-0.063804030418396,0.5211622714996338
0.09062465280294418,-0.5740765929222107,-0.07011781632900238
-0.428586483001709,-0.41389092803001404,-0.10346312820911407
0.2945280969142914,-0.17681938409805298,-0.43801331520080566
-0.22569577395915985,-0.06912863254547119,0.4843628406524658
0.5257031321525574,-0.23278582096099854,0.02025741897523403
-0.006175469607114792,-0.5281646251678467,0.3769253194332123
0.1827094405889511,-0.5804140567779541,-0.3653550148010254
0.3979145586490631,-0.35211220383644104,0.26948776841163635
0.25131675601005554,-0.3932980000972748,-0.37108638882637024
-0.12265448272228241,0.5687524676322937,-0.1663464903831482
0.37778881192207336,0.1855088770389557,-0.12794636189937592
-0.31767702102661133,-0.14929436147212982,0.42763638496398926
-0.21084186434745789,-0.48436248302459717,0.3077196776866913
-0.5311289429664612,-0.09267544746398926,0.046696241945028305
0.11028918623924255,-0.5255482792854309,0.35456010699272156
-0.15854685008525848,-0.5742766261100769,0.08510475605726242
0.09510529786348343,-0.5808891654014587,0.05829198658466339
0.13620662689208984,-0.12229123711585999,-0.5207301378250122
0.47724786400794983,-0.017393220216035843,0.19749701023101807
-0.10804618149995804,0.2065967470407486,0.36105865240097046
-0.11738541722297668,-0.467765212059021,-0.3637993037700653
0.3283713459968567,0.19515250623226166,0.20855304598808289
0.4292259216308594,-0.3527030050754547,-0.20431768894195557
0.01628767140209675,-0.43110793828964233,0.4255380630493164
0.32610023021698,0.9237959384918213,0.04168219864368439
0.25446340441703796,-0.2998943030834198,0.4352676272392273
-0.28030067682266235,0.29605770111083984,-0.07648135721683502
-0.1694808304309845,0.9370476007461548,-0.28727373480796814
-0.2355058342218399,-0.3865661323070526,-0.38899847865104675
-0.4612405300140381,-0.1721700131893158,0.2663574516773224
0.23020997643470764,0.38492023944854736,-0.016921458765864372
-0.28713688254356384,-0.2735384702682495,-0.4220622479915619
0.1709771603345871,0.08808425068855286,-0.4335465431213379
0.026449082419276237,0.2798534333705902,0.30223387479782104
-0.18104968965053558,0.05434434115886688,-0.4523608386516571
0.1226111575961113,0.7455567717552185,0.18694737553596497
-0.012364735826849937,0.3494046628475189,-0.24981579184532166
-0.15080635249614716,0.0651179626584053,0.46424707770347595
0.19055086374282837,0.7485107779502869,0.12196160107851028
0.11197712272405624,0.8762035369873047,-0.26137012243270874
0.16194021701812744,-0.5255482792854309,-0.318928986787796
-0.14028587937355042,-0.010472651571035385,-0.4951501786708832
0.4478776752948761,0.10477162152528763,0.11723534762859344
0.5308400988578796,-0.10153715312480927,-0.013183515518903732
-0.4462330639362335,0.05401432886719704,0.23531445860862732
0.48864150047302246,-0.10119955986738205,-0.19933825731277466
0.46615031361579895,0.08095536381006241,-0.12148252129554749
-0.30274271965026855,-0.06938943266868591,0.4326198101043701
0.302863210439682,0.23652306199073792,0.14082381129264832
-0.2024940848350525,0.1789557784795761,-0.3566620945930481
-0.14982274174690247,0.8449766039848328,0.22492609918117523
0.4505707919597626,0.09903346747159958,-0.06347660720348358
-0.11808943748474121,-0.53238445520401,0.363421767950058
-0.18704189360141754,0.662847638130188,-0.08489575237035751
-0.12299726158380508,0.43397536873817444,0.1941339075565338
-0.05999889224767685,0.8310510516166687,0.2532835304737091
0.34136852622032166,-0.4504348635673523,-0.20988789200782776
0.4985356032848358,0.026304878294467926,-0.031098295003175735
-0.04849556088447571,0.8925765752792358,-0.2890523672103882
0.23097707331180573,0.7951823472976685,0.07313785701990128
0.2587437033653259,-0.4796362817287445,0.27227288484573364
0.3304656744003296,0.08852645009756088,-0.33359843492507935
0.06635142862796783,0.11641781777143478,0.4479448199272156
0.509811282157898,-0.05268516391515732,-0.11754346638917923
0.4588921368122101,0.10739699006080627,0.061668895184993744
-0.02110954560339451,-0.581089198589325,-0.05735782906413078
-0.28739768266677856,-0.5791480541229248,0.00840865820646286
-0.2771703898906708,-0.01579725742340088,-0.42281419038772583
0.36525291204452515,-0.23842930793762207,0.3788664638996124
0.19417992234230042,-0.47347527742385864,-0.32719987630844116
-0.36203235387802124,-0.0550835020840168,0.3868350088596344
-0.27231651544570923,0.31727489829063416,0.05615697056055069
-0.4698566198348999,-0.2768299877643585,-0.19570916891098022
-0.2944794297218323,-0.5313716530799866,0.2303275316953659
-0.025016281753778458,0.8952772617340088,0.3017275035381317
0.09062465280294418,-0.5740765929222107,0.3365834951400757
0.4767414927482605,-0.07638681679964066,0.23049628734588623
-0.37761059403419495,-0.5351695418357849,0.04608014225959778
0.26406073570251465,-0.4773575961589813,-0.2670247256755829
-0.1796993464231491,0.5705171823501587,0.09444813430309296
-0.01758933626115322,-0.5329752564430237,-0.3685544431209564
0.30364614725112915,-0.3458700180053711,0.37625330686569214
0.19645865261554718,-0.4901858866214752,0.3021494746208191
-0.01641973853111267,-0.05978941172361374,0.5378416776657104
0.17678767442703247,0.07645002007484436,0.44983813166618347
0.0013065239181742072,-0.17277584969997406,-0.5289997458457947
0.19033125042915344,-0.02376580238342285,-0.47796669602394104
-0.36073118448257446,0.20946624875068665,0.0796026736497879
0.34027135372161865,-0.5404865741729736,0.17681972682476044
0.2691774368286133,0.07647544890642166,-0.3844740092754364
-0.36225032806396484,-0.44663697481155396,-0.18153047561645508
-0.22400783002376556,0.4171675741672516,0.03837468475103378
-0.4276265799999237,-0.02282620035111904,0.29190587997436523
0.17113950848579407,0.310911625623703,-0.21858079731464386
-0.35355740785598755,-0.5354227423667908,-0.13502764701843262
-0.06266584992408752,0.41834914684295654,-0.22026874125003815
-0.12145572900772095,-0.10429142415523529,-0.5137079358100891
-0.28797322511672974,-0.24956224858760834,0.43017226457595825
-0.25582554936408997,-0.4324583113193512,0.3411409258842468
-0.11050128191709518,0.5180298089981079,0.17990075051784515
-0.28922486305236816,0.2630365192890167,0.11856373399496078
-0.20847874879837036,0.46552708745002747,-0.04156627133488655
0.4547138810157776,-0.25218603014945984,-0.2460942417383194
-0.4472382068634033,-0.08744283765554428,-0.2833977937698364
-0.0031202933751046658,-0.42536887526512146,-0.4268729090690613
-0.2731465697288513,0.8886747360229492,-0.09082315862178802
0.43867841362953186,-0.2624824643135071,0.27708354592323303
-0.1754266619682312,0.3376126289367676,0.20833143591880798
0.03288014605641365,0.2802754342556,-0.2949602007865906
0.4314202666282654,0.021260662004351616,0.26915016770362854
-0.4959353506565094,-0.22771084308624268,0.17276866734027863
0.14380237460136414,-0.023983784019947052,-0.49994754791259766
0.07145807147026062,0.23118163645267487,0.33649909496307373
-0.4087607264518738,-0.3088240623474121,-0.2947990298271179
-0.302412748336792,-0.3482299745082855,0.38030117750167847
0.3401869535446167,-0.44807174801826477,0.2299899309873581
0.07587975263595581,-0.47134771943092346,-0.3757106065750122
-0.003253251314163208,0.19860820472240448,0.3867529332637787
-0.12913793325424194,0.7221021056175232,-0.16422152519226074
-0.43998008966445923,0.14115522801876068,-0.023851314559578896
0.22315971553325653,0.8067976236343384,-0.11666065454483032
0.3937438726425171,-0.17332389950752258,0.3647368848323822
-0.18113408982753754,0.6795582175254822,0.1087956503033638
-0.04331357777118683,0.7182121872901917,-0.20836874842643738
-0.4183743894100189,0.12411545217037201,0.1733594536781311
0.15670759975910187,0.5579419732093811,-0.12279006838798523
0.19983452558517456,0.5210605263710022,-0.012145431712269783
-0.28148987889289856,-0.5768693685531616,-0.2934606671333313
0.45907098054885864,-0.3555409610271454,0.13119247555732727
0.37646380066871643,0.151000514626503,-0.18666471540927887
0.24497947096824646,0.22493715584278107,-0.23123283684253693
-0.3269055187702179,0.10746461898088455,0.32816141843795776
-0.14393256604671478,-0.28646886348724365,-0.48183301091194153
-0.42402902245521545,-0.42553770542144775,0.07617615163326263
0.28583523631095886,0.19972681999206543,0.2584317624568939
0.26296359300613403,-0.22492575645446777,0.4603096842765808
-0.07237151265144348,-0.34932711720466614,-0.4689026474952698
0.4580897390842438,0.10851041972637177,-0.013352309353649616
0.07569274306297302,0.9320807456970215,-0.32003241777420044
0.356306791305542,-0.5740765929222107,-0.020315073430538177
-0.054942645132541656,-0.5794012546539307,-0.13206622004508972
0.203463613986969,0.8302071690559387,0.1598559021949768
-0.29954323172569275,-0.5749205946922302,-0.19461201131343842
0.09062465280294418,-0.5766085386276245,-0.28592967987060547
0.21062983572483063,-0.5790989398956299,-0.16393420100212097
-0.27506810426712036,-0.5510361790657043,0.285692036151886
-0.18332840502262115,-0.5746673941612244,-0.2029673457145691
-0.36065077781677246,-0.14939434826374054,0.3964250683784485
-0.29194748401641846,0.034933000802993774,-0.4016381502151489
-0.21666526794433594,0.37150874733924866,-0.12194609642028809
0.37327060103416443,-0.47516322135925293,-0.07049760222434998
0.40604063868522644,0.06474916636943817,-0.2548110783100128
0.0985579863190651,-0.24222713708877563,-0.5076409578323364
-0.4593837559223175,-0.2785946726799011,0.21698525547981262
-0.36517268419265747,-0.036582935601472855,-0.3686073422431946
0.0474470891058445,0.6530575752258301,-0.19511839747428894
0.17395982146263123,0.12992341816425323,-0.40226417779922485
-0.18096528947353363,0.2438327521085739,-0.2745361030101776
0.148689866065979,-0.5766085386276245,0.05437638610601425
0.23874160647392273,-0.09309741854667664,-0.4692402482032776
0.22295933961868286,0.7431936860084534,0.004214106127619743
0.09771401435136795,-0.4577774107456207,0.3938891291618347
-0.4062212407588959,-0.3453604578971863,0.2645927369594574
-0.1939624547958374,-0.41718238592147827,0.39658987522125244
-0.03107156604528427,0.463835209608078,0.21783268451690674
-0.0338948592543602,-0.5766085386276245,0.34493881464004517
0.2780291438102722,0.9280157685279846,-0.17152483761310577
0.19595226645469666,-0.3089008629322052,0.46098485589027405
0.4369841516017914,-0.4158257246017456,-0.028528979048132896
0.19519269466400146,0.6207334399223328,-0.044258538633584976
0.1840522587299347,-0.22661367058753967,0.49356213212013245
0.0969468355178833,0.9037938117980957,0.2907482385635376
-0.09639177471399307,-0.1971515715122223,-0.5104184746742249
0.032112132757902145,-0.5118759274482727,0.3327012360095978
-0.44393283128738403,0.053486406803131104,-0.184554785490036
-0.15868443250656128,0.5566760897636414,-0.11958297342061996
-0.006272728554904461,0.14307378232479095,-0.43069034814834595
0.4678797721862793,-0.028196047991514206,-0.22600772976875305
-0.35448578000068665,-0.3153150677680969,0.3577671945095062
0.5278018116950989,-0.18509028851985931,-0.02930337004363537
-0.11233008652925491,0.1063658818602562,-0.4541407823562622
0.05938084423542023,-0.3040902614593506,-0.4936310350894928
0.13995422422885895,-0.1908709704875946,0.5134369730949402
0.32010042667388916,0.2442125380039215,-0.06669973582029343
-0.3259306252002716,-0.5780987739562988,0.15245771408081055
0.3091288208961487,-0.5396425724029541,0.23176226019859314
0.1230267733335495,0.02050747163593769,0.503512978553772
-0.03421556577086449,0.3094768226146698,-0.274958074092865
0.02373993583023548,-0.2981824576854706,0.5089223980903625
0.28921106457710266,-0.4019065201282501,-0.33665236830711365
-0.4873344898223877,-0.34199216961860657,0.07166443020105362
-0.079486183822155,0.3050037920475006,0.27691471576690674
0.09113103896379471,-0.37321147322654724,0.4603940546512604
-0.03173429146409035,0.05907057970762253,0.4944061040878296
0.18911610543727875,0.4395328164100647,-0.10894893109798431
0.3993493318557739,-0.4270569086074829,0.14753393828868866
0.1111331507563591,0.6041072607040405,-0.1648198366165161
-0.3744034767150879,0.09628128260374069,-0.278671532869339
-0.2808383107185364,0.8733028173446655,-0.03136010840535164
0.24642175436019897,-0.27472007274627686,-0.44746577739715576
-0.41576439142227173,-0.39185693860054016,0.18222759664058685
-0.4395996332168579,0.1351848989725113,0.05640251561999321
-0.10705102235078812,-0.054172758013010025,-0.5124692320823669
-0.18172486126422882,-0.5269830822944641,-0.31926658749580383
-0.47306373715400696,0.033160656690597534,0.16399134695529938
-0.3657042980194092,-0.30273357033729553,-0.34383243322372437
0.05293375998735428,-0.581089198589325,-0.3485599756240845
-0.0646744966506958,0.5625838041305542,0.19395235180854797
0.08269976079463959,0.17244122922420502,-0.3941268026828766
0.16832281649112701,-0.27156585454940796,-0.4770576059818268
-0.3138831555843353,0.21914570033550262,-0.1811159998178482
-0.27920353412628174,-0.4782014787197113,-0.24955449998378754
-0.22681498527526855,-0.08417332917451859,-0.47390398383140564
-0.3946664035320282,-0.5768693685531616,-0.0399981327354908
0.26346996426582336,0.8592397570610046,0.07222636789083481
-0.47660842537879944,-0.18298037350177765,-0.22786448895931244
0.2802649736404419,-0.0635584369301796,-0.4451870322227478
-0.1427333950996399,0.45945048332214355,-0.16135954856872559
0.29756638407707214,0.1703861653804779,-0.28356656432151794
0.237517312169075,0.12803936004638672,-0.3716343343257904
-0.06772123277187347,-0.47786396741867065,0.3711863160133362
-0.4498544931411743,-0.36080512404441833,0.15901194512844086
-0.1179206371307373,-0.53753262758255,-0.3556417226791382
0.230741485953331,-0.5756134390830994,-0.2766636312007904
-0.024999402463436127,0.46257320046424866,-0.212419793009758
-0.19548805058002472,-0.21344129741191864,-0.4834252893924713
0.35436567664146423,-0.3446008861064911,-0.3246679902076721
0.5355738997459412,-0.0919586792588234,0.046037089079618454
-0.38536882400512695,-0.14075979590415955,-0.37251484394073486
0.3475295305252075,-0.08533290773630142,-0.39454880356788635
0.4589337110519409,-0.3157370686531067,-0.17587584257125854
-0.3403246998786926,0.035119399428367615,-0.3610607385635376
-0.2855395972728729,-0.18303601443767548,-0.44527775049209595
-0.46935027837753296,-0.36932921409606934,-0.011394297704100609
0.49691241979599,-0.2580094039440155,0.1504034399986267
-0.11488233506679535,0.16960464417934418,0.40047213435173035
0.3673628270626068,-0.538038969039917,0.1028878465294838
0.5175897479057312,-0.044737886637449265,0.08688615262508392
0.4632379710674286,-0.2764923870563507,0.2223941832780838
0.16371256113052368,-0.537195086479187,0.34958067536354065
-0.285786509513855,0.2506520748138428,-0.1469276398420334
-0.09201072156429291,-0.5746673941612244,-0.028611313551664352
0.18194234371185303,-0.5766085386276245,0.09588288515806198
0.17341823875904083,0.20946624875068665,0.33388277888298035
0.2038011997938156,0.4887363314628601,0.03016284666955471
-0.4683374762535095,-0.23252150416374207,-0.23343469202518463
-0.30325672030448914,0.08644901216030121,0.36738842725753784
-0.23312273621559143,-0.5749205946922302,-0.09502340853214264
0.20683950185775757,0.443415105342865,0.06847069412469864
-0.04217422008514404,-0.5740765929222107,0.20382681488990784
-0.09580099582672119,-0.5786988735198975,0.16848404705524445
0.0413789339363575,-0.3816511929035187,0.46056288480758667
0.08058139681816101,0.5117767453193665,-0.18726946413516998
0.10784167051315308,0.2986740171909332,0.26543670892715454
-0.18193532526493073,-0.20648443698883057,0.49900510907173157
-0.5144258737564087,-0.28568407893180847,0.025013772770762444
-0.3990827202796936,0.14229604601860046,-0.16595220565795898
0.09045586735010147,0.785054624080658,-0.2183275818824768
-0.29118794202804565,-0.5740765929222107,0.20382681488990784
-0.3727218508720398,-0.21075348556041718,-0.3758189380168915
-0.3539793789386749,-0.2581782341003418,0.3845210373401642
0.31216710805892944,-0.24399951100349426,-0.40881189703941345
-0.2985304892063141,0.15528498589992523,0.31202393770217896
-0.25515034794807434,0.10166581720113754,0.39599907398223877
0.12995371222496033,-0.5613327026367188,-0.37530624866485596
-0.47753679752349854,0.07426206767559052,0.05469708889722824
0.26127564907073975,0.9231284260749817,0.18238994479179382
-0.17210358381271362,-0.3314349353313446,-0.45117929577827454
0.3226323425769806,-0.5319623947143555,-0.1824588179588318
0.17240546643733978,0.33715909719467163,0.2011260986328125
-0.500324010848999,-0.27775833010673523,0.12272116541862488
0.49733439087867737,0.016872012987732887,0.10778287798166275
0.41445639729499817,-0.30493420362472534,0.2877175509929657
-0.5159135460853577,0.008999094367027283,0.010829513892531395
0.14687480032444,-0.08799200505018234,0.5112426280975342
-0.20290854573249817,0.5131271481513977,0.021537460386753082
0.39496830105781555,-0.2187722772359848,-0.35505855083465576
-0.2111869901418686,-0.016472438350319862,0.4825137257575989
-0.5306301712989807,-0.22906874120235443,-0.04055264592170715
0.20063334703445435,0.025266550481319427,-0.44657668471336365
0.028753124177455902,0.06987341493368149,-0.47801753878593445
0.4227273166179657,0.07954532653093338,0.22636085748672485
-0.0674595981836319,0.0941544696688652,-0.4580998420715332
0.35960590839385986,-0.025403356179594994,-0.379364937543869
-0.47653162479400635,-0.11479509621858597,0.26679468154907227
-0.22603334486484528,0.09477900713682175,-0.40864309668540955
0.4466012716293335,-0.39024922251701355,0.05569494888186455
-0.1512575000524521,0.7424342036247253,0.16880199313163757
0.11754734069108963,0.7384674549102783,-0.18726946413516998
0.5067024827003479,-0.28290656208992004,-0.029126133769750595
0.018144408240914345,-0.3742242753505707,-0.46096929907798767
0.40542593598365784,-0.2682214677333832,0.32037922739982605
0.39057832956314087,-0.41717609763145447,-0.18314045667648315
-0.19818229973316193,0.6040228605270386,0.03752227500081062
0.2065863013267517,0.6979568600654602,0.0414467379450798
-0.35101786255836487,0.20826029777526855,-0.0751301646232605
0.21274729073047638,0.22334957122802734,-0.2757176458835602
0.20135368406772614,0.9074304699897766,0.23235304653644562
-0.09348705410957336,-0.18614472448825836,0.5248306393623352
-0.3205757737159729,0.028367629274725914,0.3901089131832123
0.47802507877349854,-0.3501887023448944,-0.02713509276509285
0.047616612166166306,-0.07003941386938095,-0.5226812362670898
0.144856795668602,0.2859792113304138,-0.258887380361557
0.20245084166526794,-0.43237391114234924,-0.36771050095558167
-0.09833291172981262,0.2850784361362457,-0.2668483257293701
0.3645009398460388,0.049541279673576355,-0.3444244861602783
-0.16295713186264038,0.10065522789955139,0.4323427081108093
0.3687132000923157,0.12598061561584473,0.25691258907318115
-0.28156667947769165,0.8693673610687256,0.0261117834597826
-0.03131376951932907,-0.12503477931022644,-0.5278471112251282
-0.09327667951583862,0.5142242908477783,-0.17975811660289764
0.11999485641717911,0.5295846462249756,-0.15823686122894287
0.21662954986095428,-0.5343256592750549,-0.30559423565864563
-0.32638153433799744,0.24001801013946533,-0.03762492164969444
-0.4427236318588257,0.013032549992203712,-0.26470449566841125
0.4033159911632538,-0.43093910813331604,-0.12608155608177185
0.19173240661621094,-0.14213217794895172,0.5009890198707581
0.501638650894165,-0.1677044928073883,0.18551263213157654
-0.2104198932647705,0.7047086358070374,-0.03613109886646271
-0.1977226883172989,0.9379407167434692,0.2664119303226471
0.5093188285827637,-0.01764640398323536,-0.07059887796640396
-0.23996533453464508,-0.2583532929420471,-0.4560806155204773
-0.006559107918292284,-0.23605220019817352,-0.5179727077484131
0.4256812632083893,-0.06094212085008621,0.31354308128356934
-0.07499626278877258,0.2283543348312378,-0.33496442437171936
