0.10635547339916229,0.7672744393348694,-0.0012037284905090928 
-0.13381782174110413,-0.06682950258255005,0.17594429850578308 
0.15623947978019714,-0.06246855854988098,-0.1624191701412201 
-0.1721440553665161,-0.6385670900344849,-0.15436816215515137 
0.7689031362533569,-0.04158619046211243,0.7430692911148071 
-0.5764035582542419,0.46902814507484436,0.321455717086792 
0.006289184093475342,0.33110907673835754,0.2913910150527954 
-0.012172351591289043,-0.12152490764856339,0.35023096203804016 
0.27247369289398193,0.17847511172294617,-0.6525562405586243 
-0.08400210738182068,-0.6587785482406616,0.30683809518814087 
0.06684675067663193,0.3493760824203491,-0.21392767131328583 
0.17435428500175476,-0.06716495752334595,-0.32238882780075073 
0.3873181641101837,0.6238811612129211,0.5110153555870056 
0.12096349895000458,0.8302724957466125,0.31406721472740173 
-0.6028209924697876,0.1981833279132843,-0.4781174063682556 
0.28708416223526,-0.2081572711467743,0.2127765417098999 
-0.29795682430267334,-0.10693243145942688,0.1858559250831604 
0.27299490571022034,-0.22778160870075226,-0.242609441280365 
-0.14340950548648834,-0.05131453275680542,0.18483397364616394 
-0.16452789306640625,-0.36305561661720276,-0.4869077205657959 
0.1442623734474182,-0.35793986916542053,-0.4869915544986725 
-0.1423037201166153,0.14331181347370148,-0.24462221562862396 
-0.44171667098999023,-0.666745662689209,0.7818148732185364 
0.1511392891407013,0.07673153281211853,-0.25476983189582825 
-0.11898929625749588,0.12538990378379822,0.24573540687561035 
0.16841544210910797,0.06046175956726074,0.24699336290359497 
-0.344056099653244,0.6976510882377625,-0.30859139561653137 
-0.13393278419971466,0.19949406385421753,-0.29475370049476624 
0.004475265741348267,-0.6645652055740356,0.0543714314699173 
-0.27262964844703674,-0.35139837861061096,0.26678547263145447 
0.003184974193572998,0.6044089794158936,-0.1562286764383316 
-0.057448044419288635,-0.0402754545211792,-0.2797771096229553 
0.2959029972553253,0.9151436686515808,0.4509681463241577 
-0.4639408588409424,0.6655620336532593,-0.4532095789909363 
-0.16394084692001343,0.3450150787830353,0.15784507989883423 
0.18139895796775818,-0.04368281364440918,0.5059834718704224 
-0.1904265582561493,-0.0582752525806427,-0.09217150509357452 
0.18310733139514923,0.4525142312049866,0.276403546333313 
0.47586387395858765,-0.31600743532180786,-0.23891937732696533 
0.3493957221508026,-0.18190757930278778,-0.02535763569176197 
-0.7814530730247498,-0.012065768241882324,0.13010136783123016 
-0.36613890528678894,-0.15540629625320435,-0.0011097999522462487 
0.31870120763778687,-0.36758431792259216,0.32356196641921997 
-0.4974029064178467,0.09117183089256287,-0.6227003335952759 
0.272911012172699,-0.04604656621813774,-0.18289770185947418 
-0.18071380257606506,-0.20287378132343292,0.32884544134140015 
0.15256498754024506,-0.24069678783416748,0.33530303835868835 
-0.012169835157692432,-0.301247239112854,-0.4028751254081726 
0.29538679122924805,-0.36758431792259216,-0.37385791540145874 
-0.5728812217712402,0.37128034234046936,-0.43358519673347473 
0.003267162013798952,-0.35139837861061096,0.37782248854637146 
0.1589387208223343,-0.10726787149906158,-0.3086949288845062 
0.18871071934700012,0.23292137682437897,-0.1474228799343109 
0.28280705213546753,-0.03740847855806351,0.15834826231002808 
-0.17358529567718506,-0.04051148146390915,-0.2838709354400635 
-0.2660881578922272,0.05744262412190437,0.15298090875148773 
0.325585275888443,-0.10759373009204865,0.03357294201850891 
-0.1562252789735794,-0.03824713081121445,0.29152560234069824 
0.2874511182308197,0.5591902732849121,-0.21603986620903015 
0.3525826036930084,-0.3204522728919983,-0.12561802566051483 
-0.3512948453426361,-0.2580568194389343,0.14409123361110687 
0.015043459832668304,0.04268241673707962,0.3058664798736572 
0.36256250739097595,-0.3113109767436981,0.09620441496372223 
-0.004501236602663994,0.03354116156697273,-0.29754090309143066 
-0.22356872260570526,0.36874881386756897,0.006282045040279627 
0.09000183641910553,0.48079222440719604,0.16061261296272278 
-0.3036596179008484,-0.30636298656463623,-0.4000237286090851 
0.19441354274749756,0.21102428436279297,0.16816045343875885 
-0.3009931743144989,0.5630481243133545,0.2137145847082138 
-0.2805967926979065,-0.30636298656463623,0.4283929467201233 
-0.3100333511829376,0.001924112206324935,0.006219146773219109 
0.31509503722190857,-0.3123173713684082,0.47560882568359375 
0.13956594467163086,-0.08403733372688293,0.30905333161354065 
0.11616766452789307,0.4828888475894928,-0.14448760449886322 
0.16514471173286438,-0.28195831179618835,-0.3442535996437073 
-0.08696971088647842,0.4829727113246918,0.16757337749004364 
0.0656966120004654,-0.07541479170322418,0.1819298267364502 
0.18436530232429504,0.20913851261138916,0.17203377187252045 
0.07384108006954193,0.1797175407409668,0.2578957974910736 
-0.05145295336842537,0.2712979316711426,0.22594329714775085 
-0.4263538718223572,-0.3061113953590393,-0.3156557083129883 
-0.5121631622314453,-0.09698483347892761,0.4597739577293396 
0.12338003516197205,0.6392128467559814,0.06794197857379913 
-0.4048005938529968,-0.36758431792259216,0.32750359177589417 
0.1917298585176468,0.3773030638694763,0.08999842405319214 
0.2403714656829834,0.09826801717281342,-0.13501088321208954 
0.18644636869430542,0.3787287473678589,-0.0708542987704277 
-0.6349412202835083,0.05938705801963806,-0.46864068508148193 
0.4263153076171875,0.9101956486701965,-0.38134580850601196 
0.13756874203681946,-0.061210572719573975,-0.04542770981788635 
0.22826015949249268,-0.007652014493942261,0.06846073269844055 
-0.12628553807735443,0.6410579085350037,0.07762836664915085 
-0.15748324990272522,-0.3586946129798889,0.3459538519382477 
0.26007968187332153,0.10096008330583572,0.12035749107599258 
0.29119354486465454,-0.3645651936531067,-0.23959031701087952 
-0.6657196283340454,-0.666745662689209,-0.42997902631759644 
-0.004502075258642435,0.46578043699264526,-0.1938839852809906 
-0.00442575803026557,0.733980119228363,-0.10834187269210815 
-0.286048024892807,-0.21864037215709686,0.2518575191497803 
-0.10716436058282852,0.6330068707466125,-0.08922069519758224 
0.48325952887535095,-0.06699720025062561,0.6371480822563171 
-0.03589603304862976,0.7310448288917542,0.10173949599266052 
-0.1713053584098816,-0.6070339679718018,-0.2090790718793869 
0.32650062441825867,-0.1543160378932953,0.10383611917495728 
0.06390310078859329,0.9236823320388794,0.0010446873493492603 
0.363652765750885,-0.3061113953590393,0.2212468683719635 
0.4019789695739746,-0.3061113953590393,-0.3386346697807312 
0.6329582333564758,-0.029341906309127808,-0.7860690355300903 
0.23930515348911285,0.053097203373909,0.6670039892196655 
0.07137545943260193,-0.20681540668010712,-0.3678196370601654 
0.4480207860469818,-0.3061113953590393,0.3286777138710022 
0.3269199728965759,-0.14542637765407562,-0.1383654773235321 
0.08907932043075562,-0.36724886298179626,-0.37612226605415344 
-0.4768560528755188,0.7456529140472412,0.3967076241970062 
0.2571444511413574,0.15522564947605133,-0.03284676373004913 
-0.0890495553612709,0.8654801845550537,-0.004903844557702541 
-0.10052347183227539,-0.09853041172027588,-0.08274754881858826 
-0.02563936449587345,0.38887640833854675,0.19826790690422058 
-0.7772598266601562,-0.009214341640472412,-0.3395056426525116 
0.18114736676216125,-0.6363865733146667,-0.2090790718793869 
-0.3728480935096741,-0.3671649694442749,0.17394711077213287 
0.2351718544960022,-0.09443657100200653,0.24598699808120728 
-0.3756156265735626,-0.2584761679172516,-0.06297101080417633 
-0.23396795988082886,0.28077465295791626,0.07867667078971863 
-0.08193781971931458,-0.21989835798740387,-0.3578397035598755 
0.33637869358062744,-0.6628040075302124,0.7846662402153015 
-0.5078860521316528,0.35375258326530457,-0.5271782875061035 
0.0291004478931427,-0.3686900734901428,-0.35434970259666443 
0.36148780584335327,-0.3547685146331787,-0.6144816279411316 
0.3935086131095886,-0.290260910987854,-0.007964071817696095 
0.4621100425720215,-0.3661585748195648,-0.14138460159301758 
-0.6649647951126099,-0.03638654947280884,-0.18682381510734558 
-0.18784232437610626,0.4429692029953003,-0.07908143848180771 
0.25420916080474854,-0.28615155816078186,0.28087475895881653 
-0.31414270401000977,-0.022899869829416275,-0.09945220500230789 
0.05072794482111931,-0.21126024425029755,0.3572756052017212 
0.22561125457286835,-0.3061113953590393,-0.43834999203681946 
-0.3531554341316223,-0.06750041246414185,-0.17709550261497498 
-0.5340518355369568,0.16648244857788086,-0.5540989637374878 
-0.7901749610900879,-0.03638654947280884,0.09006676077842712 
0.1332760751247406,0.19181083142757416,-0.22919107973575592 
-0.11026735603809357,0.04628860205411911,-0.2883996367454529 
0.32289445400238037,-0.05191710218787193,0.06062057614326477 
-0.27841630578041077,-0.2606566250324249,-0.2600533366203308 
-0.4989963471889496,0.34243083000183105,0.5371811985969543 
-0.3257160484790802,-0.08227615803480148,0.06851225346326828 
0.23726847767829895,-0.12756317853927612,-0.24076440930366516 
-0.21283401548862457,-0.12370537966489792,0.26720479130744934 
-0.15681234002113342,0.24974466860294342,-0.18440726399421692 
0.0727592259645462,0.7326382994651794,0.09075320512056351 
-0.34986913204193115,-0.15473535656929016,-0.10381317883729935 
0.6874703764915466,-0.6865377426147461,0.09736299514770508 
-0.4333301782608032,0.17663010954856873,-0.028654754161834717 
-0.07678013294935226,0.39374053478240967,-0.2006770372390747 
-0.7902588844299316,-0.06313943862915039,0.03910800814628601 
-0.23816120624542236,0.2631630301475525,-0.024502214044332504 
0.24006831645965576,-0.33296364545822144,0.021465331315994263 
-0.3799766004085541,-0.2658562660217285,0.04522299766540527 
-0.03634890168905258,0.1807239055633545,0.2669532001018524 
-0.04284842684864998,-0.3067822754383087,0.4588358998298645 
0.21236062049865723,-0.3638942539691925,-0.31221726536750793 
-0.20998261868953705,0.13994883000850677,-0.17300164699554443 
0.13805638253688812,0.5382396578788757,0.09670761227607727 
-0.07352618128061295,-0.03824713081121445,-0.32261648774147034 
0.2673759460449219,-0.36733266711235046,0.4072590470314026 
0.17136625945568085,0.243355393409729,-0.20278921723365784 
0.19667787849903107,-0.1970870941877365,-0.2983795702457428 
0.08840840309858322,0.7002664804458618,-0.07032595574855804 
-0.3726803660392761,-0.3061113953590393,-0.23128768801689148 
0.2238501012325287,-0.18173983693122864,0.2881709933280945 
-0.5499861240386963,-0.01625901460647583,-0.7813726663589478 
0.4941619634628296,0.29118943214416504,-0.536571204662323 
-0.35607513785362244,-0.17285017669200897,0.09796557575464249 
0.3568584620952606,-0.6162590384483337,-0.18137261271476746 
0.17863139510154724,-0.0647328794002533,-0.04760819673538208 
-0.11722813546657562,-0.1299113780260086,0.3344644010066986 
0.13923047482967377,0.3832574486732483,-0.15991874039173126 
0.3486229479312897,-0.345459520816803,0.6253231167793274 
-0.3308317959308624,-0.3662424683570862,0.48433077335357666 
0.07985419034957886,-0.3061113953590393,0.4130457043647766 
0.22494035959243774,0.28530335426330566,-0.07650679349899292 
-0.12720805406570435,-0.30695003271102905,-0.41537097096443176 
-0.4814530611038208,-0.3120657801628113,0.2903515100479126 
-0.25610828399658203,-0.013423147611320019,-0.18071721494197845 
-0.05101685971021652,0.11811043322086334,-0.2705364525318146 
-0.5980406999588013,-0.21571224927902222,-0.3390108346939087 
-0.3880276381969452,-0.30661457777023315,0.2443096935749054 
-0.18005844950675964,0.6919794082641602,-0.14492247998714447 
-0.5966149568557739,0.3806396424770355,0.35516098141670227 
0.383864164352417,-0.36699721217155457,-0.2698655128479004 
0.3949343264102936,-0.3808349668979645,-0.3941531777381897 
-0.43064653873443604,0.5252058506011963,-0.0919199138879776 
-0.23145200312137604,-0.2772618532180786,0.30553102493286133 
-0.341985821723938,-0.3067822754383087,0.35937222838401794 
0.32650062441825867,-0.24329662322998047,-0.1692277193069458 
0.064934641122818,0.10943043231964111,-0.2685236930847168 
0.5469968318939209,-0.10445718467235565,-0.21453028917312622 
0.37112388014793396,1.1321020126342773,0.3529217839241028 
-0.07967346906661987,0.7926855087280273,0.0496678352355957 
0.10348853468894958,-0.6675843000411987,-0.14458702504634857 
0.06116791069507599,-0.6675843000411987,0.7817310094833374 
0.051523447036743164,-0.338331013917923,-0.07984337210655212 
0.0028184850234538317,0.4835597574710846,0.1865268349647522 
-0.19051045179367065,-0.05131453275680542,-0.061613619327545166 
0.6853737831115723,-0.6675843000411987,0.2444678097963333 
0.22562679648399353,-0.0980582982301712,0.057474419474601746 
0.22938518226146698,0.04025033488869667,0.17780490219593048 
-0.20662803947925568,0.1232345849275589,0.20061613619327545 
0.20137430727481842,0.28899338841438293,0.09536577016115189 
-0.3442501723766327,-0.39324691891670227,0.3871314823627472 
0.35015052556991577,-0.231220081448555,0.14123983681201935 
0.40600448846817017,-0.36758431792259216,0.2688820958137512 
-0.23019404709339142,-0.31994909048080444,-0.30466940999031067 
-0.38779160380363464,0.34637248516082764,0.5940415859222412 
-0.3109353482723236,1.2518608570098877,0.35907748341560364 
0.08597632497549057,0.025070806965231895,-0.2863868772983551 
0.35602104663848877,-0.30636298656463623,0.37463563680648804 
0.4720216393470764,0.7677093744277954,-0.3763139247894287 
-0.2900735139846802,-0.028686540201306343,0.128073051571846 
-0.2224101722240448,-0.20893597602844238,-0.031872719526290894 
0.12161886692047119,0.27171725034713745,-0.19556128978729248 
0.03429044038057327,0.2553636133670807,0.23189771175384521 
-0.09728386998176575,0.11093282699584961,0.31008365750312805 
0.46506085991859436,0.4379696249961853,0.507157564163208 
0.018993493169546127,0.27859416604042053,-0.23036517202854156 
-0.2286006063222885,-0.3670811057090759,-0.4016171395778656 
0.5720723867416382,0.3989221751689911,0.33431220054626465 
0.07271729409694672,0.5712823867797852,0.14342032372951508 
0.06341668963432312,0.7822862267494202,-0.08340048044919968 
0.26712435483932495,-0.29881516098976135,-0.2955281734466553 
-0.21719498932361603,0.3446796238422394,-0.07660742849111557 
-0.25635987520217896,0.14736250042915344,-0.0864531621336937 
-0.13475589454174042,0.6495282649993896,-0.009289136156439781 
-0.10740038752555847,-0.6675843000411987,-0.2048858404159546 
0.36776211857795715,-0.2142793834209442,0.05220893770456314 
0.5855746269226074,-0.05626252293586731,0.5422130823135376 
0.18720115721225739,-0.3061113953590393,0.39769846200942993 
-0.14146506786346436,-0.27617165446281433,0.36742326617240906 
0.19927769899368286,0.1536598950624466,-0.18977461755275726 
0.08042570948600769,-0.666745662689209,-0.2699984908103943 
0.29932844638824463,-0.12940818071365356,0.18141108751296997 
0.1835949718952179,-0.026338323950767517,0.2495093196630478 
-0.06301791965961456,0.8044265508651733,-0.08291406184434891 
0.3555178642272949,-0.23927108943462372,-0.08829818665981293 
0.5900194644927979,0.33848920464515686,-0.3918205201625824 
-0.3311672806739807,-0.08160524815320969,-0.024594465270638466 
-0.09743604063987732,-0.36758431792259216,0.4095233976840973 
0.07148448377847672,-0.12932433187961578,0.3308582007884979 
0.1290828436613083,0.23571407794952393,0.21554405987262726 
0.0036366283893585205,0.11817631125450134,0.07516990602016449 
-0.7363337874412537,-0.06733265519142151,0.21562670171260834 
0.45407456159591675,0.15487799048423767,0.4126419425010681 
-0.3762865662574768,-0.36724886298179626,-0.29049625992774963 
-0.25547805428504944,0.23371094465255737,0.13144320249557495 
0.3483893573284149,-0.30695003271102905,-0.22357212007045746 
0.11147122830152512,0.009723547846078873,0.2786942720413208 
0.28507140278816223,0.01936800219118595,0.0778631865978241 
0.075627401471138,0.8516424894332886,-0.03724127635359764 
0.15684209764003754,0.5806752443313599,-0.0035947144497185946 
-0.556024432182312,0.4463058114051819,0.41968658566474915 
-0.06675706803798676,-0.6070339679718018,0.16562891006469727 
0.12925057113170624,0.682906448841095,-0.0012104377383366227 
-0.24826568365097046,0.11797747015953064,-0.10340939462184906 
0.3170646131038666,1.2591571807861328,0.2440820336341858 
-0.6803120374679565,-0.006530672311782837,0.15883588790893555 
-0.17324982583522797,-0.30695003271102905,0.43602466583251953 
0.09426340460777283,-0.06758430600166321,0.17627975344657898 
-0.16444402933120728,0.5367301106452942,-0.06898412108421326 
0.22519069910049438,0.8847846388816833,-0.445745587348938 
-0.10859005898237228,0.3994433283805847,0.18107561767101288 
-0.1904265582561493,-0.0581914484500885,0.3234349191188812 
0.16405446827411652,0.3183461129665375,0.1598578244447708 
0.11818041652441025,-0.30695003271102905,-0.4307182729244232 
-0.3276449739933014,-0.19146814942359924,0.180656298995018 
0.1549970656633377,-0.16027043759822845,0.32490378618240356 
-0.23265007138252258,-0.426556795835495,-0.04651793837547302 
0.18008819222450256,0.41712331771850586,-0.25338485836982727 
0.4555686116218567,-0.30627912282943726,-0.40765541791915894 
-0.0045037525705993176,-0.22233039140701294,-0.3798123002052307 
-0.05972202867269516,-0.36733266711235046,-0.399101197719574 
0.07010909914970398,0.42846059799194336,-0.17660783231258392 
-0.4110065996646881,-0.3061113953590393,-0.39230814576148987 
0.2878192663192749,0.05625298619270325,0.07651174068450928 
-0.06647314876317978,0.5667536854743958,0.13822069764137268 
0.46227777004241943,-0.3070339262485504,-0.07019177079200745 
0.22259213030338287,0.33822205662727356,-0.008681954815983772 
-0.08596210181713104,-0.22326847910881042,0.09538133442401886 
0.37128445506095886,-0.3061113953590393,-0.4230027198791504 
-0.3207680284976959,-0.3132399022579193,0.20673824846744537 
0.17361506819725037,0.3146560490131378,-0.15253862738609314 
0.14241734147071838,-0.026925386860966682,-0.2931799292564392 
-0.29569247364997864,-0.3675004243850708,-0.4466525614261627 
-0.1825588345527649,-0.2776812016963959,-0.35364648699760437 
0.010833445936441422,-0.2762555181980133,0.39207950234413147 
0.15778017044067383,0.13894367218017578,0.15383510291576385 
0.2277078777551651,0.17159104347229004,-0.115973562002182 
0.02115720510482788,-0.3671649694442749,-0.4235897660255432 
0.10945847630500793,-0.3538304567337036,0.3607979416847229 
0.21760094165802002,0.4310448169708252,0.20633447170257568 
0.2753430902957916,-0.36733266711235046,-0.44774284958839417 
0.06924529373645782,-0.2848097085952759,-0.376373827457428 
-0.04452572390437126,0.662611186504364,-0.12142477929592133 
-0.19480308890342712,0.3705938458442688,0.07681486755609512 
0.33111321926116943,-0.11196430772542953,0.014712975360453129 
-0.13502302765846252,-0.6670811176300049,-0.07310310006141663 
-0.04204332455992699,0.10764411091804504,0.28607437014579773 
-0.1825588345527649,0.2722204327583313,0.16748952865600586 
0.05614560469985008,0.6535537838935852,0.1264796257019043 
-0.18633274734020233,0.4555489122867584,0.014696202240884304 
0.05211171135306358,0.6475993394851685,-0.1192442998290062 
0.2484225034713745,0.02188394032418728,-0.16285400092601776 
-0.13306301832199097,-0.06716495752334595,0.555044412612915 
-0.38064754009246826,-0.2905125021934509,-0.13006284832954407 
0.24305391311645508,0.2140865921974182,0.12691450119018555 
-0.2290199249982834,-0.36674562096595764,0.3636493384838104 
0.29992684721946716,0.6265648603439331,0.5292140245437622 
-0.632760763168335,-0.0767255425453186,-0.06337475776672363 
0.2948836088180542,-0.15691585838794708,-0.2036123126745224 
-0.06580223143100739,0.6482702493667603,0.1284085065126419 
-0.3886302411556244,0.028577595949172974,0.49860337376594543 
-0.19438377022743225,0.298470139503479,-0.14415214955806732 
0.26393750309944153,-0.3061113953590393,0.3670039474964142 
0.33897849917411804,1.2895162105560303,0.32077640295028687 
-0.31900689005851746,-0.3061952292919159,-0.3003084361553192 
0.6389964818954468,-0.06750041246414185,0.49080395698547363 
-0.36598673462867737,1.2306432723999023,-0.3272949159145355 
0.7813990116119385,-0.6513145565986633,0.5826359391212463 
0.41732627153396606,-0.3061952292919159,-0.15455138683319092 
0.006849866826087236,0.7879890203475952,0.09025001525878906 
-0.4110904633998871,-0.30636298656463623,0.16757337749004364 
-0.35054007172584534,-0.36674562096595764,0.28011995553970337 
0.17376723885536194,-0.0666617751121521,0.05794653296470642 
-0.25828874111175537,-0.07036735117435455,-0.2250816971063614 
0.4559195935726166,0.8410072326660156,-0.36316391825675964 
0.3094760775566101,-0.06483227759599686,-0.12436004728078842 
0.12396708875894547,-0.1772949993610382,-0.33033207058906555 
0.6360612511634827,-0.06699720025062561,-0.4764401316642761 
0.4019789695739746,-0.3061113953590393,0.4283929467201233 
-0.34794023633003235,-0.3675004243850708,-0.19858042895793915 
-0.4545324146747589,-0.36565539240837097,0.14719423651695251 
0.40575289726257324,-0.36666178703308105,-0.2036123126745224 
-0.1169765442609787,-0.20689928531646729,0.3568562865257263 
-0.4480748772621155,-0.36733266711235046,-0.19623219966888428 
0.20389026403427124,-0.07238011062145233,-0.2686075270175934 
-0.4494166672229767,-0.3061113953590393,-0.23128768801689148 
0.2348363995552063,-0.3538304567337036,0.2926158607006073 
-0.43406942486763,-0.30636298656463623,0.02952350303530693 
0.23245340585708618,-0.0666617751121521,0.7834082841873169 
0.30226370692253113,-0.3061113953590393,-0.4230027198791504 
0.23408161103725433,0.21662643551826477,-0.0640612542629242 
0.3577822148799896,-0.3810865581035614,-0.332093209028244 
-0.44170111417770386,-0.30661457777023315,0.4283929467201233 
0.44038906693458557,-0.3061113953590393,0.1368788629770279 
0.44038906693458557,-0.3061113953590393,0.25194141268730164 
-0.3637068271636963,-0.3204522728919983,0.1180092841386795 
-0.2341356724500656,0.2099340260028839,0.09570123255252838 
0.07977032661437988,0.5831073522567749,-0.1376945525407791 
-0.18859709799289703,-0.30695003271102905,-0.45369723439216614 
0.2756785750389099,0.08703013509511948,-0.03225132077932358 
-0.1277112364768982,0.3123916983604431,-0.1997545212507248 
-0.27095234394073486,-0.1536451131105423,0.24246466159820557 
0.011068267747759819,0.5469616055488586,0.15558072924613953 
0.2955004572868347,0.23952870070934296,-0.036034852266311646 
-0.15672847628593445,0.5832750201225281,0.05119417607784271 
-0.43105027079582214,-0.36758431792259216,0.3935052156448364 
0.53324294090271,0.2682104706764221,0.5049771070480347 
0.22108255326747894,0.10658740252256393,0.17923060059547424 
-0.4263538718223572,-0.30661457777023315,0.3440249562263489 
0.3146757185459137,-0.08277935534715652,0.1212800070643425 
0.4096945524215698,-0.3061113953590393,-0.2619822025299072 
-0.2571985125541687,0.23392775654792786,0.037423569709062576 
-0.2902412414550781,-0.2876611351966858,0.27466878294944763 
0.3176109492778778,-0.3061113953590393,0.29798319935798645 
-0.052081942558288574,0.9002840518951416,0.03803578391671181 
0.2994961738586426,-0.27222999930381775,0.2251885086297989 
0.1079489067196846,-0.36758431792259216,0.4257092773914337 
-0.35833948850631714,-0.36758431792259216,-0.42384135723114014 
-0.2845384478569031,-0.3675004243850708,0.39987891912460327 
0.20623847842216492,-0.3671649694442749,-0.4551229178905487 
0.4481884837150574,-0.36733266711235046,-0.28554823994636536 
-0.07067477703094482,-0.3042663633823395,0.3988725543022156 
0.33765465021133423,-0.36758431792259216,-0.4259379804134369 
0.38528987765312195,-0.37504827976226807,0.33270320296287537 
-0.4118608236312866,-0.009130537509918213,0.7715833783149719 
-0.23382417857646942,-0.06691929697990417,0.06653182208538055 
-0.059604622423648834,-0.1665603071451187,0.34511521458625793 
-0.6140588521957397,0.3000791072845459,0.37423184514045715 
-0.2696104943752289,-0.36758431792259216,-0.34827911853790283 
0.0180793646723032,0.1458277553319931,0.2776879072189331 
-0.6205164194107056,0.20355069637298584,0.19819959998130798 
-0.2198786586523056,-0.009229910559952259,-0.23925484716892242 
0.22267600893974304,0.15712770819664001,0.13218243420124054 
0.2536221146583557,-0.1562449336051941,0.23340727388858795 
0.21454110741615295,-0.24631576240062714,0.31618183851242065 
-0.3650486469268799,-0.3061113953590393,-0.34635022282600403 
-0.08119980990886688,-0.3067822754383087,-0.46116119623184204 
-0.28068065643310547,-0.3061113953590393,0.33630940318107605 
0.4724254310131073,-0.3120657801628113,0.011635136790573597 
-0.4494166672229767,-0.3061113953590393,-0.10087791085243225 
0.3438606560230255,-0.13779468834400177,-0.07655711472034454 
0.33857718110084534,-0.31114327907562256,0.1560000479221344 
0.17571167647838593,-0.36758431792259216,0.4127941429615021 
0.3117404282093048,-0.036569830030202866,-0.0013865537475794554 
-0.0018703971290960908,0.6800550818443298,0.12052521854639053 
0.10392339527606964,-0.27357184886932373,0.3634816110134125 
0.08119603246450424,-0.36733266711235046,-0.44556236267089844 
-0.35867372155189514,1.1762988567352295,-0.3621491491794586 
0.1891300529241562,-0.3035115599632263,0.32876157760620117 
-0.4661213159561157,0.32096144556999207,-0.5688591599464417 
-0.3649648129940033,-0.21612441539764404,-0.11136100441217422 
-0.014695006422698498,-0.36758431792259216,0.447514146566391 
0.3329582214355469,-0.3065306842327118,-0.28496119379997253 
-0.2422705590724945,-0.3065306842327118,-0.41537097096443176 
-0.21165992319583893,-0.3061113953590393,0.35937222838401794 
0.06116791069507599,0.0073597729206085205,0.32155635952949524 
0.1529998630285263,-0.2614269554615021,-0.027176260948181152 
-0.4811331629753113,0.49370622634887695,0.09957456588745117 
-0.3174973130226135,-0.2504251301288605,0.20355139672756195 
0.18921391665935516,-0.11833804100751877,0.29110628366470337 
0.018473530188202858,-0.16580553352832794,-0.35138213634490967 
0.4174939692020416,-0.36758431792259216,0.09419166296720505 
-0.07891745865345001,-0.6675843000411987,0.7766152620315552 
-0.3139749765396118,-0.366829514503479,0.3309420645236969 
-0.24705086648464203,0.20999273657798767,-0.05627859756350517 
-0.16754703223705292,0.17204390466213226,0.20061613619327545 
-0.14138120412826538,-0.18358486890792847,-0.34299561381340027 
-0.2883123755455017,0.032786376774311066,-0.08712407946586609 
-0.39064300060272217,0.75471031665802,-0.47727876901626587 
0.28691643476486206,-0.30636298656463623,-0.35398194193840027 
-0.21006649732589722,-0.06164541095495224,0.26485657691955566 
0.16823220252990723,-0.6091305613517761,0.09006676077842712 
-0.15194816887378693,0.5785786509513855,-0.02477896772325039 
-0.3267224431037903,-0.1701665073633194,-0.17191140353679657 
-0.16704383492469788,-0.366829514503479,-0.40765541791915894 
-0.15957987308502197,-0.36758431792259216,0.4226062595844269 
-0.24143192172050476,-0.2140277922153473,-0.27674242854118347 
0.03450848534703255,0.9002840518951416,-0.048881713300943375 
0.5682145953178406,-0.1767067313194275,-0.38454943895339966 
-0.09659739583730698,0.18309728801250458,0.23768436908721924 
-0.3195939362049103,-0.27877143025398254,-0.21577270328998566 
0.709526777267456,-0.6284194588661194,-0.783888578414917 
0.2798202335834503,0.5328710675239563,-0.5434480905532837 
0.2247726172208786,-0.2541990578174591,-0.29821184277534485 
-0.6631197929382324,0.09603600203990936,-0.25460928678512573 
-0.3714223802089691,-0.36758431792259216,0.4358569085597992 
-0.7110066413879395,-0.0061113834381103516,-0.7536972761154175 
-0.14280691742897034,0.08207372575998306,-0.24856384098529816 
-0.0813172236084938,-0.15372899174690247,-0.33972489833831787 
-0.4240056276321411,-0.36758431792259216,-0.3288224935531616 
0.06611593067646027,-0.0237540602684021,0.21463710069656372 
-0.007055758964270353,-0.21679534018039703,0.37597745656967163 
0.3363966941833496,-0.36758431792259216,0.4572424292564392 
-0.07729291915893555,-0.6586946249008179,0.22919602692127228 
0.38428351283073425,-0.2752491235733032,0.05237666890025139 
0.5639375448226929,-0.6197813749313354,-0.1834692358970642 
-0.4194769561290741,-0.36758431792259216,-0.4311376214027405 
-0.13215607404708862,0.43600842356681824,0.13629181683063507 
-0.19362899661064148,-0.12353764474391937,-0.29787635803222656 
-0.49421605467796326,0.6083661913871765,0.41482242941856384 
0.346879780292511,-0.36758431792259216,0.25655397772789 
-0.2520827353000641,0.003014360787346959,0.17629534006118774 
-0.3668936789035797,-0.21293756365776062,-0.024334484711289406 
0.04128476232290268,0.8887946009635925,0.04477851465344429 
-0.3121790587902069,-0.6239745616912842,-0.7850626707077026 
-0.4814530611038208,-0.3120657801628113,0.15222612023353577 
-0.16025078296661377,0.5015068650245667,0.06779102236032486 
0.6891476511955261,-0.6671649813652039,0.1663309633731842 
0.4263991713523865,0.4311597943305969,-0.5529248118400574 
0.04151120036840439,-0.30627912282943726,0.4589197635650635 
0.45046836137771606,0.7375180125236511,-0.4264566898345947 
-0.11747973412275314,-0.2675335705280304,-0.36253613233566284 
-0.23925144970417023,-0.261663019657135,-0.3133074939250946 
-0.17292992770671844,-0.17331859469413757,-0.04839405417442322 
0.7725931406021118,-0.666577935218811,0.10007774829864502 
0.30217984318733215,-0.36674562096595764,-0.31481707096099854 
-0.3273094892501831,-0.11481570452451706,0.13478223979473114 
0.38663172721862793,-0.28707408905029297,-0.0718187466263771 
-0.4570483863353729,-0.3061113953590393,0.23659412562847137 
0.1880553662776947,0.22728443145751953,0.6199557781219482 
0.18669797480106354,0.43332475423812866,0.06250753253698349 
0.08993351459503174,0.10615253448486328,0.2615930140018463 
0.5587378740310669,0.5071245431900024,-0.3012356162071228 
-0.2968360185623169,0.3920201063156128,-0.5948572158813477 
0.14209744334220886,0.19130642712116241,0.5974799990653992 
-0.004681546241044998,0.8004849553108215,-0.09014321118593216 
-0.11387354880571365,0.680306613445282,-0.05486128106713295 
-0.24797338247299194,0.051068905740976334,-0.18432340025901794 
-0.7826271653175354,-0.6660747528076172,0.6129950284957886 
0.1757272183895111,0.5291810035705566,0.07147984206676483 
-0.4039619565010071,-0.2993183135986328,-0.032125525176525116 
0.2731626033782959,0.03622483089566231,0.1326017677783966 
-0.10565479099750519,-0.35148224234580994,-0.3665616512298584 
0.20254842936992645,-0.3061113953590393,-0.384676456451416 
0.2737496793270111,-0.10433261096477509,-0.18625228106975555 
0.24083149433135986,0.20313137769699097,0.6259101629257202 
0.1358758956193924,0.5755594968795776,0.05192379653453827 
-0.22692330181598663,-0.3067822754383087,0.4588358998298645 
-0.12561461329460144,0.5650764107704163,-0.11488332599401474 
0.6535890102386475,-0.06414583325386047,0.4257248640060425 
0.10283315926790237,-0.17461133003234863,0.3494761884212494 
-0.3435792922973633,-0.13536259531974792,0.052946947515010834 
-0.2576178312301636,-0.3061113953590393,-0.35398194193840027 
-0.1970829963684082,-0.6291742324829102,0.18374371528625488 
-0.1894201636314392,-0.6291742324829102,-0.607940137386322 
0.23961667716503143,-0.36758431792259216,0.35056641697883606 
0.21202515065670013,0.3137335181236267,0.04269028082489967 
-0.5816031694412231,0.44703543186187744,-0.33183202147483826 
0.3225589692592621,-0.36901000142097473,0.3812609612941742 
-0.12325084209442139,-0.6670811176300049,-0.5570341944694519 
-0.42578238248825073,-0.30822354555130005,-0.5982118844985962 
-0.0017618238925933838,-0.3052043914794922,-0.3553812503814697 
0.15910644829273224,0.4844822883605957,0.06023479998111725 
0.266956627368927,0.1612287014722824,0.04402372986078262 
0.13151492178440094,-0.23792928457260132,-0.3590976893901825 
0.09922696650028229,0.7078981399536133,0.0463048554956913 
-0.2218075394630432,-0.351230651140213,0.3089694678783417 
-0.5218914151191711,-0.6659908890724182,-0.7843078970909119 
0.01680341362953186,-0.024477779865264893,0.7825696468353271 
-0.06154190003871918,-0.3087950646877289,-0.3750320076942444 
0.17084752023220062,0.26333075761795044,0.17377938330173492 
0.03455880656838417,0.3630460202693939,0.2021256983280182 
-0.43457257747650146,-0.36758431792259216,-0.017885280773043633 
-0.023703306913375854,-0.6674165725708008,-0.07590174674987793 
-0.2566114366054535,-0.09913298487663269,0.23592321574687958 
0.3334614038467407,-0.20060943067073822,-0.12729531526565552 
-0.2448703795671463,-0.21838879585266113,0.2906869351863861 
-0.07670465856790543,-0.09737183153629303,-0.3383830785751343 
-0.28722211718559265,0.013245867565274239,-0.1400427669286728 
0.014967980794608593,0.41286173462867737,-0.19497422873973846 
-0.1189054325222969,0.28010374307632446,0.21336358785629272 
-0.3273082971572876,0.4691706895828247,-0.573639452457428 
0.4724254310131073,-0.3120657801628113,-0.16478289663791656 
-0.275957852602005,-0.09415857493877411,-0.03933665156364441 
-0.10045517235994339,0.8057683706283569,-0.03090948611497879 
-0.43198835849761963,0.7984877824783325,0.43067288398742676 
-0.2130856066942215,-0.0779990628361702,-0.2705364525318146 
-0.3785509169101715,-0.32800009846687317,0.05331595242023468 
-0.45344221591949463,-0.36733266711235046,-0.13761068880558014 
0.11968998610973358,0.531614363193512,-0.10465182363986969 
0.17896687984466553,-0.0627201497554779,-0.15985041856765747 
0.34830549359321594,-0.3067822754383087,-0.35398194193840027 
-0.35733312368392944,-0.30695003271102905,0.3056987524032593 
-0.35733312368392944,-0.30636298656463623,-0.41537097096443176 
0.13352768123149872,-0.3061113953590393,0.4283929467201233 
0.37128445506095886,-0.3065306842327118,0.320962131023407 
0.2922837734222412,-0.30141493678092957,-0.24588017165660858 
0.19600696861743927,0.33763501048088074,-0.10716775804758072 
0.30997925996780396,-0.3065306842327118,0.42067739367485046 
0.19023585319519043,0.30197685956954956,-0.186687171459198 
0.07374882698059082,0.1715826541185379,-0.24856384098529816 
0.10409112274646759,0.5831911563873291,0.09939128905534744 
-0.6285674571990967,0.2692168653011322,-0.3466760814189911 
-0.07496026903390884,0.8476169109344482,0.05322370305657387 
0.08740202337503433,0.2702076733112335,0.22661422193050385 
-0.17551417648792267,0.3949146866798401,-0.10322611778974533 
-0.5179498195648193,0.5534347295761108,0.4295826554298401 
-0.058656949549913406,0.009304216131567955,-0.2990504801273346 
0.11222601681947708,-0.07397353649139404,-0.3049210011959076 
0.274085134267807,-0.078669972717762,0.19373920559883118 
0.21110263466835022,-0.14173632860183716,-0.2869739234447479 
-0.2055377960205078,-0.17360495030879974,0.2887580394744873 
0.04729786887764931,-0.36733266711235046,0.40633654594421387 
0.10576842725276947,-0.042021047323942184,0.2958865761756897 
-0.3266385793685913,-0.30669844150543213,-0.461245059967041 
-0.5325422286987305,0.40976589918136597,0.4542388916015625 
0.20674166083335876,-0.30954983830451965,-0.3147331774234772 
0.14157870411872864,0.628981351852417,-0.024141596630215645 
0.0923500508069992,0.7689517736434937,0.05158833786845207 
-0.1896873414516449,0.4845661520957947,-0.0314713791012764 
0.3675943911075592,-0.24279345571994781,-0.0014008108992129564 
-0.2672623097896576,0.1332312673330307,0.06145922467112541 
-0.035174790769815445,0.4401177763938904,0.18250131607055664 
-0.3640422821044922,-0.24296115338802338,0.09192731231451035 
0.05076148360967636,0.7019437551498413,-0.11756699532270432 
-0.11521538347005844,0.362710565328598,-0.17719489336013794 
0.24322286248207092,-0.2292073518037796,0.2701400816440582 
-0.1510256677865982,0.4766828715801239,-0.10045858472585678 
0.47938624024391174,-0.3239745795726776,-0.295192688703537 
-0.10850619524717331,-0.01250063069164753,0.28984829783439636 
-0.38039591908454895,-0.3061113953590393,-0.28496119379997253 
-0.20310571789741516,0.23191501200199127,-0.16251854598522186 
-0.23109856247901917,-0.26343971490859985,-0.0012620389461517334 
-0.20612484216690063,0.4141197204589844,0.04337797313928604 
-0.05037233233451843,-0.41724780201911926,-0.3617214262485504 
-0.07821422070264816,0.7000148296356201,0.08865658938884735 
0.4645576775074005,0.41778337955474854,-0.5170307159423828 
0.3431897461414337,-0.1666441708803177,0.04510558769106865 
-0.25546130537986755,0.2964729070663452,-0.01682978868484497 
-0.42930468916893005,0.23298723995685577,0.00019475817680358887 
-0.32776954770088196,0.3101428747177124,0.6013377904891968 
0.050484735518693924,0.47810855507850647,-0.16914385557174683 
-0.2792549729347229,0.09232200682163239,0.10467477142810822 
-0.41085442900657654,-0.6630556583404541,-0.18690770864486694 
0.3280102014541626,-0.18492670357227325,0.15692256391048431 
0.1608520746231079,-0.0666617751121521,-0.3878788650035858 
-0.007699002046138048,-0.041685596108436584,0.3286777138710022 
0.16648654639720917,0.22275695204734802,-0.1948903650045395 
0.41732627153396606,-0.3061113953590393,0.3747194707393646 
-0.16773030161857605,-0.00672951340675354,-0.10500283539295197 
-0.4110904633998871,-0.30636298656463623,0.0985526368021965 
0.42848026752471924,-0.3675004243850708,0.007391577120870352 
-0.11295103281736374,-0.32061997056007385,0.3623913526535034 
0.38889607787132263,-0.366829514503479,-0.4538649320602417 
0.240009605884552,0.0395638644695282,0.09185899794101715 
0.25378984212875366,-0.18333326280117035,-0.26382723450660706 
-0.04251296818256378,-0.2601534426212311,-0.3892890214920044 
0.34187182784080505,-0.04351505637168884,-0.6775479316711426 
-0.05579715594649315,-0.3653199374675751,0.3770677149295807 
-0.5030218362808228,0.28917667269706726,0.5526123046875 
0.31484344601631165,-0.3179363012313843,0.20254501700401306 
-0.008859217166900635,0.3545912504196167,0.30627116560935974 
-0.1904265582561493,-0.0582752525806427,0.5615019798278809 
-0.3114268183708191,1.212612271308899,-0.3721374273300171 
0.4480207860469818,-0.3061113953590393,0.19055233895778656 
-0.524910569190979,0.3637325167655945,0.4850172996520996 
-0.581519365310669,0.25420504808425903,0.47998541593551636 
0.311153382062912,-0.00034023873740807176,0.036584921181201935 
-0.29329270124435425,0.36361753940582275,0.16004110872745514 
0.04850432276725769,-0.666577935218811,0.0056459903717041016 
0.2841489017009735,-0.3674165606498718,0.45933905243873596 
-0.15278682112693787,0.07947391271591187,0.24078738689422607 
0.5102640390396118,-0.6247293949127197,-0.18523037433624268 
0.09931083023548126,0.6523796916007996,-0.09752331674098969 
0.1251411885023117,-0.3133237659931183,-0.35599467158317566 
-0.49648040533065796,0.41330498456954956,-0.5157727003097534 
0.049201600253582,-0.30695003271102905,-0.43063437938690186 
0.042333073914051056,-0.3132399022579193,0.3731260597705841 
0.2597178518772125,0.21048039197921753,-0.12513038516044617 
-0.11553528904914856,-0.048798561096191406,-0.18564972281455994 
0.36423981189727783,-0.27097201347351074,-0.13668817281723022 
-0.3251290023326874,-0.058206956833601,0.022436924278736115 
-0.004531427752226591,0.5167702436447144,-0.16721497476100922 
-0.3145272731781006,0.6990768313407898,0.33395159244537354 
-0.1916162371635437,-0.2526894807815552,0.33790284395217896 
-0.16353707015514374,-0.12576723098754883,-0.0695280134677887 
-0.12125364691019058,0.6992601156234741,-0.0018972904654219747 
-0.5799258947372437,0.41251665353775024,-0.29338669776916504 
-0.7905104756355286,-0.0581914484500885,0.2703317403793335 
-0.1163056269288063,-0.36724886298179626,-0.4174675941467285 
0.42495793104171753,-0.36733266711235046,0.4345150887966156 
-0.6803120374679565,-0.6513145565986633,0.7844985723495483 
0.2030516117811203,0.28043919801712036,-0.12771464884281158 
0.5964770317077637,0.3535848557949066,0.33664363622665405 
0.13646294176578522,0.030941344797611237,-0.27841973304748535 
0.06443862617015839,-0.12081921100616455,-0.4421393871307373 
0.16110363602638245,-0.06615856289863586,-0.09583047032356262 
0.3306938707828522,-0.2500896453857422,0.19097167253494263 
0.02593749761581421,0.7453857660293579,0.11138396710157394 
0.22863039374351501,0.2456352859735489,0.09637214988470078 
-0.2819457948207855,-0.20803862810134888,-0.007635772228240967 
0.2114381045103073,0.36740702390670776,0.035452745854854584 
-0.2218075394630432,-0.1659732609987259,-0.2938508689403534 
-0.04351934418082237,0.06465500593185425,-0.2866384983062744 
0.04092538356781006,-0.6987820267677307,-0.07687702775001526 
0.18594318628311157,-0.23675517737865448,-0.3330995738506317 
-0.14431647956371307,0.5918292999267578,-0.0757184624671936 
-0.12722359597682953,0.09130844473838806,0.18167823553085327 
-0.18945130705833435,-0.6198652386665344,-0.18355309963226318 
0.16137079894542694,0.35709163546562195,0.12555710971355438 
-0.21233081817626953,-0.36758431792259216,-0.33746054768562317 
-0.036147624254226685,0.22528968751430511,0.24145829677581787 
-0.3481079936027527,-0.2895900011062622,-0.17199526727199554 
-0.7722278833389282,-0.04368281364440918,0.7521266937255859 
-0.19017496705055237,-0.6363865733146667,0.1991221010684967 
0.1806596964597702,0.43944689631462097,-0.02549181878566742 
-0.21283401548862457,0.3248036503791809,0.06135858967900276 
0.7756122946739197,-0.016175150871276855,-0.6616136431694031 
0.325585275888443,0.4385482966899872,-0.5811034440994263 
-0.06113810837268829,0.2999952435493469,-0.5073862075805664 
0.11650311946868896,-0.1224474236369133,-0.3314222991466522 
-0.32396209239959717,0.6071920990943909,0.07684721052646637 
-0.5311166048049927,0.39485472440719604,0.13471391797065735 
0.0910920798778534,0.7980528473854065,-0.038037993013858795 
-0.34072786569595337,-0.20824111998081207,0.13511769473552704 
0.08866000175476074,0.37168413400650024,0.19600355625152588 
-0.7905104756355286,-0.6436828374862671,0.09177513420581818 
0.16967341303825378,-0.1604381650686264,-0.3189264237880707 
0.030759727582335472,-0.1543160378932953,0.3452829420566559 
0.5392812490463257,0.2183109074831009,-0.5213077664375305 
0.2153797447681427,0.009639681316912174,0.22594329714775085 
-0.2871382534503937,-0.31600743532180786,-0.25242164731025696 
0.2069249451160431,-0.058121874928474426,-0.06390905380249023 
0.11080031096935272,0.5055323243141174,0.12220252305269241 
0.11189054697751999,0.34157663583755493,-0.19472263753414154 
0.18191766738891602,-0.20178353786468506,0.32205238938331604 
-0.11816619336605072,-0.26151081919670105,0.052358657121658325 
0.04323042929172516,0.5090547204017639,0.17344391345977783 
0.012777894735336304,-0.3518332242965698,-0.4782012701034546 
-0.2968665659427643,0.04234696552157402,0.0933530181646347 
0.11012939363718033,0.7328898906707764,-0.03656197711825371 
0.047138527035713196,0.8288312554359436,-0.07950915396213531 
0.11140291392803192,-0.05131453275680542,0.7846662402153015 
0.24875794351100922,-0.3471212685108185,-0.28336775302886963 
0.19449739158153534,0.06800960004329681,0.20581574738025665 
0.2516932189464569,-0.366913378238678,-0.3510466516017914 
-0.4867365062236786,-0.3193620443344116,0.3440249562263489 
0.010094225406646729,0.14543238282203674,-0.10290621221065521 
-0.23396795988082886,0.3253907263278961,-0.02389838732779026 
-0.030108124017715454,-0.23459023237228394,0.3858051896095276 
-0.2714555263519287,0.1013123169541359,-0.078720822930336 
0.14317212998867035,0.6202594041824341,0.02725076675415039 
0.2563057839870453,-0.3061113953590393,-0.39230814576148987 
0.07245731353759766,0.22378012537956238,0.23181383311748505 
0.08077670633792877,0.8573452830314636,0.011199039407074451 
-0.1351752132177353,0.6711653470993042,0.03974662721157074 
0.1715867817401886,-0.06481674313545227,-0.26965463161468506 
0.07900002598762512,-0.609382152557373,0.17141559720039368 
0.11851587146520615,-0.12907274067401886,0.31618183851242065 
0.3686007857322693,-0.24371591210365295,0.09108866751194 
0.3189264237880707,0.18250063061714172,-0.6382992267608643 
-0.3675646185874939,-0.18408805131912231,-0.06918539106845856 
0.2267015129327774,0.23788617551326752,-0.1072516217827797 
-0.09810695797204971,0.11773305386304855,-0.25837603211402893 
-0.04858477786183357,0.8206963539123535,0.0839601531624794 
-0.04548177868127823,0.9466612935066223,0.025254784151911736 
0.16422219574451447,-0.3061113953590393,-0.4460655152797699 
0.39434728026390076,-0.3061113953590393,0.2672886550426483 
0.013382935896515846,-0.08697258681058884,0.32783907651901245 
0.09201458841562271,0.5368139147758484,-0.14482305943965912 
0.3523310124874115,-0.19893212616443634,0.10526182502508163 
0.33454203605651855,-0.06615856289863586,-0.17005082964897156 
-0.15261907875537872,-0.23558102548122406,-0.35364648699760437 
-0.014760881662368774,0.30804625153541565,-0.4288887679576874 
0.3303584158420563,-0.30921435356140137,-0.1789560467004776 
0.13988587260246277,-0.606950044631958,-0.15311017632484436 
0.5252758264541626,0.5737299919128418,0.2701472342014313 
-0.09381428360939026,-0.09794336557388306,0.09325361251831055 
-0.026511557400226593,0.5675923228263855,-0.16453130543231964 
0.15214566886425018,0.531614363193512,0.038077715784311295 
-0.01218744833022356,-0.30695003271102905,0.42076122760772705 
0.3114049732685089,-0.26568853855133057,-0.20872806012630463 
0.31039857864379883,-0.18517829477787018,-0.16620859503746033 
0.08924704790115356,0.6878544688224792,0.09251436591148376 
-0.11773133277893066,0.07776307314634323,0.2740817070007324 
0.19374261796474457,-0.06718050688505173,0.27198511362075806 
-0.7895040512084961,-0.6363865733146667,-0.7069005966186523 
-0.16788248717784882,0.3748709559440613,0.12086068838834763 
0.25907331705093384,-0.0013466086238622665,0.17889513075351715 
0.1102132573723793,-0.22174334526062012,0.346205472946167 
-0.3460952043533325,-0.32816779613494873,0.16161899268627167 
0.027757367119193077,0.8311794400215149,0.07257131487131119 
-0.380144327878952,-0.2555408775806427,-0.00123140390496701 
-0.15444853901863098,-0.06758430600166321,-0.09893345832824707 
-0.17551417648792267,0.22279052436351776,0.19256511330604553 
-0.1471678763628006,0.3071920871734619,0.1865268349647522 
0.4027337431907654,-0.37446123361587524,-0.347775936126709 
0.43034082651138306,-0.010975509881973267,0.0512373149394989 
-0.04742744192481041,-0.1835009902715683,-0.3542335331439972 
-0.4814530611038208,-0.3120657801628113,0.029531892389059067 
-0.3266385793685913,-0.30921435356140137,0.47141560912132263 
-0.06860331445932388,0.7631651163101196,0.09008228778839111 
-0.2671939730644226,0.2999952435493469,0.6157625317573547 
-0.29683515429496765,-0.6291742324829102,0.18374371528625488 
-0.2983761429786682,-0.07363809645175934,0.13956253230571747 
0.02563558705151081,-0.26711422204971313,-0.37872204184532166 
-0.08026052266359329,0.16152474284172058,-0.26600775122642517 
-0.08043663948774338,0.13118496537208557,0.2721528112888336 
-0.28034520149230957,-0.11674459278583527,-0.21669521927833557 
0.2179795652627945,-0.13888490200042725,0.26007628440856934 
0.44667890667915344,-0.36674562096595764,0.24539993703365326 
-0.1688888669013977,0.1344221532344818,0.2287108451128006 
-0.026638567447662354,-0.42026692628860474,0.1581960916519165 
-0.30181458592414856,-0.0598004013299942,-0.12553416192531586 
-0.1558898240327835,0.6151436567306519,0.014436221681535244 
-0.29700374603271484,0.6993284821510315,-0.3365200459957123 
-0.41823452711105347,0.4812019467353821,-0.5317070484161377 
0.27165302634239197,-0.3061113953590393,0.320962131023407 
0.31945598125457764,-0.10726787149906158,0.08183837682008743 
-0.09693285077810287,0.532117486000061,0.13117605447769165 
-0.04243624210357666,-0.24423468112945557,0.17362721264362335 
0.42220592498779297,0.6342804431915283,0.47294074296951294 
0.3458734154701233,-0.18878448009490967,-0.07134071737527847 
0.05755453556776047,-0.25117993354797363,0.3803384304046631 
0.1719377636909485,0.2723042964935303,-0.1718275398015976 
0.4950844645500183,-0.047991007566452026,0.4279891848564148 
0.38136374950408936,0.8257437944412231,-0.14760614931583405 
0.5402876138687134,0.5127434730529785,-0.2589702606201172 
0.16254490613937378,0.20182430744171143,0.20388685166835785 
0.18139895796775818,-0.06095898151397705,-0.5487315654754639 
0.19181372225284576,0.16490867733955383,0.17151503264904022 
-0.019844304770231247,-0.01333928108215332,-0.31020447611808777 
0.6169400811195374,0.19809947907924652,-0.3879627287387848 
-0.3185875713825226,-0.15767064690589905,0.14996176958084106 
0.37363266944885254,-0.23012986779212952,-0.04669284448027611 
-0.31020107865333557,-0.22979439795017242,-0.206212118268013 
0.10979393124580383,0.4286283552646637,-0.152957946062088 
-0.18306201696395874,0.34124118089675903,-0.1189088448882103 
-0.2518634796142578,-0.25404685735702515,-0.002572774887084961 
0.35602104663848877,-0.30636298656463623,0.42067739367485046 
0.18720115721225739,-0.3061113953590393,0.44374021887779236 
-0.42199286818504333,-0.36758431792259216,0.051487699151039124 
-0.10062290728092194,0.7619071006774902,0.02273883856832981 
-0.04194268211722374,0.05383643880486488,0.30091843008995056 
0.2945481240749359,-0.02440943755209446,0.08798566460609436 
-0.08697809278964996,0.7610684633255005,-0.05726820230484009 
0.0923500508069992,0.39114075899124146,-0.19103258848190308 
0.1290828436613083,0.4361761808395386,0.1475297063589096 
0.06949688494205475,0.736663818359375,-0.09450417757034302 
0.2300129234790802,0.6796512603759766,-0.09569382667541504 
-0.07064961642026901,0.24605460464954376,-0.23128768801689148 
0.14972913265228271,-0.012317359447479248,-0.777934193611145 
-0.15035472810268402,-0.1543160378932953,0.3146722912788391 
-0.3204326033592224,-0.04956887289881706,0.1011524423956871 
-0.29862773418426514,0.032786376774311066,0.04503010958433151 
-0.36580345034599304,-0.3883827328681946,-0.33418983221054077 
-0.08626524358987808,0.682654857635498,-0.09089799225330353 
-0.12167296558618546,0.3482019603252411,0.17445030808448792 
-0.23312930762767792,0.01936800219118595,0.2141183763742447 
-0.6616102457046509,-0.06414583325386047,0.429834246635437 
0.003178264945745468,-0.30695003271102905,-0.4459816515445709 
-0.35406237840652466,-0.11439638584852219,0.013899487443268299 
0.3811960518360138,0.5786780118942261,-0.5147663354873657 
-0.31120747327804565,0.036979611963033676,-0.03538786619901657 
-0.044030919671058655,0.7549462914466858,-0.09483963996171951 
0.3475243151187897,0.5985540151596069,0.5307235717773438 
0.2900114953517914,-0.666829526424408,-0.6908824443817139 
0.09218231588602066,0.8137355446815491,0.013387911021709442 
0.4478530287742615,-0.3671649694442749,0.39576956629753113 
-0.21182765066623688,-0.36674562096595764,0.44575294852256775 
-0.5129178762435913,0.46123960614204407,0.47746944427490234 
-0.19051045179367065,-0.04368281364440918,0.42161548137664795 
0.22435328364372253,-0.366829514503479,-0.41402915120124817 
-0.7772598266601562,-0.009214341640472412,-0.5696139335632324 
-0.15664459764957428,0.2919286787509918,-0.16906000673770905 
0.3267761468887329,0.07059383392333984,0.09563292562961578 
-0.04365352913737297,0.44758179783821106,-0.18172357976436615 
-0.3559074103832245,-0.2905963957309723,0.18401089310646057 
-0.3175811767578125,-0.36758431792259216,-0.40530720353126526 
-0.17324982583522797,-0.3061113953590393,0.38235118985176086 
0.16422219574451447,0.010729917325079441,0.2654436230659485 
-0.2422705590724945,-0.3061113953590393,0.4053301513195038 
0.4096945524215698,-0.30636298656463623,0.21361517906188965 
-0.24998612701892853,-0.17528225481510162,-0.25476983189582825 
0.39434728026390076,-0.3061113953590393,-0.1928776055574417 
0.21974071860313416,0.14098037779331207,-0.1475067436695099 
-0.020204924046993256,-0.3134075999259949,0.37715157866477966 
0.18107903003692627,-0.03413775935769081,-0.27162668108940125 
-0.2516634166240692,0.18686281144618988,0.06176113709807396 
-0.09988366067409515,0.03327399492263794,-0.20077645778656006 
-0.07058373093605042,-0.6284194588661194,-0.40263909101486206 
0.17822761833667755,0.42560920119285583,-0.08880137652158737 
0.04083189368247986,0.460748553276062,0.18694615364074707 
0.19432967901229858,0.1905193328857422,-0.15899622440338135 
-0.30080822110176086,-0.19205519556999207,0.21973729133605957 
-0.024206489324569702,-0.6307677030563354,0.09496200084686279 
0.26838231086730957,0.07944875955581665,-0.07918208092451096 
0.3721230924129486,-0.32061997056007385,-0.03185715898871422 
-0.00962202250957489,-0.17134059965610504,0.35065028071403503 
-0.004986813757568598,0.9081673622131348,0.05803753808140755 
-0.004504591226577759,0.2842130959033966,0.2407035082578659 
0.04749076068401337,0.6051637530326843,0.13092446327209473 
0.055005043745040894,0.7732288241386414,0.07440795004367828 
-0.19025886058807373,-0.06313943862915039,-0.4688084125518799 
0.11138736456632614,0.06339702755212784,0.2631792724132538 
0.22435328364372253,-0.36758431792259216,0.39828550815582275 
-0.10959643870592117,-0.364313542842865,0.3649911880493164 
0.30251529812812805,-0.047304533421993256,-0.08474231511354446 
-0.12517976760864258,-0.6664102077484131,-0.12026622891426086 
0.35409215092658997,-0.36674562096595764,-0.21635974943637848 
0.4250417947769165,-0.3061113953590393,-0.047187648713588715 
0.0059944456443190575,0.42678332328796387,0.18895891308784485 
0.1679961085319519,0.399862676858902,0.1190156564116478 
-0.14968381822109222,0.6213496923446655,-0.039170172065496445 
-0.48489147424697876,-0.31600743532180786,0.19826790690422058 
0.4042433202266693,-0.36758431792259216,0.22527238726615906 
0.36608484387397766,-0.19171975553035736,0.01367305126041174 
-0.32586580514907837,1.2512738704681396,-0.3582242727279663 
0.21194130182266235,0.3449312448501587,-0.060941483825445175 
0.4523817300796509,-0.36674562096595764,0.1832561045885086 
0.14785301685333252,-0.6062791347503662,0.12830907106399536 
0.040194518864154816,0.5755594968795776,-0.1578221172094345 
-0.17239564657211304,-0.06691336631774902,0.11531004309654236 
0.1488749384880066,-0.3061113953590393,-0.4000237286090851 
0.37128445506095886,-0.30661457777023315,-0.30794012546539307 
0.44038906693458557,-0.3061113953590393,-0.2159404307603836 
-0.6205164194107056,0.2342452108860016,-0.3711143136024475 
-0.27002981305122375,0.19242306053638458,-0.023940321058034897 
0.11943838745355606,0.5752240419387817,-0.10599365830421448 
0.17177003622055054,0.5105642676353455,-0.03672970458865166 
0.12403538823127747,-0.6363027095794678,0.17963436245918274 
0.138475701212883,0.3399832248687744,-0.15975099802017212 
0.34075766801834106,-0.10206826031208038,-0.02629692107439041 
0.07099806517362595,0.13837216794490814,0.2703078091144562 
0.26234403252601624,-0.26552078127861023,-0.26835593581199646 
-0.08014431595802307,-0.6987820267677307,0.6443604230880737 
0.07296174764633179,-0.6134076118469238,-0.2779404819011688 
-0.4492645263671875,0.6993595361709595,0.451219767332077 
-0.32974159717559814,-0.12102171033620834,0.09117253124713898 
-0.04258005693554878,0.705633819103241,-0.12301821261644363 
-0.15278682112693787,-0.32514867186546326,0.48273736238479614 
-0.24705086648464203,-0.3134075999259949,0.2881709933280945 
-0.25183117389678955,0.11851299554109573,-0.11798632889986038 
0.18914559483528137,0.42274224758148193,0.23737284541130066 
-0.27489399909973145,0.010478331707417965,0.13662727177143097 
0.14308826625347137,0.5013391375541687,-0.08536291867494583 
-0.3645454943180084,-0.366829514503479,0.2396971434354782 
0.27727198600769043,-0.01124266255646944,0.12497005611658096 
-0.08396735042333603,0.6317489147186279,-0.1251148283481598 
-0.324389785528183,0.8784108757972717,0.45868372917175293 
0.1586032509803772,-0.279861718416214,0.35844969749450684 
0.36540430784225464,-0.05139836668968201,0.6711971759796143 
0.28364571928977966,-0.3041824996471405,0.24841907620429993 
0.32130101323127747,-0.1377108097076416,0.1426655352115631 
0.08698269724845886,-0.36674562096595764,0.47175106406211853 
0.027933483943343163,0.7623264789581299,-0.09559442102909088 
0.4724254310131073,-0.3120657801628113,-0.1111094057559967 
0.7761154770851135,-0.0361349880695343,-0.7297118902206421 
0.24640972912311554,0.07920554280281067,0.15910303592681885 
-0.3379591107368469,1.1423335075378418,-0.3856983780860901 
-0.2533407211303711,0.19196179509162903,-0.09894901514053345 
0.35375669598579407,-0.279861718416214,0.13184697926044464 
-0.2201458215713501,-0.05131453275680542,-0.7871593236923218 
-0.01912306807935238,-0.366829514503479,-0.43650496006011963 
0.6560210585594177,-0.09886586666107178,0.05165666341781616 
-0.2412641942501068,0.01710365153849125,-0.2084764689207077 
-0.11754804849624634,-0.6283355951309204,0.7817310094833374 
-0.44371387362480164,-0.36758431792259216,0.34377336502075195 
0.090421162545681,0.6193369030952454,0.11624811589717865 
0.11298079788684845,0.6470961570739746,-0.058022983372211456 
-0.035694755613803864,0.6235301494598389,-0.13442382216453552 
-0.2816031575202942,-0.3664940297603607,0.48407918214797974 
0.21068331599235535,0.10649515688419342,-0.17509825527668 
0.22779175639152527,0.1983439177274704,0.12564097344875336 
-0.19019052386283875,0.4404532313346863,-0.024502214044332504 
0.040488049387931824,0.7065563201904297,0.11767382174730301 
-0.3052530288696289,-0.142910435795784,-0.1954774260520935 
-0.17811399698257446,-0.3161751627922058,-0.33779603242874146 
0.36491072177886963,-0.32061997056007385,-0.08561450988054276 
0.46026501059532166,-0.3665779232978821,0.07085208594799042 
-0.15547050535678864,-0.10332624614238739,-0.29955366253852844 
0.1758638620376587,-0.6160074472427368,0.26816800236701965 
-0.2688557207584381,-0.25252172350883484,0.2812940776348114 
0.43847572803497314,-0.6674165725708008,0.08738306164741516 
0.13689781725406647,-0.29715338349342346,-0.04118168354034424 
-0.0741887092590332,0.8371338248252869,-0.03849925473332405 
0.3461250066757202,-0.36548763513565063,-0.4704701900482178 
0.33964940905570984,1.281632900238037,-0.32842710614204407 
-0.2819374203681946,0.020023375749588013,0.06762206554412842 
-0.20226706564426422,0.2608148157596588,-0.1286371499300003 
0.2949674725532532,-0.108525849878788,-0.15086133778095245 
-0.26030150055885315,-0.29688623547554016,-0.28789645433425903 
-0.044029682874679565,0.46531039476394653,0.2137145847082138 
0.11089971661567688,0.16410315036773682,-0.2448306381702423 
-0.4649316966533661,-0.3675004243850708,-0.32219716906547546 
0.2797040641307831,0.12813228368759155,-0.011100616306066513 
-0.08556916564702988,0.4338279366493225,0.1829206496477127 
0.1565905064344406,-0.3093821108341217,0.47141560912132263 
-0.41872215270996094,-0.3061113953590393,-0.07019177079200745 
0.4096945524215698,-0.30695003271102905,0.06022641435265541 
0.1791345775127411,-0.6241423487663269,0.6491407155990601 
-0.17501099407672882,-0.15968337655067444,-0.3055080473423004 
-0.341985821723938,-0.30695003271102905,0.2672886550426483 
-0.15305396914482117,-0.34529179334640503,-0.0060423314571380615 
-0.4494166672229767,-0.3061952292919159,-0.008833750151097775 
-0.18113313615322113,0.15164798498153687,-0.21577270328998566 
-0.29594406485557556,-0.3061113953590393,-0.3386346697807312 
0.3790000379085541,-0.3061113953590393,0.1829206496477127 
-0.2039443552494049,-0.3065306842327118,-0.4000237286090851 
0.41732627153396606,-0.3061113953590393,-0.39230814576148987 
0.14510101079940796,0.3070243299007416,-0.18356861174106598 
-0.41872215270996094,-0.3061113953590393,-0.131572425365448 
0.30226370692253113,-0.3061952292919159,-0.3156557083129883 
0.2517770826816559,0.13991528749465942,0.07574140280485153 
0.39443114399909973,-0.3061952292919159,0.121615469455719 
0.26318269968032837,-0.36758431792259216,-0.3993527889251709 
-0.2980406582355499,-0.32800009846687317,0.23760052025318146 
0.3020121157169342,-0.17251470685005188,0.19893883168697357 
0.4775411784648895,-0.31994909048080444,0.23919394612312317 
-0.7814530730247498,-0.012065768241882324,-0.053981930017471313 
0.09605565667152405,-0.02917417883872986,-0.7860690355300903 
-0.5186206698417664,0.24707654118537903,-0.5385839343070984 
0.2211664319038391,0.27079471945762634,0.05337465554475784 
0.3082181215286255,-0.32053613662719727,-0.213340625166893 
0.2485063523054123,0.06532592326402664,-0.16511835157871246 
0.2387780398130417,-0.04361448064446449,-0.20528960227966309 
-0.07970701158046722,0.09300131350755692,-0.28529664874076843 
0.0897502452135086,0.4111844599246979,0.18317224085330963 
0.17436984181404114,0.09754678606987,0.23089131712913513 
-0.6352766752243042,0.10928665101528168,-0.4376945495605469 
0.1985229104757309,0.3705938458442688,-0.032284870743751526 
0.4207802414894104,0.5303131937980652,-0.524746298789978 
-0.06396558880805969,0.5456197261810303,-0.14826153218746185 
0.1034202054142952,0.7275225520133972,0.01102292351424694 
-0.5361484289169312,0.47680744528770447,0.44014960527420044 
-0.350456178188324,-0.3255680203437805,-0.15337727963924408 
0.10098812729120255,0.09210395812988281,-0.27523285150527954 
0.2838973104953766,-0.08152136951684952,0.15449047088623047 
-0.14465193450450897,0.5304402112960815,-0.10582592338323593 
-0.039938315749168396,0.37688371539115906,-0.20218661427497864 
-0.17257891595363617,-0.2893384099006653,0.34503135085105896 
0.2698080241680145,-0.15322579443454742,-0.23522934317588806 
0.2261144518852234,-0.3038470149040222,0.3040214478969574 
0.3790000379085541,-0.307117760181427,-0.4680381119251251 
-0.6141427159309387,0.30771079659461975,-0.3687576949596405 
0.3691878318786621,-0.34359896183013916,0.06114892289042473 
-0.47155702114105225,-0.3675004243850708,-0.06470701098442078 
0.3808605670928955,0.2870800495147705,-0.5988827347755432 
0.5516093969345093,-0.05793985724449158,-0.18699154257774353 
0.16314750909805298,0.2842814326286316,-0.21058863401412964 
-0.21192707121372223,0.16393539309501648,0.12943044304847717 
-0.44170111417770386,-0.3061113953590393,-0.1698986440896988 
-0.05154520645737648,-0.20413173735141754,0.3568562865257263 
-0.44170111417770386,-0.30636298656463623,0.2903515100479126 
0.15969350934028625,-0.20698314905166626,-0.33913785219192505 
0.19315555691719055,-0.15985111892223358,0.30192482471466064 
0.41573280096054077,-0.36733266711235046,0.04905562102794647 
-0.3049176037311554,-0.2528572082519531,0.24154217541217804 
0.31090179085731506,-0.2156212329864502,0.18141108751296997 
-0.34803128242492676,0.011133730411529541,-0.07120531797409058 
0.30989542603492737,-0.22610433399677277,-0.21485018730163574 
-0.49042657017707825,-0.35819146037101746,0.35325008630752563 
-0.2569469213485718,-0.18744264543056488,0.2682950496673584 
0.3974658250808716,0.5035938620567322,-0.5443705916404724 
0.287168025970459,-0.03187340870499611,-0.12008294463157654 
-0.10062290728092194,0.8211156725883484,0.006001098081469536 
0.04422841966152191,0.6179112195968628,-0.14482305943965912 
-0.4911130666732788,-0.012065768241882324,0.7757766246795654 
0.08597632497549057,-0.09208834171295166,0.33110979199409485 
0.03320983052253723,-0.37221240997314453,0.31777405738830566 
-0.13433656096458435,0.3965080976486206,-0.16838908195495605 
0.1549970656633377,-0.36599087715148926,-0.44950398802757263 
0.1400691270828247,0.15237760543823242,-0.2221464365720749 
-0.38458919525146484,-0.30929824709892273,0.018704941496253014 
0.2728271484375,-0.23784540593624115,0.2449806183576584 
