-0.08533978462219238,0.07265183329582214,-0.3834943473339081 
0.3694951832294464,-0.14607498049736023,0.8527712821960449 
-0.7549835443496704,0.006605304777622223,0.296584814786911 
0.8019454479217529,-0.09119676053524017,-0.07492446154356003 
-0.2840128242969513,-0.042733725160360336,0.7155147194862366 
-0.07202282547950745,0.018766678869724274,0.17026874423027039 
-0.8134656548500061,-0.2991716265678406,-0.17079710960388184 
0.1956872045993805,-0.24276450276374817,-0.9378081560134888 
-0.10569266229867935,0.34538447856903076,0.9051657915115356 
0.3844766318798065,-0.31839126348495483,-0.5580652952194214 
0.09448277950286865,0.08989901840686798,0.579203188419342 
-0.2430688738822937,-0.06575906276702881,-0.02191891334950924 
0.3230723738670349,-0.059549640864133835,0.02805211953818798 
1.141648769378662,0.25218045711517334,0.31077778339385986 
-0.592570424079895,-0.03048364818096161,0.1837311089038849 
0.047334786504507065,-0.09896225482225418,0.12569528818130493 
-0.3538528084754944,-0.32381218671798706,-0.3604307770729065 
0.07152196019887924,-0.045031432062387466,-0.6291113495826721 
0.034522898495197296,-0.05466216057538986,-0.09149516373872757 
-0.004964284598827362,0.2639315128326416,0.5757129788398743 
0.569280743598938,-0.08202182501554489,-0.16951580345630646 
0.22805842757225037,0.0433749184012413,0.6509159207344055 
0.08977742493152618,-0.006859488785266876,-0.06680293381214142 
-0.26505568623542786,0.07837829738855362,0.43447333574295044 
-1.0133497714996338,0.22280892729759216,0.10401400178670883 
-0.24365782737731934,0.3112093508243561,0.14795303344726562 
-0.2283831238746643,0.04467988386750221,0.4396797716617584 
-0.08909501135349274,-0.09158235788345337,-0.21859976649284363 
0.11333204060792923,-0.05015666410326958,-0.4020240306854248 
-0.4717331826686859,-0.018863165751099586,-0.01060397271066904 
0.49792173504829407,-0.24513983726501465,0.35465526580810547 
-0.2587476968765259,0.2659594714641571,-0.9588192701339722 
0.3028671145439148,-0.027142390608787537,-0.18597570061683655 
-0.006492985878139734,0.23968519270420074,0.780130922794342 
0.7656166553497314,0.007600785233080387,0.22335311770439148 
-0.39101073145866394,-0.019326409325003624,-0.19080524146556854 
-0.03580242395401001,0.10934653878211975,-0.5715510249137878 
0.07117697596549988,0.07464279234409332,-0.2623613774776459 
-0.055603574961423874,-0.08359881490468979,-0.48747745156288147 
0.1025845929980278,-0.04608724266290665,-0.8793202042579651 
-0.6566358804702759,-0.006000800523906946,0.0021696866024285555 
0.09248612821102142,0.0334487222135067,0.5343168377876282 
0.4857000410556793,-0.012338349595665932,-0.019356295466423035 
0.15305259823799133,-0.0822189524769783,-0.03238622471690178 
0.059103112667798996,0.08761357516050339,0.3028928339481354 
-0.09962145984172821,0.030867377296090126,-0.018902910873293877 
-0.1019684299826622,0.05577678233385086,-0.4401269555091858 
0.18755802512168884,0.12261180579662323,0.19061940908432007 
0.11861255019903183,0.27866414189338684,-0.1801605224609375 
-0.006387524306774139,0.07867398113012314,0.8183730840682983 
-0.09675329178571701,0.017545709386467934,0.288601279258728 
-0.08423589169979095,-0.04209427535533905,-0.6481338143348694 
0.05803864076733589,0.09192074090242386,-0.4483482837677002 
-0.2396191954612732,-0.06403422355651855,-0.1752324104309082 
-0.08661124855279922,-0.044144369661808014,0.14795303344726562 
0.06966898590326309,-0.013402820564806461,-0.7745891809463501 
-0.024704324081540108,-0.0623093843460083,0.40805867314338684 
-0.02126450277864933,0.11941959708929062,0.6058729290962219 
0.6045660376548767,-0.09996014088392258,0.17520307004451752 
0.08327056467533112,-0.020292319357395172,-0.14931055903434753 
0.21786469221115112,0.04159247875213623,-0.10160645097494125 
-0.6070764064788818,-0.26411306858062744,0.3110414743423462 
0.2270728051662445,-0.04673655331134796,-0.31223389506340027 
-0.014930895529687405,-0.09946732968091965,-0.3419996500015259 
-0.0016594957560300827,0.366041898727417,0.6860040426254272 
0.4424312114715576,-0.015038954094052315,-0.15837827324867249 
0.6353174448013306,-0.008395861834287643,0.1658913642168045 
-0.24602574110031128,0.044699594378471375,0.7878188490867615 
-0.8203476667404175,0.01170097105205059,0.24414974451065063 
-0.04132191091775894,-0.023426594212651253,0.5419061183929443 
0.7962115406990051,0.12384383380413055,0.27456483244895935 
0.23426784574985504,0.0458034910261631,0.7903813719749451 
-0.11444520950317383,-0.09522915631532669,-0.07617740333080292 
-0.020950302481651306,-0.06069767102599144,0.8299627900123596 
0.10978379845619202,0.040957190096378326,0.726513147354126 
0.05195735767483711,0.08031997829675674,-0.6717888116836548 
0.08904630690813065,-0.051940638571977615,-0.2748787999153137 
0.3875320553779602,-0.11513872444629669,-0.22244371473789215 
-0.2648092806339264,-0.04889506846666336,-1.0268272161483765 
-0.0009872987866401672,0.37266290187835693,0.2888796925544739 
-0.35651397705078125,-0.05024537444114685,-0.07312197983264923 
-0.3487275540828705,-0.12923312187194824,-0.23584815859794617 
-0.5743364691734314,-0.08024770021438599,-0.050501950085163116 
-0.711633563041687,-0.0037732915952801704,0.16667985916137695 
-0.22522670030593872,0.11857196688652039,0.2228086143732071 
-0.49873921275138855,-0.01394491083920002,-0.12959812581539154 
-0.050841812044382095,-0.18606287240982056,0.25012141466140747 
0.06903818249702454,0.012864005751907825,0.40815725922584534 
0.5838679671287537,-0.002373709809035063,0.04885366931557655 
0.00059538334608078,0.12736447155475616,-0.5980235934257507 
0.7954809665679932,0.02330174297094345,0.10904067009687424 
0.25733140110969543,-0.05035379156470299,-0.0793313980102539 
-0.5547225475311279,-0.024313654750585556,0.07306547462940216 
0.08455187827348709,-0.01222007256001234,-0.5087668895721436 
0.18271981179714203,-0.04639158397912979,-0.2016470730304718 
0.08799169957637787,0.012331769801676273,0.22098761796951294 
-0.1406627595424652,0.04176736995577812,0.5656595826148987 
-0.10069577395915985,0.017535854130983353,-0.2744845449924469 
-0.2982637286186218,-0.0349583737552166,-0.274583101272583 
0.3708750605583191,0.1725027859210968,-0.07154498249292374 
-0.013986669480800629,0.1427985578775406,0.716065526008606 
-0.04013916105031967,0.11310175806283951,-0.29005739092826843 
-0.045491091907024384,0.10910999774932861,0.33029311895370483 
-0.00036438554525375366,0.044867150485515594,-0.8498907089233398 
-0.1072501614689827,-0.06664612144231796,-0.39266061782836914 
0.43864521384239197,-0.04250703379511833,0.6481967568397522 
-0.9125033020973206,0.02397196739912033,0.18974339962005615 
0.08778471499681473,0.0019925953820347786,-0.02411685325205326 
0.4285339415073395,-0.03838833421468735,0.0742679312825203 
-0.336210161447525,-0.05530161410570145,0.030890710651874542 
-0.060481198132038116,-0.008239366114139557,-0.29869022965431213 
0.6020033955574036,-0.013156414963304996,-0.08514656126499176 
-0.007820619270205498,0.3418942093849182,0.8245825171470642 
0.009713595733046532,0.23613694310188293,0.6746693849563599 
-0.0005900958203710616,-0.09335647523403168,-0.6915997862815857 
0.08453216403722763,0.04206995293498039,-0.35836097598075867 
-0.4159063398838043,-0.04697189852595329,0.6138970851898193 
-0.08173241466283798,0.06292374432086945,-0.6498094201087952 
-0.0004314105899538845,-0.09463778883218765,-0.5717481374740601 
-0.09779804944992065,-0.013501380570232868,-0.1336391717195511 
-0.09883294254541397,0.03456345945596695,0.08539561182260513 
0.3556964695453644,0.15528397262096405,-0.48788899183273315 
0.049481019377708435,-0.15101537108421326,-0.16488337516784668 
0.07296096533536911,0.03400658443570137,0.6329776048660278 
0.029465459287166595,0.10412274301052094,0.4137752950191498 
0.15058733522891998,0.19890880584716797,0.0908275917172432 
0.028617827221751213,-0.07354547828435898,-0.8482151031494141 
-0.058925118297338486,0.10193466395139694,-0.08672355860471725 
0.025936933234333992,-0.09444066137075424,-0.43090274930000305 
0.07116711884737015,0.06851222366094589,-0.5612019896507263 
-0.06349840760231018,-0.07137710601091385,0.2404043823480606 
-0.3939675986766815,-0.06349212676286697,-0.29015591740608215 
0.06289775669574738,0.086105577647686,-0.16715030372142792 
-0.6069604754447937,-0.019967062398791313,-0.11855914443731308 
-0.05820440873503685,0.00584758073091507,0.19235409796237946 
0.8604335188865662,0.017190884798765182,0.2622852027416229 
-0.7252351641654968,0.015387198887765408,0.06972421705722809 
0.07835230976343155,-0.012022948823869228,0.31205910444259644 
-0.17772214114665985,-0.04259694367647171,-0.24856267869472504 
-0.08306300640106201,0.04281114414334297,0.6438193917274475 
-0.08806011080741882,-0.05549873411655426,0.043677184730768204 
0.17632193863391876,-0.17127853631973267,0.13842381536960602 
-0.06639492511749268,0.06666790693998337,0.5865141749382019 
-0.2531887888908386,0.30530548095703125,-0.6751571893692017 
0.18646518886089325,-0.09976302087306976,-0.11767208576202393 
-0.5076098442077637,-0.04638173058629036,0.15199409425258636 
-0.09199273586273193,0.0583997406065464,0.2053162306547165 
-0.005297426600009203,0.12090788781642914,-0.38921093940734863 
0.3348592221736908,0.02882002294063568,-0.09356257319450378 
0.02621290646493435,0.0956069752573967,0.530571460723877 
-0.08390077948570251,-0.026748141273856163,-0.7413737177848816 
-0.15345370769500732,0.04366229474544525,-0.21629101037979126 
0.08486727625131607,-0.09789033979177475,-0.10476043820381165 
-0.6413587331771851,0.0003466074413154274,0.09604032337665558 
0.017046622931957245,0.0583997406065464,0.7314412593841553 
-0.3704112470149994,-0.09749608486890793,-0.15414009988307953 
0.14283914864063263,-0.15062111616134644,-0.226383775472641 
-0.09068185836076736,-0.033046264201402664,-0.5613005757331848 
0.042071565985679626,0.06947813183069229,-0.757439374923706 
0.719292402267456,-0.0006390165071934462,0.14282779395580292 
0.8374858498573303,-0.08734419196844101,-0.31244829297065735 
-0.0521637499332428,-0.11208328604698181,-0.1337377279996872 
-0.10529743134975433,0.02090788632631302,-0.10667375475168228 
-0.08122973889112473,0.0023769885301589966,0.3979067802429199 
-0.5596506595611572,-0.0028960902709513903,-0.009815475903451443 
-0.0563526451587677,0.07526373118162155,0.5230807662010193 
0.1606418937444687,0.03774702176451683,0.5990722179412842 
0.32731056213378906,-0.12499494850635529,-0.28838181495666504 
-0.06029513478279114,-0.05903711915016174,0.32398509979248047 
0.5101433992385864,-0.00770592549815774,-0.10949143022298813 
-0.029583152383565903,-0.0970032811164856,0.11678766459226608 
0.5035976767539978,0.036971114575862885,-0.10318224132061005 
-0.19723746180534363,-0.10074863582849503,-0.08672355860471725 
-0.6103116273880005,-0.07157422602176666,0.025528928264975548 
-0.09487196058034897,0.004475153982639313,0.13813799619674683 
-0.27835413813591003,-0.04436120763421059,-0.0989452674984932 
-0.08998207002878189,-0.08202182501554489,-0.3125295639038086 
0.1628977656364441,0.18610557913780212,0.10499842464923859 
-0.6508206725120544,-0.08497868478298187,-0.09717115014791489 
0.5071865916252136,-0.04257723316550255,0.05419081449508667 
0.15029285848140717,-0.063630111515522,-0.3310592472553253 
-0.02507885918021202,0.11809886246919632,0.22621141374111176 
0.02987942099571228,-0.01096833311021328,0.5751215815544128 
0.3813226521015167,-0.02701425738632679,-0.20785649120807648 
-0.017903530970215797,0.29478147625923157,0.7203036546707153 
0.0727638378739357,-0.09434209764003754,-0.3396341800689697 
-0.4172282814979553,-0.05529175326228142,0.033413901925086975 
-0.4285629391670227,-0.018675899133086205,-0.07696589827537537 
0.3509654998779297,-0.07117997854948044,-0.1337377279996872 
0.041194360703229904,-0.05448354408144951,0.366564005613327 
0.5723361968994141,-0.03644666075706482,0.11822667717933655 
0.012552187778055668,0.19464226067066193,0.6070557236671448 
-0.21419015526771545,0.05015008524060249,0.716065526008606 
-0.015508470125496387,-0.10587388277053833,-0.25349077582359314 
0.6356131434440613,0.005678821355104446,-0.017828581854701042 
0.19178754091262817,0.04938130080699921,0.718923807144165 
-0.1571226418018341,-0.058248624205589294,-0.17582377791404724 
0.5630713701248169,-0.08685137331485748,-0.08830054849386215 
-0.10069577395915985,0.00710797356441617,-0.4204551577568054 
0.6487219333648682,-0.008997088298201561,0.09043213725090027 
0.07884511351585388,-0.010692358016967773,-0.6966264247894287 
-0.020505573600530624,0.2998081147670746,0.6445093154907227 
0.08766644448041916,0.007127685006707907,-0.22747036814689636 
-0.31334370374679565,-0.049782127141952515,-0.2018442004919052 
-0.06754931062459946,-0.00436466746032238,0.4720255434513092 
0.28621014952659607,-0.0468449704349041,-0.2584189176559448 
-0.01679963618516922,0.3876270353794098,0.7581515312194824 
0.0265677310526371,0.11030259728431702,-0.5176374912261963 
-0.11452164500951767,0.03768590837717056,-0.30229637026786804 
0.20247289538383484,-0.05003718286752701,0.7203443050384521 
0.42839473485946655,0.03039701282978058,-0.2539256811141968 
-0.7905818819999695,0.017703408375382423,0.17624038457870483 
0.03564531356096268,-0.08409162610769272,-0.5036417245864868 
0.27113011479377747,0.04482772573828697,0.7111374139785767 
-0.052497658878564835,0.0011264532804489136,-0.23411467671394348 
0.05723043531179428,0.056113097816705704,0.4736025333404541 
-0.03626566752791405,-0.08517581224441528,-0.7652257680892944 
-0.3110767900943756,-0.1498696208000183,0.8217242360115051 
-0.7916080951690674,-0.08048304915428162,0.16267943382263184 
0.11924576759338379,-0.08359881490468979,-0.19070667028427124 
-0.06816040724515915,0.023084908723831177,-0.8187450766563416 
0.5249683856964111,-0.13619039952754974,-0.0623207613825798 
-0.09604363888502121,0.037468086928129196,-0.5771690607070923 
0.08398886024951935,0.20541390776634216,-0.7711974382400513 
0.8246554136276245,0.02505319193005562,0.1839282363653183 
-0.21032804250717163,-0.2948349118232727,-0.010256603360176086 
-0.4793224632740021,-0.03652551397681236,0.06458912789821625 
0.2323828935623169,0.19306287169456482,-1.0875414609909058 
-0.1568269431591034,0.0494108684360981,0.6431294679641724 
-0.14233830571174622,-0.09197661280632019,-0.010337856598198414 
0.24964354932308197,-0.06199398264288902,-0.15423865616321564 
0.03684777021408081,-0.07640377432107925,-0.7749834060668945 
-0.06210867315530777,0.09984514862298965,0.08018166571855545 
-0.08854305744171143,-0.04508071392774582,-0.03454472869634628 
0.322579562664032,-0.08990679681301117,-0.21524864435195923 
0.0825904831290245,-0.02388983778655529,0.1427292376756668 
-0.03600940853357315,-0.008474711328744888,0.6099140048027039 
0.08372394740581512,0.04578378051519394,0.15623226761817932 
-0.07610450685024261,0.08378936350345612,0.2681989073753357 
-0.0006383914151228964,-0.11090055108070374,-0.03989666327834129 
0.06409036368131638,-0.05748969316482544,0.21576382219791412 
-0.0409867987036705,0.000790134072303772,-0.8849788308143616 
-0.08580302447080612,0.05310695245862007,0.3509911596775055 
-0.02788788266479969,0.08240949362516403,0.6849198341369629 
1.1231191158294678,0.23665988445281982,0.03665899485349655 
-0.09779804944992065,-0.013491526246070862,0.22621141374111176 
-0.19977892935276031,-0.18154752254486084,0.9859461784362793 
-0.10069577395915985,0.00710797356441617,-0.2066737562417984 
-0.04174572601914406,-0.09591909497976303,-0.40478378534317017 
-0.2745508551597595,-0.15893855690956116,-0.2559954822063446 
0.18656253814697266,0.13266810774803162,-0.5309027433395386 
-0.3089084029197693,-0.27896639704704285,0.16719982028007507 
-0.20027470588684082,0.12023767083883286,0.061137035489082336 
0.07668661326169968,-0.06595618277788162,0.17066919803619385 
-0.5315604209899902,-0.022164998576045036,-0.0708550363779068 
0.16704842448234558,-0.04110865294933319,-0.2693593204021454 
-0.4049080014228821,-0.09227228909730911,-0.22796319425106049 
-0.6473709940910339,-0.06322601437568665,-0.03270161896944046 
0.5975680947303772,-0.06822311878204346,0.03442810848355293 
-0.5738435983657837,-0.08665424585342407,-0.11777064949274063 
0.03704489395022392,0.10102789103984833,-0.6093003749847412 
0.18262125551700592,-0.09838314354419708,0.03885749354958534 
-0.1988329440355301,-0.06543654203414917,0.013276442885398865 
0.5732232332229614,-0.01641882210969925,-0.024047860875725746 
0.0674808993935585,-0.05551844462752342,-0.5561753511428833 
0.02160019800066948,0.08174912631511688,0.6409611105918884 
0.45327305793762207,-0.03201136738061905,-0.08662499487400055 
0.02084992825984955,-0.01845785230398178,-0.08240532875061035 
0.49945810437202454,-0.20754943788051605,-0.19537973403930664 
-0.058302972465753555,-0.0008471980690956116,-0.014712810516357422 
0.15117992460727692,0.037100449204444885,0.6693470478057861 
0.11155792325735092,-0.15367653965950012,-0.12526138126850128 
0.08700607717037201,0.012331769801676273,-0.30050498247146606 
-0.030815178528428078,-0.09079385548830032,-0.6291113495826721 
-0.08801081776618958,0.03335902839899063,-0.7073697447776794 
0.16699793934822083,0.16487526893615723,0.2632128894329071 
-0.5749450922012329,-0.33662527799606323,-0.5004063844680786 
-0.3411555588245392,-0.04232097044587135,-0.5163734555244446 
-0.8612509965896606,0.018018808215856552,0.1473616659641266 
-0.5143526196479797,-0.10976587235927582,0.04461922124028206 
-0.4393235146999359,0.14176124334335327,-0.45841890573501587 
-0.43270254135131836,-0.03347008302807808,-0.14398819208145142 
0.5780527591705322,-0.03143969923257828,0.18333686888217926 
0.08519253134727478,0.027415728196501732,-0.6081175804138184 
-0.02124479040503502,0.1878414750099182,0.5475241541862488 
0.24471543729305267,-0.03394317999482155,-0.2117989957332611 
-0.07812502980232239,0.030755016952753067,0.570292055606842 
-0.07461622357368469,0.08737702667713165,-0.243141770362854 
0.06694746017456055,0.027834400534629822,-0.7766996026039124 
-0.005974548403173685,0.40418553352355957,0.8533626198768616 
0.005179735366255045,0.15314757823944092,0.6538727879524231 
0.021580485627055168,0.11598963290452957,-0.2779342234134674 
0.4994174540042877,-0.07531959563493729,-0.2397586703300476 
0.07922951877117157,-0.03176495432853699,-0.3526443541049957 
-0.36341333389282227,0.05467408150434494,0.954603374004364 
-0.10478611290454865,-0.07867071032524109,-0.13925720751285553 
0.05731913819909096,-0.10390263050794601,-0.25851747393608093 
-0.6464839577674866,-0.011746973730623722,0.15840062499046326 
0.30227577686309814,-0.03382490575313568,-0.12338870018720627 
-0.09314590692520142,-0.029705006629228592,-0.4743686616420746 
0.7546762824058533,0.014036896638572216,0.0633472427725792 
-0.8421472907066345,0.15644700825214386,-0.36350348591804504 
0.08324099332094193,-0.02039087936282158,-0.08149976283311844 
0.05323866382241249,-0.06615331023931503,-0.7046099901199341 
-0.028439830988645554,0.12680190801620483,0.5442715883255005 
-0.08713361620903015,0.06900503486394882,0.13755472004413605 
0.08978234976530075,-0.023040995001792908,-0.694892942905426 
-0.08894716948270798,-0.04512999579310417,-0.25881314277648926 
0.0002023443375946954,0.3005966246128082,0.7799338102340698 
-0.40126121044158936,-0.030927177518606186,-0.023564904928207397 
0.07509975880384445,-0.062358658760786057,-0.4480525553226471 
-0.604693591594696,0.0007507104892283678,0.03354203701019287 
-0.09779804944992065,-0.013501380570232868,-0.36309194564819336 
-0.3392655849456787,-0.049447014927864075,-0.1339348554611206 
0.25685590505599976,0.20700940489768982,-1.0338250398635864 
-0.07285196334123611,-0.10498682409524918,0.012223032303154469 
0.031279005110263824,-0.11228041350841522,-0.1388629674911499 
0.040405865758657455,0.05426012724637985,0.586259126663208 
-0.5822213888168335,-0.04619446396827698,-0.17040285468101501 
-0.05919123813509941,-0.07236272096633911,-0.7107208967208862 
-0.06317315250635147,0.03803284838795662,0.7043365836143494 
-0.7559865117073059,0.0034907411318272352,0.1271662563085556 
0.4806326925754547,-0.11926726996898651,-0.2336391806602478 
0.6930748820304871,-0.002787671284750104,0.19644564390182495 
-0.17044703662395477,-0.24431312084197998,0.012980751693248749 
-0.5631989240646362,-0.023613862693309784,0.13231122493743896 
0.043885111808776855,-0.038565751165151596,0.4242228865623474 
-0.02653757855296135,-0.0987773984670639,-0.8239688277244568 
-0.018859585747122765,0.12625981867313385,0.4402885138988495 
-0.3339432179927826,-0.07088429480791092,-0.3144022226333618 
-0.03649236261844635,-0.10902786254882812,-0.19070667028427124 
-0.2068965584039688,-0.056592777371406555,-0.12654268741607666 
-0.09037631005048752,0.061928268522024155,-0.4413503408432007 
0.20676900446414948,-0.0771922692656517,-0.0659269317984581 
-0.4070763885974884,-0.304986834526062,-0.3396341800689697 
0.2759671211242676,0.26345598697662354,0.44700804352760315 
0.06275977194309235,0.04151307791471481,0.6901436448097229 
-0.08875004202127457,0.06546664237976074,-0.3057287633419037 
0.0023431151639670134,0.2106093466281891,0.7266116738319397 
0.6394570469856262,-0.2610477805137634,-0.2504920959472656 
-0.07859812676906586,-0.0970032811164856,0.08336522430181503 
0.7702491283416748,0.01752599887549877,0.16382154822349548 
-0.005297426600009203,0.12090788781642914,-0.06060457602143288 
-0.006833024322986603,-0.082120381295681,0.11649440973997116 
-0.33315473794937134,-0.07462965697050095,-0.2498439997434616 
0.1360013335943222,-0.07295410335063934,-0.11303967237472534 
0.05526783689856529,0.005137935280799866,0.2880505323410034 
0.533995509147644,-0.007893194444477558,0.01761438325047493 
-0.11710638552904129,-0.13268280029296875,-0.12250164151191711 
-0.10069577395915985,0.012321913614869118,0.13754487037658691 
0.5761801600456238,-0.03252388909459114,-0.1336391717195511 
0.0762430801987648,-0.050304509699344635,-0.2066737562417984 
0.010048707947134972,0.11535883694887161,0.36173444986343384 
-0.7541139125823975,0.003372467588633299,0.2170451432466507 
-0.03021395020186901,-0.04653943330049515,0.4767565131187439 
0.3746204078197479,-0.051408398896455765,0.06340637803077698 
0.0837830901145935,-0.016359684988856316,0.04890787973999977 
-0.9430575966835022,0.028822213411331177,0.03675758093595505 
0.031771816313266754,0.11019417643547058,0.25922974944114685 
0.041687171906232834,-0.10547962784767151,0.0070288036949932575 
-0.16120433807373047,0.1434202641248703,0.7850184440612793 
-0.019687507301568985,0.008202014490962029,0.7347922921180725 
0.05604768544435501,0.09437493979930878,-0.39266061782836914 
0.13273149728775024,0.17434591054916382,-0.2364395558834076 
-0.010370423085987568,0.12076989561319351,0.08019152283668518 
-0.05238058790564537,-0.08113475888967514,-0.5577523708343506 
0.02604535035789013,0.004535499960184097,0.6350473761558533 
0.34505176544189453,-0.04061584174633026,-0.02428440935909748 
-0.28180384635925293,-0.0690116137266159,0.017574958503246307 
-0.15436290204524994,-0.07098285853862762,-0.11579939723014832 
0.08031370490789413,0.0526338554918766,-0.5090625882148743 
0.5147758722305298,-0.02438264898955822,0.10632036626338959 
0.4531744718551636,-0.03701832517981529,0.01775236986577511 
0.009960002265870571,0.11880851536989212,0.15840062499046326 
0.07410307228565216,-0.005082964897155762,-0.6244210004806519 
0.009940288960933685,0.11880851536989212,-0.4463770389556885 
-0.08915413916110992,-0.041000232100486755,-0.18232889473438263 
0.059576213359832764,-0.1434260606765747,-0.06888380646705627 
0.02393612079322338,-0.08832980692386627,-0.6340394616127014 
-0.0005282238125801086,0.10219957679510117,0.12802255153656006 
-0.30030152201652527,-0.19320742785930634,-0.8288156986236572 
-0.380974680185318,0.24173188209533691,0.5590385794639587 
-0.040040601044893265,0.11279621720314026,-0.3474205732345581 
0.289462685585022,-0.0787692740559578,0.06701376289129257 
-0.09940581768751144,0.001321166753768921,-0.11738505214452744 
0.42823824286460876,-0.02192845195531845,-0.22972503304481506 
-0.8608567118644714,0.02619060128927231,0.21024435758590698 
-0.28485924005508423,-0.035056933760643005,-0.15749120712280273 
0.6270381808280945,-0.09168092161417007,-0.16586902737617493 
-0.6147469282150269,-0.03981748968362808,0.0696946457028389 
0.08372394740581512,0.04578378051519394,0.041505858302116394 
0.35855478048324585,-0.10409975796937943,-0.17641516029834747 
-0.042711637914180756,0.07224772870540619,0.6222342848777771 
0.004943185951560736,0.34090855717658997,0.7372563481330872 
-0.08054966479539871,-0.07403828948736191,-0.4403647482395172 
-0.0889865905046463,-0.05024537444114685,-0.09194735437631607 
0.27176210284233093,-0.04698175564408302,0.6901842951774597 
0.5628741979598999,-0.06842023879289627,-0.03669338673353195 
0.031249437481164932,-0.09572196751832962,-0.37344101071357727 
0.6348246335983276,-0.009332199580967426,0.03350260853767395 
-0.2561456561088562,0.10413260012865067,-0.6152313947677612 
-0.5139178037643433,-0.042518097907304764,0.02438560500741005 
-0.1353403925895691,-0.07462965697050095,-0.2742874324321747 
0.6987914443016052,0.01268659345805645,0.09538981318473816 
-0.2956025302410126,0.05390530824661255,0.7703732848167419 
-0.0670466497540474,0.023252462968230247,0.5180540680885315 
-0.2518409192562103,-0.038713593035936356,-0.30641868710517883 
0.2720147669315338,0.24410822987556458,-0.905299961566925 
-0.2531801462173462,0.04794108867645264,-0.4699912965297699 
0.017381735146045685,0.10781882703304291,0.47961482405662537 
-0.02160947024822235,0.07123253494501114,0.7655436992645264 
0.2201734483242035,-0.03411073610186577,-0.2612771987915039 
0.1094881072640419,0.04847452789545059,0.5912858247756958 
0.185166597366333,-0.06713893264532089,-0.34525221586227417 
-0.16175507009029388,0.047065090388059616,0.6955645680427551 
0.07928864657878876,0.05686217173933983,-0.21229179203510284 
0.14063376188278198,-0.0755167156457901,-0.237917959690094 
0.014306594617664814,0.1428970992565155,0.5754172205924988 
0.8436779379844666,0.22059127688407898,0.1293247789144516 
-0.5955272912979126,-0.042488522827625275,-0.01932673156261444 
0.4327314794063568,-0.0239107608795166,-0.2543199360370636 
-0.8199707865715027,-0.304986834526062,-0.05538078024983406 
-0.34517931938171387,-0.0439472422003746,-0.019573133438825607 
-0.49984070658683777,-0.07423540204763412,0.06607741862535477 
-0.6943851709365845,0.008527268655598164,0.11101192235946655 
0.05464810132980347,0.012854148633778095,0.502185583114624 
-0.05407465249300003,0.0377497524023056,0.2151145040988922 
0.0776907354593277,0.11070791631937027,0.5429323315620422 
-0.010330012068152428,0.12014895677566528,0.29402223229408264 
-0.09021861851215363,0.002712099812924862,0.34034645557403564 
-0.13336914777755737,-0.05518333241343498,-0.22530202567577362 
-0.06492755562067032,0.09761764109134674,-0.029350504279136658 
-0.4387321472167969,-0.27216559648513794,-0.07558602839708328 
0.17414490878582,-0.08113475888967514,-0.16448912024497986 
0.5215766429901123,-0.004157684743404388,-0.055479343980550766 
-0.016405386850237846,-0.11247754096984863,-0.08879336714744568 
-0.06906717270612717,-0.10291700810194016,-0.27073919773101807 
-0.07241828739643097,0.08525793254375458,-0.5455306172370911 
0.12870652973651886,0.012904636561870575,0.1315116584300995 
0.203910693526268,-0.05253201350569725,-0.1340334117412567 
-0.03462953492999077,0.10332439094781876,0.486711323261261 
0.0697367712855339,0.014205656945705414,-0.6194116473197937 
0.2766471803188324,0.26419520378112793,-0.23845764994621277 
-0.19309782981872559,-0.09296222031116486,-0.158673956990242 
-0.06962897628545761,-0.03681134060025215,0.36843666434288025 
-0.511847972869873,-0.0272113848477602,0.1057092696428299 
0.07230059802532196,-0.08251463621854782,-0.39926430583000183 
-0.09891179949045181,0.03416723757982254,-0.3476177155971527 
-0.046524789184331894,-0.0033778399229049683,0.041024111211299896 
0.21962273120880127,-0.1768965870141983,-0.20533451437950134 
-0.36972129344940186,-0.03974849730730057,-0.25358936190605164 
0.08001801371574402,0.04285352677106857,0.3094964623451233 
0.8138135671615601,0.012923142872750759,0.2452339231967926 
-0.13593176007270813,-0.10459256172180176,-0.17552810907363892 
-0.6783195734024048,0.009719871915876865,0.05404297262430191 
0.07976175844669342,0.0365307591855526,-0.6569059491157532 
0.15818649530410767,-0.10293551534414291,0.3553685247898102 
0.4948083460330963,-0.0063666850328445435,-0.02831680327653885 
-0.012599684298038483,-0.07229252904653549,-0.2597581446170807 
-0.11474090069532394,0.03400953859090805,0.6068586111068726 
0.00998956710100174,0.4632415473461151,0.6322876811027527 
0.8660515546798706,0.028176629915833473,0.21477821469306946 
-0.4088504910469055,-0.10754943639039993,-0.2744845449924469 
0.11845725774765015,-0.09296222031116486,-0.06543412804603577 
0.05311053246259689,0.041594889014959335,-0.7960757613182068 
-0.05685531347990036,0.09463120996952057,-0.6131442785263062 
0.07478436082601547,0.06784200668334961,-0.3109525740146637 
0.06274992227554321,0.06054839491844177,0.41623935103416443 
0.07910139113664627,-0.07502390444278717,-0.14743787050247192 
-0.3853347599506378,0.08959347009658813,0.03919829800724983 
-0.061566583812236786,0.09924391657114029,0.20009243488311768 
-0.19812451303005219,-0.07068716734647751,-0.2016470730304718 
0.07359175384044647,-0.000540452660061419,0.36163589358329773 
-0.07520638406276703,0.043604351580142975,-0.8014386892318726 
-0.09199273586273193,0.0583997406065464,-0.12841536104679108 
-0.08313199132680893,0.02163604274392128,-0.7540882229804993 
-0.0914999321103096,-0.03352922201156616,-0.3057287633419037 
-0.4746493995189667,-0.15082688629627228,-0.040102433413267136 
0.002201952040195465,0.08649861812591553,-0.00938059389591217 
0.08258062601089478,-0.02026274986565113,-0.42567896842956543 
0.34899425506591797,-0.054256852716207504,-0.18459582328796387 
0.08579375594854355,-0.0028369533829391003,-0.5560767650604248 
-0.08253075927495956,0.0750863179564476,-0.298615038394928 
-0.10012411326169968,-0.00202874350361526,-0.054099470376968384 
0.0694115161895752,-0.1849786937236786,0.17283132672309875 
0.11027660220861435,-0.09463778883218765,-0.010219583287835121 
1.1441128253936768,-0.19340455532073975,0.4955992102622986 
0.38378670811653137,-0.06812454760074615,-0.23269417881965637 
0.1808471381664276,0.04193788394331932,0.7650509476661682 
-0.026320744305849075,0.16881898045539856,0.5912858247756958 
0.22502031922340393,0.11414652317762375,0.1758732944726944 
0.33696967363357544,-0.3295287787914276,-0.24186044931411743 
0.4685501754283905,-0.03586514666676521,0.10408300161361694 
-0.2525308430194855,-0.034918949007987976,-0.21899402141571045 
-0.17437101900577545,0.03819448873400688,0.5991707444190979 
-0.07262526452541351,0.04595133289694786,0.4685758948326111 
-0.012420515529811382,0.39827173948287964,0.8048700094223022 
-0.047324348241090775,0.11033216863870621,-0.1701071858406067 
0.48167625069618225,-0.07817789167165756,0.2111487090587616 
0.03885723277926445,0.0675155371427536,0.32313868403434753 
-0.07214230298995972,-0.08763986825942993,0.13562290370464325 
0.020860981196165085,-0.1004529595375061,-0.3108539879322052 
-0.1602766215801239,-0.08773843199014664,-0.05406004562973976 
0.09566651284694672,0.33237430453300476,0.848689615726471 
0.29399654269218445,-0.07640377432107925,-0.10426763445138931 
-0.005379233043640852,-0.09493346512317657,-0.5247340202331543 
-0.2659353017807007,0.04449261724948883,0.7320325970649719 
0.016760794445872307,-0.035569462925195694,0.530571460723877 
-0.30033352971076965,-0.08202182501554489,-0.0791342705488205 
-0.5210142731666565,-0.025939932093024254,-0.023988718166947365 
-0.49613597989082336,-0.11933626234531403,-0.21777065098285675 
-0.3427152633666992,-0.024520637467503548,-0.17375397682189941 
0.5046645402908325,-0.0060709938406944275,-0.17134785652160645 
0.08278761059045792,-0.00981515645980835,0.2619894742965698 
0.05605754256248474,0.09437493979930878,-0.12151601165533066 
0.053977880626916885,-0.10814080387353897,-0.03853650018572807 
-0.08990321308374405,-0.026639724150300026,0.2746054530143738 
0.6138308644294739,-0.04097066819667816,-0.01682324893772602 
-0.06190169230103493,-0.10853505879640579,-0.045899100601673126 
-0.3752408027648926,-0.11247754096984863,-0.19800028204917908 
0.1044614389538765,0.04533039405941963,0.6697412729263306 
0.10909385234117508,-0.0738411620259285,-0.3107554316520691 
0.31715866923332214,-0.03955136984586716,-0.06366001069545746 
0.2712286710739136,0.05329422280192375,0.7632768154144287 
-0.06123026832938194,0.007976524531841278,-0.31357312202453613 
0.11362771689891815,-0.11957402527332306,-0.1619265079498291 
-0.02770061418414116,-0.15229666233062744,-0.06779962033033371 
0.0527261383831501,-0.051940638571977615,-0.8110571503639221 
0.61097252368927,-0.007144121453166008,0.1265256106853485 
-0.778557300567627,0.01682620495557785,0.07420879602432251 
0.32662060856819153,-0.06911017745733261,-0.25901028513908386 
-0.08544819802045822,-0.09138523787260056,-0.3574739098548889 
-0.4382220208644867,-0.04291234537959099,0.08437056094408035 
0.020033057779073715,0.07091713696718216,0.687285304069519 
0.9028152227401733,0.025561774149537086,0.2779565751552582 
0.018908239901065826,-0.05172259733080864,0.49800533056259155 
0.604270339012146,-0.03981748968362808,0.06968479603528976 
-0.06645526736974716,-0.06960298866033554,-0.6098917126655579 
-0.022703511640429497,0.22835053503513336,0.598185122013092 
0.20483475923538208,0.3195280134677887,-0.5422953367233276 
-0.12574908137321472,-0.17058861255645752,0.2633114457130432 
0.08309074491262436,-0.1501283049583435,-0.19553622603416443 
0.6665616035461426,0.0022488562390208244,0.1346767097711563 
-0.1001339703798294,-0.00202874350361526,0.1805771291255951 
-0.641654372215271,-0.039373960345983505,-0.07617740333080292 
-0.19595494866371155,0.14775502681732178,-0.13791796565055847 
-0.039025407284498215,0.023370735347270966,0.6689527630805969 
-0.13480573892593384,-0.11683157831430435,-0.14110776782035828 
-0.019549520686268806,0.32454726099967957,0.6849198341369629 
0.032254770398139954,0.10612355917692184,-0.5646516680717468 
-0.07625234872102737,-0.059253957122564316,0.18925060331821442 
-0.33345040678977966,-0.11957402527332306,-0.29528117179870605 
-0.46365106105804443,-0.03137070685625076,-0.10219781845808029 
-0.576800525188446,-0.04238010570406914,-0.09372147172689438 
-0.3743537366390228,-0.060683105140924454,-0.19632472097873688 
-0.10981278121471405,0.04454189911484718,0.6797946691513062 
0.5387265086174011,-0.013314115814864635,0.06690534204244614 
-0.0754232257604599,0.011275947093963623,0.12621140480041504 
0.003872800152748823,0.11663028597831726,0.6797946691513062 
-0.031120721250772476,-0.09453922510147095,-0.4516008496284485 
-0.599962592124939,-0.009598319418728352,0.11133717745542526 
0.4123697578907013,-0.01644838973879814,-0.10249350965023041 
0.6359087824821472,-0.04444991052150726,-0.1007193922996521 
0.14506906270980835,-0.043326303362846375,-0.3702870011329651 
-0.01664193533360958,0.1957264542579651,0.689355194568634 
0.7557604312896729,0.0051662977784872055,0.11676795780658722 
-0.2880711555480957,-0.1651676893234253,-0.38522782921791077 
0.07315807789564133,-0.06871592998504639,0.0823894664645195 
-0.34986966848373413,0.053647834807634354,-0.033047787845134735 
-0.01926369033753872,0.2524982690811157,0.7329196929931641 
-0.31383654475212097,-0.04396696016192436,-0.061393074691295624 
-0.6157325506210327,0.0043975128792226315,-0.01366925984621048 
0.19267460703849792,-0.08655568957328796,-0.013718541711568832 
-0.021746255457401276,-0.03930376097559929,0.3031478822231293 
0.07645991444587708,0.06371224671602249,0.11678766459226608 
-0.1696191132068634,-0.15293611586093903,-0.8736035823822021 
0.24619388580322266,-0.06143217906355858,-0.03485027700662613 
-0.005377262830734253,0.3138212561607361,-0.802893877029419 
-0.02110680378973484,0.27309778332710266,0.6793017983436584 
0.10396862030029297,-0.06940586119890213,-0.3576710522174835 
0.12851060926914215,0.04922360181808472,0.6333718299865723 
0.06741191446781158,0.03468666225671768,-0.7497514486312866 
-0.023796342313289642,-0.16595618426799774,0.023724034428596497 
-0.37612783908843994,-0.04240967705845833,0.017082147300243378 
0.009950146079063416,-0.09069529175758362,-0.7437391877174377 
0.02604535035789013,0.024001535028219223,0.6744722723960876 
0.23943373560905457,0.07582433521747589,-0.05453435331583023 
-0.3423210084438324,-0.024471355602145195,-0.2233307659626007 
-0.10360335558652878,-0.09848170727491379,-0.02923223190009594 
0.2716635763645172,-0.033766962587833405,-0.2162749171257019 
0.26822996139526367,0.2708185911178589,-0.8072305917739868 
0.013143561780452728,0.13698339462280273,0.528895914554596 
-0.08612827956676483,-0.04390782490372658,-0.5195102095603943 
-0.9482814073562622,0.044739022850990295,0.47677382826805115 
-0.23711329698562622,0.05235787481069565,-0.8281084299087524 
0.364468514919281,-0.05249258875846863,0.0124990064650774 
-0.0678548589348793,0.07156764715909958,-0.7094395160675049 
-0.010989394038915634,0.09069857001304626,0.7238519191741943 
0.5565662384033203,-0.011806110851466656,-0.07962707430124283 
0.2824241518974304,-0.13478095829486847,-0.23174917697906494 
-0.2725389897823334,-0.05447369068861008,-0.051320016384124756 
0.041697029024362564,-0.11168904602527618,-0.09717115014791489 
0.19474440813064575,0.04856323450803757,0.6228256821632385 
0.052795134484767914,0.04926302284002304,0.5302757620811462 
-0.6019338965415955,-0.08478156477212906,-0.015946047380566597 
0.010403528809547424,-0.2944406569004059,-0.06804361939430237 
-0.2133420705795288,0.4301246404647827,0.350776731967926 
-0.2035454362630844,0.051835499703884125,0.6746693849563599 
0.014355876483023167,-0.09956589341163635,-0.8115500211715698 
-0.08618742972612381,0.06333770602941513,0.3094964623451233 
0.07102913409471512,-0.049644142389297485,-0.4931940734386444 
-0.09484118968248367,0.04662156105041504,0.25735706090927124 
-0.40264108777046204,-0.0504227839410305,-0.06494130939245224 
-0.0212546456605196,-0.10173425823450089,-0.29557687044143677 
-0.05993045121431351,-0.07334835082292557,-0.6638052463531494 
-0.8976377844810486,0.2088426649570465,-0.18387390673160553 
-0.0011400729417800903,-0.10390263050794601,0.2744256258010864 
-0.010992350056767464,0.17483127117156982,0.7448456883430481 
-0.33305615186691284,-0.07965633273124695,-0.3556998074054718 
9.09688969841227e-05,0.3512575924396515,0.7842705845832825 
0.40172502398490906,-0.016684941947460175,-0.1700086146593094 
-0.09441737085580826,0.046562422066926956,-0.5351816415786743 
-0.37110117077827454,-0.07029291987419128,-0.11589796096086502 
0.16113469004631042,-0.08478156477212906,-0.08140119910240173 
0.22943830490112305,0.05386587977409363,0.7007883787155151 
0.021334080025553703,0.0909351259469986,0.5935527086257935 
0.18193131685256958,-0.06822311878204346,-0.23772083222866058 
0.0049727545119822025,-0.11119622737169266,-0.1752324104309082 
-0.04875229299068451,-0.1290545016527176,-0.7543259859085083 
-0.04379582032561302,0.11150505393743515,-0.12841536104679108 
0.4798848330974579,-0.009430763311684132,-0.06070313975214958 
-0.23692604899406433,-0.23763927817344666,-0.9121819734573364 
0.08612886816263199,-0.00797204114496708,0.18451960384845734 
-0.6248002648353577,-0.3047896921634674,-0.3230929970741272 
0.03798123449087143,-0.0821203887462616,-0.5820971727371216 
-0.08346710354089737,0.07581568509340286,-0.06543412804603577 
0.0825904831290245,-0.02388983778655529,0.10104728490114212 
-0.09577730298042297,0.07781528681516647,0.5116881132125854 
-0.010886888019740582,0.39748328924179077,0.7181352972984314 
-0.3698025345802307,0.19494539499282837,-0.2766702175140381 
0.1392538845539093,-0.07167278975248337,-0.28217238187789917 
0.735456645488739,0.006191344931721687,0.19477008283138275 
0.15117992460727692,0.03903423994779587,0.7268087863922119 
0.3976839780807495,-0.055912699550390244,-0.05784483253955841 
0.3740290403366089,-0.332879900932312,-0.2747802138328552 
0.02059486322104931,0.11496458947658539,0.3210282623767853 
0.08799169957637787,0.012341626919806004,0.01760452799499035 
-0.053622473031282425,0.09142793715000153,-0.660059928894043 
-0.08543834835290909,0.0630715936422348,-0.6078218817710876 
-0.22432979941368103,-0.29266655445098877,0.4327165186405182 
-0.285746306180954,-0.05156610161066055,-0.23703089356422424 
-0.0779673382639885,-0.02056828886270523,-0.7977513074874878 
-0.08203794807195663,-0.06077181175351143,0.10598525404930115 
-0.11079840362071991,0.036516960710287094,0.5377665162086487 
0.061626311391592026,0.08499182015657425,-0.4919127821922302 
-0.07915007323026657,0.08154214918613434,-0.3422953486442566 
-0.06386308372020721,-0.01728617213666439,-0.8561000823974609 
0.07915066182613373,-0.028610963374376297,-0.5923476815223694 
0.0689001977443695,-0.04193657636642456,0.2832789123058319 
0.20374369621276855,-0.007755205035209656,-1.1168144941329956 
0.6765164136886597,-0.004088693298399448,0.054427362978458405 
0.502357006072998,-0.038171496242284775,0.007610321044921875 
-0.8304995894432068,0.012321913614869118,0.18323831260204315 
0.049158189445734024,0.0768900066614151,-0.713874876499176 
-0.2961938977241516,-0.07078573107719421,-0.12447287142276764 
-0.12499136477708817,-0.06960298866033554,-0.342098206281662 
-0.09225884824991226,-0.01336339395493269,-0.6759284138679504 
0.09835058450698853,-0.08152900636196136,-0.24846413731575012 
-0.7512555718421936,0.01044923160225153,0.16865110397338867 
-0.44935956597328186,-0.02783232182264328,0.022177813574671745 
-0.054746080189943314,0.06348554790019989,0.5647725462913513 
0.38634932041168213,-0.06585761904716492,-0.3039546310901642 
0.18076708912849426,0.07175371050834656,-0.0980471521615982 
0.021048249676823616,-0.13100723922252655,-0.06809531152248383 
-0.0987146720290184,-0.009213926270604134,-0.014122644439339638 
-0.07821374386548996,0.017565421760082245,0.435163289308548 
0.07829316705465317,-0.0936521664261818,-0.1832159459590912 
0.04611261561512947,0.022730082273483276,0.559844434261322 
0.6107754707336426,-0.0011515383375808597,0.07980713248252869 
0.3391380310058594,-0.029813425615429878,-0.10811155289411545 
0.014621995389461517,0.11825656145811081,0.0209876149892807 
0.2615695893764496,-0.043789543211460114,-0.11855914443731308 
-0.03886771202087402,-0.14382033050060272,-0.11156122386455536 
0.016051147133111954,-0.13563965260982513,0.0014304685173556209 
-0.39298200607299805,-0.03970906883478165,-0.15650559961795807 
-0.4434458017349243,-0.02043030597269535,-0.03995579853653908 
0.08282703161239624,0.04926302284002304,-0.0019600712694227695 
0.18784505128860474,0.05204247683286667,0.6643203496932983 
0.2233680784702301,0.14953899383544922,0.6841719746589661 
0.008264731615781784,0.26265019178390503,0.7059136033058167 
0.021521346643567085,0.11584179103374481,-0.10584462434053421 
0.07664719223976135,0.06419520080089569,-0.4087262451648712 
0.21977920830249786,-0.05588312819600105,-0.09687545895576477 
-0.5924718379974365,-0.10311413556337357,-0.08682212233543396 
0.4644278883934021,0.16368147730827332,-0.4898602366447449 
0.23495778441429138,0.05103714391589165,0.7474083304405212 
0.08628655970096588,-0.00801146775484085,-0.26403695344924927 
-0.22444061934947968,-0.07748796790838242,0.010961433872580528 
-0.3391670286655426,0.056310221552848816,0.7946195602416992 
0.07208254933357239,-0.052888043224811554,-0.09994940459728241 
-0.06477970629930496,-0.06258536130189896,0.2849544882774353 
-0.08338826149702072,-0.10301557183265686,-0.1617293804883957 
-0.0970095545053482,0.043111760169267654,-0.19100236892700195 
0.08751048892736435,-0.06129397451877594,0.7172888517379761 
-0.5148048996925354,-0.019710801541805267,0.06108031049370766 
0.24102801084518433,-0.051606737077236176,-0.051281802356243134 
-0.571379542350769,-0.01974036917090416,0.02983609400689602 
-0.09963130950927734,0.030867377296090126,-0.38921093940734863 
0.40162646770477295,-0.06506912410259247,0.03842579200863838 
-0.008094623684883118,0.6431176066398621,1.057206630706787 
-0.02157004550099373,0.23357433080673218,0.6981272101402283 
0.07285254448652267,-0.09276510775089264,-0.30050498247146606 
-0.5778846144676208,-0.0870485007762909,-0.15670271217823029 
0.014651562087237835,-0.05433569848537445,0.44492092728614807 
0.08335927128791809,0.045044563710689545,-0.47082042694091797 
-0.6084389090538025,-0.013728076592087746,0.14972715079784393 
-0.0979754626750946,-0.00825787428766489,-0.5299577713012695 
0.47899776697158813,-0.011944098398089409,-0.13255497813224792 
-9.827058966038749e-05,0.11636416614055634,-0.5456292033195496 
-0.3321691155433655,-0.09690471738576889,-0.21800841391086578 
-0.25074446201324463,-0.28389450907707214,0.3733820617198944 
-0.10416987538337708,0.19054332375526428,0.7040003538131714 
0.004606103058904409,-0.09444066137075424,-0.4828450083732605 
0.6099869608879089,-0.007853767834603786,-0.043573033064603806 
0.2268141508102417,0.2538855969905853,-1.0217019319534302 
0.054924074560403824,-0.1533808559179306,-0.11156122386455536 
-0.0795147642493248,-0.10932355374097824,-0.1007193922996521 
0.20164376497268677,-0.060988649725914,-0.28197526931762695 
0.015499197877943516,0.019674653187394142,0.7237533330917358 
-0.19037631154060364,-0.038071732968091965,0.1488931030035019 
-0.21955937147140503,-0.33544251322746277,-1.009086012840271 
0.3960084021091461,-0.052443306893110275,0.09547851979732513 
0.5628741979598999,-0.04853038862347603,-0.0923415943980217 
0.21240434050559998,0.29628705978393555,-0.9211685061454773 
0.07786936312913895,-0.023515302687883377,-0.6603555679321289 
0.5895845890045166,-0.019779793918132782,0.010586898773908615 
-0.46759355068206787,-0.016842642799019814,-0.1518731713294983 
-0.8079288601875305,0.01020282693207264,0.14282779395580292 
-0.08138745278120041,0.078664131462574,0.17446626722812653 
0.21997632086277008,-0.044144369661808014,-0.17079710960388184 
0.02240840718150139,-0.059677768498659134,0.4004693925380707 
0.04384568706154823,0.09737123548984528,0.36015745997428894 
-0.2536729574203491,-0.04401745647192001,-0.22122031450271606 
-0.020495718345046043,0.13846181333065033,0.4817832112312317 
0.31173771619796753,0.049361586570739746,0.7223734855651855 
-0.11789488047361374,-0.06605474650859833,-0.18370875716209412 
0.03483710065484047,0.048691365867853165,0.6274580955505371 
-0.17829623818397522,-0.13445691764354706,-0.2625585198402405 
0.1460546851158142,-0.055094629526138306,-0.1967189610004425 
0.0737297385931015,-0.018735036253929138,-0.733390212059021 
-0.18818823993206024,0.04452097788453102,0.10195285081863403 
0.08458023518323898,0.020158812403678894,-0.197171151638031 
0.020841268822550774,-0.1035083755850792,-0.26896506547927856 
0.08195967972278595,-0.02373213693499565,-0.3109525740146637 
-0.015419763512909412,0.12015881389379501,-0.02411685325205326 
0.8603349328041077,0.018432769924402237,0.16372297704219818 
0.012866385281085968,-0.030985116958618164,0.19583334028720856 
-0.6484552025794983,-0.07945921272039413,-0.1534501612186432 
0.05877785384654999,-0.02853211760520935,0.3876563012599945 
0.037419430911540985,0.01746685989201069,0.6014376878738403 
-0.09324447065591812,-0.029734577983617783,-0.4170054793357849 
-0.18875004351139069,0.16546663641929626,0.07066920399665833 
-0.19901157915592194,-0.0690116137266159,-0.06641975045204163 
0.27615678310394287,-0.054069578647613525,-0.2065751850605011 
-0.08726174384355545,-0.03961050510406494,-0.5982613563537598 
0.2869986295700073,-0.05730242654681206,-0.15394297242164612 
0.45471087098121643,-0.027261875569820404,-0.30854642391204834 
0.03155377507209778,-0.01349031925201416,0.2510897219181061 
-0.01386346761137247,-0.11415310204029083,-0.14280544221401215 
-0.6165210008621216,-0.0346035473048687,0.022650912404060364 
-0.04202049598097801,-0.008463643491268158,0.329661101102829 
0.16458317637443542,0.009698949754238129,0.016117438673973083 
0.045826785266399384,0.07524401694536209,0.5040582418441772 
-0.04991653189063072,0.10860732942819595,0.25272464752197266 
0.07826360315084457,0.047045376151800156,0.5704891085624695 
0.14004239439964294,-0.08320456743240356,-0.1489163041114807 
-0.0006169304251670837,0.1224442571401596,0.115763820707798 
0.06913674622774124,-0.05204905942082405,0.12190304696559906 
0.06841724365949631,-0.1037055030465126,-0.22214800119400024 
-0.6111986637115479,-0.0019794616382569075,0.07394268363714218 
0.07870592921972275,0.05590733140707016,0.7260782122612 
0.01563718542456627,-0.10646525025367737,-0.22747036814689636 
-0.041705094277858734,-0.0031141340732574463,-0.05375034362077713 
0.3939386010169983,-0.07778365164995193,-0.2693593204021454 
-0.010370423085987568,0.12076989561319351,0.12712684273719788 
0.0810430571436882,-0.028305424377322197,-0.46214696764945984 
-0.3558240234851837,-0.028265997767448425,-0.10328200459480286 
-0.031298138201236725,-0.10725375264883041,-0.01894233375787735 
0.2814212143421173,0.06756482273340225,0.07531148940324783 
0.04281077906489372,0.08717004954814911,0.4589167833328247 
-0.029977401718497276,0.04874064773321152,0.7370592951774597 
0.06434661895036697,-0.05769667401909828,0.16884823143482208 
0.019362835213541985,0.10287100076675415,-0.6599613428115845 
-0.27772215008735657,-0.13792508840560913,-0.41114968061447144 
0.09452516585588455,-0.07789085805416107,-0.7787693738937378 
-0.29700955748558044,0.04311373084783554,0.017604529857635498 
0.08372394740581512,0.04578378051519394,-0.28187671303749084 
-0.04394245892763138,-0.0056250616908073425,0.06718996167182922 
-0.34517931938171387,-0.14502036571502686,0.8350300788879395 
0.13258002698421478,0.11916213482618332,-0.9614225029945374 
-0.4070763885974884,-0.06526624411344528,-0.1299702525138855 
0.4174949824810028,-0.035382188856601715,-0.1337377279996872 
0.5783485174179077,-0.03828977793455124,-0.1700086146593094 
-0.6494408249855042,-0.008957665413618088,0.04088195785880089 
-0.0002855360507965088,0.3202376663684845,-0.243141770362854 
0.031594403088092804,0.10985906422138214,-0.4811694622039795 
0.18740031123161316,-0.07230435311794281,-0.49443474411964417 
-0.08443301171064377,-0.29375073313713074,0.2453044354915619 
-0.3094998002052307,-0.0549960657954216,-0.004887367598712444 
-0.023501863703131676,0.2470773607492447,0.6483532786369324 
-0.0482015535235405,-0.002018884988501668,0.575811505317688 
0.05306990072131157,-0.0037055015563964844,0.13821782171726227 
0.7976493835449219,0.00855683721601963,0.2054147869348526 
0.33931785821914673,-0.023929260671138763,0.13353338837623596 
0.01753823459148407,0.07011758536100388,0.22299951314926147 
0.12023138254880905,-0.04271521791815758,-0.33194631338119507 
0.08773542940616608,0.00710797356441617,-0.47781839966773987 
0.024527495726943016,-0.08862549066543579,-0.5456292033195496 
-0.28200095891952515,-0.03163682669401169,-0.19642327725887299 
0.011063898913562298,0.22687210142612457,0.6283451914787292 
-0.7979740500450134,0.007334665860980749,0.2105400264263153 
-0.08487654477357864,-0.04756447672843933,0.22276173532009125 
-0.11503657698631287,-0.08093763887882233,-0.24353602528572083 
0.0833001434803009,-0.020164186134934425,-0.18577857315540314 
0.18461966514587402,-0.08016643673181534,0.18451960384845734 
-0.0004442240169737488,0.2060754895210266,0.5239678025245667 
0.005751395598053932,0.11883808672428131,0.630119264125824 
-0.3602593243122101,-0.050117235630750656,-0.28867751359939575 
-0.5062299370765686,-0.007035702932626009,-0.09184879064559937 
-0.06755916029214859,0.09545912593603134,-0.3109525740146637 
-0.04024758189916611,0.11323975026607513,-0.3839871287345886 
0.07435068488121033,-0.09394784271717072,-0.003290657652541995 
0.05870886519551277,-0.05231517553329468,-0.7593119740486145 
-0.24010959267616272,0.31294405460357666,-0.011897534132003784 
0.25904759764671326,0.0034895390272140503,-0.44475939869880676 
-0.23350834846496582,0.04854352027177811,0.754209041595459 
0.06578563153743744,-0.11090055108070374,-0.14911343157291412 
0.04413151741027832,-0.08734418451786041,-0.46116137504577637 
0.005849958397448063,0.18823571503162384,0.66175776720047 
-0.21961107850074768,-0.03841790556907654,-0.2329898476600647 
0.24716722965240479,0.30076178908348083,-0.4567433297634125 
0.6313749551773071,-0.07699514925479889,-0.018203116953372955 
-0.049068890511989594,0.06102149933576584,-0.7953858375549316 
-0.5600448846817017,-0.01925741322338581,-0.041710201650857925 
0.25569647550582886,-0.15317267179489136,-0.23036932945251465 
0.07953505963087082,-0.031902946531772614,-0.0397685281932354 
-0.05853087082505226,0.08193639665842056,0.47103992104530334 
-0.3988957107067108,-0.06861736625432968,-0.33174917101860046 
0.8034645318984985,0.024913234636187553,0.15307825803756714 
0.003647093428298831,0.27280211448669434,0.7578558921813965 
-0.47074756026268005,-0.03618054836988449,0.09916474670171738 
-0.6783195734024048,0.00017905181448441,0.1477559208869934 
-0.3204402029514313,-0.05557757988572121,-0.09441141039133072 
-0.20275692641735077,-0.09177948534488678,-0.12329013645648956 
-0.12526613473892212,0.018729664385318756,-0.34135034680366516 
-0.06442368030548096,0.009790070354938507,-0.4680200517177582 
-0.1505189836025238,-0.08320456743240356,-0.1489163041114807 
0.3764931261539459,-0.040330011397600174,-0.16222220659255981 
0.010640080086886883,0.174437016248703,0.5551134347915649 
0.30267003178596497,-0.0513886883854866,-0.013886096887290478 
-0.3131466209888458,-0.02685656026005745,-0.243141770362854 
-0.0992961972951889,-0.045957911759614944,-0.3475191295146942 
0.20101745426654816,0.1219920739531517,0.20283490419387817 
-0.9916081428527832,-0.0804436206817627,0.12630999088287354 
-0.610213041305542,-0.05782480165362358,-0.15226741135120392 
0.12072420120239258,-0.049111902713775635,-0.2596016526222229 
0.25949975848197937,-0.03582571819424629,-0.17572522163391113 
0.07789892703294754,-0.03547089919447899,-0.11796777695417404 
0.04110565781593323,-0.07512246817350388,-0.7384167909622192 
-0.09573810547590256,-0.02273666113615036,0.054111965000629425 
-0.7760352492332458,-0.08143910020589828,0.0792958065867424 
-0.01103965938091278,0.3336149752140045,0.6520000696182251 
-0.02123493328690529,0.1644822359085083,0.5212080478668213 
-0.40293675661087036,-0.06457631289958954,-0.01350170373916626 
0.5775600075721741,-0.09789033979177475,-0.04897423833608627 
0.08799169957637787,0.00710797356441617,-0.35786816477775574 
-0.04693995416164398,-0.10547962784767151,-0.23781940340995789 
-0.07973160594701767,-0.04822484403848648,-0.6956408023834229 
-0.013222813606262207,-0.09818601608276367,-0.3769892454147339 
0.7428314685821533,-0.16194744408130646,0.47874507308006287 
0.17128539085388184,0.17441609501838684,-0.2561925947666168 
0.31725722551345825,-0.04642115905880928,-0.2114047408103943 
-0.015566401183605194,-0.06833426654338837,-0.6617934107780457 
0.4123697578907013,-0.020854122936725616,-0.060900259763002396 
0.595695436000824,-0.016320262104272842,0.15662650763988495 
-0.03832561895251274,0.08731789141893387,0.5909900665283203 
-0.07624249905347824,-0.09030105918645859,-0.6046852469444275 
-0.010354653000831604,-0.017148185521364212,0.6430308818817139 
0.5367552042007446,-0.021484922617673874,-0.029261795803904533 
0.0829748809337616,-0.008425429463386536,-0.6293085217475891 
-0.10052822530269623,0.0021995743736624718,-0.243141770362854 
-0.1006169319152832,0.02244425192475319,-0.4517979323863983 
-0.04973912239074707,0.023528436198830605,0.6116881370544434 
-0.04212026298046112,0.02978319302201271,-0.854128897190094 
0.2612912058830261,-0.059569351375103,-0.6713945865631104 
0.05784152075648308,-0.06183628365397453,0.2569628357887268 
0.0840689092874527,0.03149620443582535,0.2768723666667938 
-0.038729723542928696,0.09260082244873047,0.5545220375061035 
-0.09595493972301483,0.04775502160191536,0.16362442076206207 
-0.11700782179832458,-0.13642814755439758,-0.1636020690202713 
-0.017262877896428108,0.1479237824678421,0.6797946691513062 
0.1674426794052124,-0.06293032318353653,-0.12368437647819519 
-0.22678884863853455,-0.016537100076675415,-0.1736554205417633 
-0.10012411326169968,-0.00202874350361526,-0.10101506859064102 
0.6725739240646362,-0.007163831498473883,0.16884823143482208 
-0.6471738815307617,-0.08330313116312027,-0.0627729520201683 
0.06289775669574738,0.086105577647686,-0.2296387404203415 
0.300617516040802,-0.3342597782611847,0.009589016437530518 
0.13933515548706055,0.2554921507835388,0.8359171748161316 
-0.41791823506355286,-0.032316904515028,0.0066838338971138 
-0.6282499432563782,-0.034918949007987976,-0.02753695845603943 
-0.5702953934669495,-0.05620838329195976,-0.1336391717195511 
-0.09859640151262283,0.002002450404688716,0.25745564699172974 
-0.0889865905046463,-0.045159559696912766,-0.14408676326274872 
-0.3278323709964752,-0.10567675530910492,-0.26423409581184387 
0.6379786133766174,-0.08359881490468979,-0.07647309452295303 
-0.09951303899288177,-0.005527702160179615,-0.1670517474412918 
-0.20374256372451782,-0.06506912410259247,-0.24875980615615845 
0.06384396553039551,-0.03182409331202507,0.3512868583202362 
-0.030933456495404243,0.016234833747148514,0.7015768885612488 
0.37678879499435425,-0.0887240543961525,-0.2033226490020752 
0.10584130138158798,-0.09168092161417007,-0.1338362991809845 
0.6015105843544006,-0.07354547828435898,-0.1518731713294983 
0.5721390843391418,-0.038171496242284775,-0.05054137483239174 
-0.07225072383880615,0.09036345779895782,0.23143520951271057 
-0.28190237283706665,0.04741005599498749,0.8039830327033997 
-0.5274208188056946,-0.011875106021761894,0.017180709168314934 
0.3613145053386688,-0.03931482136249542,-0.2494497448205948 
-0.07858826965093613,0.04497556760907173,0.6014376878738403 
0.5111870169639587,0.07055125385522842,0.09898613393306732 
0.08399993181228638,-0.0920751616358757,-0.05557790771126747 
-0.06619901210069656,0.09425666183233261,0.29914745688438416 
0.5841636657714844,-0.077093705534935,-0.009815475903451443 
-0.12016180902719498,0.04681868106126785,0.6380043029785156 
0.27753666043281555,-0.05149710923433304,-0.05055123195052147 
-0.5810386538505554,-0.03332223743200302,0.09583333879709244 
-0.050281211733818054,0.10869602859020233,0.0019528489792719483 
-0.16613242030143738,0.0688362717628479,-0.16393837332725525 
-0.7130134701728821,-0.0024131331592798233,0.2006838172674179 
-0.15919245779514313,-0.07679802179336548,-0.20430825650691986 
-0.028656667098402977,0.08811624348163605,0.6488460898399353 
0.0021716170012950897,-0.03052307479083538,0.5776841640472412 
0.4599752724170685,-0.030463937669992447,0.06414559483528137 
0.02125522866845131,-0.14776280522346497,-0.038566071540117264 
0.1250794380903244,0.029707081615924835,0.24064213037490845 
0.17619380354881287,0.13296084105968475,0.2563135325908661 
-0.3752408027648926,-0.04870779812335968,-0.04490362107753754 
0.504229724407196,-0.02457977458834648,-0.07874001562595367 
0.20302362740039825,-0.03913741186261177,-0.22776606678962708 
-0.006687153596431017,0.2703380584716797,0.7945210337638855 
0.0010105541441589594,-0.08162757009267807,-0.8659563064575195 
-0.02190394699573517,0.16062724590301514,-0.016782619059085846 
0.6613378524780273,-0.0031819194555282593,0.002100694691762328 
-0.20025597512722015,-0.04901333898305893,0.4920336902141571 
-0.05536702275276184,-0.07916352152824402,0.20669610798358917 
-0.12026037275791168,-0.04205485060811043,-0.3736381232738495 
-0.07911065220832825,0.08158157020807266,-0.10761874169111252 
0.31686297059059143,-0.10597243160009384,-0.3306649923324585 
0.5010757446289062,-0.016014719381928444,0.03287181258201599 
-0.3094012439250946,-0.034554265439510345,-0.12989379465579987 
-0.027286652475595474,-0.055074915289878845,0.4407813549041748 
0.569477915763855,-0.028965791687369347,0.08558287471532822 
0.5589317083358765,-0.060890085995197296,-0.12841536104679108 
0.6000321507453918,0.0036977219861000776,-0.013639691285789013 
0.4940778315067291,-0.024668479338288307,0.07986626774072647 
0.28443601727485657,-0.08231750875711441,-0.06898237019777298 
-0.2874625027179718,-0.024107888340950012,-0.2590509057044983 
-0.03481680527329445,-0.1283460557460785,-0.04474592208862305 
-0.03563486784696579,0.11449148505926132,0.10125426203012466 
-0.06451360136270523,-0.07236272096633911,-0.5176374912261963 
0.2555572986602783,0.05345191806554794,0.6799917221069336 
-0.03562501445412636,0.114678755402565,0.054289378225803375 
-0.015360627323389053,0.1198335662484169,-0.1701071858406067 
-0.025197133421897888,0.19483938813209534,0.6120824217796326 
0.8912834525108337,0.020502576604485512,0.24710659682750702 
-0.023176610469818115,0.033855780959129333,0.7679092288017273 
-0.07213244587182999,0.09059014916419983,0.04887831211090088 
0.005948520731180906,0.3299681544303894,0.7058150172233582 
-0.048990048468112946,-0.07265841215848923,-0.8096773028373718 
-0.14480236172676086,-0.13209141790866852,-0.1935649812221527 
-0.0739743560552597,-0.0038040652871131897,-0.061779219657182693 
0.010738641954958439,-0.11257610470056534,-0.11274398118257523 
-0.005273771472275257,-0.09177948534488678,-0.775081992149353 
0.1324530988931656,0.03795301541686058,0.5697991847991943 
0.01567661017179489,0.10166854411363602,0.5614214539527893 
-0.019529808312654495,-0.09276510775089264,-0.6643966436386108 
0.07752439379692078,-0.03527376800775528,0.23636333644390106 
0.08799169957637787,0.012341626919806004,0.15840062499046326 
-0.1675591617822647,0.19545912742614746,-0.17448455095291138 
0.010610511526465416,0.14910651743412018,0.6077456474304199 
0.049306031316518784,0.08845135569572449,0.3923873007297516 
-0.0987146720290184,-0.009213926270604134,-0.32701820135116577 
-0.06683966517448425,0.08949611335992813,-0.5819985866546631 
-0.17589008808135986,-0.1684202402830124,0.08114637434482574 
0.08467879891395569,0.019508302211761475,-0.21095257997512817 
0.6457650065422058,0.007127685006707907,0.061730824410915375 
-0.7407094240188599,0.01667836308479309,0.10099799931049347 
-0.23557816445827484,-0.05418785288929939,-0.10308487713336945 
0.349585622549057,-0.021021679043769836,-0.18577857315540314 
-0.02520699054002762,0.1084594801068306,-0.6287171244621277 
-0.3254668712615967,0.0480901338160038,0.7576587796211243 
-0.08906544744968414,-0.0553508885204792,-0.22747036814689636 
0.4985710382461548,-0.19710184633731842,-0.22662395238876343 
0.08799169957637787,0.017555566504597664,-0.12841536104679108 
-0.12902134656906128,0.007432021200656891,0.049431465566158295 
0.08799169957637787,0.017555566504597664,-0.19622616469860077 
0.2637379467487335,0.047508616000413895,0.8049685955047607 
0.04392453655600548,-0.07817789912223816,0.20009243488311768 
-0.06262120604515076,-0.09986158460378647,-0.3159792125225067 
0.7086477279663086,0.00029732551774941385,0.05955260246992111 
0.007988757453858852,0.3097628951072693,0.6749650835990906 
-0.00541077321395278,0.11885779350996017,-0.4985164403915405 
-0.2516031563282013,-0.06017627939581871,0.6415930986404419 
0.17197653651237488,-0.06516768783330917,-0.29528117179870605 
-0.6315025091171265,-0.0054094246588647366,0.12676216661930084 
0.007732495665550232,0.2257879227399826,0.5863577127456665 
-0.0522623136639595,-0.019819220528006554,0.511253297328949 
-0.06755916029214859,0.09545912593603134,-0.14408676326274872 
-0.08916401118040085,0.04110601916909218,-0.6729715466499329 
0.04017917439341545,-0.012939576990902424,0.5279102921485901 
0.36013177037239075,-0.05480880290269852,-0.10692881047725677 
0.06000002846121788,0.08841193467378616,0.2620880603790283 
0.18843643367290497,-0.06377796083688736,-0.09253872185945511 
-0.695666491985321,-0.003536744276061654,0.07824984937906265 
