0.24532578885555267,0.10815725475549698,0.12514778971672058
-0.6681787371635437,-0.6851078271865845,-0.17997100949287415
-0.689565122127533,0.4744335114955902,-0.1432952731847763
0.6766054034233093,-0.7058497071266174,-0.20971758663654327
0.006902568973600864,-0.6864210963249207,0.12664858996868134
-0.46464505791664124,-0.10118520259857178,0.13255798816680908
0.7024941444396973,0.46824273467063904,-0.15492644906044006
-0.12313195317983627,0.5188249349594116,-0.18327808380126953
0.6587954163551331,-0.2584124505519867,0.12824319303035736
-0.41755756735801697,-0.5648564696311951,0.13255798816680908
0.7020491361618042,0.20121872425079346,0.15329977869987488
0.2383725494146347,-0.6693494915962219,-0.22266195714473724
0.2934330701828003,0.5188249349594116,-0.05322195962071419
-0.40179920196533203,0.4689233899116516,0.1334959715604782
-0.21630404889583588,-0.6752060055732727,-0.21200965344905853
0.47063297033309937,-0.643460750579834,0.13302698731422424
-0.3231949806213379,0.1665007621049881,-0.13132907450199127
-0.6714737415313721,0.20158188045024872,0.05939410999417305
0.4527581036090851,0.1855950653553009,-0.13331161439418793
-0.09788777679204941,0.2919231355190277,0.1114409863948822
0.613689661026001,0.4984583258628845,0.13096338510513306
0.06977003067731857,0.16057933866977692,-0.1634863168001175
-0.5690563321113586,-0.348178893327713,-0.07100717723369598
-0.4296697676181793,0.46111398935317993,-0.19706664979457855
-0.6682725548744202,-0.6650227308273315,0.0787048414349556
-0.6808416843414307,0.4745273292064667,0.11256658285856247
0.085490882396698,0.47940492630004883,0.12664858996868134
0.503568708896637,-0.07136888056993484,0.03329900652170181
0.5333850383758545,-0.43991512060165405,-0.05913134664297104
-0.39392003417015076,0.16603174805641174,0.13321459293365479
-0.46676158905029297,-0.6765191555023193,-0.0746585875749588
-0.5823758840560913,-0.008823146112263203,-0.0895439013838768
0.43921002745628357,0.26733556389808655,0.1334959715604782
0.692322850227356,-0.6794390082359314,0.03109806589782238
0.23270367085933685,-0.6765191555023193,0.051089461892843246
0.04261762648820877,-0.6815555095672607,-0.14752830564975739
-0.22104695439338684,-0.6865148544311523,0.03323335200548172
0.4204500615596771,-0.32913753390312195,0.12796178460121155
0.47063297033309937,-0.6865148544311523,-0.10823556035757065
0.6782528758049011,0.2612914741039276,-0.10558438301086426
-0.5569441914558411,0.2560795843601227,-0.14265070855617523
-0.16861283779144287,0.5184497833251953,0.15095478296279907
0.2583639621734619,0.2732449471950531,-0.037505798041820526
-0.6274287104606628,-0.4448336064815521,0.12312506884336472
0.11363081634044647,0.42369988560676575,-0.14724691212177277
0.5255996584892273,0.40981748700141907,-0.06893343478441238
-0.42534297704696655,-0.3212583363056183,0.13255798816680908
-0.13784651458263397,0.2789667248725891,-0.1050463616847992
0.6199622750282288,-0.4862522482872009,0.13255798816680908
-0.6297327876091003,-0.24265408515930176,0.12364698201417923
0.5443596243858337,-0.2283027023077011,-0.05311878025531769
-0.574672281742096,0.40981748700141907,-0.006059407256543636
0.2820015251636505,0.4177904427051544,0.13312077522277832
0.14215801656246185,0.2919231355190277,0.13143238425254822
-0.6427709460258484,0.03144103288650513,0.14495159685611725
0.6362714767456055,-0.025216707959771156,0.13143238425254822
-0.6004672646522522,-0.5533191561698914,-0.035672012716531754
-0.31176337599754333,0.5188249349594116,-0.02178964391350746
0.6059861183166504,0.0651969388127327,-0.06192657724022865
-0.01308413129299879,0.09229306131601334,0.14382599294185638
-0.4974750280380249,-0.16437813639640808,-0.0435718297958374
-0.04024779424071312,0.40981748700141907,0.017521869391202927
-0.2052885740995407,0.11885042488574982,0.12364698201417923
0.6781182289123535,0.34678399562835693,0.041103146970272064
-0.4174637794494629,0.2732449471950531,-0.013929213397204876
0.5085281133651733,0.10177887231111526,0.12158339470624924
-0.25246989727020264,0.2732449471950531,0.0332239605486393
0.3753323554992676,0.3537251949310303,-0.13280172646045685
0.6272786855697632,-0.5806148648262024,-0.08347240835428238
0.006891313474625349,0.24838799238204956,0.0017822564113885164
-0.2917720079421997,0.3546631932258606,-0.10793539881706238
-0.5379965901374817,0.2719317674636841,0.13143238425254822
0.5255996584892273,0.24838799238204956,-0.006078168284147978
0.7195777297019958,0.4993025064468384,-0.006059407256543636
-0.5274909734725952,-0.6865148544311523,0.06464690715074539
0.5020558834075928,-0.18759359419345856,0.13255798816680908
0.43344733119010925,0.48940059542655945,0.11665289103984833
0.4398666322231293,0.49742648005485535,-0.1741674542427063
0.17985351383686066,0.40981748700141907,0.009661441668868065
0.42700400948524475,-0.4662608802318573,0.12364698201417923
-0.05169810354709625,-0.7065062522888184,-0.021780259907245636
0.36839115619659424,0.1658441424369812,0.0017822564113885164
-0.4579852819442749,-0.45314088463783264,0.024725696071982384
0.1605427861213684,-0.5824788212776184,0.10515638440847397
0.2820015251636505,0.26030057668685913,0.1334959715604782
0.09336068481206894,-0.7065062522888184,-0.006059407256543636
-0.4353795647621155,0.09596328437328339,-0.03487471118569374
0.15621595084667206,0.1658441424369812,0.00964268110692501
-0.12456783652305603,-0.6159365177154541,0.12312506884336472
0.30817168951034546,0.1712845414876938,-0.14124371111392975
-0.5349540710449219,-0.6752060055732727,-0.21200965344905853
-0.4960680305957794,0.04812537878751755,0.12364698201417923
-0.259692519903183,0.5139473080635071,-0.1962224543094635
0.32130366563796997,-0.6615641713142395,-0.08464490622282028
-0.5611242651939392,0.4546946883201599,0.1235002726316452
-0.3174322545528412,-0.6965105533599854,-0.08251901715993881
0.4285048246383667,-0.5863487124443054,-0.0023891874589025974
-0.6651890873908997,0.34678399562835693,0.11182820051908493
-0.7075866460800171,0.47369515895843506,-0.014585813507437706
-0.043477147817611694,0.3714533746242523,-0.13280172646045685
-0.6651890873908997,0.3546631932258606,-0.10824494063854218
-0.6698671579360962,-0.6554551720619202,-0.03323057293891907
-0.178098663687706,0.1858355551958084,-0.03392060101032257
-0.4411013424396515,0.4988335072994232,0.0017916385550051928
-0.551128625869751,0.4792173206806183,-0.14752830564975739
-0.4725242853164673,0.37032777070999146,-0.10793539881706238
-0.675319492816925,0.18094593286514282,-0.10824494063854218
-0.33107414841651917,-0.7064124345779419,0.14664000272750854
-0.39815303683280945,-0.6864210963249207,-0.19741778075695038
0.6004518866539001,-0.36965906620025635,0.04649663344025612
0.04192758724093437,0.4988335072994232,-0.02966882660984993
0.5392414927482605,-0.6765191555023193,0.019657138735055923
0.5906558632850647,0.4982298016548157,-0.1671733558177948
0.32918283343315125,-0.6120377779006958,0.12364698201417923
0.45815759897232056,0.06378994137048721,-0.04332888871431351
0.5770139694213867,-0.7013472318649292,-0.22406896948814392
-0.5853245854377747,-0.08852542191743851,0.04722490906715393
0.6055171489715576,-0.11999206244945526,0.03712603449821472
-0.18953020870685577,0.40981748700141907,0.009661441668868065
-0.5590077638626099,0.2732449471950531,-0.0060687898658216
0.2274509072303772,0.4655754566192627,-0.16529734432697296
0.3946550786495209,-0.705193042755127,-0.22200535237789154
-0.5590077638626099,-0.5727356672286987,0.13255798816680908
0.6861850023269653,0.17034655809402466,-0.0060687898658216
0.16503313183784485,0.296507328748703,-0.13279235363006592
0.6120831370353699,-0.6277962327003479,0.13255798816680908
0.572780966758728,0.2735263407230377,0.11961358785629272
0.5414518117904663,0.2843133211135864,-0.13439631462097168
-0.2681344747543335,0.40981748700141907,0.119707390666008
-0.4320027828216553,-0.5806148648262024,-0.006059407256543636
-0.33107414841651917,0.1658441424369812,0.00964268110692501
0.16409513354301453,-0.6615641713142395,-0.11608660221099854
-0.4572349190711975,-0.029587779194116592,0.0022606353741139174
0.3999079167842865,0.40981748700141907,0.03323334828019142
-0.1738656461238861,-0.6612827777862549,-0.10041265189647675
0.4099035859107971,-0.6765191555023193,0.007516789715737104
-0.1052570790052414,-0.6764253973960876,-0.2074134796857834
0.6531674265861511,0.3860861361026764,-0.08465427905321121
0.5177205204963684,0.4988335072994232,0.025372913107275963
0.45054781436920166,-0.36817026138305664,0.02990609221160412
-0.5904306769371033,0.13460882008075714,0.13293318450450897
-0.420746773481369,0.24913839995861053,-0.14114990830421448
0.7200466990470886,0.46073877811431885,0.11294177919626236
-0.5086372494697571,-0.20879235863685608,0.08068666607141495
0.4350419342517853,0.010986654087901115,0.12265606224536896
-0.18962401151657104,0.14819777011871338,-0.15729553997516632
-0.06596434116363525,0.19497501850128174,-0.13218601047992706
-0.032396748661994934,0.45681121945381165,0.1334959715604782
0.6774495840072632,-0.6664296984672546,-0.06467227637767792
0.3841495215892792,0.11894424259662628,0.13293318450450897
-0.5274909734725952,-0.39198341965675354,0.12364698201417923
-0.6272940039634705,0.11125265061855316,-0.013169435784220695
-0.12880083918571472,0.4888378083705902,-0.04748460650444031
-0.3258213698863983,0.2719317674636841,0.13143238425254822
0.6196808815002441,0.08592670410871506,0.07318268716335297
0.14478440582752228,0.16247941553592682,0.1525493860244751
0.16764748096466064,0.1858355551958084,-0.128236323595047
-0.36249709129333496,0.40981748700141907,0.02538229152560234
0.6042039394378662,0.14819777011871338,-0.15729553997516632
0.5020558834075928,0.40981748700141907,0.10394902527332306
-0.4378063678741455,-0.2738894522190094,-0.005749870557337999
-0.574672281742096,-0.6865148544311523,-0.10037513822317123
-0.00523308664560318,0.5188249349594116,-0.14752830564975739
-0.3581703007221222,-0.7065062522888184,0.03750387951731682
-0.5197994112968445,0.15083616971969604,-0.10235430300235748
-0.4076148271560669,-0.42179974913597107,0.13096338510513306
-0.11101975291967392,0.2732449471950531,0.009652063250541687
0.4076932966709137,0.2732449471950531,-0.05322195962071419
-0.48040348291397095,0.19070111215114594,0.04108439013361931
-0.1856844276189804,0.3979986906051636,-0.13280172646045685
0.2233886569738388,0.5188249349594116,0.08395764231681824
0.5978255271911621,-0.5158929824829102,0.022118056192994118
-0.6427709460258484,-0.11427965760231018,0.12496019154787064
0.5177205204963684,-0.39198341965675354,0.11256658285856247
0.260052353143692,0.3630113899707794,-0.13280172646045685
-0.582270085811615,-0.24274787306785583,-0.0014725974760949612
-0.2531265318393707,-0.6018136143684387,0.12758658826351166
-0.10314057022333145,0.1658441424369812,0.0882844477891922
0.18763887882232666,0.4988335072994232,-0.0610823780298233
0.5413580536842346,-0.006860084366053343,0.12364698201417923
-0.5818011164665222,-0.4255637526512146,0.02504461444914341
0.476917564868927,-0.16598211228847504,0.024500571191310883
0.10387564450502396,-0.6852017045021057,-0.22200535237789154
-0.6651890873908997,0.3232402801513672,0.0017822564113885164
0.5536578297615051,-0.11679349094629288,-0.08045469969511032
0.08904325217008591,0.29323631525039673,-0.017514409497380257
0.4313308000564575,0.4988335072994232,-0.0453634075820446
-0.25246989727020264,0.24838799238204956,-0.09242090582847595
0.6042039394378662,0.4988335072994232,-0.06894281506538391
0.32130366563796997,0.4988335072994232,0.0568615160882473
-0.4411013424396515,-0.681355893611908,0.13293318450450897
0.014759241603314877,0.24979498982429504,0.13124479353427887
-0.6218535900115967,0.4988335072994232,0.048944808542728424
0.0697794109582901,0.40981748700141907,0.03323334828019142
0.5823485851287842,-0.257005512714386,0.051468025892972946
0.5963248014450073,-0.6865148544311523,-0.12394702434539795
0.2662431299686432,0.1658441424369812,-0.029650066047906876
-0.02813558466732502,0.14585274457931519,-0.017520036548376083
-0.4332221448421478,0.2732449471950531,0.11182820051908493
0.5286012887954712,-0.5504113435745239,0.09513184428215027
-0.5039472579956055,-0.573298454284668,-0.08331294357776642
-0.5275848507881165,-0.45482930541038513,-0.06085726246237755
0.627747654914856,0.24838799238204956,0.0332239605486393
0.02475775219500065,0.279676228761673,-0.15058283507823944
0.6235146522521973,-0.13262690603733063,0.1334959715604782
0.6057985424995422,-0.014617332257330418,0.04080299288034439
-0.4166724979877472,-0.004743575118482113,0.11796608567237854
-0.5707327723503113,0.3979986906051636,-0.13280172646045685
-0.09526138752698898,-0.6865148544311523,0.08040527254343033
0.48629751801490784,0.19070111215114594,0.07252608239650726
0.2898807227611542,0.40981748700141907,0.013931982219219208
-0.48818889260292053,0.40981748700141907,0.07252608239650726
0.6774616241455078,0.2969762980937958,0.13096338510513306
-0.19740940630435944,0.24838799238204956,0.12664858996868134
-0.6627623438835144,-0.33268994092941284,0.15142378211021423
-0.30743658542633057,0.11228444427251816,0.12383458018302917
0.5377118587493896,-0.26984405517578125,0.1525493860244751
-0.31531578302383423,0.5188249349594116,0.10394902527332306
-0.5499091148376465,-0.3041868209838867,0.07702847570180893
0.5637761950492859,-0.32744914293289185,-0.043107520788908005
0.32130366563796997,0.24838799238204956,0.06107578054070473
0.47851213812828064,-0.08548685908317566,0.13255798816680908
-0.6211032271385193,-0.6041585803031921,0.0489354282617569
0.67118901014328,-0.3763188421726227,0.15329977869987488
-0.4960680305957794,-0.4941314458847046,0.13255798816680908
-0.12668432295322418,0.40981748700141907,0.0882844477891922
-0.6218535900115967,0.4988335072994232,-0.07680323719978333
0.18763887882232666,0.27371394634246826,0.03321458399295807
0.2448159009218216,-0.6334651112556458,0.12303128093481064
0.6120831370353699,0.40981748700141907,0.08040527254343033
0.2348202019929886,0.17070971429347992,0.06464690715074539
0.5486335754394531,0.0031168467830866575,-0.05981007590889931
-0.5332536697387695,-0.028334228321909904,0.1425536870956421
0.13267219066619873,0.4126315116882324,0.1311509758234024
0.3448474109172821,0.4988335072994232,-0.14752830564975739
-0.42534297704696655,-0.21911033987998962,0.13255798816680908
-0.10314057022333145,0.40981748700141907,-0.0767938643693924
0.4697887599468231,-0.44629350304603577,0.01831916905939579
-0.5274909734725952,0.5188249349594116,-0.02537202276289463
0.2898807227611542,0.26968055963516235,-0.14058712124824524
-0.6149124503135681,0.008804487064480782,0.017015349119901657
0.533478856086731,-0.5433763861656189,-0.065322145819664
-0.43612995743751526,0.10356105118989944,0.06258329749107361
-0.061684418469667435,-0.6715598106384277,-0.12608230113983154
0.04618874564766884,0.1858355551958084,0.05321534350514412
-0.4960680305957794,0.16603174805641174,0.13321459293365479
-0.4689599275588989,-0.3546510934829712,0.053297124803066254
-0.09168087691068649,0.5188249349594116,0.05676771327853203
-0.551128625869751,-0.14052484929561615,0.13293318450450897
-0.44898051023483276,0.19070111215114594,-0.05322195962071419
0.030486658215522766,0.40981748700141907,-0.05321257933974266
0.5884455442428589,0.16603174805641174,0.13340216875076294
-0.34673872590065,0.27371394634246826,-0.0768313780426979
-0.36249709129333496,0.4988335072994232,-0.08466366678476334
-0.574672281742096,0.19070111215114594,0.048944808542728424
0.44774580001831055,0.07232572138309479,0.050154827535152435
0.3762703239917755,0.4126315116882324,0.1311509758234024
0.47372838854789734,0.349973201751709,-0.13280172646045685
0.12479299306869507,0.4988335072994232,0.04109376668930054
-0.3853842318058014,0.40578410029411316,-0.10506512224674225
0.5884455442428589,0.19070111215114594,-0.045364346355199814
0.6435060501098633,0.4988335072994232,0.048944808542728424
-0.2367115169763565,0.1858355551958084,0.048944804817438126
-0.03304396942257881,-0.6018136143684387,0.12758658826351166
0.3941452205181122,-0.6765191555023193,0.10183250904083252
0.4772927463054657,-0.25991326570510864,0.03933033347129822
0.39874139428138733,0.2592279016971588,-0.1310604214668274
-0.04811759665608406,0.2732449471950531,-0.06894281506538391
-0.4754849672317505,-0.118560291826725,0.025545118376612663
-0.5571317672729492,-0.5108278393745422,0.06389650702476501
0.43147751688957214,-0.24214419722557068,0.11496449261903763
-0.6402384042739868,0.22887763381004333,-0.03749923035502434
-0.18962401151657104,0.5188249349594116,0.04109376668930054
-0.18741370737552643,-0.6648880243301392,0.12321887910366058
0.1405513882637024,-0.6865148544311523,0.0882844477891922
-0.2603490948677063,0.1658441424369812,-0.053231336176395416
0.5299264788627625,0.4988335072994232,-0.0725233256816864
0.026895835995674133,-0.7065062522888184,0.025372913107275963
0.44258683919906616,0.15815258026123047,-0.050987645983695984
0.32130366563796997,0.1658441424369812,0.08040527254343033
0.42345163226127625,0.24838799238204956,0.0332239605486393
0.4076932966709137,0.38982611894607544,-0.06893343478441238
-0.5861039161682129,-0.667098343372345,0.11322318762540817
0.5392414927482605,-0.6765191555023193,0.09395333379507065
0.6810140013694763,-0.6653041839599609,0.15029819309711456
-0.3546178936958313,0.24838799238204956,0.048944808542728424
0.085490882396698,0.33111944794654846,-0.10793539881706238
-0.6297327876091003,0.26733556389808655,0.1334959715604782
-0.1738656461238861,0.4988335072994232,-0.10823556035757065
-0.5833019018173218,-0.14997048676013947,-0.016246071085333824
-0.5118264555931091,0.4988335072994232,0.05676771700382233
-0.2603490948677063,0.40981748700141907,-0.0453559048473835
0.03833770379424095,0.19070111215114594,-0.0610823780298233
-0.675507128238678,0.41825947165489197,0.046318419277668
-0.45676591992378235,-0.6612827777862549,-0.17116586863994598
0.022616853937506676,0.5188249349594116,0.04465552046895027
0.6340322494506836,-0.5962794423103333,0.017521869391202927
0.5260686874389648,0.0955880731344223,-0.08971947431564331
-0.6197370886802673,0.41539257764816284,0.1235002726316452
0.4448379874229431,-0.6041585803031921,0.0568615160882473
0.2033972591161728,-0.6865148544311523,-0.03749923035502434
0.627747654914856,-0.6865148544311523,-0.009649292565882206
0.21127642691135406,0.40981748700141907,-0.0767938643693924
0.6042039394378662,0.2732449471950531,-0.06894281506538391
-0.6427709460258484,-0.529200553894043,0.13143238425254822
0.6042039394378662,0.40981748700141907,-0.006059407256543636
0.006904445588588715,-0.6865148544311523,-0.061073001474142075
0.1169138103723526,0.40981748700141907,-0.05321257933974266
0.533478856086731,-0.6277962327003479,-0.083547443151474
-0.18174482882022858,0.24838799238204956,-0.037511423230171204
0.41557246446609497,0.4988335072994232,0.04108439013361931
0.08548149466514587,0.24838799238204956,0.04108439013361931
-0.3231949806213379,0.441428005695343,-0.15268729627132416
-0.6060952544212341,-0.6610950827598572,-0.20258879661560059
-0.2681344747543335,0.1874181181192398,0.13340216875076294
-0.665511429309845,0.2707652747631073,-0.12824641168117523
-0.319642573595047,-0.6665235161781311,-0.15895983576774597
-0.3960365355014801,-0.6765191555023193,-0.12181176990270615
0.0033154981210827827,0.5188249349594116,-0.04109099134802818
0.6735219359397888,0.3860861361026764,0.13293318450450897
-0.623970091342926,-0.6765191555023193,0.04322904348373413
0.43138375878334045,-0.13836143910884857,0.12087388336658478
-0.15032188594341278,-0.6615641713142395,-0.006059407256543636
0.32130366563796997,-0.6615641713142395,0.001801017438992858
-0.5197056531906128,-0.6865148544311523,-0.02964068204164505
0.6747413873672485,0.16621936857700348,-0.09252408891916275
-0.5147342681884766,-0.05542025715112686,-0.05301560088992119
-0.589867889881134,0.0651969388127327,0.08668985962867737
0.5610560178756714,-0.4576432704925537,0.08096806704998016
0.7010053992271423,0.45249640941619873,-0.10037513822317123
-0.04811760038137436,0.29323631525039673,0.08463829010725021
-0.6848871111869812,0.44058385491371155,-0.08728067576885223
-0.6323592662811279,0.4638461768627167,-0.16422466933727264
0.24269936978816986,-0.6865148544311523,-0.12394702434539795
-0.2995574176311493,-0.6615641713142395,0.009661441668868065
0.6950958967208862,0.4272642433643341,0.03323334828019142
-0.48818889260292053,0.40981748700141907,-0.0374964214861393
0.3999079167842865,0.19070111215114594,0.09606984257698059
-0.4473738968372345,-0.3406628966331482,-0.04864717274904251
-0.48828262090682983,-0.6199169754981995,0.10554362088441849
0.42504623532295227,-0.5648564696311951,0.13265177607536316
0.12479299306869507,0.5188249349594116,-0.09610459208488464
0.47851213812828064,0.40981748700141907,0.009661441668868065
-0.2052885740995407,0.31836265325546265,-0.1325484812259674
-0.4332221448421478,0.1681891828775406,-0.1373041272163391
-0.4076148271560669,0.06913652271032333,0.13096338510513306
0.3762703239917755,-0.6865148544311523,-0.13964912295341492
0.5806601643562317,-0.21901653707027435,0.12364698201417923
0.3239300549030304,0.41628968715667725,-0.14124371111392975
0.5652769804000854,0.3786759376525879,-0.13280172646045685
-0.03405027091503143,-0.6652103066444397,-0.22200535237789154
-0.485175222158432,0.05252194032073021,-0.10625901818275452
0.21971842646598816,0.24294762313365936,-0.10546846687793732
0.6384409070014954,0.31292226910591125,-0.13280172646045685
0.2233886569738388,0.2683793604373932,0.09183681756258011
0.3072457015514374,0.5184497833251953,0.13124479353427887
-0.03239675238728523,0.1617049276828766,0.15348738431930542
0.5406076908111572,-0.08818172663450241,0.07618428021669388
-0.28389284014701843,0.40981748700141907,0.04109376668930054
0.05405855178833008,0.40981748700141907,0.11182820051908493
0.10691811889410019,0.18070541322231293,-0.06678879261016846
-0.6183012127876282,0.14585274457931519,-0.1439571976661682
0.5073087215423584,0.4480878412723541,-0.15409427881240845
0.7059887647628784,0.25025197863578796,-0.036537617444992065
0.09532109647989273,0.2559857666492462,-0.14265070855617523
-0.4725242853164673,0.4993025064468384,-0.13184496760368347
0.6459448337554932,0.16396817564964294,0.06492830812931061
0.40178388357162476,0.42838984727859497,-0.14959190785884857
0.5099350810050964,0.19070111215114594,-0.07680323719978333
0.5806601643562317,-0.33692294359207153,0.12364698201417923
-0.3703762888908386,0.19070111215114594,-0.061073001474142075
-0.022410428151488304,0.1758398562669754,0.05108008533716202
-0.613505482673645,-0.6199169754981995,-0.08347240835428238
-0.6679093241691589,0.1548575460910797,0.13330838084220886
-0.48040348291397095,0.2732449471950531,0.0332239605486393
0.39202868938446045,-0.6865148544311523,-0.061073001474142075
0.658983051776886,-0.5648564696311951,0.12824319303035736
-0.5118264555931091,0.2732449471950531,-0.06894281506538391
-0.48828262090682983,-0.2661978602409363,0.13255798816680908
-0.33173075318336487,-0.6018136143684387,0.12758658826351166
-0.2367115169763565,-0.6615641713142395,-0.05321257933974266
0.24058285355567932,0.5088292360305786,-0.016064485535025597
-0.4320027828216553,-0.6120377779006958,-0.08120245486497879
0.600264310836792,-0.43447473645210266,0.0022324954625219107
-0.5178296566009521,-0.23955868184566498,-0.04641677811741829
0.5177205204963684,0.4803549349308014,0.152924582362175
-0.15810726583003998,-0.6615641713142395,-0.17895124852657318
0.21906182169914246,0.40981748700141907,0.0882844477891922
0.03619305416941643,-0.6299126744270325,0.12293747067451477
-0.4610927104949951,0.5188249349594116,0.10827583819627762
-0.12668432295322418,0.1658441424369812,-0.06467227637767792
0.19551809132099152,0.1739109605550766,0.1334959715604782
0.3134244382381439,-0.6865148544311523,0.08040527254343033
0.5999709367752075,-0.6865148544311523,0.07252608239650726
-0.07168949395418167,0.26564717292785645,-0.14283831417560577
-0.47871509194374084,-0.5294939875602722,0.06614769995212555
0.46538016200065613,0.2560795843601227,-0.14265070855617523
0.35797935724258423,0.2719317674636841,0.13143238425254822
-0.4708358645439148,-0.005171687342226505,0.07383928447961807
-0.22459930181503296,-0.6615641713142395,-0.13180746138095856
-0.4784336984157562,-0.5070757865905762,-0.033825092017650604
0.16985780000686646,-0.6765191555023193,-0.19682613015174866
0.07764920592308044,-0.6615641713142395,-0.07678448408842087
0.46063730120658875,-0.6854422092437744,-0.21388566493988037
0.3290890157222748,0.24838799238204956,-0.053231336176395416
0.5819733738899231,-0.16660119593143463,-0.028909046202898026
0.06191897764801979,0.19107632339000702,0.11961358785629272
-0.18962401151657104,0.4453796148300171,0.11350458115339279
0.4988258183002472,-0.3004876971244812,-0.026169707998633385
-0.3133459985256195,0.2559857666492462,-0.14265070855617523
0.6408796310424805,0.44846299290657043,-0.15428189933300018
-0.12668432295322418,0.10825105756521225,0.13133859634399414
-0.6886270642280579,0.47762274742126465,0.07750950008630753
-0.613974392414093,0.2918173372745514,-0.10791664570569992
-0.48298898339271545,0.019090961664915085,-0.049585890024900436
-0.33885955810546875,0.40981748700141907,-0.0453559048473835
0.3134244382381439,-0.6615641713142395,-0.17107205092906952
-0.27601367235183716,-0.6615641713142395,0.08040527254343033
-0.36249709129333496,0.4988335072994232,-0.018199754878878593
-0.40179920196533203,0.19070111215114594,0.048944808542728424
0.44829657673835754,-0.02752683311700821,-0.025194572284817696
0.03719935938715935,0.41370418667793274,-0.13725121319293976
0.49629321694374084,-0.6765191555023193,0.05465121194720268
-0.23247848451137543,0.5192939639091492,-0.0846824198961258
-0.12302614748477936,0.3583213984966278,-0.13280172646045685
-0.551128625869751,0.33111944794654846,-0.10793539881706238
0.4941767156124115,0.2732449471950531,-0.07680323719978333
0.536105215549469,-0.16177989542484283,0.07177568972110748
0.5120925307273865,-0.32003894448280334,0.0642717033624649
-0.6265964508056641,0.4884626269340515,0.12087388336658478
-0.6532765626907349,-0.6615641713142395,-0.13964912295341492
0.6587954163551331,0.04812537878751755,0.12824319303035736
0.6743132472038269,0.24497032165527344,0.06806457042694092
-0.2367115169763565,0.4988335072994232,0.10394902527332306
0.48460909724235535,-0.5120472311973572,0.051224153488874435
0.4448379874229431,-0.6355815529823303,-0.0453559048473835
-0.15810726583003998,0.1674267202615738,0.13340216875076294
-0.5825514793395996,0.40981748700141907,0.08040527254343033
0.504963755607605,-0.3978928029537201,0.06127011030912399
-0.39363861083984375,0.33918625116348267,-0.13280172646045685
-0.19806599617004395,0.24304139614105225,-0.1601095199584961
-0.5151094794273376,-0.09748010337352753,0.08068666607141495
-0.1952928751707077,0.4888378083705902,-0.03963637351989746
0.3527265787124634,0.1658441424369812,-0.06895219534635544
-0.5590077638626099,0.19070111215114594,-0.021789642050862312
-0.07330020517110825,0.4483812153339386,-0.14959190785884857
0.1169138103723526,0.19070111215114594,0.07252608239650726
0.4191248416900635,0.07176292687654495,0.1525493860244751
-0.31531578302383423,0.2732449471950531,-0.0060687898658216
0.25624746084213257,0.19741381704807281,0.12340646237134933
0.6445378661155701,0.11387904733419418,0.0094926031306386
0.08191037178039551,-0.7065062522888184,0.06041388586163521
0.5081529021263123,-0.371816486120224,-0.05301560088992119
0.05763906612992287,0.48110535740852356,-0.19706664979457855
0.572780966758728,-0.1483665108680725,0.13255798816680908
0.5806601643562317,-0.06975287944078445,0.13255798816680908
0.48629751801490784,0.2732449471950531,0.05676771700382233
-0.6662209033966064,0.4025949537754059,-0.02964068204164505
-0.5863972902297974,-0.4906608462333679,-0.004352252464741468
-0.574672281742096,-0.5020105838775635,0.13255798816680908
-0.5735875964164734,-0.1832258701324463,0.059944164007902145
-0.45807912945747375,-0.20203876495361328,0.0025232750922441483
-0.2505001127719879,0.42838984727859497,-0.14959190785884857
-0.5590077638626099,-0.24265408515930176,0.13255798816680908
-0.6403321623802185,0.2996026873588562,0.06464690715074539
-0.11880514770746231,0.40981748700141907,0.017521869391202927
-0.1538742333650589,0.5011905431747437,-0.19716045260429382
-0.5802064538002014,0.07982970774173737,-0.07340768724679947
-0.2603490948677063,0.2732449471950531,0.10394902527332306
-0.45676591992378235,-0.3841042220592499,0.12364698201417923
-0.3231949806213379,0.1658441424369812,0.08040527254343033
0.5570226311683655,0.1911701112985611,0.07252608239650726
0.16672152280807495,0.47566497325897217,-0.15539544820785522
-0.4332221448421478,0.40981748700141907,0.02538229152560234
0.7195777297019958,0.5192939639091492,0.08463829010725021
0.43189361691474915,0.14061200618743896,0.04160028696060181
0.5177205204963684,0.1739109605550766,0.1334959715604782
0.6477389931678772,-0.7013472318649292,-0.24406036734580994
-0.48818889260292053,0.22887763381004333,-0.14021191000938416
-0.4247801899909973,-0.6581873297691345,-0.02700491063296795
0.6142404675483704,-0.003717792918905616,-0.028243068605661392
0.33696821331977844,0.40981748700141907,0.06464690715074539
-0.4320027828216553,-0.6120377779006958,0.0568615160882473
-0.5218220949172974,-0.6765191555023193,-0.14180316030979156
0.533478856086731,-0.6120377779006958,0.13293318450450897
0.4840463697910309,-0.503699004650116,-0.019594725221395493
-0.6625098586082458,0.18034225702285767,-0.013447470031678677
-0.4267619848251343,-0.16047872602939606,0.10815799236297607
0.5966998934745789,-0.5560393333435059,0.08040527254343033
-0.5929223895072937,-0.3547977805137634,0.01974155753850937
0.6071117520332336,-0.31094038486480713,0.010027262382209301
-0.6851804852485657,0.311808705329895,-0.061091769486665726
-0.5442811846733093,-0.4437609314918518,0.08040527254343033
0.6120831370353699,0.23694440722465515,-0.13964912295341492
0.5794407725334167,-0.4876592457294464,-0.038284335285425186
0.47710514068603516,0.014357436448335648,0.07365168631076813
0.18763887882232666,0.24838799238204956,-0.045370910316705704
-0.46464505791664124,0.4342992305755615,-0.15128029882907867
0.536105215549469,0.1712845414876938,-0.14124371111392975
0.3946550786495209,0.1912759393453598,-0.16123512387275696
0.3134244382381439,0.11228444427251816,0.12383458018302917
-0.6208218336105347,0.14370740950107574,0.07252608239650726
0.5020558834075928,-0.6615641713142395,-0.16328667104244232
-0.3860408663749695,-0.6615641713142395,0.08040527254343033
0.171974316239357,-0.6615641713142395,0.017531249672174454
-0.09526138752698898,0.19070111215114594,0.025372913107275963
-0.551128625869751,0.2732449471950531,0.06464690715074539
0.678024411201477,0.3232402801513672,-0.0767938643693924
-0.18962401151657104,0.24838799238204956,0.04108439013361931
-0.613974392414093,0.24838799238204956,0.025363534688949585
0.651197612285614,0.11885042488574982,0.12364698201417923
0.5755950212478638,-0.06900247931480408,-0.03681355342268944
0.5636823773384094,0.06510314345359802,0.10704441368579865
0.4784183204174042,-0.5884941220283508,-0.083547443151474
0.2662431299686432,-0.6615641713142395,-0.045351214706897736
0.26269078254699707,0.5188249349594116,-0.08038374781608582
-0.546801745891571,0.5188249349594116,0.009652063250541687
-0.574672281742096,0.24838799238204956,-0.06895219534635544
-0.5792684555053711,-0.0465092733502388,-0.03525460138916969
0.5963248014450073,-0.4155271649360657,0.13321459293365479
-0.574672281742096,-0.3448021113872528,0.13255798816680908
-0.6060952544212341,0.40981748700141907,-0.0767938643693924
-0.4411013424396515,-0.6865148544311523,0.04109376668930054
0.678024411201477,0.3704215884208679,-0.02177087962627411
0.4076932966709137,0.4988335072994232,-0.10823556035757065
0.4941767156124115,-0.6865148544311523,-0.045357782393693924
-0.5904306769371033,-0.6865148544311523,-0.02964068204164505
-0.4546493589878082,0.43538394570350647,0.1235002726316452
-0.529701292514801,-0.6951974034309387,0.14124049246311188
0.48451530933380127,-0.18007756769657135,-0.05266180261969566
0.15781055390834808,0.3631051778793335,-0.13280172646045685
-0.11889895796775818,0.24838799238204956,0.07252608239650726
0.4469953775405884,0.4332674741744995,0.1334959715604782
0.13267219066619873,0.40981748700141907,0.06464690715074539
0.6530736088752747,0.22887763381004333,-0.061073001474142075
-0.4657706916332245,-0.09114392846822739,-0.021198701113462448
0.09692242741584778,-0.6865148544311523,-0.15540748834609985
-0.5797375440597534,-0.007751184049993753,0.07065010070800781
0.4627537727355957,0.2732449471950531,-0.013929213397204876
-0.48270758986473083,-0.2933588922023773,0.06798280775547028
0.4595525860786438,-0.11940112709999084,-0.0232153981924057
0.1997511088848114,0.08675888180732727,0.10825179517269135
-0.11313626170158386,0.48940059542655945,0.11665289103984833
0.34273090958595276,0.48461678624153137,0.12293747067451477
-0.11955554783344269,0.22109228372573853,-0.14021191000938416
0.46487030386924744,-0.3976522982120514,0.11365129053592682
0.6012023687362671,0.13592201471328735,-0.08070532232522964
0.4313308000564575,0.2996026873588562,-0.10793539881706238
0.5649018287658691,0.4988335072994232,0.07252608239650726
-0.4782869517803192,0.48461678624153137,0.12265606224536896
0.4076932966709137,-0.6277962327003479,0.13293318450450897
-0.2052885740995407,0.19070111215114594,-0.07680323719978333
-0.02550918608903885,0.4480757713317871,-0.1881556659936905
0.5570226311683655,-0.6865148544311523,-0.061073001474142075
-0.3781616687774658,0.4988335072994232,0.06464690715074539
0.046198129653930664,0.2732449471950531,-0.05322195962071419
0.3468171954154968,0.28525134921073914,-0.10765399783849716
0.5098413228988647,-0.5020105838775635,0.13321459293365479
0.6982851624488831,0.4406776428222656,-0.02964068204164505
-0.25246989727020264,0.1803831309080124,-0.14358872175216675
-0.3781616687774658,0.40981748700141907,0.0882844477891922
0.5929479598999023,-0.18196558952331543,0.04740649089217186
0.23416361212730408,0.43984541296958923,-0.14452672004699707
-0.05597802624106407,0.09229306131601334,0.152924582362175
0.5885393619537354,0.40981748700141907,-0.0767938643693924
0.06618952006101608,-0.6417603492736816,-0.20990519225597382
-0.6353078484535217,0.11318155378103256,0.11815368384122849
-0.46464505791664124,0.10318586230278015,0.12364698201417923
-0.1088094562292099,-0.6515684723854065,-0.07104994356632233
-0.4960680305957794,-0.17191964387893677,0.13255798816680908
-0.028116824105381966,0.40981748700141907,-0.0453559011220932
-0.016685273498296738,0.14585274457931519,-0.09252408891916275
0.6356268525123596,0.4988335072994232,-0.013929213397204876
-0.28389284014701843,0.5188249349594116,0.048944804817438126
0.5649018287658691,0.2732449471950531,0.05676771700382233
0.5413580536842346,0.40981748700141907,0.001801017438992858
-0.48040348291397095,-0.5570711493492126,0.13255798816680908
0.47486597299575806,0.20168772339820862,0.15348738431930542
-0.6562661528587341,-0.6817430853843689,0.061085157096385956
-0.24459069967269897,0.24838799238204956,-0.029650066047906876
-0.13456353545188904,-0.681355893611908,0.13302698731422424
0.4634103775024414,0.40578410029411316,-0.10506512224674225
0.2509537637233734,0.19801749289035797,-0.15982811152935028
0.6042039394378662,0.016702432185411453,0.12364698201417923
-0.728797435760498,0.4978955388069153,-0.07653121650218964
0.16764748096466064,-0.6651164889335632,0.11097197979688644
-0.4804852306842804,-0.3196757733821869,-0.07279125601053238
-0.04024779424071312,0.40981748700141907,0.08040527254343033
0.21127642691135406,0.33111944794654846,-0.10793539881706238
0.2583639621734619,0.2732449471950531,0.025363534688949585
0.6534079313278198,-0.18547707796096802,0.14292888343334198
-0.6756008863449097,0.26058197021484375,0.025372913107275963
-0.553754985332489,0.19070111215114594,0.13143238425254822
-0.4089280068874359,0.16321776807308197,-0.013478973880410194
-0.4416641294956207,0.0388391949236393,-0.009670703671872616
0.0147554911673069,0.3232402801513672,-0.10793539881706238
0.014753615483641624,0.49939629435539246,0.12664858996868134
0.6805979013442993,-0.6765191555023193,-0.1575240045785904
0.43921002745628357,-0.6865148544311523,-0.17107205092906952
-0.04810822010040283,-0.6615641713142395,0.041103146970272064
0.1483367681503296,0.24304141104221344,-0.10543093830347061
-0.6135991811752319,0.14849118888378143,-0.0611855573952198
-0.6260866522789001,-0.01831977441906929,0.1525493860244751
-0.5682001113891602,-0.13541275262832642,0.06717949360609055
0.4469953775405884,0.19070111215114594,0.0017916385550051928
0.5141681432723999,0.05245218798518181,0.1525493860244751
-0.47880885004997253,-0.42134276032447815,-0.03331763669848442
0.5259748697280884,-0.2601008713245392,0.07759127765893936
0.21906182169914246,0.19070111215114594,0.0017916385550051928
-0.06319122761487961,0.331025630235672,-0.10793539881706238
0.30554527044296265,0.19070111215114594,0.025372913107275963
0.6120831370353699,0.19070111215114594,0.0175124853849411
0.33696821331977844,0.22099845111370087,-0.10793539881706238
-0.4174637794494629,0.27371394634246826,-0.08467303961515427
-0.551128625869751,0.20552149415016174,-0.1080104410648346
-0.5668869614601135,-0.6277962327003479,0.1062002182006836
-0.5616341829299927,-0.38288483023643494,0.07327648252248764
-0.06383845210075378,-0.681355893611908,0.13302698731422424
0.5649018287658691,0.4988335072994232,-0.013929213397204876
0.3762703239917755,0.24838799238204956,-0.006078168284147978
0.36839115619659424,0.4988335072994232,0.0017916385550051928
0.21127642691135406,0.4988335072994232,0.04109376668930054
-0.07596941292285919,0.4788421392440796,-0.03392060101032257
0.5884455442428589,0.24838799238204956,-0.013929213397204876
0.09547719359397888,0.1758398562669754,-0.02392490953207016
-0.46192488074302673,0.13629721105098724,-0.07843535393476486
0.014757366850972176,0.19070111215114594,0.08040527254343033
0.6317811012268066,0.05037657171487808,-0.005421568639576435
-0.606939435005188,-0.5484415292739868,0.024932056665420532
0.6120831370353699,-0.643460750579834,-0.083547443151474
0.627747654914856,0.24838799238204956,0.11182820051908493
-0.3781616687774658,-0.6615641713142395,-0.07678448408842087
-0.055987399071455,0.24838799238204956,0.0017822564113885164
0.3527265787124634,0.1816963255405426,0.1334959715604782
-0.44157034158706665,0.16293637454509735,0.09560084342956543
0.028342006728053093,0.2832406461238861,0.09040096402168274
-0.5190489888191223,0.40850427746772766,-0.09992489218711853
0.4627537727355957,0.4992086887359619,0.08040527254343033
-0.5353701710700989,-0.643460750579834,-0.083547443151474
-0.016028674319386482,0.22887763381004333,-0.10793539881706238
-0.6383624076843262,0.41094309091567993,-0.13539060950279236
-0.5383718013763428,-0.5138294100761414,-0.05332513898611069
0.6027969121932983,-0.2219243198633194,-0.016452429816126823
-0.15810726583003998,0.19070111215114594,0.04108439013361931
-0.5681062936782837,-0.28073686361312866,-0.04606597125530243
0.3999079167842865,0.2732449471950531,0.0882844477891922
0.6050481796264648,-0.36890867352485657,-0.013347654603421688
0.5099350810050964,0.2732449471950531,0.11182820051908493
-0.3510655164718628,-0.6665235161781311,-0.017506906762719154
-0.15599076449871063,-0.6765191555023193,0.04677201807498932
-0.4174637794494629,0.4988335072994232,-0.05322195962071419
0.5099350810050964,0.19070111215114594,0.0175124853849411
-0.13456353545188904,0.448932021856308,0.1334959715604782
0.3134244382381439,0.40981748700141907,-0.061073001474142075
0.627747654914856,0.4988335072994232,-0.12395639717578888
-0.3189619481563568,0.4988335072994232,-0.1196577250957489
0.4627537727355957,-0.6865148544311523,0.009661441668868065
-0.46971026062965393,0.3161114752292633,-0.13280172646045685
0.6058923006057739,-0.5489105582237244,-0.037749677896499634
-0.42534297704696655,0.40981748700141907,-0.061073001474142075
-0.6401445865631104,0.3704215884208679,0.04892605170607567
-0.613974392414093,0.22099845111370087,-0.10793539881706238
0.32130366563796997,0.3546631932258606,-0.10793539881706238
-0.6218535900115967,-0.6041585803031921,0.12364698201417923
0.2583639621734619,0.24838799238204956,0.08040527254343033
0.5806601643562317,-0.5334335565567017,0.13255798816680908
0.6077562570571899,-0.6651164889335632,0.13096338510513306
0.4252338707447052,-0.06188306212425232,0.12364698201417923
0.6828081607818604,-0.6615641713142395,-0.013910454697906971
0.47851213812828064,-0.33692294359207153,0.12364698201417923
-0.3782554566860199,0.24838799238204956,0.11961358785629272
-0.46464505791664124,-0.0025989224668592215,0.13255798816680908
0.09903894364833832,-0.6613355875015259,0.12293747067451477
-0.49588045477867126,-0.40577200055122375,0.06342750042676926
-0.576266884803772,-0.4390709400177002,-0.032323356717824936
0.29766610264778137,0.19070111215114594,-0.07680323719978333
0.47063297033309937,-0.5670139193534851,0.09606984257698059
0.5705297589302063,-0.31835055351257324,0.06577249616384506
0.07228050380945206,0.3886716365814209,-0.12280604243278503
-0.5825514793395996,0.016702432185411453,0.12364698201417923
-0.5613527297973633,-0.24678125977516174,0.05676771700382233
-0.46464505791664124,0.24838799238204956,-0.045370910316705704
-0.48040348291397095,0.24838799238204956,0.0882844477891922
-0.5197056531906128,-0.3212583363056183,0.12364698201417923
0.6420052647590637,0.15055477619171143,-0.0381380096077919
0.32028383016586304,0.4480757713317871,-0.1684456616640091
-0.2367115169763565,0.3860861361026764,-0.10793539881706238
-0.613974392414093,-0.18759359419345856,0.13255798816680908
-0.5904306769371033,-0.3998625874519348,0.12364698201417923
0.43827199935913086,-0.6581873297691345,0.08040527254343033
0.4628475606441498,0.13245141506195068,0.08978524804115295
0.6562628746032715,-0.43391191959381104,0.15142378211021423
0.5013993382453918,-0.45436030626296997,0.07215089350938797
-0.674850583076477,0.26602235436439514,0.09606984257698059
-0.5523070693016052,-0.1412343680858612,-0.06721353530883789
-0.5904306769371033,-0.2898354232311249,0.12364698201417923
0.678024411201477,0.357289582490921,-0.12750205397605896
-0.5353701710700989,0.11885042488574982,0.13293318450450897
-0.2052885740995407,0.40981748700141907,-0.061073001474142075
0.3269725441932678,-0.6793451905250549,-0.21266625821590424
0.41557246446609497,0.40981748700141907,0.0882844477891922
-0.2052885740995407,0.40981748700141907,0.06464690715074539
-0.45321351289749146,-0.6693494915962219,-0.20267055928707123
-0.27965980768203735,0.24838799238204956,0.06464690715074539
0.6371276378631592,-0.657249391078949,0.020138882100582123
0.6199622750282288,-0.6615641713142395,-0.17107205092906952
0.05404917150735855,0.24304141104221344,-0.10543093830347061
-0.2917720079421997,-0.643460750579834,0.13274557888507843
0.5649018287658691,0.23656924068927765,-0.1080104410648346
0.49370771646499634,-0.06441567093133926,-0.023740675300359726
-0.4600488841533661,-0.5586656928062439,-0.05041452869772911
0.742570698261261,0.4945187270641327,-0.0889248177409172
-0.5589139461517334,-0.6615641713142395,-0.17107205092906952
0.16614669561386108,0.21321305632591248,-0.14021191000938416
-0.6211032271385193,-0.6356754302978516,0.0017822564113885164
0.12055997550487518,-0.7065062522888184,-0.03749923035502434
-0.5925471782684326,-0.10332046449184418,0.1425536870956421
-0.46464505791664124,-0.44695013761520386,0.13255798816680908
0.5062889456748962,-0.2626454830169678,0.1525493860244751
-0.3982468545436859,0.16057933866977692,-0.16339249908924103
-0.685918927192688,0.4464932084083557,-0.1444329023361206
-0.07954991608858109,0.42538824677467346,0.1334959715604782
-0.6532765626907349,0.4988335072994232,0.0017916385550051928
0.2662431299686432,0.40981748700141907,-0.09242090582847595
0.6024217009544373,-0.06619786471128464,0.017634429037570953
-0.27507567405700684,0.296507328748703,-0.13279235363006592
-0.2917720079421997,0.40981748700141907,-0.09242090582847595
0.5806601643562317,0.31536105275154114,-0.10793539881706238
-0.5664588809013367,-0.21109646558761597,-0.029310127720236778
0.48967429995536804,-0.41834115982055664,-0.026807930320501328
0.5163134932518005,-0.037269990891218185,0.07899826765060425
0.1483367681503296,0.24838799238204956,0.0017822564113885164
-0.04812697693705559,0.24838799238204956,0.11961358785629272
-0.15455493330955505,-0.6665235161781311,-0.15179885923862457
-0.42534297704696655,-0.5098898410797119,0.12364698201417923
0.6209940910339355,0.37135958671569824,-0.13280172646045685
-0.22892612218856812,0.19070111215114594,-0.013929213397204876
-0.3677498698234558,0.10815725475549698,0.12514778971672058
0.6892803907394409,0.41825947165489197,0.0882844477891922
-0.20018251240253448,-0.6118093132972717,0.11759088188409805
0.6531674265861511,0.31536105275154114,-0.021780259907245636
-0.06382907181978226,-0.6865148544311523,-0.17107205092906952
0.6577107310295105,0.48836877942085266,-0.15957556664943695
0.5806601643562317,0.4100988805294037,0.12655480206012726
-0.36249709129333496,0.24838799238204956,-0.029650066047906876
0.47851213812828064,-0.03044136054813862,0.12364698201417923
-0.11101975291967392,0.19107632339000702,-0.03754238039255142
0.6872167587280273,0.41732150316238403,-0.14124371111392975
0.36060577630996704,-0.6615641713142395,0.06464690715074539
-0.1852971762418747,-0.6665235161781311,-0.18327808380126953
-0.4096783995628357,-0.6199169754981995,0.13293318450450897
0.2662431299686432,0.4988335072994232,0.06464690715074539
-0.34673872590065,0.4411466419696808,0.1334959715604782
-0.19740940630435944,0.1658441424369812,0.0882844477891922
0.10480161011219025,0.24838799238204956,0.10039665549993515
0.0897614136338234,0.4788421392440796,0.025372913107275963
-0.5432493090629578,0.40981748700141907,0.04109376668930054
-0.5274909734725952,0.40981748700141907,0.11182820051908493
0.1169138103723526,0.4988335072994232,-0.0610823780298233
0.12479299306869507,0.40981748700141907,0.001801017438992858
0.22694100439548492,-0.6615641713142395,-0.17107205092906952
-0.16963261365890503,-0.6865148544311523,-0.057489681988954544
-0.1366800218820572,0.5088292360305786,0.0746425986289978
-0.02667158842086792,0.4888378083705902,0.03536861389875412
-0.35673439502716064,-0.6715598106384277,-0.17328236997127533
-0.33895331621170044,0.1739109605550766,0.1334959715604782
0.5570226311683655,-0.6615641713142395,-0.15540748834609985
-0.31531578302383423,0.1658441424369812,-0.045370910316705704
0.6716580390930176,0.17802608013153076,-0.1597343236207962
0.2820015251636505,0.40981748700141907,0.0568615160882473
0.33696821331977844,-0.667098343372345,0.1334959715604782
-0.530117392539978,0.44836923480033875,-0.15418808162212372
0.3999079167842865,0.19070111215114594,-0.03750486299395561
-0.305935800075531,0.21396347880363464,-0.10747578740119934
-0.624573826789856,0.07982970774173737,0.03221092373132706
0.4370526373386383,0.11209684610366821,-0.00530901039019227
-0.28600937128067017,0.1758398562669754,-0.00035301418392919004
0.5491434931755066,0.2732449471950531,-0.06894281506538391
0.21906182169914246,0.19135771691799164,-0.05324072018265724
0.45337381958961487,0.03818259760737419,0.005074632354080677
0.17975971102714539,0.4988335072994232,-0.11609598249197006
-0.4960680305957794,0.4988335072994232,0.0017916385550051928
0.27412232756614685,0.24838799238204956,-0.09245843440294266
0.5884455442428589,0.11106504499912262,0.12364698201417923
0.3841495215892792,0.4988335072994232,0.0882844477891922
0.6433184146881104,0.40991130471229553,0.03323334828019142
-0.04745161905884743,0.40850427746772766,-0.09992489218711853
-0.44626033306121826,0.2144324630498886,-0.10763523727655411
0.5559907555580139,-0.3893570303916931,0.07862307876348495
-0.5905244946479797,-0.5673891305923462,0.08837825804948807
0.5177205204963684,-0.44695013761520386,0.12364698201417923
-0.5825514793395996,0.4988335072994232,0.0882844477891922
-0.34523794054985046,0.3640431761741638,-0.13280172646045685
0.5183770656585693,0.49742648005485535,-0.1741674542427063
0.48761069774627686,-0.12336885929107666,0.05658011883497238
0.16409513354301453,0.4768025875091553,0.15348738431930542
0.5079653263092041,0.3920893669128418,-0.13280172646045685
0.11728902161121368,0.2063656896352768,-0.1400243192911148
0.5007427334785461,-0.21338854730129242,0.0676484927535057
0.6531674265861511,0.33890482783317566,0.0882844477891922
0.10124924778938293,-0.6615641713142395,0.041103146970272064
-0.09526138752698898,0.24838799238204956,-0.09242090582847595
0.06619889289140701,-0.6815555095672607,-0.03390184044837952
-0.42534297704696655,0.24838799238204956,0.06464690715074539
0.6356268525123596,0.46469035744667053,0.1334959715604782
-0.2052885740995407,0.2732449471950531,-0.08466366678476334
-0.6403321623802185,0.33890482783317566,-0.05322195962071419
0.0697794109582901,0.2403091937303543,0.1334959715604782
0.2583639621734619,-0.6615641713142395,0.0882844477891922
-0.5930570960044861,-0.2840198278427124,0.031132223084568977
-0.48781365156173706,-0.4734954833984375,0.06436549872159958
-0.5129520297050476,-0.03729813173413277,0.08199987560510635
0.5760639905929565,-0.40708521008491516,-0.03702085465192795
-0.4096783995628357,0.4342992305755615,-0.15128029882907867
0.5020558834075928,-0.13260813057422638,0.12364698201417923
0.572780966758728,0.441428005695343,-0.15268729627132416
0.6042039394378662,-0.2898354232311249,0.13255798816680908
0.1817294955253601,0.42838984727859497,-0.14959190785884857
-0.4908272624015808,-0.055472951382398605,0.05624508485198021
-0.0009672357118688524,0.24838799238204956,-0.053231336176395416
-0.13456353545188904,0.14819777011871338,-0.15729553997516632
0.661193311214447,-0.06759978830814362,0.11365129053592682
0.5978255271911621,0.03321119770407677,0.07355788350105286
-0.5137024521827698,-0.35521385073661804,0.08171846717596054
0.627747654914856,0.19070111215114594,-0.0924021452665329
0.0719146803021431,-0.671360194683075,0.12303128093481064
0.3999079167842865,0.19070111215114594,-0.0924021452665329
-0.551128625869751,-0.4391647279262543,0.13255798816680908
-0.42534297704696655,0.499021053314209,-0.1082167997956276
-0.07954991608858109,0.4988335072994232,-0.11609598249197006
0.45487460494041443,0.40981748700141907,-0.0374964214861393
-0.22104695439338684,0.4988335072994232,-0.1318168342113495
-0.551128625869751,0.5188249349594116,-0.09251470863819122
0.1483367681503296,0.4988335072994232,0.10827583819627762
-0.5174544453620911,-0.5503175258636475,0.09522564709186554
-0.08526569604873657,-0.6765191555023193,0.03536861389875412
-0.5983098745346069,0.4988335072994232,-0.12395639717578888
-0.5731186270713806,-0.10726943612098694,-0.026476263999938965
0.1405513882637024,0.19107632339000702,0.11961358785629272
-0.5590077638626099,0.07176292687654495,0.13255798816680908
-0.4781931936740875,-0.6765191555023193,0.007516789715737104
-0.15032188594341278,0.2736201882362366,0.12683619558811188
-0.5432493090629578,0.40981748700141907,-0.05321257933974266
-0.5118264555931091,0.19070111215114594,-0.06894281506538391
-0.6527666449546814,-0.28499871492385864,0.13495589792728424
0.572780966758728,-0.573298454284668,-0.08330356329679489
-0.0716988667845726,0.19070111215114594,-0.0924021452665329
-0.6453973650932312,-0.6615641713142395,-0.08464490622282028
-0.5860220789909363,-0.3826972246170044,-0.026282651349902153
0.4391162097454071,-0.6851078271865845,0.13096338510513306
0.2133929580450058,-0.6124658584594727,0.11515207588672638
0.2762388288974762,-0.6124658584594727,0.11515207588672638
-0.26601800322532654,-0.6750304102897644,-0.21022745966911316
0.41557246446609497,-0.6615641713142395,-0.11608660221099854
0.3491742014884949,0.19088873267173767,-0.04181854799389839
-0.4332221448421478,-0.6615641713142395,-0.12394702434539795
-0.4552651345729828,0.05713016167283058,0.07665327936410904
0.6513852477073669,-0.6615641713142395,-0.12394702434539795
-0.24459069967269897,0.45681121945381165,0.1334959715604782
0.6339384913444519,-0.6120377779006958,0.0882844477891922
-0.33107414841651917,-0.6650347113609314,-0.20023176074028015
-0.47055450081825256,0.27596515417099,-0.09989675134420395
0.5099350810050964,0.31536105275154114,-0.10793539881706238
-0.574672281742096,0.24838799238204956,0.10394902527332306
0.21127642691135406,0.4332674741744995,0.1334959715604782
-0.4447595179080963,0.022518020123243332,0.0390489287674427
0.3290890157222748,0.448932021856308,0.1334959715604782
-0.6768203377723694,0.4988335072994232,-0.12395639717578888
-0.483445942401886,0.1812802404165268,-0.1313418298959732
-0.613974392414093,0.3546631932258606,-0.10793539881706238
0.0033154981210827827,0.1911701112985611,-0.006078167352825403
-0.506479799747467,-0.15934106707572937,0.06774229556322098
0.21906182169914246,0.24838799238204956,0.0017822564113885164
-0.5176420211791992,-0.2646970748901367,0.08021767437458038
0.533478856086731,-0.09332477301359177,0.13255798816680908
0.690687358379364,0.4988335072994232,-0.12395639717578888
-0.4613620638847351,0.06116355210542679,-0.06171083822846413
-0.013095387257635593,0.43262287974357605,0.11115957796573639
-0.6624160408973694,0.16035085916519165,-0.06846106797456741
0.21127642691135406,-0.6615641713142395,-0.0925053209066391
0.5528016090393066,-0.21639013290405273,0.08106186985969543
-0.4266681969165802,-0.2940683960914612,0.12796178460121155
-0.3701886832714081,0.24294762313365936,-0.14021191000938416
0.06977003067731857,0.14585274457931519,-0.07253270596265793
-0.41755756735801697,0.1658441424369812,-0.08466366678476334
0.3448474109172821,0.24838799238204956,0.0882844477891922
0.5702363848686218,-0.09772133827209473,-0.05931690335273743
-0.6327753067016602,-0.41511106491088867,0.13495589792728424
0.2820015251636505,0.30748188495635986,-0.10793539881706238
0.0676441416144371,0.458927720785141,0.1235002726316452
-0.5689505338668823,0.14004918932914734,-0.09200818836688995
0.45487460494041443,0.22099845111370087,-0.10793539881706238
-0.5127644538879395,-0.3826034367084503,-0.05748046934604645
0.5065174698829651,0.02988731861114502,-0.052765700966119766
-0.6366739869117737,0.2431352138519287,0.07252608239650726
-0.33885955810546875,-0.6615641713142395,0.041103146970272064
0.47063297033309937,0.4988335072994232,-0.12395639717578888
0.15621595084667206,0.40981748700141907,-0.08465427905321121
-0.31531578302383423,0.40981748700141907,0.08040527254343033
-0.6432809233665466,-0.6765191555023193,-0.008194678463041782
-0.012395976111292839,-0.6415727734565735,-0.08464490622282028
-0.38037198781967163,0.47823840379714966,0.12293747067451477
0.533478856086731,0.40981748700141907,0.06464690715074539
0.48629751801490784,0.4988335072994232,-0.013929213397204876
-0.5611242651939392,-0.6765191555023193,-0.0003342533018440008
0.47063297033309937,0.40981748700141907,0.06464690715074539
-0.5667930841445923,-0.6865148544311523,0.09606984257698059
-0.15810726583003998,0.4988335072994232,-0.006068789400160313
0.36060577630996704,-0.6865148544311523,-0.021780259907245636
-0.25246989727020264,0.4988335072994232,0.009652063250541687
0.13834106922149658,0.4888378083705902,-0.03178533539175987
-0.6638639569282532,-0.6662421226501465,-0.0882347971200943
0.597637951374054,-0.27614063024520874,-0.024988213554024696
0.5803787708282471,-0.06059800833463669,0.06305230408906937
-0.10314057022333145,0.1874181181192398,0.13340216875076294
-0.6357359886169434,0.40719109773635864,0.009661441668868065
0.014747987501323223,0.14650936424732208,-0.1513204723596573
-0.23773127794265747,0.08816586434841156,0.1451391875743866
-0.14966528117656708,0.40850427746772766,-0.09992489218711853
0.18763887882232666,0.19070111215114594,0.08040527254343033
-0.12668432295322418,0.2735263407230377,-0.03754894807934761
-0.1466757208108902,0.5188249349594116,-0.09251470863819122
-0.4725242853164673,-0.33692294359207153,0.12364698201417923
0.572780966758728,-0.47058770060539246,0.13255798816680908
-0.24459069967269897,-0.6592190861701965,0.13321459293365479
0.05979309231042862,-0.6715598106384277,-0.12181176990270615
0.030477279797196388,0.4988335072994232,-0.07680323719978333
-0.5274909734725952,-0.0854680985212326,0.13255798816680908
-0.0009616081370040774,0.2732449471950531,0.048944808542728424
0.014760180376470089,0.16603174805641174,0.13321459293365479
-0.27601367235183716,0.1658441424369812,-0.10038451850414276
-0.299651175737381,0.27343255281448364,-0.05320319905877113
0.6770455241203308,-0.6765191555023193,0.07828875631093979
-0.48040348291397095,-0.6865148544311523,0.08040527254343033
0.29766610264778137,0.4988335072994232,0.009652063250541687
-0.621759831905365,0.19070111215114594,0.03323334828019142
-0.690796434879303,0.4572801887989044,0.10132262855768204
0.6771273016929626,0.1961006224155426,0.038292523473501205
0.3762703239917755,0.24838799238204956,-0.09245843440294266
-0.6651890873908997,0.3938715159893036,0.08819065243005753
-0.16336005926132202,-0.6652103066444397,-0.22200535237789154
-0.4446536898612976,0.501096785068512,-0.17707525193691254
0.2662431299686432,-0.7050992250442505,0.11097197979688644
-0.4444781243801117,-0.5522872805595398,0.03884257376194
0.6530736088752747,0.21321305632591248,0.001801017438992858
0.686841607093811,0.24341660737991333,0.024828875437378883
0.47423821687698364,-0.25499480962753296,-0.022377213463187218
-0.5667930841445923,-0.6041585803031921,-0.083547443151474
-0.4970998167991638,-0.10874547064304352,-0.054882217198610306
-0.09526138752698898,-0.6355815529823303,0.13255798816680908
-0.5983098745346069,-0.6865148544311523,-0.15540748834609985
0.10115544497966766,0.19088873267173767,0.025391671806573868
0.30554527044296265,-0.6865148544311523,-0.12394702434539795
-0.6453973650932312,-0.6615641713142395,0.10394902527332306
-0.01667589321732521,-0.6865148544311523,-0.13180746138095856
0.04620750620961189,-0.6615641713142395,0.041103146970272064
0.6120831370353699,0.19088873267173767,0.08819065243005753
0.1169138103723526,-0.6865148544311523,-0.09251470863819122
-0.06383845210075378,0.19070111215114594,0.07252608239650726
-0.5197056531906128,0.24838799238204956,-0.021789642050862312
0.5646204352378845,-0.014486008323729038,0.0811556726694107
-0.21316777169704437,-0.6865148544311523,0.0882844477891922
-0.46558308601379395,-0.501447856426239,0.02724890597164631
-0.41146060824394226,-0.368439644575119,0.13312077522277832
0.653542697429657,0.2840319275856018,-0.061073001474142075
0.6435060501098633,-0.32913753390312195,0.12364698201417923
0.637743353843689,0.5090168118476868,0.1060655415058136
-0.16598646342754364,0.24838799238204956,0.0882844477891922
-0.6218535900115967,0.2732449471950531,-0.029650066047906876
-0.551128625869751,-0.19547277688980103,0.12364698201417923
0.05763906612992287,0.5188249349594116,-0.11182545125484467
-0.45897620916366577,0.030250493437051773,0.12256227433681488
-0.5951735973358154,0.46163585782051086,-0.16257715225219727
0.5177205204963684,0.4993025064468384,0.0882844477891922
-0.4488867521286011,-0.16404983401298523,0.12364698201417923
0.48620370030403137,-0.5448771715164185,-0.045031361281871796
-0.43547335267066956,-0.5674828886985779,0.08762785792350769
0.6828081607818604,0.4988335072994232,-0.0375039204955101
0.110160231590271,0.3714533746242523,-0.13280172646045685
-0.5086372494697571,0.349973201751709,-0.13280172646045685
0.572780966758728,-0.6356754302978516,0.10554362088441849
-0.36184048652648926,0.30748188495635986,-0.10793539881706238
0.5150941014289856,-0.16499722003936768,-0.04573298245668411
-0.4787679612636566,-0.3352874219417572,0.004956057760864496
0.085490882396698,0.2732449471950531,-0.08466366678476334
0.19551809132099152,0.2606757879257202,-0.14358872175216675
0.5859129428863525,-0.4249071478843689,0.04730331152677536
-0.6045944094657898,0.007191125303506851,-0.0300721637904644
-0.04304904490709305,0.4298497438430786,-0.13453102111816406
0.5513537526130676,0.4888378083705902,-0.1418125331401825
0.4928635358810425,0.14839740097522736,-0.09215827286243439
0.671376645565033,0.24584339559078217,-0.16282972693443298
-0.6060952544212341,0.2606757879257202,-0.14358872175216675
-0.6627623438835144,-0.6852017045021057,-0.22200535237789154
-0.6651890873908997,0.3938715159893036,-0.07681262493133545
-0.5020712018013,0.27465197443962097,-0.1370227187871933
-0.5422175526618958,0.009142164140939713,0.09888383001089096
-0.19961971044540405,0.451423704624176,-0.14269159734249115
0.4941767156124115,-0.6120377779006958,0.10554362088441849
-0.658259928226471,0.1261547952890396,0.027155110612511635
0.08270839601755142,-0.6163117289543152,0.12265606224536896
-0.464082270860672,-0.38588640093803406,0.017334267497062683
0.22694100439548492,0.40981748700141907,0.04109376668930054
-0.48040348291397095,0.4988335072994232,-0.08466366678476334
0.39202868938446045,0.4988335072994232,-0.15540748834609985
0.533478856086731,-0.22689570486545563,0.12364698201417923
-0.24459069967269897,0.33890482783317566,-0.10793539881706238
-0.5039472579956055,-0.6865148544311523,-0.0767938643693924
-0.6211032271385193,-0.5884941220283508,-0.006078168284147978
0.6513852477073669,0.4988335072994232,-0.07680323719978333
-0.5353701710700989,0.4988335072994232,0.10394902527332306
0.3134244382381439,0.24838799238204956,-0.006078168284147978
-0.6611557006835938,0.4988335072994232,-0.0453634075820446
0.05404917150735855,0.24838799238204956,-0.006078168284147978
0.27412232756614685,-0.6615641713142395,-0.0925053209066391
0.1483367681503296,0.1658441424369812,-0.05750281363725662
0.0069063217379152775,0.40981748700141907,0.02538229152560234
-0.0009550427203066647,-0.7065062522888184,0.09251747280359268
-0.42534297704696655,0.40981748700141907,0.07252608239650726
0.4448379874229431,-0.6277962327003479,0.001801017438992858
-0.637611985206604,-0.6615641713142395,-0.03749172389507294
-0.31108278036117554,0.5188249349594116,0.07675910741090775
0.36904776096343994,0.39396530389785767,-0.10793539881706238
0.5565536022186279,0.1354530304670334,-0.097467340528965
