0.5588395595550537,-0.3816632032394409,0.15809819102287292 
-0.6494017839431763,0.14269253611564636,-0.5160333514213562 
-0.8415905833244324,-0.1718490719795227,0.702222466468811 
0.062412358820438385,0.16131940484046936,-0.5161335468292236 
-0.11859852820634842,0.1667271852493286,0.48980459570884705 
-0.34802332520484924,-0.25933101773262024,-0.1184162050485611 
0.8488576412200928,0.3388870656490326,0.6566568613052368 
0.8321335315704346,-0.10925883799791336,-0.7161335945129395 
-0.802534282207489,0.3914628326892853,0.06148722022771835 
0.787769615650177,0.39446717500686646,-0.08421104401350021 
-0.20019613206386566,0.3945673108100891,-0.11960379034280777 
0.3283073306083679,-0.17935988306999207,0.5093326568603516 
0.04841393232345581,-0.171648770570755,-0.7180363535881042 
-0.49497923254966736,-0.18166321516036987,-0.5086227059364319 
-0.14918085932731628,-0.35933101177215576,0.4920194745063782 
0.3600972592830658,0.2741378843784332,0.21095852553844452 
0.8369404673576355,-0.37184906005859375,0.4072856605052948 
-0.51396244764328,0.24890150129795074,0.6100336909294128 
-0.2985520362854004,0.2778432071208954,-0.450294554233551 
-0.7421914339065552,-0.011694097891449928,-0.2171585112810135 
-0.636683464050293,-0.17956018447875977,0.0505714938044548 
0.6070532202720642,0.23898720741271973,-0.6180363297462463 
0.32714980840682983,-0.25933101773262024,-0.3653721511363983 
0.8367401957511902,0.1377171277999878,0.04506354779005051 
0.13072256743907928,-0.3816632032394409,0.15809819102287292 
0.2776784896850586,0.2741378843784332,-0.2171585112810135 
0.35999712347984314,0.10356202721595764,0.5887029767036438 
0.7367401719093323,-0.14336387813091278,-0.2171585112810135 
-0.4632894694805145,0.27323657274246216,-0.11831606924533844 
-0.3150758743286133,0.2741378843784332,0.27675333619117737 
-0.7421914339065552,0.004766626749187708,0.3755958080291748 
-0.4644469916820526,0.0718521848320961,-0.49550381302833557 
0.09779410064220428,-0.15933102369308472,-0.3830535113811493 
-0.16570469737052917,0.1212233453989029,0.6882022619247437 
0.30946844816207886,-0.12814781069755554,-0.695503830909729 
-0.06903709471225739,0.3945673108100891,0.3767533302307129 
0.24473100900650024,-0.25933101773262024,0.29327714443206787 
-0.05157605558633804,0.03771711885929108,-0.5955038070678711 
-0.012309460900723934,0.27343684434890747,-0.32691672444343567 
-0.6084427833557129,0.18164870142936707,-0.1994771659374237 
-0.06927743554115295,0.055358413606882095,0.6882022619247437 
0.5563242435455322,0.19436702132225037,0.3767533302307129 
0.6321334838867188,-0.17956018447875977,0.07801102846860886 
-0.5456080436706543,-0.25933101773262024,0.3755958080291748 
-0.33149951696395874,-0.25933101773262024,-0.4147433340549469 
-0.8421914577484131,0.05536843091249466,-0.41358575224876404 
-0.6114028692245483,-0.25933101773262024,-0.3160009980201721 
-0.7421914339065552,0.004766626749187708,0.07919861376285553 
0.7367401719093323,0.08711832016706467,-0.39831966161727905 
-0.6456080675125122,0.055358413606882095,0.6882022619247437 
0.4917870759963989,-0.15988768637180328,0.5882022380828857 
-0.7409896850585938,0.26602619886398315,0.45791444182395935 
0.3283073306083679,-0.171648770570755,-0.7180363535881042 
-0.31381818652153015,-0.1792597770690918,0.5095329880714417 
0.01425883173942566,-0.25933101773262024,0.424966961145401 
0.5082107782363892,-0.25933101773262024,0.34264829754829407 
-0.26444700360298157,-0.15933102369308472,0.04506354779005051 
0.3984525501728058,0.28425243496894836,-0.4641144871711731 
0.7367401719093323,-0.028137797489762306,0.40854328870773315 
0.2283073365688324,0.2778432071208954,0.4439943730831146 
0.3752632737159729,0.1737372875213623,-0.11956373602151871 
0.3917870819568634,0.39366599917411804,0.5771421790122986 
-0.4961368143558502,0.20203395187854767,-0.5954036712646484 
0.178936168551445,0.2741378843784332,0.029807426035404205 
0.16125482320785522,-0.15913072228431702,-0.20228296518325806 
-0.5949792265892029,-0.2816632091999054,-0.06476888805627823 
0.5807712078094482,-0.1792597770690918,-0.5160333514213562 
-0.16570469737052917,0.19416671991348267,0.6542533040046692 
0.5082107782363892,-0.25933101773262024,-0.18421104550361633 
-0.6419910788536072,0.3020339608192444,0.03101503849029541 
-0.17242610454559326,0.21449604630470276,-0.4606535732746124 
0.6234769225120544,-0.25933101773262024,-0.39831966161727905 
0.8367401957511902,0.17066460847854614,-0.20190241932868958 
-0.050438545644283295,-0.17935988306999207,0.5093326568603516 
0.5905294418334961,0.05415080487728119,0.5882022380828857 
0.648857593536377,0.15100452303886414,0.14627115428447723 
0.5400007367134094,-0.09521234780550003,-0.695503830909729 
0.178936168551445,-0.04461154341697693,-0.5955038070678711 
-0.4797131419181824,0.2741378843784332,0.11211605370044708 
-0.841991126537323,-0.029375456273555756,0.5022224187850952 
-0.5290842652320862,0.2741378843784332,0.3755958080291748 
-0.23275718092918396,0.2741378843784332,-0.20073485374450684 
0.6114596128463745,0.2940666079521179,-0.39831966161727905 
-0.15043854713439941,-0.25933101773262024,0.19443471729755402 
0.6893718838691711,-0.28196364641189575,-0.03607753664255142 
-0.4961368143558502,0.2741378843784332,-0.33242467045783997 
-0.36560454964637756,-0.3633367717266083,-0.5180363059043884 
-0.044930599629879,-0.37946000695228577,-0.17169886827468872 
-0.3326570689678192,0.03653954714536667,-0.49550381302833557 
0.19535985589027405,0.2741378843784332,-0.4147433340549469 
-0.7421914339065552,-0.20925883948802948,0.40854328870773315 
0.4917870759963989,0.2741378843784332,-0.23368233442306519 
-0.19855204224586487,0.37303629517555237,0.11338375508785248 
0.062412358820438385,0.052963219583034515,0.4882022440433502 
0.6369404196739197,-0.1939927190542221,0.5023226141929626 
0.11304120719432831,-0.25913071632385254,-0.4473903775215149 
-0.7421914339065552,0.1365395486354828,-0.4312671422958374 
-0.03391473740339279,-0.15933102369308472,-0.5312671661376953 
0.26125481724739075,-0.25913071632385254,0.09601283818483353 
0.2942022979259491,-0.09399271756410599,0.5882022380828857 
-0.5620317459106445,-0.02814781479537487,-0.5955038070678711 
-0.11118196696043015,0.29146283864974976,0.40854328870773315 
0.36550506949424744,-0.27946001291275024,0.4726356863975525 
-0.13411501049995422,0.2772423326969147,0.17801102995872498 
-0.019856207072734833,0.3939664363861084,-0.23483988642692566 
-0.7421914339065552,-0.19283518195152283,-0.15136370062828064 
-0.6280710101127625,-0.18176338076591492,-0.564114511013031 
0.7367401719093323,-0.11051652580499649,0.02981743775308132 
-0.1998097002506256,-0.25933101773262024,-0.25010600686073303 
0.2942022979259491,0.12001573294401169,-0.5955038070678711 
-0.03633996844291687,-0.35933101177215576,0.34380587935447693 
-0.1832858920097351,-0.09399271756410599,-0.5955038070678711 
-0.7421914339065552,-0.11051652580499649,0.22738218307495117 
-0.5456080436706543,-0.25933101773262024,0.17801102995872498 
0.7367401719093323,0.15296322107315063,0.3755958080291748 
0.7367401719093323,-0.09399271756410599,-0.43116697669029236 
-0.6421914100646973,0.269386887550354,0.3932771384716034 
-0.10100730508565903,0.10355201363563538,0.5882022380828857 
0.04719630628824234,-0.2716487646102905,0.611035168170929 
0.7488576173782349,0.23888705670833588,-0.49706196784973145 
-0.7421914339065552,-0.14346401393413544,-0.34894847869873047 
0.8367401957511902,-0.29283517599105835,0.4426482915878296 
0.5891274213790894,0.2797459363937378,0.11211605370044708 
-0.6046932339668274,0.2869563400745392,-0.008625969290733337 
-0.560774028301239,0.3943670094013214,-0.5642145872116089 
-0.03391473740339279,0.005907140672206879,0.688402533531189 
-0.4961368143558502,-0.2645385265350342,-0.463213175535202 
-0.7421914339065552,-0.09399271756410599,0.5566568374633789 
0.19280028343200684,0.36422356963157654,0.701421320438385 
-0.6368837952613831,-0.08732723444700241,-0.5159332156181335 
0.178936168551445,-0.25933101773262024,-0.28305351734161377 
-0.4138181805610657,0.10355201363563538,0.5882022380828857 
0.18012377619743347,-0.15913072228431702,-0.20228296518325806 
-0.06924739480018616,-0.22694021463394165,-0.695503830909729 
0.29294463992118835,-0.35933101177215576,0.31095853447914124 
-0.44676563143730164,-0.25933101773262024,-0.28305351734161377 
0.47410574555397034,0.33137625455856323,0.5092325806617737 
0.19535985589027405,0.2741378843784332,0.2603296637535095 
0.4588395655155182,0.1365395486354828,-0.5955038070678711 
-0.5620317459106445,-0.20925883948802948,0.5887029767036438 
0.01942627876996994,0.29146283864974976,0.11211605370044708 
-0.46318933367729187,-0.15988768637180328,-0.5955038070678711 
-0.6607740521430969,0.10358205437660217,-0.5955038070678711 
0.5411582589149475,-0.12694020569324493,-0.5955038070678711 
-0.6771977543830872,0.23137624561786652,0.6097332835197449 
-0.3973945081233978,-0.25933101773262024,0.3097008466720581 
-0.3973945081233978,-0.11051652580499649,0.5882022380828857 
0.21304121613502502,0.2035820484161377,-0.695503830909729 
0.8488576412200928,0.3388870656490326,-0.4324246644973755 
-0.4479231834411621,0.16131940484046936,-0.5161335468292236 
0.47410574555397034,-0.18196365237236023,0.6237093210220337 
0.5741057395935059,-0.25933101773262024,0.19443471729755402 
-0.7421914339065552,-0.15988768637180328,0.046271152794361115 
0.06367005407810211,0.29466745257377625,0.4578143060207367 
0.8321335315704346,0.2365395426750183,-0.7161335945129395 
0.6564244031906128,0.2943670153617859,0.44139063358306885 
0.45999711751937866,0.3613193929195404,-0.7161335945129395 
-0.2973945140838623,0.19106224179267883,0.36883020401000977 
0.7367401719093323,0.18591070175170898,0.19443471729755402 
0.4752632677555084,-0.25913071632385254,-0.4473903775215149 
-0.16686221957206726,0.2741378843784332,-0.3488483428955078 
0.7367401719093323,0.08711832016706467,0.5238094329833984 
-0.13275718688964844,-0.37946000695228577,-0.034961797297000885 
-0.16801975667476654,0.3939664363861084,-0.08421104401350021 
0.1624123603105545,-0.2717489004135132,0.46662700176239014 
0.8233208656311035,-0.38156306743621826,-0.3830535113811493 
-0.3467656373977661,-0.3819636404514313,-0.10314306616783142 
-0.6421914100646973,0.03653954714536667,-0.3665297031402588 
0.8372408747673035,-0.1939927190542221,0.12738218903541565 
0.5083109140396118,0.27303630113601685,0.24390602111816406 
0.3270496428012848,0.2740377187728882,-0.05250120908021927 
0.7367401719093323,0.03771711885929108,-0.25010600686073303 
-0.5785555839538574,0.10355201363563538,0.5882022380828857 
-0.6421914100646973,-0.16109530627727509,0.031005017459392548 
0.06366003304719925,0.2939664423465729,-0.49706196784973145 
0.45999711751937866,-0.35933101177215576,-0.3171585202217102 
-0.28212836384773254,-0.20925883948802948,0.5882022380828857 
-0.4522736072540283,0.2909621298313141,-0.47523048520088196 
-0.4193260967731476,-0.2645385265350342,0.4565124213695526 
-0.7421914339065552,0.15296322107315063,0.07919861376285553 
0.37652093172073364,-0.17631137371063232,-0.5955038070678711 
-0.3644469976425171,0.2741378843784332,-0.26652970910072327 
-0.6046932339668274,0.2867560386657715,-0.1567714959383011 
0.24598869681358337,-0.059887684881687164,0.4882022440433502 
0.37652093172073364,0.2741378843784332,0.39201948046684265 
0.30946844816207886,-0.17935988306999207,0.5093326568603516 
0.3270496428012848,-0.28196364641189575,-0.5135857462882996 
-0.5782551765441895,0.2740377187728882,0.22738218307495117 
-0.6608742475509644,-0.25933101773262024,0.29327714443206787 
0.07893616706132889,-0.11171413213014603,0.6882022619247437 
0.6114596128463745,0.2937661409378052,-0.052511222660541534 
-0.3808706998825073,0.12001573294401169,-0.5955038070678711 
0.5355059504508972,0.1595168113708496,0.5093326568603516 
0.6234769225120544,-0.28196364641189575,-0.5629569292068481 
-0.022898852825164795,-0.16453853249549866,0.3565124273300171 
-0.26560455560684204,0.2741378843784332,0.40854328870773315 
-0.6443504095077515,-0.28156307339668274,0.47904491424560547 
0.11794827878475189,0.2841522991657257,-0.2775455713272095 
0.7367401719093323,-0.24220633506774902,-0.4806382954120636 
-0.8417908549308777,-0.1718490719795227,0.06394249200820923 
0.4929446280002594,-0.3816632032394409,-0.16476888954639435 
-0.5949792265892029,0.2943670153617859,0.5072856545448303 
-0.636683464050293,-0.17956018447875977,-0.1611219048500061 
0.5411582589149475,-0.28196364641189575,-0.052451133728027344 
0.08011375367641449,-0.28196364641189575,-0.5794807076454163 
-0.1998097002506256,0.2725355327129364,-0.5830859541893005 
-0.08453355729579926,-0.25933101773262024,0.3262246549129486 
0.32714980840682983,0.2741378843784332,-0.3488483428955078 
0.015486471354961395,0.06948702782392502,-0.49550381302833557 
-0.7421914339065552,0.03769708797335625,0.21095852553844452 
-0.7421914339065552,-0.011694097891449928,-0.38179582357406616 
-0.23275718092918396,0.15296322107315063,0.5882022380828857 
0.4588395655155182,-0.028177857398986816,0.5882022380828857 
-0.6923195719718933,0.29446718096733093,0.3097008466720581 
0.5917870998382568,0.1908619999885559,-0.4693661630153656 
0.7367401719093323,0.16948702931404114,-0.2171585112810135 
-0.627926766872406,-0.2717489004135132,0.0710468590259552 
0.36125481128692627,0.3943670094013214,-0.6300094127655029 
-0.3808706998825073,0.23137624561786652,0.6095330119132996 
-0.6421914100646973,0.2365395426750183,0.3249669671058655 
-0.30831024050712585,-0.1792597770690918,-0.5160333514213562 
0.7367401719093323,0.054180845618247986,0.2768534719944 
0.37652093172073364,0.2740377187728882,0.07919861376285553 
0.030712544918060303,0.12001573294401169,0.5882022380828857 
-0.4797131419181824,-0.25933101773262024,-0.13483987748622894 
0.4588395655155182,-0.25933101773262024,-0.3160009980201721 
-0.20098727941513062,-0.37184906005859375,0.1709967851638794 
0.744551420211792,0.22757075726985931,-0.08544869720935822 
0.13073258101940155,0.15110468864440918,-0.5180363059043884 
0.37652093172073364,-0.25933101773262024,0.34264829754829407 
-0.7421914339065552,0.07062454521656036,-0.06899498403072357 
0.6399005651473999,-0.25933101773262024,-0.18421104550361633 
0.178936168551445,-0.28196364641189575,-0.0031430672388523817 
-0.017296649515628815,-0.2811625003814697,-0.48564550280570984 
0.06251250952482224,0.1811479926109314,0.46887442469596863 
-0.08453355729579926,-0.25933101773262024,-0.18421104550361633 
-0.44676563143730164,0.2741378843784332,0.27675333619117737 
-0.33149951696395874,0.2741378843784332,-0.1184162050485611 
0.6367401480674744,-0.16107527911663055,-0.018416203558444977 
0.6399005651473999,-0.19283518195152283,0.5882022380828857 
0.7367401719093323,-0.07753899693489075,-0.5793805718421936 
0.6399005651473999,-0.25933101773262024,0.39201948046684265 
-0.2572483718395233,0.15941664576530457,0.7084314227104187 
0.7234769463539124,-0.17174890637397766,0.17082655429840088 
0.4752632677555084,0.2741378843784332,-0.3653721511363983 
0.8367401957511902,-0.06228288263082504,-0.41358575224876404 
-0.3479231894016266,0.2741378843784332,0.12863989174365997 
0.8367401957511902,-0.012881681323051453,-0.07018256187438965 
-0.627926766872406,0.2665269076824188,-0.5962048172950745 
-0.3150758743286133,-0.14336387813091278,-0.5955038070678711 
-0.6114028692245483,-0.14336387813091278,-0.5955038070678711 
0.04598870128393173,-0.35933101177215576,0.24506354331970215 
-0.1832858920097351,0.27303630113601685,0.3097008466720581 
0.5905294418334961,0.12001573294401169,-0.5955038070678711 
-0.16686221957206726,-0.28196364641189575,-0.5465332269668579 
0.6362394094467163,0.16121923923492432,-0.5161335468292236 
0.5576820373535156,0.2735370099544525,0.3755958080291748 
-0.1680297702550888,0.3939664363861084,-0.33116698265075684 
-0.29980969429016113,0.37413787841796875,-0.18544870615005493 
0.4752632677555084,0.1365395486354828,0.5887029767036438 
-0.4150758683681488,-0.15933102369308472,-0.18305352330207825 
-0.18212836980819702,-0.35933101177215576,0.3767533302307129 
0.26125481724739075,-0.14336387813091278,-0.5955038070678711 
0.06368006765842438,-0.011674069799482822,-0.5955038070678711 
-0.4303419888019562,0.2735370099544525,-0.003183125052601099 
-0.08057372272014618,0.19146284461021423,-0.11958376318216324 
-0.7269694805145264,0.2665269076824188,-0.1677873581647873 
-0.6270695924758911,0.1663266122341156,-0.07019257545471191 
0.26125481724739075,0.2741378843784332,0.14506354928016663 
0.3929446339607239,0.2741378843784332,-0.1677873581647873 
-0.4961368143558502,0.07065458595752716,-0.5955038070678711 
0.11304120719432831,-0.25933101773262024,0.3590719699859619 
0.21188366413116455,0.27303630113601685,-0.11831606924533844 
0.5741057395935059,-0.25933101773262024,-0.28305351734161377 
0.8367401957511902,-0.09283518046140671,-0.46537214517593384 
0.7399005889892578,0.1944671869277954,-0.6135857701301575 
-0.5784554481506348,-0.25933101773262024,-0.20073485374450684 
-0.23275718092918396,-0.28196364641189575,0.5072856545448303 
0.35999712347984314,0.2943670153617859,0.5072856545448303 
0.5980843901634216,0.19146284461021423,0.056079424917697906 
-0.316233366727829,-0.07874661684036255,-0.695503830909729 
0.6070532202720642,-0.061105310916900635,0.5882022380828857 
-0.5608742237091064,-0.11171413213014603,0.6882022619247437 
0.6564244031906128,-0.25933101773262024,0.27675333619117737 
0.7367401719093323,-0.17631137371063232,-0.10190241038799286 
-0.051616113632917404,-0.17641150951385498,0.5882022380828857 
-0.11623337119817734,0.37303629517555237,-0.004307612776756287 
-0.6114028692245483,-0.2716487646102905,-0.4732275903224945 
-0.6214615702629089,0.1061406061053276,-0.5153323411941528 
-0.28212836384773254,-0.09399271756410599,0.588402509689331 
0.524734616279602,0.0047876569442451,-0.5955038070678711 
0.2283073365688324,-0.25913071632385254,-0.4473903775215149 
-0.7421914339065552,0.004766626749187708,0.4908619225025177 
-0.6421914100646973,-0.010516524314880371,0.4426482915878296 
0.2942022979259491,0.0047876569442451,-0.5955038070678711 
0.7367401719093323,-0.17631137371063232,0.12863989174365997 
0.6001432538032532,0.28705650568008423,-0.26652970910072327 
0.7367401719093323,-0.15988768637180328,0.4908619225025177 
0.11794827878475189,0.28445273637771606,0.16699515283107758 
0.11794827878475189,0.28445273637771606,0.34815627336502075 
-0.8533074855804443,0.33898720145225525,-0.3970619738101959 
-0.035132355988025665,-0.25933101773262024,0.16148722171783447 
-0.6046932339668274,0.28705650568008423,0.10670825839042664 
-0.5935772061347961,0.27984610199928284,-0.2775455713272095 
-0.0351523831486702,-0.28196364641189575,0.5237092971801758 
-0.43149951100349426,-0.3819636404514313,-0.6300094127655029 
-0.33149951696395874,-0.28196364641189575,0.013323666527867317 
-0.13515238463878632,-0.3819636404514313,-0.15245112776756287 
0.6225196123123169,-0.07975807040929794,0.7113356590270996 
0.524734616279602,0.2741378843784332,-0.1184162050485611 
0.47536343336105347,0.27303630113601685,0.12863989174365997 
-0.7421914339065552,-0.14346401393413544,-0.4641144871711731 
0.2776784896850586,0.2741378843784332,0.34264829754829407 
0.7488576173782349,0.25100451707839966,0.3262246549129486 
0.7367401719093323,-0.011674069799482822,-0.3488483428955078 
0.22704964876174927,-0.3092588484287262,0.6882022619247437 
0.4752632677555084,-0.2717489004135132,0.46662700176239014 
-0.1887938231229782,0.29126253724098206,-0.47523048520088196 
-0.6772978901863098,-0.17641150951385498,0.5882022380828857 
0.18013378977775574,0.3939664363861084,-0.4817958176136017 
-0.5620317459106445,0.2939664423465729,-0.5134856104850769 
0.6728480458259583,0.16938689351081848,0.5882022380828857 
0.09791327267885208,0.168229341506958,0.2755958139896393 
-0.3808706998825073,0.2741378843784332,-0.38179582357406616 
-0.6290842890739441,-0.38156306743621826,0.37904492020606995 
0.6057955622673035,-0.3793598711490631,0.5093326568603516 
0.3942022919654846,-0.18196365237236023,-0.10314306616783142 
-0.23391473293304443,-0.29283517599105835,-0.695503830909729 
0.8321335315704346,-0.3795601725578308,-0.23483988642692566 
0.5137187242507935,0.28425243496894836,-0.4641144871711731 
-0.15043854713439941,0.2939664423465729,0.5072856545448303 
0.539900541305542,0.1940666139125824,0.4541532099246979 
0.015446417033672333,0.3943670094013214,0.3767533302307129 
0.3448311686515808,-0.02936544269323349,0.4887029826641083 
0.09658749401569366,-0.25933101773262024,-0.2171585112810135 
-0.11749105155467987,-0.25933101773262024,-0.3160009980201721 
-0.316233366727829,-0.15933102369308472,-0.2653721570968628 
-0.6421914100646973,-0.22694021463394165,-0.13368234038352966 
-0.28212836384773254,0.2741378843784332,-0.33242467045783997 
-0.4797131419181824,-0.25913071632385254,0.09601283818483353 
0.16251251101493835,-0.19283518195152283,-0.5955038070678711 
0.2765209376811981,-0.3816632032394409,-0.7086227536201477 
0.18012377619743347,0.1313762366771698,0.5095329880714417 
-0.14918085932731628,-0.15933102369308472,-0.05136369913816452 
-0.44676563143730164,-0.011714127846062183,0.5882022380828857 
-0.13539272546768188,0.19466745853424072,0.5908619165420532 
-0.7421914339065552,0.16938689351081848,0.5238094329833984 
0.6370405554771423,-0.11172414571046829,0.0968579351902008 
0.11427886039018631,0.2365395426750183,-0.695503830909729 
-0.18451353907585144,-0.16107527911663055,-0.49550381302833557 
-0.8421914577484131,0.20356202125549316,-0.06778735667467117 
-0.8421914577484131,0.003562025725841522,-0.6300094127655029 
-0.5126606225967407,-0.25933101773262024,0.27675333619117737 
0.2283073365688324,0.2741378843784332,-0.3160009980201721 
-0.035132355988025665,-0.25933101773262024,-0.38179582357406616 
0.3270496428012848,0.004754609428346157,0.5882022380828857 
-0.3490807116031647,0.3732365667819977,0.0944347158074379 
-0.36318933963775635,0.1741378903388977,-0.3336823284626007 
0.25574687123298645,0.2163545936346054,-0.601111888885498 
0.08012376725673676,-0.25933101773262024,-0.34894847869873047 
-0.8409897089004517,0.36632660031318665,-0.29831966757774353 
-0.7419911026954651,0.20203395187854767,0.19443471729755402 
-0.7421914339065552,-0.25863000750541687,-0.3653721511363983 
0.6233326196670532,-0.3637373745441437,0.5104342699050903 
0.8488576412200928,0.3510045111179352,0.5414907932281494 
-0.8366835117340088,-0.3795601725578308,-0.47397276759147644 
-0.7421914339065552,-0.20925883948802948,0.2603296637535095 
-0.3644469976425171,0.2741378843784332,0.3755958080291748 
-0.15043854713439941,0.004754609428346157,0.5882022380828857 
-0.1832858920097351,-0.25933101773262024,0.29327714443206787 
0.6400007605552673,-0.14336387813091278,-0.5955038070678711 
0.19535985589027405,-0.25933101773262024,-0.18421104550361633 
0.2765209376811981,-0.15933102369308472,0.012116052210330963 
-0.26560455560684204,-0.25933101773262024,0.16148722171783447 
0.8367401957511902,0.03653954714536667,-0.3970619738101959 
0.8370406031608582,0.038894690573215485,0.2286399006843567 
-0.7421914339065552,-0.17631137371063232,0.14506354928016663 
0.06251250952482224,0.19396644830703735,-0.4133854806423187 
-0.23149952292442322,-0.3819636404514313,0.6402330994606018 
-0.7421914339065552,-0.11051652580499649,0.45791444182395935 
-0.7421914339065552,-0.22578267753124237,0.5072856545448303 
0.29294463992118835,-0.010516524314880371,0.4882022440433502 
0.26125481724739075,-0.25933101773262024,0.39201948046684265 
0.26125481724739075,0.16938689351081848,0.5882022380828857 
0.2776784896850586,0.2741378843784332,0.04628116637468338 
-0.46318933367729187,-0.04461154341697693,-0.5955038070678711 
-0.4303419888019562,-0.25933101773262024,-0.38179582357406616 
0.7367401719093323,-0.20925883948802948,0.013353710062801838 
0.178936168551445,-0.28196364641189575,-0.530009388923645 
0.2776784896850586,-0.28196364641189575,0.5237092971801758 
0.7367401719093323,-0.19283518195152283,0.22738218307495117 
0.24473100900650024,-0.25933101773262024,0.19443471729755402 
-0.20020616054534912,0.39426687359809875,-0.020811401307582855 
-0.627926766872406,-0.28156307339668274,0.6023226380348206 
-0.6608742475509644,-0.25933101773262024,-0.13483987748622894 
0.7367401719093323,-0.028137797489762306,0.5072856545448303 
-0.6782552003860474,0.17403772473335266,-0.3147433400154114 
-0.23135517537593842,-0.27134835720062256,-0.4732275903224945 
-0.5467656254768372,0.193666011095047,0.6542533040046692 
0.13096290826797485,0.19456732273101807,-0.3336823284626007 
0.04717627540230751,-0.17641150951385498,0.5882022380828857 
-0.6025342345237732,0.19146284461021423,0.031005017459392548 
0.5246344208717346,-0.28196364641189575,-0.530009388923645 
0.12946487963199615,-0.28196364641189575,0.5566568374633789 
-0.6533074378967285,0.13888704776763916,0.2590719759464264 
0.2179482877254486,0.38415229320526123,0.052956659346818924 
0.4258921146392822,0.2741378843784332,0.29327714443206787 
-0.8421914577484131,-0.012901708483695984,-0.24894848465919495 
-0.051616113632917404,0.021223343908786774,0.5882022380828857 
-0.249180868268013,-0.28196364641189575,-0.03607753664255142 
0.21188366413116455,0.054180845618247986,-0.5955038070678711 
0.4917870759963989,-0.25933101773262024,0.2438058704137802 
-0.3973945081233978,-0.25933101773262024,-0.20073485374450684 
0.7367401719093323,-0.09399271756410599,-0.29947715997695923 
-0.44676563143730164,-0.25933101773262024,0.19443471729755402 
-0.5290842652320862,-0.25933101773262024,-0.3653721511363983 
0.7370405793190002,0.13643939793109894,-0.3160009980201721 
-0.8368838429450989,0.011465147137641907,-0.7159332633018494 
0.6321334838867188,-0.17956018447875977,0.30854329466819763 
-0.5784554481506348,0.15296322107315063,-0.5955038070678711 
-0.6159093976020813,0.2941667139530182,0.40854328870773315 
-0.44676563143730164,-0.19283518195152283,0.5886028409004211 
0.7980844378471375,0.3914628326892853,-0.5366749167442322 
0.8370406031608582,-0.29283517599105835,0.6895041465759277 
0.6563242673873901,0.29446718096733093,0.02979741245508194 
-0.37971314787864685,0.3905615210533142,-0.669366180896759 
-0.3644469976425171,0.2943670153617859,-0.5301095843315125 
-0.6772978901863098,0.13643939793109894,0.5882022380828857 
-0.15033839643001556,0.08711832016706467,-0.5955038070678711 
-0.7421914339065552,0.03769708797335625,-0.4641144871711731 
-0.1998097002506256,-0.15988768637180328,0.5882022380828857 
0.4094684422016144,0.2741378843784332,-0.29947715997695923 
-0.6114028692245483,-0.11051652580499649,0.5882022380828857 
-0.6421914100646973,0.03890470042824745,-0.1994771659374237 
-0.636683464050293,-0.17956018447875977,0.4481562674045563 
0.35999712347984314,0.20193380117416382,0.5881021022796631 
-0.4961368143558502,-0.25101906061172485,-0.6085225939750671 
0.6233208179473877,-0.06230291351675987,-0.7178360223770142 
-0.6419910788536072,0.10203395038843155,-0.4324246644973755 
0.7365398406982422,0.20203395187854767,-0.4147433340549469 
-0.018127847462892532,0.28255000710487366,0.19443471729755402 
0.8369404673576355,-0.37184906005859375,0.1792086362838745 
0.178936168551445,0.16948702931404114,-0.5955038070678711 
0.7147083878517151,-0.27946001291275024,-0.3763880431652069 
-0.4961368143558502,-0.28196364641189575,0.573180615901947 
0.6727479696273804,0.2943670153617859,-0.33242467045783997 
-0.5949792265892029,0.20193380117416382,0.5881021022796631 
-0.6608742475509644,-0.25933101773262024,0.19443471729755402 
0.8367401957511902,0.052963219583034515,-0.13603748381137848 
0.441158264875412,0.19396644830703735,0.45425328612327576 
-0.01988624781370163,0.19436702132225037,-0.05371883511543274 
0.16251251101493835,0.27303630113601685,-0.20063470304012299 
0.7367401719093323,0.16948702931404114,0.07921864092350006 
0.7367401719093323,0.16948702931404114,0.47443827986717224 
-0.7421914339065552,-0.15988768637180328,-0.06899498403072357 
0.19658750295639038,0.12124337255954742,0.6887030005455017 
-0.06807984411716461,0.18591070175170898,0.5882022380828857 
-0.6421914100646973,0.18709829449653625,0.24264830350875854 
0.6367401480674744,0.05538845807313919,-0.3171585202217102 
-0.05157605558633804,-0.15988768637180328,-0.5955038070678711 
-0.13411501049995422,0.27794334292411804,-0.26652970910072327 
0.3435734510421753,-0.09399271756410599,-0.5955038070678711 
0.26125481724739075,-0.25933101773262024,-0.25010600686073303 
0.7367401719093323,-0.15988768637180328,-0.5135857462882996 
0.5741057395935059,-0.20925883948802948,-0.5955038070678711 
0.7367401719093323,-0.11051652580499649,0.3755958080291748 
0.14598870277404785,-0.25933101773262024,0.27675333619117737 
-0.6421914100646973,-0.1939927190542221,-0.25136369466781616 
-0.4644469916820526,-0.07877665758132935,0.6882022619247437 
0.7367401719093323,0.07065458595752716,0.40854328870773315 
0.47652092576026917,-0.012881681323051453,-0.695503830909729 
-0.4126606285572052,-0.22694021463394165,0.6882022619247437 
-0.6443504095077515,-0.061075273901224136,-0.5955038070678711 
-0.28212836384773254,-0.061075273901224136,-0.5955038070678711 
0.7367401719093323,-0.028137797489762306,0.3097008466720581 
0.4258921146392822,-0.25933101773262024,-0.15136370062828064 
0.030722562223672867,-0.25933101773262024,0.3262246549129486 
-0.02397627755999565,0.2907618284225464,-0.1074003279209137 
-0.5455079674720764,0.27303630113601685,-0.08542867004871368 
-0.6299737691879272,0.054365240037441254,-0.7170348763465881 
-0.8270696401596069,-0.38176336884498596,-0.037205033004283905 
-0.6533074378967285,0.3388870656490326,0.2121160626411438 
0.6321334838867188,-0.17956018447875977,-0.4629569351673126 
-0.802534282207489,0.3910622298717499,-0.6464331150054932 
0.5576820373535156,0.27303630113601685,0.013383752666413784 
0.5891274213790894,0.2797459363937378,0.21095852553844452 
-0.05160609632730484,-0.2793598771095276,0.6093326807022095 
-0.41371801495552063,-0.2814629077911377,-0.4855453670024872 
0.441158264875412,-0.35913071036338806,-0.003987163305282593 
-0.7923195958137512,0.39466744661331177,0.6237093210220337 
0.1734282523393631,-0.2645385265350342,-0.0872713178396225 
-0.5290842652320862,0.2740377187728882,0.02979741245508194 
0.37652093172073364,-0.25913071632385254,-0.4473903775215149 
-0.5290842652320862,-0.28196364641189575,0.029787395149469376 
0.6192266345024109,0.3163546025753021,-0.5011118650436401 
0.2765209376811981,-0.3819636404514313,-0.07021260261535645 
-0.03631993383169174,0.39406660199165344,0.6541532278060913 
-0.3644469976425171,-0.25933101773262024,0.39201948046684265 
-0.8533074855804443,0.3388870656490326,0.6731806397438049 
0.6083551645278931,-0.2790594696998596,-0.47923627495765686 
0.5739054679870605,0.28425243496894836,0.45791444182395935 
-0.5797131657600403,0.17784321308135986,0.5439943671226501 
-0.4961368143558502,0.16938689351081848,0.5882022380828857 
0.7367401719093323,0.16948702931404114,0.2768534719944 
-0.0034225210547447205,-0.18196365237236023,0.08039621263742447 
0.19420230388641357,0.3740377128124237,-0.23483988642692566 
0.2283073365688324,-0.17641150951385498,0.5882022380828857 
0.6564244031906128,-0.28196364641189575,0.5402330756187439 
-0.6443504095077515,-0.25933101773262024,0.3755958080291748 
-0.7421914339065552,0.08709829300642014,0.013333680108189583 
-0.7421914339065552,-0.07755903899669647,0.02979741245508194 
-0.2997095584869385,0.37303629517555237,0.11338375508785248 
-0.5784554481506348,0.054180845618247986,-0.5955038070678711 
-0.33149951696395874,0.12001573294401169,0.5882022380828857 
0.7367401719093323,0.004788658581674099,-0.43116697669029236 
-0.7421914339065552,-0.011694097891449928,0.29327714443206787 
0.048383887857198715,-0.17756906151771545,0.6882022619247437 
-0.4961368143558502,0.2741378843784332,0.19443471729755402 
0.2776784896850586,0.2741378843784332,0.24390602111816406 
-0.16686221957206726,-0.25933101773262024,-0.1677873581647873 
-0.6421914100646973,-0.1939927190542221,0.028639890253543854 
-0.05281371250748634,-0.35933101177215576,0.04506354779005051 
0.4588395655155182,-0.15988768637180328,-0.5955038070678711 
0.3776784837245941,0.19436702132225037,0.42370930314064026 
-0.18212836980819702,0.3939664363861084,-0.6464331150054932 
0.2776784896850586,0.2740377187728882,-0.4310668408870697 
0.1624123603105545,-0.25933101773262024,-0.3653721511363983 
0.5741057395935059,0.13643939793109894,0.5882022380828857 
-0.15053869783878326,0.2740377187728882,-0.18421104550361633 
-0.7421914339065552,0.18591070175170898,-0.15136370062828064 
0.5980843901634216,0.19146284461021423,0.041980840265750885 
0.014278861694037914,-0.22538208961486816,-0.5954036712646484 
0.5234768986701965,-0.15913072228431702,-0.002282954752445221 
-0.44802331924438477,0.1944671869277954,0.4401330053806305 
-0.3479231894016266,-0.22538208961486816,-0.5954036712646484 
0.5891274213790894,0.28044697642326355,-0.18421104550361633 
0.8488576412200928,0.3510045111179352,-0.35010600090026855 
0.7369404435157776,-0.2718490660190582,0.29327714443206787 
0.3929446339607239,0.2943670153617859,-0.5464330911636353 
-0.01846833899617195,0.28275027871131897,-0.49706196784973145 
-0.7533074617385864,0.25100451707839966,0.2603296637535095 
-0.3327571749687195,-0.171648770570755,0.511035144329071 
-0.2985520362854004,0.23898720741271973,0.611035168170929 
0.013041205704212189,-0.37946000695228577,0.16503819823265076 
-0.46318933367729187,-0.25933101773262024,0.3755958080291748 
-0.44676563143730164,0.2741378843784332,0.35917210578918457 
0.4588395655155182,-0.25933101773262024,0.16148722171783447 
0.3600972592830658,0.16948702931404114,-0.5955038070678711 
-0.7421914339065552,0.10356202721595764,0.16148722171783447 
-0.6046932339668274,0.28705650568008423,0.30429303646087646 
-0.5126606225967407,0.03768707439303398,0.5882022380828857 
-0.28212836384773254,0.07065458595752716,-0.5955038070678711 
0.6367401480674744,0.0035820528864860535,0.31095853447914124 
0.35883957147598267,-0.045819155871868134,-0.695503830909729 
-0.6421914100646973,-0.06230291351675987,-0.18305352330207825 
0.21304121613502502,0.038894690573215485,0.4882022440433502 
-0.15043854713439941,-0.25933101773262024,0.3755958080291748 
0.7367401719093323,-0.04461154341697693,-0.49706196784973145 
-0.8421914577484131,-0.09523337334394455,-0.2184162139892578 
0.5575819611549377,-0.25933101773262024,0.40854328870773315 
-0.23275718092918396,0.2741378843784332,-0.39831966161727905 
-0.3973945081233978,0.2741378843784332,-0.1677873581647873 
-0.42908427119255066,-0.35933101177215576,-0.36662983894348145 
0.2765209376811981,-0.35933101177215576,-0.1994771659374237 
0.5741057395935059,-0.25933101773262024,0.29327714443206787 
-0.7421914339065552,-0.19283518195152283,-0.530009388923645 
-0.8421914577484131,-0.29283517599105835,-0.3830535113811493 
0.32714980840682983,-0.25933101773262024,0.27675333619117737 
0.2283073365688324,0.27303630113601685,-0.03606751933693886 
-0.7421914339065552,0.004766626749187708,-0.0031300485134124756 
0.048403918743133545,0.3511046767234802,-0.5180363059043884 
0.04717627540230751,-0.28196364641189575,0.5237092971801758 
-0.0022058989852666855,-0.25933101773262024,-0.18421104550361633 
-0.15043854713439941,0.16938689351081848,0.5882022380828857 
0.6367401480674744,-0.11167407035827637,0.12738218903541565 
-0.3973945081233978,0.2741378843784332,0.19443471729755402 
0.43690797686576843,0.21625444293022156,-0.601111888885498 
0.7367401719093323,-0.22568252682685852,-0.2171585112810135 
0.21188366413116455,-0.09399271756410599,0.5882022380828857 
-0.636683464050293,-0.17956018447875977,-0.07880324870347977 
0.4423157572746277,-0.28196364641189575,-0.530009388923645 
0.4588395655155182,0.2741378843784332,0.39201948046684265 
0.5905294418334961,-0.061075273901224136,-0.5955038070678711 
-0.4138181805610657,0.03771711885929108,-0.5955038070678711 
0.4094684422016144,0.03768707439303398,0.5882022380828857 
-0.1998097002506256,0.0706145316362381,0.5882022380828857 
0.6728480458259583,0.0870782658457756,0.5882022380828857 
0.5094684362411499,0.37413787841796875,-0.16898496448993683 
0.11304120719432831,-0.12694020569324493,-0.5955038070678711 
0.37536343932151794,-0.17753899097442627,-0.695503830909729 
0.5246344208717346,-0.07756905257701874,0.5882022380828857 
-0.5949792265892029,-0.25933101773262024,0.2438058704137802 
-0.16686221957206726,0.18591070175170898,-0.5955038070678711 
0.5741057395935059,-0.14346401393413544,0.5882022380828857 
-0.7607740759849548,0.3939664363861084,-0.2653721570968628 
0.6564244031906128,-0.25933101773262024,0.14506354928016663 
0.41062596440315247,0.17784321308135986,0.5439943671226501 
-0.6608742475509644,-0.28196364641189575,-0.0031430672388523817 
-0.6607740521430969,-0.20925883948802948,-0.5955038070678711 
-0.7607740759849548,0.19396644830703735,-0.133582204580307 
-0.8421914577484131,0.08830590546131134,0.6896042823791504 
-0.2326570600271225,-0.19283518195152283,-0.5955038070678711 
0.6741057634353638,0.39406660199165344,-0.6606535911560059 
0.24598869681358337,0.1944671869277954,0.5908619165420532 
0.8454527258872986,0.36121922731399536,0.12187426537275314 
-0.636683464050293,-0.17956018447875977,0.3468985855579376 
-0.19000144302845,0.19106224179267883,0.46256527304649353 
-0.1222979873418808,0.2845529019832611,-0.10192244499921799 
-0.4303419888019562,0.2511046826839447,-0.6180363297462463 
0.09659750759601593,0.28194913268089294,-0.5764763951301575 
-0.03391473740339279,-0.37164875864982605,-0.5180363059043884 
0.8039929866790771,0.3816486895084381,0.6072856783866882 
-0.560774028301239,0.2859106957912445,-0.49550381302833557 
0.7728480696678162,0.15100452303886414,0.5114356875419617 
0.6728480458259583,0.20203395187854767,-0.5954036712646484 
-0.2973945140838623,-0.3816632032394409,0.15809819102287292 
-0.2668622136116028,-0.35933101177215576,0.2121160626411438 
-0.3985520303249359,0.19396644830703735,0.5771421790122986 
-0.5084103941917419,-0.37946000695228577,-0.17169886827468872 
-0.7923195958137512,0.1944671869277954,0.4920194745063782 
0.7488576173782349,0.23888705670833588,0.12863989174365997 
0.6564244031906128,-0.25933101773262024,-0.3160009980201721 
-0.5455079674720764,0.27303630113601685,-0.2171585112810135 
0.3118836581707001,0.1389872133731842,0.5111352801322937 
0.4258921146392822,-0.25933101773262024,0.40854328870773315 
0.051496632397174835,-0.1792597770690918,-0.716033399105072 
-0.10100730508565903,-0.28196364641189575,-0.49726226925849915 
-0.24873608350753784,0.41059041023254395,-0.43962332606315613 
-0.2875361740589142,0.21625444293022156,-0.601111888885498 
0.8488576412200928,0.3510045111179352,-0.06778735667467117 
-0.11749105155467987,-0.28196364641189575,0.5402330756187439 
0.1460888385772705,0.27343684434890747,-0.3488483428955078 
-0.5290842652320862,-0.28196364641189575,-0.530009388923645 
0.522074818611145,-0.36363720893859863,0.7107347249984741 
0.5727479457855225,-0.1570276916027069,-0.5161335468292236 
-0.6114028692245483,-0.25933101773262024,-0.39831966161727905 
0.6728480458259583,-0.2717489004135132,0.46662700176239014 
-0.8197590708732605,-0.37966030836105347,0.3439060151576996 
-0.528026819229126,0.3939664363861084,0.01456131786108017 
-0.6494017839431763,0.1275707483291626,-0.3281744122505188 
0.01354780700057745,0.2828504145145416,-0.4147433340549469 
0.4258921146392822,-0.20925883948802948,0.5882022380828857 
0.21062597632408142,-0.17935988306999207,0.5093326568603516 
0.1624123603105545,0.2741378843784332,0.40854328870773315 
-0.05158606916666031,0.2939664423465729,-0.26652970910072327 
0.2942022979259491,-0.2410046011209488,-0.601111888885498 
-0.03391473740339279,0.16131940484046936,-0.5161335468292236 
0.07602372765541077,0.3907618224620819,0.14079326391220093 
-0.6419910788536072,0.06938689202070236,0.5022224187850952 
-0.01749105006456375,-0.18196365237236023,-0.10314306616783142 
0.06364000588655472,-0.28196364641189575,-0.49726226925849915 
0.12956503033638,0.27984610199928284,-0.4488925337791443 
0.46308985352516174,-0.1792597770690918,-0.5160333514213562 
-0.6608742475509644,0.2943670153617859,0.046271152794361115 
-0.3973945081233978,0.2741378843784332,0.06274490058422089 
0.7372408509254456,0.03764701262116432,-0.1677873581647873 
0.44241592288017273,0.2741378843784332,0.21095852553844452 
-0.42908427119255066,0.3939664363861084,0.6402330994606018 
0.7370405793190002,-0.19283518195152283,0.424966961145401 
0.7370405793190002,-0.12694020569324493,0.29327714443206787 
0.7367401719093323,-0.17631137371063232,-0.28305351734161377 
-0.36318933963775635,0.1741378903388977,-0.4983196556568146 
0.5411582589149475,-0.25933101773262024,-0.34894847869873047 
0.7367401719093323,0.1365395486354828,-0.1512635499238968 
0.29535984992980957,0.37413787841796875,0.07801102846860886 
-0.42908427119255066,-0.22694021463394165,-0.695503830909729 
0.7234769463539124,-0.18196365237236023,0.09685693681240082 
0.5246344208717346,0.021223343908786774,0.5882022380828857 
-0.05160609632730484,-0.25933101773262024,0.2603296637535095 
-0.6443504095077515,0.02125338837504387,-0.5955038070678711 
-0.6421914100646973,-0.14463156461715698,0.0944347158074379 
0.36125481128692627,-0.16107527911663055,-0.695503830909729 
-0.002182865748181939,-0.061075273901224136,-0.5955038070678711 
-0.7421914339065552,0.07062454521656036,0.45791444182395935 
-0.3644469976425171,0.2741378843784332,-0.036047495901584625 
-0.7421914339065552,-0.07755903899669647,-0.4312671422958374 
0.13075260818004608,0.1541808545589447,-0.49550381302833557 
0.44241592288017273,0.27303630113601685,0.04630119726061821 
-0.050338394939899445,-0.12814781069755554,-0.49550381302833557 
0.22946488857269287,-0.012921735644340515,0.6882022619247437 
0.32714980840682983,-0.25933101773262024,0.17801102995872498 
0.524734616279602,0.2741378843784332,-0.29947715997695923 
-0.3973945081233978,-0.12694020569324493,-0.5955038070678711 
-0.11623337119817734,-0.35933101177215576,0.3273821771144867 
0.4423157572746277,-0.25933101773262024,0.3097008466720581 
0.4258921146392822,-0.25933101773262024,-0.38179582357406616 
-0.26560455560684204,0.2741378843784332,-0.052511222660541534 
-0.6443504095077515,0.0706145316362381,0.5882022380828857 
0.7367401719093323,-0.07753899693489075,-0.03603747859597206 
-0.05160609632730484,-0.25933101773262024,0.39201948046684265 
-0.33034199476242065,0.37413787841796875,-0.1994771659374237 
0.21304121613502502,0.3020339608192444,-0.4954036772251129 
0.5728480219841003,-0.026940204203128815,0.4882022440433502 
0.2942022979259491,-0.25933101773262024,-0.1677873581647873 
-0.2985520362854004,-0.25913071632385254,0.09601283818483353 
0.6728480458259583,-0.028177857398986816,0.5882022380828857 
-0.1832858920097351,0.2778432071208954,0.4439943730831146 
0.7367401719093323,0.15296322107315063,0.5567569136619568 
-0.5608742237091064,0.19436702132225037,0.3439060151576996 
0.787769615650177,0.39466744661331177,0.2755958139896393 
0.19582639634609222,0.39426687359809875,0.14390602707862854 
-0.3479231894016266,-0.2717489004135132,0.46662700176239014 
0.0910995826125145,-0.26463866233825684,0.45661258697509766 
0.4588395655155182,-0.28196364641189575,0.5566568374633789 
0.22966516017913818,0.37794333696365356,-0.00433766096830368 
-0.5235763788223267,-0.27946001291275024,-0.0716988742351532 
-0.15160609781742096,-0.15933102369308472,-0.2184162139892578 
0.6246344447135925,-0.3819636404514313,0.1297874003648758 
-0.10017610341310501,0.29426687955856323,-0.33242467045783997 
-0.33149951696395874,-0.2716487646102905,0.611035168170929 
0.6728480458259583,0.27243542671203613,-0.5830859541893005 
0.36550506949424744,0.27223512530326843,0.5767858028411865 
-0.5620317459106445,0.225467711687088,-0.6085225939750671 
-0.4138181805610657,0.18591070175170898,-0.5955038070678711 
-0.7279267907142639,0.3812481164932251,0.668674111366272 
0.4094684422016144,0.2841522991657257,0.45771417021751404 
0.3435734510421753,-0.25933101773262024,0.40854328870773315 
-0.7421914339065552,0.07062454521656036,-0.5959044098854065 
-0.5949792265892029,-0.28196364641189575,0.5402330756187439 
0.2886943519115448,-0.26463866233825684,0.45661258697509766 
0.7089000344276428,-0.14346401393413544,-0.6083223223686218 
0.8367401957511902,-0.1116640567779541,-0.020771346986293793 
-0.6608742475509644,-0.25933101773262024,-0.2666298449039459 
0.2271498143672943,0.37413787841796875,-0.16652971506118774 
0.37652093172073364,0.2741378843784332,-0.39831966161727905 
-0.6421914100646973,0.2365395426750183,0.06394249200820923 
-0.7421914339065552,-0.06109530106186867,0.40854328870773315 
-0.34802332520484924,-0.061105310916900635,0.5882022380828857 
0.7367401719093323,0.08711832016706467,-0.5629569292068481 
-0.7421914339065552,0.08709829300642014,0.2603296637535095 
0.7367401719093323,0.03771711885929108,0.47443827986717224 
-0.1998097002506256,-0.044641587883234024,0.5882022380828857 
0.7367401719093323,0.02125338837504387,0.35917210578918457 
0.5246344208717346,0.18591070175170898,0.5882022380828857 
-0.21623337268829346,0.2741378843784332,-0.29947715997695923 
-0.21507588028907776,0.1741378903388977,-0.3171585202217102 
-0.33149951696395874,-0.25933101773262024,0.22738218307495117 
-0.15043854713439941,-0.20925883948802948,0.5882022380828857 
-0.7421914339065552,-0.19283518195152283,-0.4147433340549469 
0.2283073365688324,-0.25933101773262024,-0.33242467045783997 
0.5576820373535156,0.27303630113601685,0.29327714443206787 
-0.08328589051961899,0.37303629517555237,0.3273821771144867 
0.5411582589149475,-0.25933101773262024,-0.1184162050485611 
-0.5290842652320862,0.2741378843784332,0.27675333619117737 
-0.4138181805610657,-0.28196364641189575,0.5237092971801758 
-0.1998097002506256,-0.25913071632385254,0.4410901963710785 
0.6889712810516357,-0.25913071632385254,0.34264829754829407 
0.4258921146392822,-0.22538208961486816,-0.5954036712646484 
0.0965774804353714,-0.22538208961486816,0.5881021022796631 
-0.002212909050285816,-0.22538208961486816,0.5881021022796631 
-0.6772978901863098,-0.28196364641189575,0.5402330756187439 
-0.44676563143730164,-0.28196364641189575,-0.5465332269668579 
0.01354780700057745,0.2828504145145416,-0.1677873581647873 
0.6399005651473999,0.29446718096733093,-0.13483987748622894 
-0.21623337268829346,0.22536756098270416,0.6015214323997498 
0.04715624824166298,0.29446718096733093,0.17801102995872498 
-0.5772978663444519,-0.171648770570755,-0.7180363535881042 
-0.841991126537323,-0.29283517599105835,0.702222466468811 
0.590028703212738,0.29206371307373047,-0.4673190712928772 
0.7372408509254456,0.004714551381766796,-0.08546872437000275 
0.2117835283279419,0.2735370099544525,-0.25010600686073303 
-0.2985520362854004,-0.25933101773262024,-0.2171585112810135 
0.7367401719093323,-0.09399271756410599,0.4414907693862915 
-0.23149952292442322,-0.35933101177215576,0.42622464895248413 
0.4423157572746277,-0.25933101773262024,-0.25010600686073303 
0.178936168551445,-0.25933101773262024,0.3755958080291748 
0.3435734510421753,0.2741378843784332,0.14506354928016663 
-0.2985520362854004,-0.25933101773262024,-0.34894847869873047 
0.4588395655155182,0.2741378843784332,-0.1512635499238968 
0.3435734510421753,-0.28196364641189575,0.5402330756187439 
-0.06807984411716461,0.2939664423465729,0.34264829754829407 
0.6728480458259583,-0.061075273901224136,-0.5955038070678711 
0.09660752862691879,-0.20925883948802948,-0.5955038070678711 
-0.16806983947753906,-0.35933101177215576,-0.1501060128211975 
0.6564244031906128,0.10358205437660217,-0.5955038070678711 
-0.3808706998825073,-0.17641150951385498,0.588402509689331 
-0.249180868268013,0.2741378843784332,0.34264829754829407 
0.5082107782363892,-0.25933101773262024,-0.2666298449039459 
-0.6772978901863098,-0.25933101773262024,-0.4147433340549469 
0.524734616279602,0.27303630113601685,0.17801102995872498 
0.4258921146392822,0.2943670153617859,0.5237092971801758 
-0.5620317459106445,-0.25933101773262024,0.11211605370044708 
-0.4961368143558502,-0.25933101773262024,-0.20073485374450684 
0.19535985589027405,-0.12694020569324493,-0.5955038070678711 
-0.5620317459106445,-0.25933101773262024,-0.13483987748622894 
0.5411582589149475,0.2741378843784332,-0.38179582357406616 
-0.3808706998825073,0.2741378843784332,0.3097008466720581 
0.030722562223672867,-0.25933101773262024,-0.39831966161727905 
0.014248818159103394,0.03768707439303398,0.5882022380828857 
-0.050538696348667145,0.17403772473335266,-0.5147433280944824 
-0.7421914339065552,0.07062454521656036,0.09566234052181244 
0.2600972652435303,0.37353700399398804,0.11333367973566055 
0.7370405793190002,0.10355201363563538,-0.23358219861984253 
0.7367401719093323,-0.22568252682685852,-0.05250120908021927 
-0.6772978901863098,-0.07756905257701874,0.5882022380828857 
0.13071253895759583,-0.3819636404514313,-0.13607753813266754 
-0.38212835788726807,0.37303629517555237,0.17922866344451904 
-0.5290842652320862,0.27303630113601685,-0.1512635499238968 
0.5741057395935059,0.054180845618247986,-0.5955038070678711 
-0.4797131419181824,0.27303630113601685,-0.052491195499897 
0.5411582589149475,-0.25933101773262024,-0.4312671422958374 
0.3435734510421753,0.2741378843784332,0.27675333619117737 
-0.24792319536209106,-0.045819155871868134,-0.49550381302833557 
0.26125481724739075,-0.011714127846062183,0.5882022380828857 
0.524734616279602,0.10358205437660217,-0.5955038070678711 
0.24473100900650024,-0.28196364641189575,-0.5135857462882996 
-0.3808706998825073,-0.25933101773262024,-0.2666298449039459 
-0.15161611139774323,-0.3819636404514313,-0.08667633682489395 
-0.3150758743286133,-0.28196364641189575,-0.052451133728027344 
-0.05278366804122925,0.3943670094013214,-0.39947715401649475 
0.32714980840682983,-0.2717489004135132,-0.0776374414563179 
-0.3973945081233978,0.16938689351081848,0.5882022380828857 
0.5877695679664612,0.1944671869277954,-0.16652971506118774 
-0.6421914100646973,-0.12578266859054565,0.014541290700435638 
-0.5126606225967407,0.1365395486354828,-0.5955038070678711 
-0.1998097002506256,-0.2816632091999054,-0.6086227297782898 
-0.6949792504310608,-0.3819636404514313,-0.08667633682489395 
-0.23275718092918396,0.2943670153617859,0.4908619225025177 
-0.6717900037765503,-0.27946001291275024,-0.0716988742351532 
0.5891274213790894,0.28044697642326355,-0.33242467045783997 
0.31062597036361694,0.2811479866504669,-0.5752747058868408 
0.7488576173782349,0.23888705670833588,-0.0196037907153368 
-0.002212909050285816,0.20193380117416382,0.5881021022796631 
-0.7421914339065552,-0.22578267753124237,0.02979741245508194 
-0.44676563143730164,0.22536756098270416,0.6015214323997498 
-0.6607740521430969,0.29466745257377625,0.4578143060207367 
0.674250066280365,-0.27114805579185486,-0.47352805733680725 
0.3283073306083679,-0.38156306743621826,0.37904492020606995 
0.013998457230627537,0.2824498414993286,-0.5618553161621094 
-0.6772978901863098,-0.25933101773262024,0.12863989174365997 
-0.7419911026954651,0.20203395187854767,-0.4147433340549469 
0.2283073365688324,-0.20925883948802948,-0.5955038070678711 
-0.6620317697525024,-0.1792597770690918,0.509432852268219 
-0.11866863071918488,-0.35913071036338806,0.19601283967494965 
-0.29980969429016113,-0.35913071036338806,-0.20228296518325806 
-0.3150758743286133,0.2741378843784332,0.19443471729755402 
-0.5455079674720764,-0.20925883948802948,-0.5955038070678711 
-0.5772978663444519,0.19466745853424072,-0.23483988642692566 
0.4068087637424469,0.1644238829612732,0.5021222829818726 
-0.08451353013515472,0.10358205437660217,-0.5955038070678711 
0.5980843901634216,0.19146284461021423,0.1901744306087494 
-0.29980969429016113,0.3939664363861084,0.6542533040046692 
0.19535985589027405,0.2741378843784332,0.3262246549129486 
0.4094684422016144,0.2741378843784332,0.14506354928016663 
0.5741057395935059,-0.25933101773262024,-0.2171585112810135 
0.5082107782363892,-0.20925883948802948,-0.5955038070678711 
-0.7421914339065552,0.07062454521656036,0.5238094329833984 
-0.3973945081233978,-0.25933101773262024,0.2438058704137802 
-0.3479231894016266,0.18591070175170898,-0.5955038070678711 
0.2283073365688324,0.12001573294401169,-0.5955038070678711 
-0.6421914100646973,-0.10925883799791336,0.42622464895248413 
0.04717627540230751,-0.11051652580499649,0.5882022380828857 
0.6399005651473999,-0.25933101773262024,-0.25010600686073303 
0.7367401719093323,-0.12694020569324493,-0.3653721511363983 
0.11304120719432831,-0.25933101773262024,-0.28305351734161377 
-0.6421914100646973,-0.22694021463394165,-0.6300094127655029 
0.4929446280002594,0.0718221440911293,0.4882022440433502 
-0.26560455560684204,-0.25933101773262024,-0.4147433340549469 
-0.4138181805610657,-0.25933101773262024,-0.13483987748622894 
0.41062596440315247,-0.35933101177215576,0.4426482915878296 
-0.44676563143730164,0.12001573294401169,-0.5955038070678711 
-0.26560455560684204,0.2741378843784332,-0.1184162050485611 
-0.11749105155467987,-0.25933101773262024,0.2603296637535095 
-0.49739450216293335,0.37413787841796875,-0.20191243290901184 
0.24598869681358337,0.1313762366771698,0.5095329880714417 
-0.5785555839538574,0.03768707439303398,0.5882022380828857 
0.11425883322954178,-0.35913071036338806,-0.20228296518325806 
-0.5126606225967407,0.10355201363563538,0.5882022380828857 
-0.8421914577484131,-0.3257826864719391,-0.00433766096830368 
-0.6421914100646973,0.13769708573818207,-0.4300093948841095 
-0.38212835788726807,-0.09521234780550003,-0.49550381302833557 
-0.2657046914100647,0.0870782658457756,0.5882022380828857 
-0.8421914577484131,0.15416082739830017,-0.3171585202217102 
-0.6419910788536072,0.3020339608192444,0.09686695039272308 
0.7367401719093323,0.08711832016706467,-0.03603747859597206 
0.7367401719093323,0.07062454521656036,-0.3160009980201721 
0.4588395655155182,-0.09399271756410599,0.5882022380828857 
0.5563242435455322,0.1944671869277954,0.31095853447914124 
0.14598870277404785,-0.25933101773262024,0.21095852553844452 
-0.7421914339065552,0.16938689351081848,0.3590719699859619 
0.5094684362411499,0.1741378903388977,-0.13368234038352966 
0.47410574555397034,-0.10925883799791336,0.6882022619247437 
0.4588395655155182,0.20193380117416382,0.5881021022796631 
0.08011375367641449,0.16938689351081848,0.5882022380828857 
0.8350377082824707,0.0021700114011764526,0.7021223306655884 
0.6321334838867188,-0.17956018447875977,0.11334369331598282 
-0.6499024629592896,0.16121923923492432,0.0639525055885315 
0.32714980840682983,-0.2718490660190582,0.07099679112434387 
0.19585643708705902,0.1938663125038147,-0.3171585202217102 
-0.08454357087612152,-0.28196364641189575,-0.5629569292068481 
0.4588395655155182,0.2943670153617859,-0.5135857462882996 
0.04719630628824234,0.2943670153617859,0.34264829754829407 
0.32164183259010315,0.2909621298313141,-0.47523048520088196 
0.062412358820438385,-0.171648770570755,0.511035144329071 
0.7036925554275513,0.2816486954689026,-0.5135857462882996 
0.6367401480674744,-0.010516524314880371,0.4402330815792084 
-0.6114028692245483,-0.28196364641189575,-0.5465332269668579 
0.6235770583152771,0.2939664423465729,0.3755958080291748 
0.6233208179473877,0.07183216512203217,-0.5178359746932983 
0.6225196123123169,0.30193379521369934,0.5112354159355164 
0.4423157572746277,-0.28196364641189575,-0.0031430672388523817 
0.29535984992980957,-0.3816632032394409,0.15809819102287292 
0.3862791359424591,-0.16453853249549866,-0.1872713267803192 
-0.018648598343133926,0.20203395187854767,-0.5954036712646484 
0.3118836581707001,0.1908619999885559,-0.4693661630153656 
0.7367401719093323,-0.028137797489762306,0.573180615901947 
0.5741057395935059,0.18591070175170898,-0.5955038070678711 
-0.8214616179466248,-0.03385017067193985,0.7090322971343994 
-0.0022179163061082363,-0.28196364641189575,-0.5465332269668579 
0.04618898779153824,0.17303630709648132,-0.2018924057483673 
-0.5456080436706543,0.29106223583221436,0.4688301980495453 
-0.4797131419181824,-0.25913071632385254,0.4410901963710785 
-0.6880133748054504,-0.24070417881011963,0.5942109227180481 
-0.6046932339668274,0.28705650568008423,0.17250309884548187 
-0.3589390814304352,0.28425243496894836,-0.4641144871711731 
0.7147083878517151,-0.27946001291275024,-0.19522690773010254 
0.7109029293060303,0.2725355327129364,-0.37628787755966187 
-0.1845836341381073,0.39466744661331177,0.24506354331970215 
-0.6046932339668274,0.2867560386657715,-0.33793261647224426 
-0.4853654205799103,0.15941664576530457,0.5084313750267029 
0.6367401480674744,0.08591070026159286,-0.4793805778026581 
-0.5839633941650391,-0.2645385265350342,0.4565124213695526 
0.4917870759963989,-0.25933101773262024,0.40854328870773315 
0.5411582589149475,-0.2717489004135132,0.46662700176239014 
0.6400007605552673,-0.20925883948802948,-0.5955038070678711 
0.08769053965806961,0.17343685030937195,0.2152087688446045 
-0.7063397765159607,-0.2645385265350342,-0.3160009980201721 
0.6124610304832458,-0.27946001291275024,0.4726356863975525 
-0.249180868268013,0.29426687955856323,-0.48354247212409973 
-0.793721616268158,0.36652690172195435,-0.7087229490280151 
-0.5455079674720764,0.2741378843784332,0.11211605370044708 
-0.7772979140281677,-0.18196365237236023,-0.3972622752189636 
-0.6533074378967285,0.3510045111179352,-0.2019224464893341 
-0.10054664313793182,0.29466745257377625,0.47423797845840454 
-0.7494018077850342,0.22757075726985931,0.5127936005592346 
0.8454527258872986,0.3616198003292084,-0.45194098353385925 
0.4752632677555084,0.2741378843784332,-0.08544869720935822 
0.6070532202720642,0.18591070175170898,0.5887029767036438 
-0.46318933367729187,-0.25933101773262024,0.3097008466720581 
-0.2973945140838623,-0.15933102369308472,-0.5312671661376953 
-0.7421914339065552,-0.22578267753124237,0.17801102995872498 
0.524734616279602,0.2741378843784332,-0.18421104550361633 
0.37652093172073364,-0.28196364641189575,-0.5465332269668579 
0.7367401719093323,0.07065458595752716,-0.4641144871711731 
0.14473101496696472,-0.3819636404514313,-0.13607753813266754 
-0.10099729150533676,-0.25933101773262024,-0.38179582357406616 
0.5082107782363892,0.27303630113601685,0.04630119726061821 
-0.03631993383169174,0.3943670094013214,-0.16898496448993683 
-0.10099729150533676,-0.25933101773262024,0.16148722171783447 
-0.6772978901863098,-0.11051652580499649,-0.5955038070678711 
0.7367401719093323,0.12001573294401169,0.11211605370044708 
-0.7421914339065552,-0.028167840093374252,0.12863989174365997 
-0.7421914339065552,-0.14346401393413544,0.5238094329833984 
0.4258921146392822,0.10354198515415192,0.5886028409004211 
-0.46318933367729187,0.2741378843784332,0.04628116637468338 
0.37652093172073364,0.02125338837504387,-0.5955038070678711 
0.21188366413116455,0.2741378843784332,0.0792086273431778 
-0.7421914339065552,-0.06109530106186867,0.2603296637535095 
0.09779410064220428,-0.35933101177215576,0.12738218903541565 
0.14598870277404785,0.0047876569442451,-0.5955038070678711 
-0.7421914339065552,-0.11051652580499649,-0.019593777135014534 
-0.0022169146686792374,-0.14346401393413544,0.5882022380828857 
-0.7421914339065552,-0.19283518195152283,-0.019593777135014534 
0.7367401719093323,-0.011674069799482822,-0.28305351734161377 
-0.4797131419181824,-0.061105310916900635,0.5882022380828857 
0.7367401719093323,0.18591070175170898,0.013353710062801838 
0.6741057634353638,-0.11171413213014603,0.4882022440433502 
-0.6421914100646973,0.13769708573818207,0.24506354331970215 
-0.10099729150533676,-0.044621556997299194,0.5887029767036438 
0.6082108020782471,-0.3819636404514313,0.6237093210220337 
0.3435734510421753,0.2741378843784332,-0.20073485374450684 
0.6234769225120544,-0.25933101773262024,0.3262246549129486 
-0.28212836384773254,0.2741378843784332,-0.26652970910072327 
-0.5949792265892029,-0.25933101773262024,0.34264829754829407 
-0.7421914339065552,-0.22578267753124237,-0.23368233442306519 
0.37652093172073364,-0.25933101773262024,-0.1184162050485611 
0.31062597036361694,-0.25933101773262024,-0.28305351734161377 
-0.28212836384773254,-0.28196364641189575,-0.5629569292068481 
0.4094684422016144,-0.28196364641189575,0.5237092971801758 
0.7367401719093323,-0.15988768637180328,-0.4147433340549469 
-0.11749105155467987,-0.15988768637180328,0.5882022380828857 
0.7367401719093323,-0.24220633506774902,-0.33242467045783997 
0.21188366413116455,-0.25933101773262024,0.424966961145401 
-0.249180868268013,-0.25933101773262024,-0.28305351734161377 
-0.2326570600271225,-0.12694020569324493,-0.5955038070678711 
-0.16686221957206726,0.27303630113601685,0.12863989174365997 
-0.3150758743286133,-0.15988768637180328,0.5882022380828857 
-0.4138181805610657,0.2741378843784332,0.40854328870773315 
-0.7421914339065552,-0.15988768637180328,0.3755958080291748 
-0.1339147388935089,-0.25933101773262024,-0.2171585112810135 
0.7367401719093323,-0.14346401393413544,0.19443471729755402 
-0.11749105155467987,-0.25933101773262024,-0.13483987748622894 
-0.4797131419181824,-0.25933101773262024,-0.33242467045783997 
0.36125481128692627,0.37413787841796875,-0.2653721570968628 
-0.7421914339065552,-0.22578267753124237,-0.4806382954120636 
-0.2985520362854004,-0.25933101773262024,0.424966961145401 
0.3929446339607239,-0.25933101773262024,0.27675333619117737 
0.41062596440315247,0.17061454057693481,0.6887030005455017 
-0.7421914339065552,-0.14346401393413544,0.29327714443206787 
-0.5784554481506348,-0.09399271756410599,-0.5955038070678711 
-0.7421914339065552,-0.17631137371063232,0.45791444182395935 
-0.1832858920097351,-0.25933101773262024,-0.3160009980201721 
0.08014379441738129,-0.07753899693489075,-0.5955038070678711 
0.7367401719093323,0.08711832016706467,0.3262246549129486 
0.7367401719093323,-0.12694020569324493,-0.13483987748622894 
0.12830734252929688,0.08832593262195587,-0.49550381302833557 
0.7367401719093323,-0.15988768637180328,0.06275491416454315 
-0.7421914339065552,-0.04463157057762146,0.34264829754829407 
-0.4150758683681488,0.08828587085008621,0.6882022619247437 
-0.5126606225967407,0.0047876569442451,-0.5955038070678711 
0.7367401719093323,0.16948702931404114,-0.10190241038799286 
-0.6115030646324158,0.2943670153617859,-0.5464330911636353 
0.6728480458259583,-0.28196364641189575,0.029787395149469376 
-0.4632894694805145,0.0706145316362381,0.5882022380828857 
0.06366003304719925,-0.25933101773262024,-0.1677873581647873 
0.32714980840682983,0.054180845618247986,-0.5955038070678711 
0.6367401480674744,0.0035820528864860535,0.5579144358634949 
-0.21507588028907776,0.1541508138179779,0.4882022440433502 
-0.7421914339065552,0.07062454521656036,-0.4147433340549469 
-0.7421914339065552,-0.06109530106186867,0.5072856545448303 
-0.11749105155467987,0.03771711885929108,-0.5955038070678711 
0.31062597036361694,0.13643939793109894,0.5882022380828857 
0.8367401957511902,-0.11167407035827637,-0.6464331150054932 
0.8367401957511902,-0.04336387664079666,-0.11957374960184097 
