-0.4013999104499817,-0.06856215000152588,-0.2621547281742096 
0.507244348526001,-0.6572007536888123,0.26732566952705383 
0.2844878137111664,0.4510367214679718,0.23284080624580383 
0.26777052879333496,-0.6355872750282288,-0.6454734206199646 
-0.4006997346878052,-0.6381666660308838,0.33196553587913513 
-0.3959733545780182,0.4971212148666382,0.2953800559043884 
0.5968700051307678,0.054635562002658844,-0.195151686668396 
-0.2666524648666382,-0.8612269163131714,-0.6348828673362732 
0.08935324102640152,-0.1034759059548378,0.29888105392456055 
-0.03258053958415985,-0.17413750290870667,-0.452737957239151 
-0.40927717089653015,-0.030129889026284218,0.24409034848213196 
0.20654934644699097,-0.14512908458709717,-0.13679254055023193 
0.11617352068424225,0.42355895042419434,0.13665074110031128 
-0.5902378559112549,0.37848353385925293,0.04856191948056221 
0.403568297624588,0.1528850495815277,0.22115877270698547 
-0.32218971848487854,-0.35974934697151184,-0.5323446393013 
0.5100451707839966,-0.2451326549053192,0.1587945818901062 
-0.123070128262043,-0.03644920140504837,-0.005102305673062801 
0.3865884244441986,-0.13670918345451355,-0.4371173679828644 
-0.25488290190696716,-0.03161781281232834,-0.5400468707084656 
-0.35194826126098633,-0.33778056502342224,0.26605916023254395 
-0.2660861313343048,0.22981961071491241,0.22124631702899933 
-0.19374923408031464,-0.2420569658279419,-0.21256917715072632 
-0.2108166217803955,0.4503364861011505,0.2649625241756439 
0.3851417005062103,0.1782209873199463,0.06585687398910522 
0.34352609515190125,-0.1180042028427124,0.111752450466156 
-0.1742722988128662,-0.14671330153942108,0.3001939356327057 
-0.5352721214294434,0.0962974950671196,-0.1934887170791626 
-0.45947539806365967,-0.24306350946426392,0.08980374038219452 
0.033465899527072906,0.6494612693786621,0.20281970500946045 
-0.07173667103052139,0.09468088299036026,0.3042200803756714 
0.16978880763053894,0.13126637041568756,0.30527037382125854 
0.2726307511329651,0.3577812612056732,0.23087406158447266 
-0.5920758843421936,0.3055751621723175,0.3924916982650757 
0.14799505472183228,-0.03109266236424446,-0.3346255123615265 
0.1674194633960724,-0.048708878457546234,0.16842752695083618 
0.4495653212070465,-0.6627147793769836,-0.6167652010917664 
0.49083077907562256,-0.06748559325933456,-0.24981367588043213 
0.4604184329509735,-0.643114447593689,0.23091524839401245 
0.43197277188301086,-0.22316387295722961,-0.44521084427833557 
0.301689088344574,-0.030304934829473495,0.2968679964542389 
0.01612100750207901,-0.03376217558979988,-0.15888388454914093 
-0.3647269010543823,-0.5574684739112854,-0.49803483486175537 
-0.21094530820846558,-0.14486652612686157,-0.15141798555850983 
0.4696960747241974,0.05114850029349327,0.011547558009624481 
-0.2113829404115677,0.38701462745666504,0.32295045256614685 
0.15783903002738953,-0.13725443184375763,-0.4460860788822174 
-0.24753081798553467,-0.03856730833649635,0.1415109634399414 
-0.3763677179813385,-0.16927726566791534,-0.49033260345458984 
-0.1011013388633728,-0.13873101770877838,-0.5030237436294556 
-0.04978538304567337,-0.040081486105918884,0.1780964434146881 
-0.4356222152709961,0.26447954773902893,0.12400595843791962 
0.18458053469657898,-0.038821130990982056,0.15612764656543732 
-0.24753081798553467,0.05048072338104248,0.29844343662261963 
-0.22556202113628387,-0.029779789969325066,-0.3638588786125183 
0.40916988253593445,-0.16954860091209412,0.2925792634487152 
0.30177661776542664,-0.14257335662841797,-0.28324827551841736 
0.16996385157108307,-0.035880282521247864,-0.012401898391544819 
-0.013243659399449825,-0.029079582542181015,-0.4021073579788208 
-0.37199148535728455,0.32881051301956177,0.30028146505355835 
0.5962573289871216,0.3598407208919525,0.04046066850423813 
-0.5043757557868958,-0.28428781032562256,0.3964303433895111 
0.13320331275463104,0.387802392244339,0.32933977246284485 
-0.11571802198886871,0.2482873946428299,0.31542330980300903 
0.3849666118621826,0.17717069387435913,-0.09537308663129807 
-0.364814430475235,-0.4849102199077606,0.32741421461105347 
0.19928474724292755,-0.13975505530834198,-0.44446948170661926 
-0.3482309877872467,0.45357492566108704,0.39257925748825073 
-0.1376868188381195,-0.14947909116744995,0.11227758228778839 
-0.38660815358161926,0.12365167587995529,0.21485696732997894 
-0.1278078407049179,-0.2465294897556305,0.04375678673386574 
-0.37059107422828674,-0.03214295953512192,-0.41523608565330505 
0.060093607753515244,-0.14269590377807617,-0.2758961617946625 
0.2505744397640228,-0.15763643383979797,0.23017387092113495 
0.06802338361740112,0.04662961885333061,0.22124631702899933 
-0.30617260932922363,-0.03421730548143387,-0.10759417712688446 
-0.5886624455451965,0.150480717420578,-0.39602693915367126 
0.39997977018356323,0.30430346727371216,0.29109132289886475 
-0.005755012854933739,0.44014236330986023,0.34990817308425903 
0.29039835929870605,-0.02951720915734768,-0.37751278281211853 
-0.123070128262043,-0.03319326788187027,-0.21742939949035645 
0.26466599106788635,0.46631237864494324,0.3384423851966858 
-0.26949959993362427,-0.14257335662841797,-0.28324827551841736 
0.040730468928813934,0.348024845123291,0.12772318720817566 
0.1725432574748993,-0.13266810774803162,-0.29546061158180237 
0.2871599495410919,-0.14717717468738556,-0.01961396262049675 
0.2871599495410919,0.21887898445129395,0.30168184638023376 
0.03887752816081047,0.18413153290748596,0.31087201833724976 
-0.23291411995887756,-0.13963252305984497,-0.45182153582572937 
-0.3235026001930237,-0.14865635335445404,0.18763668835163116 
0.2798953354358673,0.08706620335578918,0.21739520132541656 
0.3911397159099579,0.44486871361732483,0.24356521666049957 
-0.3926885724067688,0.17428237199783325,-0.0952855572104454 
-0.13514243066310883,-0.05625353008508682,0.17314869165420532 
-0.061883941292762756,-0.1361341029405594,0.10224980115890503 
0.3207695782184601,-0.19119355082511902,-0.5383839011192322 
0.30978259444236755,0.12107229232788086,0.3306114971637726 
-0.3574623167514801,-0.14474397897720337,-0.15874384343624115 
0.06741946190595627,-0.13988633453845978,-0.4371173679828644 
-0.21829742193222046,-0.14716842770576477,-0.01961396262049675 
-0.1011013388633728,0.40837082266807556,0.25468090176582336 
-0.20101381838321686,0.06246548891067505,0.3986184597015381 
-0.2647269070148468,-0.8572008013725281,0.2716144323348999 
0.5972201228141785,0.31887897849082947,0.3874152600765228 
-0.15974314510822296,0.14553295075893402,0.22404710948467255 
0.485012948513031,-0.14101800322532654,-0.6265679597854614 
-0.14245954155921936,-0.04410504549741745,-0.09537308663129807 
0.3675079345703125,-0.14426259696483612,-0.1734042912721634 
-0.30608507990837097,-0.08162964135408401,0.29861846566200256 
0.43656525015830994,0.043041080236434937,-0.28333580493927 
-0.15230350196361542,-0.027941757813096046,-0.4665257930755615 
0.19193264842033386,-0.14921651780605316,0.09766089916229248 
-0.27733051776885986,-0.15506578981876373,-0.44477322697639465 
0.1406429409980774,-0.03345584124326706,-0.15153177082538605 
-0.24753081798553467,-0.033018212765455246,-0.22478152811527252 
-0.30661025643348694,0.4278888702392578,0.24321511387825012 
-0.286654531955719,-0.03729819133877754,0.014652105048298836 
0.38155829906463623,0.06319195032119751,0.14068207144737244 
0.14799505472183228,-0.02864195592701435,-0.4592612087726593 
-0.14979413151741028,0.06573893129825592,-0.6430227160453796 
0.12602625787258148,-0.14679206907749176,-0.04159151390194893 
0.0014789353590458632,0.5604018568992615,0.3190993368625641 
-0.04978538304567337,0.19664761424064636,0.227460578083992 
0.06008485332131386,-0.038313478231430054,0.1268942654132843 
0.38912665843963623,-0.066829152405262,-0.3199212849140167 
0.3676829934120178,-0.42556822299957275,-0.4937460720539093 
-0.36420175433158875,-0.14130425453186035,-0.35598161816596985 
0.18935324251651764,-0.2447439730167389,-0.05874384194612503 
0.18458053469657898,-0.14308100938796997,-0.2539273500442505 
0.2337232530117035,-0.7453437447547913,-0.6052119135856628 
0.4066316783428192,-0.6484946012496948,0.30220702290534973 
0.07722843438386917,0.1138952299952507,0.20019394159317017 
0.016129760071635246,-0.031705342233181,-0.2760711908340454 
0.10405746102333069,-0.15087950229644775,0.19288818538188934 
-0.3912881910800934,-0.04059528559446335,-0.3778217136859894 
-0.4719039499759674,0.10434981435537338,0.1970430612564087 
-0.12048198282718658,-0.2502405643463135,0.2562151551246643 
-0.26949959993362427,-0.14896269142627716,0.08304420858621597 
-0.10836591571569443,-0.03109266236424446,-0.3346255123615265 
-0.06709524244070053,0.4064040780067444,0.1319243609905243 
-0.17435982823371887,-0.0009840381098911166,0.21949581801891327 
0.07731596380472183,-0.01809871941804886,-0.45352575182914734 
0.4627816081047058,-0.35453903675079346,0.3609826862812042 
0.08926571905612946,0.28522297739982605,0.31944945454597473 
0.29902219772338867,0.38504794239997864,0.2142854928970337 
0.008818789385259151,-0.000808984914328903,0.300631582736969 
0.31849390268325806,-0.04391508921980858,0.18938717246055603 
-0.3329552710056305,-0.6623235940933228,-0.5025861263275146 
0.0533541738986969,0.4243879020214081,0.2601074278354645 
0.38007038831710815,0.4670538008213043,0.20334482192993164 
-0.37102869153022766,-0.4549766182899475,-0.5448607206344604 
-0.049776628613471985,0.34351471066474915,0.32347559928894043 
-0.22915054857730865,0.17144037783145905,0.3036949336528778 
0.34588927030563354,0.24811236560344696,0.2166074812412262 
0.3530662953853607,0.0943307876586914,0.29555511474609375 
0.3576176166534424,-0.25445666909217834,0.23586300015449524 
-0.3501102030277252,-0.25725746154785156,-0.5454733967781067 
-0.2770267724990845,0.12365167587995529,0.2184455245733261 
0.19210770726203918,0.4451313316822052,0.26133280992507935 
-0.15230350196361542,-0.03497002646327019,-0.11492878198623657 
-0.3135247230529785,0.006455602589994669,0.21651996672153473 
-0.1376868188381195,-0.03905744105577469,0.11954216659069061 
0.37958642840385437,-0.04684717580676079,-0.21690426766872406 
-0.11571802198886871,-0.14768482744693756,0.00968068465590477 
0.0967053547501564,0.15279754996299744,0.22544752061367035 
-0.10359320789575577,-0.031177587807178497,-0.4520377814769745 
-0.16000570356845856,0.49834656715393066,0.28190121054649353 
0.1505744457244873,-0.13473370671272278,-0.1782960295677185 
0.44558030366897583,0.23262041807174683,0.05013478174805641 
0.19193264842033386,-0.08883295953273773,0.29861846566200256 
-0.21094530820846558,-0.15075695514678955,0.18553607165813446 
0.5075944662094116,0.037967219948768616,0.39161646366119385 
0.057540468871593475,0.06170402467250824,0.17560458183288574 
-0.18713848292827606,-0.14131300151348114,-0.35528144240379333 
-0.43474698066711426,0.23708420991897583,0.024402402341365814 
0.28864786028862,-0.14079660177230835,-0.38503992557525635 
-0.004741472192108631,-0.14111170172691345,-0.3635963201522827 
-0.24328327178955078,-0.15995843708515167,0.1969607025384903 
0.08926571905612946,0.47707799077033997,0.3598860502243042 
-0.22626221179962158,0.2768206000328064,0.30973416566848755 
-0.11571802198886871,-0.14551420509815216,-0.11480624228715897 
0.149833083152771,-0.14131300151348114,-0.35528144240379333 
0.23289437592029572,0.1873699426651001,0.22142137587070465 
-0.3647269010543823,0.06500988453626633,0.2947673797607422 
0.16996385157108307,0.35051673650741577,0.23778854310512543 
-0.14245077967643738,0.06457484513521194,0.036343418061733246 
-0.1742722988128662,-0.14308100938796997,-0.2539273500442505 
0.16550007462501526,0.07822617143392563,0.2213338315486908 
0.33809953927993774,0.38036277890205383,0.30693337321281433 
-0.26249760389328003,0.333274245262146,0.22859841585159302 
0.316480815410614,-0.13276179134845734,0.29931867122650146 
-0.3135247230529785,-0.03047998808324337,-0.3199212849140167 
0.36146873235702515,-0.08317884057760239,0.007168713957071304 
0.38606324791908264,-0.04078168794512749,-0.4158487617969513 
-0.49470165371894836,0.22693127393722534,0.19288818538188934 
0.5419918298721313,0.1380469799041748,-0.1741456687450409 
-0.35754984617233276,0.26272904872894287,0.21625736355781555 
-0.05649855360388756,0.04662961885333061,0.2213338315486908 
-0.21085777878761292,-0.04502665251493454,0.29765573143959045 
-0.2614472806453705,0.46928825974464417,0.3374796211719513 
-0.40192505717277527,-0.43003198504447937,0.2576567530632019 
-0.11536791920661926,0.4374291002750397,0.3452693521976471 
0.19193264842033386,-0.031792860478162766,-0.24675031006336212 
-0.29882052540779114,-0.1252547651529312,-0.5532631278038025 
-0.013164886273443699,-0.13794328272342682,-0.5393466353416443 
-0.5933012366294861,-0.14395885169506073,-0.38736194372177124 
-0.43689391016960144,0.6560256481170654,0.4394051730632782 
0.23919618129730225,0.3754613399505615,0.31726133823394775 
-0.4648144245147705,-0.34220317006111145,0.13411250710487366 
-0.22556202113628387,-0.0359853133559227,-0.05634824186563492 
-0.07177168875932693,0.2916998565196991,0.23209942877292633 
0.10646181553602219,0.4336191713809967,0.26732566952705383 
-0.4344843924045563,0.24321095645427704,-0.1295279711484909 
0.4389284551143646,-0.14118172228336334,-0.27265772223472595 
-0.3564995527267456,-0.03435734659433365,-0.18828356266021729 
0.4389284551143646,0.24032261967658997,-0.10511721670627594 
0.06007610261440277,0.08741630613803864,0.3041325509548187 
-0.008365914225578308,-0.2510107755661011,0.10015276819467545 
-0.384332537651062,-0.5616697072982788,0.2801506817340851 
0.38816386461257935,0.2036496102809906,0.2966054081916809 
0.2911860942840576,0.45405885577201843,0.2515299916267395 
-0.04062150418758392,-0.14860384166240692,0.0622132383286953 
0.4373529553413391,0.24574919044971466,0.22168393433094025 
0.360418438911438,-0.25725746154785156,-0.4883195161819458 
-0.4625387489795685,-0.15328027307987213,0.06613695621490479 
-0.28420382738113403,-0.02837938442826271,-0.4445570111274719 
-0.29882052540779114,-0.14614439010620117,-0.07820500433444977 
0.3823872208595276,-0.11058294773101807,0.2196708619594574 
0.046045832335948944,0.22736889123916626,0.22903603315353394 
0.3871135711669922,-0.13085375726222992,-0.5315569043159485 
0.11132203787565231,-0.04024779051542282,0.20803003013134003 
-0.26949959993362427,-0.15650735795497894,0.2658841013908386 
-0.0523035004734993,0.13577650487422943,0.4007190763950348 
-0.38993412256240845,0.39664244651794434,0.23393744230270386 
-0.196241095662117,-0.03720191493630409,0.04628367722034454 
-0.10245537012815475,0.44009605050086975,0.26802587509155273 
0.350399374961853,0.16500988602638245,0.19958126544952393 
-0.259655624628067,0.047218624502420425,-0.4517752230167389 
0.3091287314891815,-0.02785423770546913,-0.473877876996994 
0.3526286780834198,0.4686755836009979,0.32128748297691345 
0.2871599495410919,-0.13924741744995117,-0.47379037737846375 
-0.015718020498752594,-0.04039398580789566,-0.30788400769233704 
0.19670535624027252,0.06768198311328888,-0.33939820528030396 
0.36015585064888,0.3424643874168396,0.22212155163288116 
-0.020464478060603142,0.26045340299606323,0.317611426115036 
0.03810730576515198,-0.028729483485221863,-0.473877876996994 
-0.08162441104650497,0.06794455647468567,-0.38333579897880554 
-0.5877872109413147,0.03091626614332199,-0.16031670570373535 
-0.3574623167514801,-0.14321228861808777,-0.24666278064250946 
0.4720592796802521,-0.0379432812333107,-0.18590545654296875 
-0.06444583088159561,0.5106875896453857,0.29082876443862915 
-0.3050759732723236,-0.37931379675865173,0.20089414715766907 
-0.498599112033844,-0.022824198007583618,0.12098372727632523 
-0.1447763442993164,0.32916057109832764,0.32014966011047363 
0.23595774173736572,-0.008161085657775402,0.21783281862735748 
-0.08386148512363434,0.023564167320728302,0.3242221772670746 
0.31656837463378906,0.16758927702903748,0.21687006950378418 
0.19928474724292755,-0.14755353331565857,0.002346079796552658 
-0.03991514816880226,0.06908238679170609,-0.24924218654632568 
0.1406429409980774,-0.03754326328635216,0.08295668661594391 
0.2626117467880249,0.06573893129825592,-0.6430227160453796 
0.5041809678077698,-0.17239931225776672,0.4049202799797058 
-0.2948818802833557,0.37677422165870667,0.3107844591140747 
0.2622564733028412,-0.2893328368663788,0.41498565673828125 
0.41621825098991394,0.3987893760204315,0.2031697928905487 
-0.21873503923416138,0.4371665418148041,0.2557311952114105 
-0.06056847423315048,0.18509428203105927,0.31069695949554443 
0.30900004506111145,-0.1301298886537552,-0.4979061186313629 
-0.13777433335781097,0.22623109817504883,0.22763563692569733 
-0.14486387372016907,0.14588306844234467,0.30640822649002075 
0.27980780601501465,-0.14397376775741577,-0.2026376575231552 
0.2871599495410919,-0.14551420509815216,-0.11480624228715897 
-0.0106467604637146,0.06501246988773346,0.036343418061733246 
0.26519110798835754,-0.030917614698410034,-0.29795247316360474 
-0.2916434407234192,0.22614355385303497,0.30211949348449707 
0.26702916622161865,-0.14860384166240692,0.0622132383286953 
0.23604528605937958,0.27008116245269775,0.22430968284606934 
0.17980781197547913,-0.2180987298488617,-0.6535257697105408 
0.1694387048482895,0.4619361162185669,0.3497331142425537 
0.15275900065898895,-0.24615314602851868,0.02179499715566635 
0.16996385157108307,-0.15676116943359375,0.25853201746940613 
-0.3926474153995514,-0.08880670368671417,0.29844343662261963 
0.11132203787565231,-0.13860847055912018,-0.5103758573532104 
0.03134161978960037,0.34237685799598694,0.32435086369514465 
-0.09851668775081635,0.018466629087924957,0.3985309600830078 
-0.38660815358161926,0.043041080236434937,0.21485696732997894 
0.030790207907557487,-0.04024779051542282,0.20803003013134003 
-0.2663486897945404,-0.14101542532444,-0.3688477873802185 
-0.43500953912734985,0.004004898015409708,-0.25707826018333435 
-0.2403537631034851,0.05030566826462746,0.21888314187526703 
-0.3382943272590637,0.4432932734489441,0.3188367784023285 
0.31613072752952576,-0.15066944062709808,0.1854485422372818 
-0.020508239045739174,0.3964673578739166,0.2520551383495331 
0.32908445596694946,-0.04044033959507942,0.10457538068294525 
-0.2915559411048889,-0.14397376775741577,-0.2026376575231552 
-0.32148948311805725,0.5028103590011597,0.26369598507881165 
-0.38660815358161926,-0.06678538769483566,-0.3418900966644287 
0.2577514946460724,0.14562049508094788,0.3013317584991455 
-0.12556201219558716,-0.1335783749818802,-0.24421468377113342 
0.16620026528835297,0.20986390113830566,0.31025931239128113 
0.10405746102333069,-0.015425673685967922,0.29984384775161743 
-0.20101381838321686,-0.21811534464359283,0.3994937241077423 
0.22851812839508057,-0.14168061316013336,-0.33453798294067383 
-0.37295424938201904,-0.07412874698638916,-0.11747575551271439 
0.36190634965896606,-0.6967208981513977,0.3466697633266449 
0.01673368364572525,0.48985663056373596,0.2825138568878174 
-0.30591005086898804,0.11647462844848633,0.2980057895183563 
-0.13033470511436462,0.07236198335886002,0.2222966104745865 
0.0650588721036911,0.4274924695491791,0.27975425124168396 
0.360418438911438,-0.14167185127735138,-0.33453798294067383 
0.05275900289416313,-0.15701499581336975,0.25117987394332886 
0.12345561385154724,-0.2475535273551941,0.10234607756137848 
-0.04246828332543373,-0.13963252305984497,-0.45182153582572937 
-0.123070128262043,-0.14410504698753357,-0.19537308812141418 
0.22878070175647736,0.511300265789032,0.27927544713020325 
-0.4243314862251282,0.22623109817504883,0.23157426714897156 
0.35297879576683044,0.5247791409492493,0.2669343948364258 
-0.4709411859512329,-0.4157242178916931,-0.591032862663269 
-0.3281414210796356,-0.13988633453845978,-0.4371173679828644 
0.10440755635499954,0.4798787832260132,0.27831268310546875 
-0.5926885604858398,0.3695559799671173,-0.03559863567352295 
-0.057119984179735184,-0.027941757813096046,-0.4665257930755615 
-0.43404674530029297,0.23463349044322968,-0.22513160109519958 
0.5101326704025269,-0.37703296542167664,0.4167361557483673 
0.2780984938144684,-0.5967208743095398,-0.44293513894081116 
-0.38660815358161926,-0.08142833411693573,-0.47379037737846375 
-0.3446836471557617,-0.13901984691619873,0.0893460214138031 
0.49599477648735046,0.08409035205841064,-0.2595289945602417 
0.1600761115550995,0.4501614272594452,0.2661878764629364 
-0.18582561612129211,-0.1482974886894226,0.048646844923496246 
0.08952829241752625,0.3060539662837982,0.23437505960464478 
-0.32691606879234314,-0.06703045964241028,0.20838013291358948 
-0.39387276768684387,-0.38215577602386475,0.3145480453968048 
0.3530662953853607,0.07236198335886002,0.21546964347362518 
-0.26035064458847046,-0.8068738579750061,0.21717378497123718 
-0.1497853845357895,0.06706931442022324,-0.32478153705596924 
0.18458053469657898,-0.15049438178539276,0.17091938853263855 
0.21390144526958466,-0.03742072358727455,0.07560457289218903 
0.35464176535606384,-0.1766556352376938,0.24409034848213196 
0.23587022721767426,-0.0282918568700552,-0.473877876996994 
-0.03513368219137192,-0.14282718300819397,-0.26863157749176025 
-0.1011013388633728,-0.0289920624345541,-0.40797150135040283 
0.40912872552871704,0.06437353789806366,0.0729551613330841 
-0.49868661165237427,0.4211958050727844,0.13131171464920044 
-0.3183386027812958,-0.21314483880996704,-0.496109277009964 
-0.03513368219137192,-0.031267713755369186,-0.3272733986377716 
0.23587022721767426,-0.1467045396566391,0.2999313473701477 
0.4384496212005615,-0.13118019700050354,-0.1833358108997345 
-0.18197451531887054,0.376686692237854,0.2433026134967804 
-0.32997941970825195,-0.4254806935787201,-0.4940086603164673 
-0.43549349904060364,-0.04671330004930496,0.20019394159317017 
0.5962573289871216,0.0919264405965805,-0.3888498544692993 
0.2347787618637085,-0.24807867407798767,0.13254223763942719 
0.029439739882946014,0.4376453459262848,0.27599069476127625 
-0.39470165967941284,0.1262311041355133,-0.1613669991493225 
0.3284717798233032,-0.47685787081718445,-0.5383839011192322 
-0.3265659511089325,-0.5134434103965759,-0.5383839011192322 
0.43744051456451416,0.12356416881084442,-0.2639927566051483 
-0.09374923259019852,-0.08879794925451279,-0.5530005097389221 
0.4886014759540558,-0.09371945261955261,0.19643035531044006 
-0.4336966872215271,0.09441831707954407,-0.2898126542568207 
0.3511407673358917,-0.14540916681289673,0.0388440378010273 
0.3033057153224945,-0.4351496398448944,0.37577444314956665 
0.11377274245023727,-0.030129889026284218,-0.3979061245918274 
0.37372222542762756,-0.14308975636959076,-0.24666278064250946 
-0.3354935050010681,-0.027416611090302467,-0.4958466589450836 
-0.123070128262043,-0.04003772512078285,0.19245055317878723 
0.2575300931930542,-0.32075953483581543,0.39844343066215515 
0.3738097548484802,-0.3376930356025696,-0.49129539728164673 
0.33101001381874084,0.16041220724582672,0.2982683777809143 
-0.05710248276591301,0.11621206253767014,0.22404710948467255 
-0.3357560932636261,0.3501666188240051,0.22527246177196503 
0.22860564291477203,-0.14627566933631897,-0.07086602598428726 
-0.1058022752404213,0.016562141478061676,0.20614564418792725 
0.1186741515994072,-0.14346612989902496,-0.2319585680961609 
0.004057459533214569,0.2603246867656708,0.20842128992080688 
-0.3928224742412567,0.1382683664560318,0.29362955689430237 
0.37354719638824463,-0.18383267521858215,-0.4861313998699188 
-0.3281414210796356,0.006280549336224794,0.2957301735877991 
-0.07908003032207489,-0.034838736057281494,-0.1222546324133873 
0.5938066840171814,0.378571093082428,-0.22209708392620087 
0.11893673241138458,0.39445430040359497,0.25047969818115234 
-0.3522983193397522,-0.5802250504493713,0.33756715059280396 
-0.1816244125366211,0.45397132635116577,0.34421902894973755 
0.43674030900001526,0.23419587314128876,0.11962968111038208 
-0.196241095662117,0.10177043080329895,0.3010692000389099 
0.36383190751075745,-0.62398761510849,0.3487703502178192 
-0.4809190332889557,0.6614521741867065,0.38050079345703125 
0.1627867966890335,0.16750174760818481,0.2246597856283188 
0.3162182569503784,0.03577650710940361,0.29678043723106384 
0.47398480772972107,-0.2817181646823883,-0.6448607444763184 
-0.0571112334728241,0.013807703740894794,0.3008941411972046 
0.04544191062450409,-0.14998674392700195,0.14159849286079407 
0.018674150109291077,0.150480717420578,0.40133175253868103 
0.1186741515994072,-0.14973291754722595,0.12698180973529816 
-0.027816588059067726,-0.14525163173675537,-0.1294754445552826 
-0.167007714509964,-0.13936994969844818,-0.46643826365470886 
0.15534715354442596,-0.03473370522260666,-0.07829602807760239 
-0.21829742193222046,0.18220597505569458,0.22264671325683594 
0.27984899282455444,-0.7014936208724976,-0.4385589063167572 
-0.31720077991485596,0.2884614169597626,0.30281969904899597 
0.5365652441978455,0.06250050663948059,-0.37598368525505066 
-0.3536987602710724,-0.09611504524946213,0.03831889107823372 
-0.0452139750123024,0.6583887934684753,0.20780861377716064 
-0.3538737893104553,-0.2304747998714447,0.2989685833454132 
-0.37978121638298035,-0.09547611325979233,-0.20158736407756805 
0.4949444532394409,0.2053125947713852,-0.2503388524055481 
0.3973076641559601,0.326581209897995,0.3001527786254883 
-0.2929975092411041,0.5098587274551392,0.2015068233013153 
0.12346436083316803,-0.13447988033294678,-0.1929512321949005 
0.5096075534820557,-0.3132323622703552,0.13787606358528137 
0.023455610498785973,-0.14397376775741577,-0.2026376575231552 
0.20654934644699097,-0.0333683118224144,-0.1588488668203354 
-0.2035932093858719,-0.14602185785770416,-0.0855378583073616 
0.045433156192302704,-0.13873101770877838,-0.5030237436294556 
-0.3945266008377075,0.3698185682296753,-0.02215835452079773 
0.3316226899623871,-0.5721727609634399,-0.5041615962982178 
0.40094253420829773,0.3800126612186432,0.2874152660369873 
0.35647979378700256,-0.30845966935157776,0.27341127395629883 
0.1627867966890335,-0.0009840381098911166,0.21940827369689941 
0.3263711631298065,-0.2571699619293213,-0.5445106029510498 
-0.26223501563072205,-0.03742072358727455,0.07560457289218903 
-0.29882052540779114,-0.14793865382671356,0.02431487664580345 
0.24313481152057648,-0.000808984914328903,0.2987060248851776 
0.36426952481269836,-0.036422938108444214,-0.1540612429380417 
-0.3994743525981903,0.26281657814979553,0.28636497259140015 
0.08206240087747574,-0.037035610526800156,0.05363577976822853 
0.24322232604026794,-0.035880282521247864,-0.012401898391544819 
0.25783902406692505,-0.14973291754722595,0.12698180973529816 
-0.27689290046691895,-0.5967208743095398,-0.4385589063167572 
0.22142858803272247,0.11621206253767014,0.22028353810310364 
-0.3282289505004883,0.07236198335886002,0.21643242239952087 
0.4706588387489319,-0.6908155679702759,0.3875027894973755 
-0.3501102030277252,-0.6161978840827942,-0.5454733967781067 
0.20081385970115662,0.6228535771369934,0.24649471044540405 
0.38956427574157715,-0.08875418454408646,-0.48105499148368835 
0.05263647064566612,0.4130971133708954,0.34019288420677185 
-0.2852077782154083,-0.21808385848999023,-0.4319070279598236 
0.3091287314891815,0.013807703740894794,0.21669501066207886 
-0.42153069376945496,-0.12805995345115662,-0.276946485042572 
0.5945943593978882,0.17235681414604187,-0.07095877081155777 
-0.24026623368263245,-0.11074923723936081,0.30001890659332275 
0.509782612323761,-0.3109515309333801,0.15993240475654602 
-0.2889765202999115,-0.1399589478969574,0.07074432820081711 
0.16752448678016663,0.44272181391716003,0.4029947519302368 
-0.1554080843925476,0.3882811665534973,0.36728450655937195 
-0.3952731490135193,0.006368075963109732,0.2946798801422119 
-0.276455283164978,-0.48171815276145935,-0.5975096821784973 
-0.4398234188556671,0.23962242901325226,-0.056286975741386414 
-0.37216654419898987,0.45712223649024963,0.24356521666049957 
0.08634237945079803,-0.14117296040058136,-0.3603578805923462 
0.301689088344574,0.30194029211997986,0.22185899317264557 
-0.280002623796463,0.5309059023857117,0.352621465921402 
0.5969575643539429,-0.2326742708683014,-0.34815070033073425 
0.1161385178565979,0.06274557113647461,-0.6460860967636108 
0.2237454354763031,0.06820714473724365,-0.6400468945503235 
0.0014789353590458632,0.020984765142202377,0.22045859694480896 
0.3750351369380951,-0.030129889026284218,0.21695758402347565 
0.4090823829174042,0.09424325823783875,0.26605916023254395 
0.2505744397640228,-0.038313478231430054,0.1268942654132843 
-0.2889765202999115,-0.12881700694561005,-0.31523609161376953 
-0.15230350196361542,-0.08148085325956345,0.2997562885284424 
-0.28420382738113403,-0.13899357616901398,-0.48840704560279846 
-0.22556202113628387,-0.14371994137763977,-0.21734188497066498 
-0.28420382738113403,-0.0333683118224144,-0.17357933521270752 
-0.0106467604637146,0.07197071611881256,-0.6104633808135986 
0.15534715354442596,-0.14449016749858856,-0.1734042912721634 
-0.16223502159118652,-0.12995484471321106,0.3180078864097595 
-0.3685780167579651,-0.1318952888250351,-0.0712248831987381 
-0.015718020498752594,-0.138042151927948,-0.03909963369369507 
-0.27685171365737915,-0.14512908458709717,-0.13679254055023193 
-0.07908878475427628,-0.14985544979572296,0.13433390855789185 
0.3530662953853607,-0.029779789969325066,-0.3638588786125183 
-0.08639712631702423,-0.03214295953512192,-0.2760711908340454 
0.3091287314891815,-0.03434859588742256,-0.10027708113193512 
-0.18888899683952332,0.21905401349067688,0.30833378434181213 
-0.31369978189468384,0.18955807387828827,0.21722014248371124 
-0.3574623167514801,-0.19130732119083405,-0.5454733967781067 
-0.30827319622039795,-0.029429683461785316,-0.38197657465934753 
-0.06441082805395126,0.4029442369937897,0.3362542688846588 
-0.1816244125366211,-0.033394575119018555,-0.18819601833820343 
-0.13025854527950287,-0.13729819655418396,-0.08533914387226105 
-0.4004371166229248,-0.19142986834049225,0.2300863265991211 
-0.0058556669391691685,-0.039320021867752075,0.13415886461734772 
0.0014806858962401748,-0.15223611891269684,0.2142442911863327 
-0.5013123750686646,-0.6026778221130371,0.1713106632232666 
0.2997223734855652,0.6637278199195862,0.2135852575302124 
0.3799365162849426,-0.49164965748786926,-0.5038114786148071 
-0.35194826126098633,-0.4257432818412781,0.30264464020729065 
-0.13033470511436462,-0.15676116943359375,0.25853201746940613 
-0.4987741708755493,-0.43602487444877625,0.43389108777046204 
-0.11571802198886871,-0.027066512033343315,-0.5178154706954956 
0.33503615856170654,0.41414743661880493,0.23647567629814148 
0.4426044821739197,0.2388347089290619,-0.16613972187042236 
-0.3360186815261841,-0.09601876884698868,0.1457996964454651 
-0.057023707777261734,0.47410210967063904,0.3598860502243042 
-0.371203750371933,-0.24990539252758026,-0.48884469270706177 
0.48895159363746643,0.011202052235603333,-0.4785631000995636 
0.2582302987575531,-0.04524288326501846,-0.12720239162445068 
0.37984898686408997,-0.28649085760116577,-0.5385589003562927 
-0.3879622220993042,0.13699665665626526,-0.10469093173742294 
0.4381406903266907,0.2388347089290619,-0.009609845466911793 
-0.08639712631702423,0.34981653094291687,0.24032676219940186 
-0.30617260932922363,-0.032755639404058456,-0.23939821124076843 
-0.1011013388633728,-0.14666078984737396,-0.04892611503601074 
-0.04978538304567337,0.4470568597316742,0.2672845125198364 
-0.24026623368263245,-0.03161781281232834,-0.305304616689682 
-0.01794634759426117,-0.13370966911315918,-0.2368888258934021 
-0.10836591571569443,-0.14308100938796997,-0.2539273500442505 
0.11140956729650497,-0.14576803147792816,-0.1001632958650589 
0.05275900289416313,-0.029429683461785316,-0.4153236448764801 
0.21390144526958466,-0.13873101770877838,-0.5030237436294556 
-0.25488290190696716,-0.14998674392700195,0.14159849286079407 
0.2539879381656647,0.30859220027923584,0.3105219006538391 
0.2936367690563202,0.41791102290153503,0.319536954164505 
0.23254427313804626,0.3995307683944702,0.2437402606010437 
-0.593826413154602,0.36019080877304077,0.2338087558746338 
0.3750351369380951,-0.11084551364183426,0.2992311716079712 
-0.08897652477025986,-0.25727757811546326,0.34391528367996216 
-0.1599181890487671,0.4327027499675751,0.25949475169181824 
-0.3475308120250702,-0.1887979507446289,-0.4530005156993866 
-0.2035932093858719,-0.027416611090302467,-0.4958466589450836 
-0.32078930735588074,-0.14205695688724518,-0.31256917119026184 
0.12602625787258148,-0.08879794925451279,-0.5530005097389221 
-0.21847248077392578,0.11621206253767014,0.2206336408853531 
0.08926571905612946,0.22640614211559296,0.31419792771339417 
0.1918451189994812,0.07244951277971268,0.30124422907829285 
-0.20836591720581055,-0.13573148846626282,-0.17099732160568237 
0.22860564291477203,0.05039319396018982,0.21853303909301758 
0.2875100076198578,0.24067272245883942,0.22019599378108978 
0.2310975193977356,-0.1887979507446289,-0.4530005156993866 
-0.40617260336875916,-0.16682040691375732,-0.4526505172252655 
-0.3574623167514801,-0.4842975437641144,-0.4956716299057007 
-0.3999994993209839,-0.31537413597106934,0.2406768798828125 
0.39901697635650635,0.4824170172214508,0.28802794218063354 
0.03665698319673538,-0.04111170023679733,-0.2635963261127472 
-0.035142432898283005,-0.14755353331565857,0.002346079796552658 
0.11612100899219513,0.06257927417755127,-0.024395428597927094 
-0.167007714509964,-0.0359853133559227,-0.05634824186563492 
0.40251800417900085,0.2919624447822571,0.23043642938137054 
-0.2949230670928955,-0.7924322485923767,0.26207417249679565 
-0.3059975802898407,-0.03871610015630722,0.1415109634399414 
-0.44542500376701355,0.2569523751735687,0.1844857782125473 
-0.4575034976005554,-0.09378688037395477,-0.24648775160312653 
-0.25820887088775635,0.32530948519706726,0.31095951795578003 
0.35928061604499817,-0.37156522274017334,0.249166801571846 
-0.3100237250328064,0.29563847184181213,0.22115877270698547 
-0.23308917880058289,0.2772582173347473,0.22492235898971558 
0.3259335458278656,-0.3890702426433563,-0.5103758573532104 
-0.3531735837459564,-0.6303768754005432,0.300106406211853 
0.410220205783844,-0.5722602605819702,0.3317904770374298 
0.09661782532930374,0.3438648283481598,0.3221627473831177 
-0.28652065992355347,-0.0034058839082717896,-0.29317981004714966 
0.11438541859388351,-0.15499316155910492,0.2933669686317444 
-0.33426815271377563,0.4986966550350189,0.3337160348892212 
0.1186741515994072,-0.14039398729801178,-0.40788400173187256 
0.08206240087747574,-0.14768482744693756,0.00968068465590477 
0.27984899282455444,-0.10595902055501938,-0.4385589063167572 
-0.1011013388633728,0.15279754996299744,0.22562256455421448 
-0.1445137858390808,0.49414539337158203,0.3611114025115967 
0.22851812839508057,-0.030129889026284218,-0.3418900966644287 
-0.259655624628067,-0.04704589396715164,0.07306893914937973 
-0.15230350196361542,-0.02960473671555519,-0.3712109923362732 
0.14799505472183228,-0.05222996696829796,0.29809334874153137 
0.4426044821739197,0.1833438128232956,-0.2576034367084503 
0.43490228056907654,-0.0890430212020874,-0.24972616136074066 
-0.40411320328712463,0.1748538762331009,0.25144246220588684 
0.4528912603855133,0.14828738570213318,0.19958126544952393 
0.03076395019888878,0.28522297739982605,0.3199746012687683 
-0.07176292687654495,-0.008336138911545277,0.21984592080116272 
-0.12280755490064621,0.3809754550457001,0.3275892734527588 
0.17022642493247986,0.5098123550415039,0.2855772376060486 
0.40820711851119995,-0.2790512144565582,0.24076440930366516 
0.3360864520072937,-0.7039855122566223,-0.5059995651245117 
0.2651447653770447,-0.851249098777771,0.43039005994796753 
-0.3132621645927429,0.5548877716064453,0.2833891212940216 
-0.30591005086898804,0.05783282220363617,0.29616779088974 
-0.5944390892982483,0.10645560175180435,-0.16180461645126343 
-0.030334703624248505,-0.031177587807178497,-0.4520377814769745 
-0.5354471802711487,0.1746324598789215,-0.07585499435663223 
0.030790207907557487,-0.14007888734340668,0.2997562885284424 
0.18790648877620697,0.41222187876701355,0.33196553587913513 
0.3524536192417145,-0.0576302707195282,0.05608648434281349 
0.37967392802238464,-0.08876293897628784,-0.1663147509098053 
-0.18897652626037598,-0.14027145504951477,-0.4151485860347748 
0.22125354409217834,-0.14064781367778778,-0.3931798040866852 
0.316480815410614,-0.03205544129014015,-0.23204608261585236 
0.14799505472183228,-0.13936994969844818,-0.46643826365470886 
-0.1596556156873703,-0.15037183463573456,0.16356728971004486 
-0.3768517076969147,-0.04704589396715164,0.07306893914937973 
-0.3279663622379303,0.16767679154872894,0.2982683777809143 
0.4344646632671356,0.20680050551891327,0.26579657196998596 
-0.06674515455961227,0.37043124437332153,0.21419793367385864 
0.5075069069862366,-0.521279513835907,0.41874924302101135 
0.010189399123191833,0.45760104060173035,0.41025930643081665 
0.12602625787258148,-0.14218825101852417,-0.30521705746650696 
-0.3109453022480011,-0.04218824952840805,-0.20521706342697144 
0.27245572209358215,-0.0289920624345541,-0.4299403131008148 
0.33293554186820984,-0.09599251300096512,0.17722119390964508 
0.30177661776542664,-0.15701499581336975,0.25117987394332886 
0.07471904903650284,0.3618949353694916,0.24365273118019104 
0.47026240825653076,0.2695559859275818,0.08286915719509125 
0.3693459928035736,-0.0960712805390358,-0.04954754188656807 
-0.25186070799827576,-0.17922624945640564,0.1734112799167633 
-0.5883998870849609,0.14644938707351685,0.34391528367996216 
0.30952000617980957,-0.6033728122711182,0.41997459530830383 
0.22107848525047302,0.2117019146680832,0.30754604935646057 
-0.46472689509391785,-0.4158117473125458,-0.44547340273857117 
-0.3852953016757965,-0.13148392736911774,-0.4517340660095215 
-0.3207017779350281,-0.29384297132492065,-0.5177279710769653 
0.44838109612464905,0.21957917511463165,0.1708318442106247 
-0.36420175433158875,-0.3881074786186218,0.24969196319580078 
0.3365652561187744,0.35546445846557617,-0.31742939352989197 
-0.3135247230529785,-0.14985544979572296,0.13433390855789185 
0.38487908244132996,0.3390972912311554,0.029066577553749084 
-0.1011013388633728,0.47427716851234436,0.2762995660305023 
-0.005836410913616419,0.24084778130054474,0.2298237681388855 
-0.35142308473587036,-0.17667312920093536,0.25870704650878906 
-0.4386855959892273,0.22990712523460388,0.0832192599773407 
0.5149465799331665,-0.04703714698553085,0.34435293078422546 
0.4531538486480713,-0.14494788646697998,0.19765573740005493 
0.22860564291477203,-0.08146335184574127,-0.5528255105018616 
-0.29877418279647827,-0.6403083801269531,0.23319092392921448 
-0.5353596806526184,0.3237803876399994,0.3924041986465454 
0.23587022721767426,-0.14282718300819397,-0.26863157749176025 
0.17474530637264252,-0.1317928582429886,-0.1979524791240692 
-0.26223501563072205,-0.15101078152656555,0.20015276968479156 
-0.1915559470653534,0.06401468813419342,-0.15633948147296906 
0.24322232604026794,-0.074233777821064,0.2987060248851776 
-0.36205995082855225,-0.10080898553133011,0.3979182839393616 
-0.1816244125366211,-0.03688681870698929,-0.005093554500490427 
0.0014885630225762725,0.17476633191108704,0.22641029953956604 
-0.13513368368148804,0.06605401635169983,-0.27349182963371277 
-0.04978538304567337,-0.052186205983161926,0.2994062006473541 
-0.06442832946777344,-0.03918873146176338,0.1268942654132843 
0.1549970656633377,0.31445634365081787,0.31936195492744446 
-0.3034129738807678,-0.3402724266052246,0.2098217010498047 
0.018586628139019012,0.20938509702682495,0.2048327624797821 
-0.43360912799835205,0.14562049508094788,-0.27598369121551514 
0.18015792965888977,0.6035981178283691,0.16868489980697632 
-0.16692018508911133,-0.015425673685967922,0.2987935245037079 
0.3984043002128601,0.37940001487731934,0.2345501184463501 
0.11140956729650497,0.20399971306324005,0.22763563692569733 
0.016138512641191483,-0.14218825101852417,-0.30521705746650696 
0.15275900065898895,0.06987011432647705,0.1994062066078186 
0.2164808213710785,-0.04640694707632065,0.036448441445827484 
-0.27685171365737915,-0.14014016091823578,-0.4225006699562073 
-0.07176292687654495,-0.03619537129998207,-0.01972774602472782 
0.1527327448129654,-0.07148808240890503,0.401594340801239 
-0.4429331421852112,-0.6260417699813843,-0.6035489439964294 
-0.4362349212169647,-0.036729276180267334,-0.2905128300189972 
0.3750351369380951,0.20426227152347565,0.21468190848827362 
-0.10101381689310074,0.29983967542648315,0.31944945454597473 
0.43109750747680664,0.4661785662174225,0.2159484624862671 
0.030679017305374146,-0.23519501090049744,-0.649587094783783 
0.03811606019735336,-0.1252547651529312,-0.5532631278038025 
0.40750691294670105,-0.33497974276542664,0.31025931239128113 
0.35910555720329285,-0.4989142119884491,0.30264464020729065 
-0.08180206269025803,0.238134503364563,0.22877347469329834 
0.47809848189353943,-0.34035995602607727,-0.6429351568222046 
-0.18836385011672974,0.0733247622847557,0.221071258187294 
0.33179771900177,-0.3011075556278229,-0.4901575744152069 
-0.005416290834546089,0.06430968642234802,0.30316978693008423 
-0.40595120191574097,0.10159537196159363,0.25870704650878906 
0.20663686096668243,0.3139312267303467,0.23061148822307587 
0.08935324102640152,0.0943307876586914,0.22308433055877686 
-0.09877932816743851,0.4639904201030731,0.2218126356601715 
0.03812481462955475,-0.14064781367778778,-0.3931798040866852 
-0.35501161217689514,-0.6497199535369873,0.35410937666893005 
-0.35142308473587036,-0.5135309100151062,0.28137603402137756 
-0.3647269010543823,-0.044939134269952774,0.29791828989982605 
0.3238329291343689,-0.028729483485221863,-0.42258819937705994 
-0.2919060289859772,0.37913742661476135,0.23341228067874908 
-0.14753082394599915,0.20912253856658936,0.40028145909309387 
0.0967053547501564,-0.029079582542181015,-0.4519090950489044 
0.23587022721767426,-0.15062566101551056,0.17827148735523224 
0.1186741515994072,-0.035757750272750854,-0.01972774602472782 
-0.05965561419725418,-0.2449977993965149,-0.044100888073444366 
0.12346436083316803,-0.13328078389167786,-0.1101648285984993 
0.25783902406692505,-0.14000888168811798,-0.42985278367996216 
-0.020508239045739174,-0.03440111130475998,-0.12227213382720947 
0.30177661776542664,-0.03345584124326706,-0.15153177082538605 
0.19919723272323608,-0.03756076470017433,0.29835590720176697 
0.16261175274848938,-0.14615313708782196,-0.07820500433444977 
-0.3282289505004883,0.13100381195545197,0.21651996672153473 
0.16996385157108307,-0.032668113708496094,-0.19546060264110565 
0.29442450404167175,-0.08161213994026184,0.2989685833454132 
-0.035142432898283005,0.3429020345211029,0.23918896913528442 
-0.24000366032123566,0.22649365663528442,0.3055329918861389 
0.1406429409980774,-0.11080175638198853,0.2989685833454132 
0.2530663013458252,0.23100382089614868,0.11546964198350906 
-0.36840295791625977,-0.03584527224302292,-0.23957324028015137 
0.29416194558143616,0.10912252962589264,0.29818084836006165 
0.19919723272323608,0.34281450510025024,0.3181365728378296 
0.023219291120767593,0.5155889987945557,0.3766908347606659 
0.39520707726478577,0.15686488151550293,-0.35095149278640747 
0.36882081627845764,-0.14078783988952637,-0.385390043258667 
-0.43903571367263794,0.2758578062057495,-0.019640222191810608 
0.09416183829307556,-0.1887979507446289,-0.4530005156993866 
-0.11120789498090744,0.43554991483688354,0.13288715481758118 
-0.13786186277866364,0.35007908940315247,0.23936398327350616 
-0.40498843789100647,-0.33042845129966736,0.2953800559043884 
0.3963037133216858,0.15297259390354156,0.2942422330379486 
-0.4350970685482025,0.04321613535284996,-0.2933136522769928 
0.17731596529483795,-0.14218825101852417,-0.30521705746650696 
-0.14753082394599915,-0.04793865233659744,0.12431487441062927 
0.20663686096668243,-0.14423632621765137,-0.1880209594964981 
0.2505744397640228,-0.039206232875585556,0.1780964434146881 
0.06485757231712341,0.0678570419549942,-0.1760711967945099 
0.19193264842033386,-0.030917614698410034,-0.29795247316360474 
0.26519110798835754,-0.031792860478162766,-0.24675031006336212 
0.28663477301597595,0.3576062321662903,0.3103468418121338 
-0.3747047483921051,-0.6087582111358643,-0.5012732148170471 
-0.12280755490064621,0.09494346380233765,0.30386999249458313 
-0.19571594893932343,0.32959821820259094,0.3169112205505371 
0.4750351309776306,0.4673163592815399,0.38426437973976135 
0.338449627161026,-0.14700213074684143,-0.48341813683509827 
-0.38883745670318604,0.08912045508623123,-0.19576436281204224 
-0.37689289450645447,-0.5209705233573914,-0.5385589003562927 
0.39639124274253845,0.43392810225486755,0.30316978693008423 
-0.4105900526046753,-0.08158588409423828,0.25144246220588684 
0.5366528034210205,0.3693809509277344,0.036404676735401154 
-0.167007714509964,-0.13847719132900238,-0.5177279710769653 
-0.40621379017829895,-0.24255326390266418,0.26605916023254395 
0.4088197946548462,-0.06681164354085922,0.2250974029302597 
-0.4858204424381256,0.6471856236457825,0.4307401776313782 
0.013602875173091888,-0.04896268993616104,0.1830442100763321 
0.30811959505081177,-0.37580761313438416,0.3654464781284332 
0.12655141949653625,0.04654209315776825,0.22124631702899933 
-0.459954172372818,0.22421802580356598,0.1424737423658371 
0.4613811671733856,0.050334516912698746,0.07000556588172913 
0.3270713686943054,-0.21997180581092834,-0.4875318109989166 
0.045433156192302704,0.2773457467556,0.23113664984703064 
0.06741070002317429,-0.008336138911545277,0.21984592080116272 
0.4913559556007385,0.05048072338104248,-0.2961144745349884 
0.4043560028076172,0.25572702288627625,0.280588299036026 
0.22860564291477203,-0.13117758929729462,-0.55203777551651 
-0.3168506920337677,-0.16195142269134521,-0.5250800251960754 
-0.2845539152622223,0.4238627254962921,0.3226003646850586 
0.11132203787565231,-0.15727758407592773,0.24391528964042664 
0.16996385157108307,-0.14052528142929077,-0.4005318880081177 
0.47761452198028564,0.24609926342964172,0.25100481510162354 
0.33906230330467224,0.46631237864494324,0.2494293749332428 
-0.38192296028137207,0.33900973200798035,0.014418378472328186 
-0.34765949845314026,-0.036020323634147644,-0.0776325911283493 
-0.10836591571569443,0.028249340131878853,0.22072115540504456 
-0.38564538955688477,-0.13177277147769928,-0.3126567006111145 
0.3091287314891815,-0.14973291754722595,0.12698180973529816 
-0.16735781729221344,0.4071454107761383,0.3317904770374298 
0.26536616683006287,0.1382683664560318,0.21879559755325317 
0.2847555875778198,0.36990609765052795,0.1276356279850006 
0.023455610498785973,-0.13950122892856598,-0.459086149930954 
-0.15230350196361542,-0.14231078326702118,-0.29786497354507446 
0.3091287314891815,-0.14474397897720337,-0.15874384343624115 
0.19928474724292755,-0.035118818283081055,-0.056339483708143234 
0.023455610498785973,-0.14909398555755615,0.0903087854385376 
0.25783902406692505,-0.14474397897720337,-0.15874384343624115 
-0.24275809526443481,-0.20344090461730957,-0.45326313376426697 
0.15324656665325165,-0.03672052547335625,0.03560561314225197 
-0.1365489959716797,-0.14111170172691345,-0.3635963201522827 
-0.21024511754512787,0.4937952756881714,0.35437196493148804 
0.49100586771965027,0.2371717244386673,-0.004690933506935835 
-0.1457391232252121,0.19620998203754425,0.30973416566848755 
-0.34393709897994995,0.37830850481987,0.002987608313560486 
-0.3720790147781372,0.17494139075279236,0.21485696732997894 
0.10149994492530823,0.28027525544166565,0.2303025722503662 
-0.20788192749023438,0.5062237977981567,0.28023821115493774 
-0.3074391484260559,0.14304107427597046,0.15870705246925354 
-0.09392428398132324,0.5050860047340393,0.3696013391017914 
0.1574014127254486,0.6407087445259094,0.25874823331832886 
0.5949444770812988,0.13979744911193848,-0.06613972038030624 
-0.3176383972167969,-0.1410241723060608,-0.3688477873802185 
-0.39321368932724,0.33051979541778564,0.19284701347351074 
-0.32857903838157654,-0.5868769288063049,-0.5104633569717407 
0.02346436120569706,0.06500988453626633,0.2220340371131897 
-0.23300163447856903,0.4292892813682556,0.33117780089378357 
0.01612100750207901,0.22640614211559296,0.3145480453968048 
0.44829362630844116,0.08706620335578918,-0.29865267872810364 
0.3779234290122986,-0.5599192380905151,-0.5002229809761047 
0.2435724437236786,0.4449562728404999,0.2545933723449707 
-0.3762802183628082,-0.44027242064476013,-0.4982098639011383 
0.3324979245662689,-0.6088457703590393,-0.5388215184211731 
-0.3423204720020294,0.3730981945991516,0.30544543266296387 
-0.3980739414691925,-0.6057823896408081,0.2926667630672455 
0.3091287314891815,-0.14154931902885437,-0.34180253744125366 
0.5908308029174805,-0.2027844488620758,-0.3849112391471863 
-0.46730631589889526,0.0797140970826149,-0.2593539357185364 
-0.33426815271377563,-0.037832096219062805,0.016962768509984016 
0.11114700138568878,0.43725407123565674,0.3455319404602051 
0.23844963312149048,-0.24750977754592896,-0.6453859210014343 
0.06296183913946152,-0.1301298886537552,-0.4859152138233185 
0.47923630475997925,-0.7674000859260559,-0.4056495130062103 
0.387988805770874,-0.06072865426540375,-0.2614545226097107 
0.4384908080101013,0.27200672030448914,0.024139823392033577 
-0.377593070268631,-0.039346273988485336,-0.2907754182815552 
-0.35737478733062744,-0.030392462387681007,-0.3492421805858612 
0.338712215423584,-0.5136184692382812,-0.49672195315361023 
0.2749475836753845,-0.20485880970954895,-0.21943631768226624 
0.03805479407310486,0.4566846489906311,0.3551596999168396 
0.4049686789512634,0.08032677322626114,0.22124631702899933 
0.2874225080013275,0.40863338112831116,0.2397141009569168 
0.0967053547501564,0.5593515634536743,0.33809229731559753 
0.4120582342147827,-0.022865300998091698,0.26605916023254395 
-0.3475308120250702,-0.2384772002696991,-0.6177279949188232 
-0.24753081798553467,-0.028817009180784225,-0.41523608565330505 
-0.09855082631111145,0.06378711760044098,-0.12705360352993011 
-0.07909753173589706,-0.14461269974708557,-0.1660521775484085 
-0.3354935050010681,-0.14563675224781036,-0.10748039186000824 
-0.24753081798553467,-0.14640694856643677,-0.06355156004428864 
0.0967053547501564,-0.03895241394639015,0.163479745388031 
-0.21094530820846558,-0.03805965930223465,0.11219006776809692 
0.016138512641191483,-0.14563675224781036,-0.10748039186000824 
0.1481701135635376,0.4597479999065399,0.26868489384651184 
0.0648663192987442,-0.010801754891872406,0.39896857738494873 
-0.07176292687654495,-0.15727758407592773,0.24391528964042664 
-0.44612520933151245,0.2713940143585205,0.05941242724657059 
-0.3694995939731598,0.047647494822740555,0.3979182839393616 
0.338449627161026,-0.13988633453845978,-0.4371173679828644 
0.19902218878269196,0.16785185039043427,0.3060581088066101 
0.3032645285129547,-0.14807868003845215,0.032542236149311066 
0.18458053469657898,-0.028466910123825073,-0.4884946048259735 
-0.3720790147781372,-0.07398870587348938,0.21862053871154785 
0.19670535624027252,-0.025254763662815094,-0.45326313376426697 
-0.1891515702009201,0.21870394051074982,0.22527246177196503 
0.3202444016933441,0.37047243118286133,0.22903603315353394 
-0.34249553084373474,-0.033753424882888794,-0.1369325816631317 
-0.3529985249042511,-0.443423330783844,0.25949475169181824 
0.15534715354442596,-0.039748888462781906,0.19245055317878723 
-0.08639712631702423,-0.03747323900461197,0.024489929899573326 
0.3450140058994293,0.5129632949829102,0.3356415927410126 
0.22081592679023743,0.44460615515708923,0.33756715059280396 
0.14055541157722473,0.24837493896484375,0.31489816308021545 
-0.46004170179367065,0.19507215917110443,-0.25427746772766113 
-0.123070128262043,0.29178738594055176,0.23174932599067688 
0.0674019530415535,-0.03293068706989288,-0.18084391951560974 
-0.07175417989492416,-0.14576803147792816,-0.1001632958650589 
-0.1816244125366211,-0.14397376775741577,-0.2026376575231552 
-0.26223501563072205,-0.034908752888441086,-0.09294247627258301 
-0.28420382738113403,-0.1254018247127533,0.3001939356327057 
0.3310975134372711,-0.03284316509962082,-0.18810850381851196 
0.19193264842033386,-0.03409477323293686,-0.1149112805724144 
-0.24753081798553467,-0.027679184451699257,-0.4812299907207489 
-0.1915559470653534,-0.12715403735637665,-0.4104633629322052 
0.2945120334625244,-0.03856730833649635,0.1415109634399414 
-0.1376868188381195,-0.034199804067611694,-0.15885762870311737 
0.47713568806648254,-0.18884171545505524,-0.4481867253780365 
0.38842645287513733,-0.11072298139333725,-0.305304616689682 
0.3401125967502594,-0.46267884969711304,-0.49505895376205444 
-0.34275808930397034,-0.4183911383152008,-0.5454733967781067 
-0.21829742193222046,-0.015600720420479774,0.2187080830335617 
-0.4819229543209076,-0.0955548882484436,-0.2856989800930023 
0.3835250437259674,-0.09671896696090698,-0.2116527408361435 
0.04544191062450409,-0.15101078152656555,0.20015276968479156 
0.1701388955116272,0.4059200584888458,0.25074225664138794 
0.10663685947656631,-0.1284669041633606,-0.43059417605400085 
-0.01306860987097025,0.4890689253807068,0.3665379583835602 
-0.035142432898283005,-0.14180314540863037,-0.32718586921691895 
-0.47465842962265015,0.23865965008735657,-0.1515055149793625 
0.008785529062151909,0.4470568597316742,0.2676346004009247 
-0.3772429823875427,-0.6527833342552185,-0.5249925851821899 
0.2357826977968216,0.4991343021392822,0.35244640707969666 
-0.3591252863407135,-0.3452201783657074,0.31069695949554443 
-0.459954172372818,0.20496249198913574,0.25870704650878906 
0.03809855133295059,0.13853095471858978,0.3072834610939026 
0.4994545876979828,-0.6186949610710144,0.2322281301021576 
-0.37032851576805115,-0.1434573531150818,-0.20281270146369934 
0.25783902406692505,-0.13847719132900238,-0.5177279710769653 
-0.2743598222732544,0.003876201808452606,-0.45308807492256165 
0.3641820251941681,-0.6642491221427917,0.30780860781669617 
-0.47934356331825256,0.06255301833152771,-0.388494610786438 
0.446980744600296,0.1521848738193512,-0.29812753200531006 
0.49744153022766113,-0.7539212107658386,0.2553347647190094 
0.14073047041893005,0.1162995770573616,0.2236970067024231 
-0.3388606309890747,0.3374342918395996,-0.3744957447052002 
-0.2751424014568329,-0.4866195619106293,-0.44293513894081116 
-0.47465842962265015,0.2747199833393097,0.01678772270679474 
-0.2240740805864334,-0.14079660177230835,-0.38503992557525635 
0.48496660590171814,0.2331455796957016,-0.21384087204933167 
-0.4117278754711151,-0.15178100764751434,0.2659716308116913 
-0.22608715295791626,0.3861393928527832,0.24172717332839966 
0.14799505472183228,-0.14884015917778015,0.07569209486246109 
0.4855792820453644,0.020984765142202377,-0.2560279667377472 
-0.3503727912902832,0.10912252962589264,0.295905202627182 
0.18458053469657898,-0.1467045396566391,0.2999313473701477 
0.27937018871307373,0.26307913661003113,0.3053579330444336 
0.0239395871758461,-0.0549931600689888,0.19336697459220886 
0.0014973157085478306,-0.028904536738991737,-0.4445570111274719 
-0.397111177444458,0.4531836211681366,0.28067585825920105 
0.3254959285259247,-0.34504514932632446,-0.4968094527721405 
-0.22801271080970764,-0.03729819133877754,0.014652105048298836 
0.018674150109291077,0.05882445350289345,-0.6486243009567261 
-0.14026623964309692,0.4593515694141388,0.43809229135513306 
-0.37689289450645447,-0.5721727609634399,-0.5385589003562927 
-0.34275808930397034,-0.14188191294670105,-0.4797420799732208 
-0.3543989360332489,-0.5312985181808472,0.33319091796875 
-0.29882052540779114,-0.14321228861808777,-0.24666278064250946 
0.24020013213157654,-0.8259543180465698,-0.6445981860160828 
-0.1011013388633728,-0.02811681106686592,-0.45917367935180664 
0.3823872208595276,0.05039319396018982,0.29459232091903687 
-0.1035056784749031,0.15783283114433289,0.39896857738494873 
0.3003350496292114,-0.24839377403259277,-0.0461016409099102 
0.12602625787258148,0.34307706356048584,0.23822619020938873 
0.3677705228328705,0.013807703740894794,0.21555718779563904 
0.3530662953853607,-0.14244207739830017,-0.29060038924217224 
-0.08897652477025986,0.06724436581134796,-0.1393982172012329 
-0.32105186581611633,0.23349568247795105,0.21774530410766602 
0.04544191062450409,0.18203091621398926,0.2267604023218155 
0.16996385157108307,-0.13860847055912018,-0.5103758573532104 
-0.259655624628067,-0.24615314602851868,-0.17820501327514648 
0.38956427574157715,-0.08142833411693573,-0.4371173679828644 
-0.027825338765978813,0.29887691140174866,0.23323723673820496 
0.24322232604026794,-0.14729970693588257,-0.012305621057748795 
0.25783902406692505,-0.03754326328635216,0.08295668661594391 
0.17731596529483795,-0.03805965930223465,0.11219006776809692 
-0.08639712631702423,-0.13975505530834198,-0.44446948170661926 
-0.21094530820846558,-0.14985544979572296,0.13433390855789185 
0.07473655790090561,-0.14359740912914276,-0.22469398379325867 
0.1406429409980774,-0.03869859129190445,0.1488630622625351 
-0.13033470511436462,-0.03205544129014015,-0.28333580493927 
-0.3656896650791168,-0.10340588539838791,-0.03711898252367973 
0.1186741515994072,-0.03188038617372513,-0.2906878888607025 
-0.3281414210796356,-0.14678332209587097,-0.04159151390194893 
0.35324135422706604,0.2919624447822571,0.21809540688991547 
-0.013156134635210037,0.16032469272613525,0.30920901894569397 
0.47026240825653076,0.2577401101589203,0.17730870842933655 
-0.0010138154029846191,0.2531476616859436,0.2074585258960724 
-0.2698497176170349,0.16750174760818481,0.21949581801891327 
0.032503120601177216,0.3871433734893799,0.26111140847206116 
-0.3867832124233246,-0.1327880471944809,0.30001890659332275 
0.36024338006973267,0.3214583694934845,0.30098164081573486 
-0.393826425075531,0.33594638109207153,-0.11812960356473923 
-0.3652520477771759,0.500972330570221,0.25730663537979126 
-0.3340931236743927,-0.11800069361925125,0.21765778958797455 
0.4878549575805664,0.11148570477962494,-0.2983025908470154 
0.4441387355327606,0.0604524202644825,0.10939185321331024 
-0.4291917085647583,-0.24504515528678894,-0.5912954211235046 
-0.3983365297317505,0.27717068791389465,0.22492235898971558 
0.0967053547501564,0.26281657814979553,0.22947365045547485 
0.5851417183876038,0.12771901488304138,0.21236512064933777 
-0.02702886052429676,0.4850427806377411,0.2805007994174957 
0.14073047041893005,0.2919624447822571,0.23087406158447266 
-0.14180049300193787,-0.1482974886894226,0.048646844923496246 
0.410220205783844,-0.21331988275051117,0.28802794218063354 
-0.46730631589889526,-0.04546428099274635,-0.25191429257392883 
-0.07174542546272278,0.2482873946428299,0.3157733976840973 
-0.5885748863220215,0.1944183111190796,-0.3976024091243744 
-0.3253406286239624,-0.46950581669807434,-0.5384714007377625 
0.327333927154541,-0.43292033672332764,-0.5383839011192322 
0.016138512641191483,-0.030917614698410034,-0.3492421805858612 
-0.1816244125366211,-0.031267713755369186,-0.3272733986377716 
-0.3354935050010681,-0.028204336762428284,-0.4519090950489044 
0.08206240087747574,-0.14691460132598877,-0.034256912767887115 
0.3677705228328705,-0.6527833342552185,-0.5454733967781067 
0.10405746102333069,-0.13936994969844818,-0.46643826365470886 
0.21390144526958466,-0.15676116943359375,0.25853201746940613 
0.2479950487613678,-0.1317928582429886,-0.34675031900405884 
-0.07653564214706421,-0.04474397748708725,-0.25874385237693787 
-0.318297415971756,0.047218624502420425,-0.6517752408981323 
-0.2182098776102066,-0.000808984914328903,0.29844343662261963 
-0.04972411319613457,0.2997521460056305,0.3206748068332672 
-0.3522108197212219,-0.7116001844406128,0.3599735498428345 
-0.02780783362686634,0.0797140970826149,0.22255916893482208 
-0.40428823232650757,-0.38171815872192383,0.26605916023254395 
-0.05939304083585739,0.433794230222702,0.27231457829475403 
-0.44179531931877136,-0.24777233600616455,-0.06763281673192978 
-0.40148741006851196,-0.57952481508255,0.33196553587913513 
0.22904326021671295,0.35699355602264404,0.23472517728805542 
-0.3926474153995514,-0.6743144989013672,0.3089464604854584 
0.46536096930503845,0.21056409180164337,0.2250974029302597 
-0.26923704147338867,0.27034372091293335,0.30667078495025635 
-0.02780783362686634,-0.14052528142929077,-0.4005318880081177 
-0.507001519203186,-0.1434074491262436,0.38759031891822815 
-0.2723415791988373,-0.017466790974140167,-0.2137121856212616 
-0.36533957719802856,-0.15585966408252716,0.22317184507846832 
0.3861508071422577,-0.1359739750623703,-0.48840704560279846 
0.3458017408847809,-0.001071564620360732,0.29651787877082825 
0.1115846186876297,0.4370790123939514,0.26317083835601807 
-0.3758426010608673,-0.0599934421479702,-0.15912018716335297 
-0.3763677179813385,-0.10337962955236435,-0.15907643735408783 
0.38816386461257935,-0.04606820270419121,-0.47379037737846375 
0.38912665843963623,0.24819988012313843,0.2152070701122284 
-0.06446333974599838,0.3860519230365753,0.249166801571846 
0.21398897469043732,0.22614355385303497,0.22422216832637787 
0.05275900289416313,-0.039083704352378845,0.1708318442106247 
0.3396749794483185,-0.07414624840021133,0.14054818451404572 
0.24580174684524536,-0.12732908129692078,-0.40319880843162537 
0.23639538884162903,0.5519994497299194,0.2940671741962433 
-0.33067965507507324,-0.5281476378440857,-0.49803483486175537 
-0.2920810580253601,0.46657493710517883,0.2555561363697052 
0.410220205783844,-0.6161978840827942,0.3391425907611847 
0.4067191779613495,0.17476633191108704,0.25870704650878906 
-0.43706896901130676,-0.8113376498222351,-0.44477322697639465 
-0.47282037138938904,0.23235784471035004,0.055211231112480164 
0.17043907940387726,-0.0549931600689888,0.19336697459220886 
-0.45268958806991577,0.21572808921337128,0.1935008466243744 
0.19193264842033386,-0.03652796894311905,0.21441935002803802 
0.14322233200073242,-0.04551420360803604,-0.21480624377727509 
-0.1742722988128662,-0.03798088803887367,0.08295668661594391 
0.22860564291477203,-0.14359740912914276,-0.22469398379325867 
0.21390144526958466,-0.14985544979572296,0.13433390855789185 
0.3457142114639282,-0.08862289786338806,0.21879559755325317 
-0.020481983199715614,-0.027591656893491745,-0.4884946048259735 
-0.1011013388633728,-0.03957384452223778,0.14877554774284363 
0.086835116147995,-0.24947908520698547,0.012277580797672272 
-0.3354935050010681,-0.031705342233181,-0.28333580493927 
-0.07176292687654495,-0.03074256144464016,-0.3565942943096161 
-0.09374923259019852,0.0943307876586914,0.22317184507846832 
0.1945120394229889,-0.16682040691375732,-0.4526505172252655 
0.3138139247894287,0.1358640342950821,0.19949373602867126 
0.27980780601501465,-0.14321228861808777,-0.24666278064250946 
0.04064293950796127,-0.2503718435764313,0.2635672986507416 
0.35700494050979614,-0.34504514932632446,0.2953800559043884 
0.20654934644699097,-0.03626539558172226,0.0095668975263834 
-0.24753081798553467,-0.14180314540863037,-0.32718586921691895 
-0.22556202113628387,-0.033394575119018555,-0.18819601833820343 
-0.3329141139984131,-0.2429497241973877,-0.16127946972846985 
-0.167007714509964,-0.027066512033343315,-0.5178154706954956 
0.1186741515994072,-0.03258058801293373,-0.20281270146369934 
-0.049776628613471985,0.1311788260936737,0.306758314371109 
-0.3574623167514801,-0.14750976860523224,-0.5453858971595764 
0.2725432515144348,-0.030042361468076706,0.21792036294937134 
-0.13786186277866364,0.18203091621398926,0.2264977991580963 
0.3310975134372711,-0.14321228861808777,-0.24666278064250946 
-0.013156134635210037,0.32154592871665955,0.32268786430358887 
