-0.41228148341178894,0.07091709226369858,0.3074856698513031
0.5236753821372986,-0.47322362661361694,-0.6688109636306763
0.5101184248924255,-0.4542304277420044,0.39605557918548584
0.48282715678215027,0.6140345931053162,0.49245917797088623
-0.5125625133514404,-0.46054771542549133,-0.5918388366699219
0.5275424122810364,0.2851869761943817,-0.3046170175075531
-0.48925960063934326,0.2494257688522339,-0.4137622117996216
0.02996133081614971,-0.3821960389614105,-0.12613826990127563
0.035077836364507675,-0.028566449880599976,-0.6236540675163269
-0.16179169714450836,0.6255861520767212,0.4047006070613861
0.24485155940055847,0.062194667756557465,0.2795664370059967
-0.4812302887439728,-0.4666909873485565,0.4114183485507965
-0.47439712285995483,-0.2393145114183426,-0.11751464754343033
0.473920613527298,-0.2517751157283783,-0.23375429213047028
-0.028350794687867165,-0.3804159462451935,0.3938048481941223
-0.1426451951265335,0.05026527866721153,-0.19503270089626312
0.42426663637161255,-0.09109779447317123,-0.6229385137557983
-0.43011412024497986,-0.0918545350432396,-0.6387089490890503
-0.11678708344697952,-0.3606415092945099,-0.4920542538166046
-0.07800929993391037,0.2814076244831085,0.23206627368927002
0.4920900762081146,0.24483723938465118,0.10664881765842438
-0.5096837878227234,0.26467135548591614,-0.01618676818907261
0.2511565685272217,0.03071313165128231,-0.13707709312438965
0.4408484697341919,-0.22263792157173157,0.13219402730464935
-0.44956958293914795,0.40854325890541077,0.44633248448371887
0.18029999732971191,0.5045742988586426,0.29483771324157715
0.24485155940055847,-0.3606415092945099,-0.4661961793899536
-0.2877362072467804,-0.350864976644516,0.1635190099477768
-0.10385803878307343,-0.04177175462245941,0.2981168031692505
0.4563070833683014,0.2830003499984741,0.4127918481826782
0.26755714416503906,0.041426558047533035,-0.40479713678359985
0.24485155940055847,-0.238846093416214,0.35863974690437317
-0.4208071529865265,-0.01934267021715641,-0.3239765763282776
-0.3234644830226898,0.05120310187339783,0.03747469186782837
0.05312339961528778,0.053204573690891266,0.06524058431386948
-0.36215800046920776,-0.3606415092945099,-0.34992843866348267
-0.19426769018173218,0.05120310187339783,-0.4791252017021179
0.28363868594169617,-0.3606415092945099,-0.06583591550588608
-0.49229782819747925,-0.20989009737968445,0.34318724274635315
0.08673782646656036,-0.28675395250320435,-0.6355525255203247
0.11880724877119064,0.275912880897522,0.3734096586704254
0.07698002457618713,-0.3606415092945099,0.1408134251832962
-0.4081931710243225,0.6123782396316528,0.3573598861694336
0.4091147482395172,0.020155174657702446,0.090248242020607
-0.26082074642181396,-0.36264297366142273,-0.08966443687677383
0.4801977276802063,-0.29149916768074036,-0.5049832463264465
-0.3492288887500763,0.31429243087768555,0.24124775826931
-0.31916096806526184,-0.35030174255371094,-0.6556945443153381
0.0703621357679367,0.59673011302948,0.46890535950660706
0.48066622018814087,-0.0539044514298439,-0.3759738802909851
0.45430561900138855,-0.031319327652454376,0.3207554817199707
-0.19426769018173218,0.3835284411907196,0.40585893392562866
-0.1704110950231552,-0.16261743009090424,-0.6353639960289001
-0.22003212571144104,-0.238846093416214,0.35863974690437317
0.05115002766251564,-0.3606415092945099,-0.3370930254459381
-0.4408565163612366,-0.14019182324409485,0.08282005786895752
0.2985692620277405,0.3162939250469208,0.23924627900123596
0.036200761795043945,0.04920162633061409,-0.32616546750068665
0.43413686752319336,-0.098159559071064,-0.07677285373210907
-0.4743630886077881,-0.2532144784927368,-0.5069847106933594
0.4280130863189697,0.213389590382576,-0.10385013371706009
-0.2376774251461029,0.1299067586660385,0.3741045594215393
0.24485155940055847,0.031417910009622574,-0.6261228919029236
-0.03926900401711464,0.4952054023742676,0.29221442341804504
0.36186882853507996,-0.38162779808044434,0.25492629408836365
0.3223321735858917,-0.27697744965553284,-0.6453289985656738
-0.41762176156044006,0.2077682763338089,-0.1957353949546814
-0.4941994547843933,-0.344774067401886,0.0653342679142952
-0.15548056364059448,-0.3606415092945099,-0.28537681698799133
0.4888767600059509,-0.3780737519264221,-0.052978578954935074
0.31624242663383484,0.4476114809513092,0.44633248448371887
0.0769706591963768,-0.13288410007953644,0.30167698860168457
0.039307769387960434,0.10955433547496796,0.29324501752853394
0.30949681997299194,-0.3606415092945099,-0.272447794675827
-0.11678708344697952,-0.3606415092945099,0.05040375515818596
-0.5091556906700134,0.24262049794197083,0.3361544609069824
0.4631135165691376,-0.24396608769893646,0.34623995423316956
-0.42642852663993835,-0.0026379607152193785,-0.1293475329875946
0.35681575536727905,0.6301512718200684,0.3157922327518463
0.028425700962543488,0.041426558047533035,-0.12067651003599167
-0.18449115753173828,0.07236446440219879,0.1661701500415802
-0.3105354905128479,0.5392391681671143,0.48137205839157104
-0.30753740668296814,-0.08482175320386887,0.28134655952453613
0.43859994411468506,0.13557168841362,0.2991473972797394
-0.36468759179115295,-0.3818151354789734,0.3345617949962616
-0.294453889131546,0.48542889952659607,0.30199095606803894
0.3961248993873596,0.16826564073562622,-0.4102979898452759
-0.1394926756620407,0.041426558047533035,-0.004436862654983997
0.40965011715888977,0.050760891288518906,-0.24668334424495697
-0.42577263712882996,-0.19940310716629028,-0.298305869102478
-0.37508702278137207,0.050578195601701736,-0.4920542538166046
-0.1523280292749405,-0.350864976644516,0.25392866134643555
0.05113128945231438,0.4264378249645233,0.42647045850753784
0.25778061151504517,-0.3606415092945099,0.11495529860258102
0.38622790575027466,-0.43456193804740906,-0.5526708960533142
-0.4784257113933563,0.228005051612854,0.15355506539344788
0.20815959572792053,-0.14577911794185638,-0.6353639960289001
0.3837920129299164,0.45829206705093384,0.28387612104415894
-0.23611365258693695,-0.015871617943048477,-0.6221550107002258
0.25116270780563354,0.5771769881248474,0.46890535950660706
0.2962866723537445,0.19961735606193542,0.36875811219215393
-0.32524460554122925,0.27550527453422546,0.4105433523654938
-0.49504268169403076,-0.3607691824436188,-0.2443751096725464
0.2307714819908142,0.06298111379146576,0.08794616162776947
-0.026377426460385323,0.05120310187339783,-0.4791252017021179
0.16737094521522522,0.19090430438518524,0.2065829336643219
0.0887392982840538,0.3416762948036194,0.26408103108406067
0.15444190800189972,-0.3606415092945099,-0.2078961879014969
0.38688376545906067,0.05120310187339783,-0.543770432472229
-0.25419673323631287,0.028711656108498573,-0.3287865221500397
0.12867748737335205,-0.3606415092945099,0.3216326832771301
-0.10070551931858063,-0.31429848074913025,-0.6401432752609253
-0.0651177242398262,-0.21317538619041443,0.29287025332450867
-0.4645269215106964,-0.10509142279624939,-0.4476128816604614
0.28785470128059387,-0.09316004067659378,0.2708534002304077
-0.4791155755519867,-0.315262109041214,-0.653982400894165
0.45152899622917175,-0.3606415092945099,-0.3628574311733246
-0.052198052406311035,0.3105448782444,0.38655900955200195
-0.49407175183296204,-0.3627963066101074,0.23581379652023315
0.025310667231678963,0.6314288973808289,0.33980828523635864
0.5081767439842224,0.2656339108943939,0.25467923283576965
0.03823971748352051,-0.3606415092945099,-0.5179123282432556
-0.3233708143234253,-0.19940310716629028,-0.637365460395813
-0.4011325240135193,0.13703326880931854,-0.3395289480686188
-0.3622516691684723,-0.3668249845504761,-0.5167880058288574
-0.4569113254547119,0.59876549243927,0.4688796103000641
-0.3362998962402344,0.13965654373168945,0.19215485453605652
-0.44891491532325745,-0.09175361692905426,0.2548314929008484
0.47332558035850525,-0.3395007252693176,-0.6422044634819031
0.11565475165843964,0.05120310187339783,-0.5308413505554199
-0.294453889131546,0.041426558047533035,-0.1335868090391159
-0.4218985140323639,0.021603889763355255,0.15087100863456726
-0.07488489896059036,0.5412394404411316,0.4691596031188965
-0.3892011344432831,-0.4533604681491852,-0.6599116325378418
0.4325101673603058,-0.13485154509544373,-0.49214786291122437
0.4373881220817566,0.06970246136188507,-0.06189531832933426
0.1111258938908577,-0.37819308042526245,-0.03573048114776611
0.15444190800189972,0.05120310187339783,-0.23375429213047028
0.409682959318161,-0.350864976644516,-0.16602210700511932
0.4610852599143982,0.4333708584308624,0.42497143149375916
0.46664074063301086,-0.3407136797904968,0.1732955425977707
-0.1833401322364807,0.3789973258972168,0.2385246455669403
0.17598414421081543,-0.3799475133419037,-0.6761587858200073
-0.41443631052970886,0.4311223030090332,0.30373814702033997
0.4321354031562805,-0.09615808725357056,-0.24668334424495697
-0.03926900401711464,0.08214100450277328,0.1759466826915741
-0.13433869183063507,0.07262086868286133,-0.629876434803009
-0.3792969286441803,-0.35864001512527466,-0.08703210204839706
0.3352612257003784,0.12125607579946518,0.18700195848941803
-0.22762703895568848,0.23993533849716187,0.19783805310726166
0.2061581164598465,0.3824978470802307,0.36997613310813904
0.18345250189304352,0.6233387589454651,0.35848525166511536
-0.23296116292476654,-0.3606415092945099,-0.41457363963127136
0.46904876828193665,-0.23144467175006866,-0.09599994868040085
0.44112950563430786,-0.22254423797130585,-0.38440588116645813
-0.2826758921146393,-0.3821960389614105,-0.21620267629623413
-0.34722742438316345,-0.36264297366142273,0.022544169798493385
-0.09961068630218506,0.12971937656402588,0.3750414252281189
0.4860672354698181,0.10402213037014008,-0.3539898991584778
0.4016246497631073,-0.3906157612800598,0.38884153962135315
-0.49069899320602417,-0.3377814292907715,-0.38871556520462036
0.12858380377292633,-0.0023849995341151953,0.3087036609649658
0.1731177717447281,0.11770156025886536,0.3599854111671448
0.4325101673603058,-0.09615808725357056,0.17950685322284698
-0.01343900803476572,-0.14778059720993042,-0.637365460395813
-0.23296116292476654,0.021037189289927483,0.3175103962421417
0.1932290494441986,-0.3606415092945099,-0.3370930254459381
0.15444190800189972,0.05120310187339783,-0.040062133222818375
-0.11216452717781067,0.029648542404174805,-0.36094963550567627
-0.49541744589805603,-0.3552672266960144,0.37797367572784424
-0.46371662616729736,-0.22779083251953125,0.17950685322284698
0.36942583322525024,-0.34308990836143494,0.028849193826317787
0.0510670430958271,0.23416173458099365,0.22716769576072693
-0.13162392377853394,-0.35864001512527466,-0.09994427859783173
0.41011855006217957,0.2155444622039795,-0.23478487133979797
0.49730876088142395,-0.40473490953445435,0.2808440625667572
-0.27374979853630066,0.6098743677139282,0.3222567141056061
-0.3492288887500763,0.18978005647659302,0.3158240020275116
0.43485239148139954,-0.21317538619041443,-0.6211573481559753
-0.43364250659942627,-0.019352037459611893,-0.0010313893435522914
0.3262670934200287,0.3326554000377655,0.38758957386016846
-0.15748204290866852,-0.3747009336948395,0.39865097403526306
-0.04789451137185097,-0.3821960389614105,-0.21219971776008606
-0.01028556190431118,-0.3704180121421814,0.23437556624412537
-0.16840961575508118,0.2682912051677704,0.3379345238208771
0.3513427972793579,0.04022008553147316,0.33480992913246155
-0.33199021220207214,-0.22254423797130585,0.2986789345741272
-0.23296116292476654,-0.3606415092945099,-0.5436767339706421
0.14578962326049805,0.5422700643539429,0.40638813376426697
-0.15548056364059448,0.5438299179077148,0.3058930039405823
0.3998127579689026,-0.17317025363445282,0.29230815172195435
-0.18133865296840668,0.5042932629585266,0.4381815493106842
-0.43661263585090637,-0.4710347652435303,0.2802501916885376
-0.36330902576446533,0.038894809782505035,-0.6055381298065186
-0.4986892640590668,0.2453385591506958,-0.26467272639274597
-0.5131224393844604,0.09284350275993347,-0.4401567876338959
0.09221406280994415,-0.2564595639705658,0.36098194122314453
-0.31803056597709656,0.4200670123100281,0.44670721888542175
-0.41893336176872253,0.5195645093917847,0.39527204632759094
0.26870816946029663,0.03365149721503258,-0.2705399692058563
0.25262659788131714,-0.3723258078098297,0.3627631962299347
0.43222907185554504,-0.1865677684545517,0.011616592295467854
0.10281939059495926,0.09128502756357193,0.1785699874162674
-0.43607839941978455,-0.13485154509544373,-0.039893485605716705
-0.0051418812945485115,-0.3821960389614105,0.05502629280090332
0.3967210352420807,0.5369906425476074,0.38506004214286804
0.42304760217666626,0.019650595262646675,0.23112937808036804
0.30940312147140503,-0.07058105617761612,-0.636897087097168
0.3972831964492798,0.26557424664497375,0.2956809103488922
0.38663554191589355,-0.38365602493286133,-0.6547586917877197
-0.4274250268936157,-0.13947412371635437,-0.20952291786670685
0.13173630833625793,0.041426558047533035,-0.39849209785461426
0.14463859796524048,-0.06459803879261017,-0.6534181833267212
-0.2588192820549011,-0.3606415092945099,0.26991650462150574
-0.0780186727643013,0.422877699136734,0.41644570231437683
0.12867748737335205,-0.3606415092945099,-0.4403380751609802
0.37386101484298706,0.05118998512625694,-0.38871556520462036
-0.38801610469818115,0.050578195601701736,-0.23375429213047028
0.006997324526309967,-0.038314640522003174,0.25745588541030884
0.5039010047912598,-0.43746626377105713,-0.5547319650650024
-0.5078100562095642,0.2618328034877777,-0.11286398023366928
0.3611193001270294,-0.3606415092945099,-0.45326709747314453
0.4326975643634796,0.22191527485847473,0.015457835048437119
0.4786050617694855,-0.28222399950027466,0.23984242975711823
0.41211891174316406,0.2577652037143707,-0.3412761390209198
-0.4763985872268677,-0.23731304705142975,-0.003313929308205843
0.3481902778148651,-0.303585022687912,0.36885184049606323
0.18029999732971191,-0.3606415092945099,0.21829403936862946
-0.19426769018173218,-0.14468887448310852,0.29755470156669617
-0.400757759809494,0.2569548487663269,-0.3071126341819763
0.012381616979837418,0.2289419323205948,0.3268792927265167
0.5269544720649719,0.2241019308567047,-0.40189164876937866
-0.11363457888364792,0.1627647429704666,0.2112065851688385
0.5084577202796936,0.2293507158756256,-0.18409575521945953
-0.44919484853744507,0.29471147060394287,0.41607099771499634
-0.10385803878307343,0.06886530667543411,0.281721293926239
-0.4165911376476288,-0.1606159508228302,-0.5303729176521301
-0.10701053589582443,0.06097964197397232,0.11180280148983002
-0.45322346687316895,-0.19706088304519653,-0.41035765409469604
0.4043695032596588,-0.47472038865089417,0.26991039514541626
-0.02440405637025833,0.05257873982191086,-0.2228267341852188
-0.039250265806913376,-0.3606415092945099,-0.40164458751678467
0.008096810430288315,0.03365149721503258,-0.04867826774716377
0.16074690222740173,0.33384549617767334,0.2608008086681366
0.1199582889676094,-0.3821960389614105,-0.5390541553497314
0.3579668402671814,0.5606330633163452,0.47468721866607666
0.46445801854133606,-0.3606415092945099,-0.24668334424495697
-0.5076227188110352,-0.5052350163459778,-0.6978945136070251
-0.296663373708725,0.07360919564962387,0.38356709480285645
0.29656776785850525,0.5227499008178711,0.29999062418937683
-0.4938843846321106,-0.35614439845085144,-0.5308413505554199
0.43694645166397095,0.0007583761471323669,-0.167137011885643
0.31770965456962585,0.07182076573371887,0.039476167410612106
0.026378720998764038,0.532493531703949,0.41616466641426086
0.18029999732971191,-0.16295818984508514,0.29277655482292175
0.011268995702266693,-0.36841654777526855,-0.6418614983558655
0.219087153673172,0.10039158165454865,0.18109959363937378
0.4761362075805664,-0.36760735511779785,0.3680694103240967
-0.4028189182281494,-0.45582929253578186,-0.5602596998214722
0.493716835975647,0.23327946662902832,-0.03337251394987106
-0.4910140633583069,0.024975817650556564,-0.39964309334754944
-0.3492288887500763,0.05026621371507645,-0.38871556520462036
0.23192252218723297,0.05120310187339783,-0.5179123282432556
-0.2976064085960388,0.05120310187339783,0.1408134251832962
0.27070966362953186,-0.3606415092945099,-0.5695347785949707
0.2753322124481201,-0.33908694982528687,-0.15160426497459412
0.10281939059495926,-0.1735450178384781,-0.637365460395813
-0.03926900401711464,0.392709881067276,0.26335829496383667
-0.23296116292476654,-0.3606415092945099,0.011616592295467854
0.24485155940055847,0.42315873503685,0.27197766304016113
0.06405097991228104,0.4715021252632141,0.28556254506111145
-0.40715649724006653,-0.3801945447921753,0.1537424474954605
-0.492700457572937,-0.3593359887599945,-0.050942860543727875
-0.38801610469818115,-0.029770225286483765,0.3282845914363861
-0.42989495396614075,0.21526338160037994,-0.06624814122915268
0.21899345517158508,-0.25214990973472595,-0.6413004398345947
-0.44541439414024353,0.17285527288913727,0.36891263723373413
0.05115002766251564,0.33134377002716064,0.3550795912742615
-0.131744384765625,-0.05682297423481941,-0.6260900497436523
0.4433780610561371,0.2523641288280487,0.16620305180549622
0.4167972207069397,-0.007901928387582302,-0.4909968972206116
0.3352612257003784,-0.1735450178384781,-0.637365460395813
-0.4332677721977234,0.2527388632297516,0.06267698109149933
-0.20404425263404846,-0.35058391094207764,-0.636770486831665
0.3740483522415161,-0.3606415092945099,0.1537424474954605
-0.06624066829681396,0.6163718104362488,0.345121830701828
0.4325101673603058,-0.09615808725357056,0.07616814970970154
-0.22012579441070557,0.05120310187339783,0.03747469186782837
-0.20404425263404846,-0.350864976644516,0.1439659148454666
-0.40747544169425964,-0.3410884141921997,-0.2142011970281601
-0.4152795374393463,0.32965734601020813,0.3195715546607971
0.41274183988571167,0.19390234351158142,0.38815176486968994
0.467235803604126,-0.28206950426101685,0.03360055014491081
0.29656776785850525,0.21179687976837158,0.21239164471626282
-0.3362998962402344,0.03247658908367157,0.2520219683647156
-0.38154545426368713,-0.4752545952796936,0.415889710187912
0.22329699993133545,0.2707210183143616,0.3260979950428009
-0.22012579441070557,0.05120310187339783,-0.06587338447570801
0.4257645606994629,0.36244839429855347,0.36004510521888733
0.25881117582321167,0.532493531703949,0.41616466641426086
0.10281939059495926,0.5737165808677673,0.3143249750137329
-0.4496632516384125,0.24205836653709412,0.25595688819885254
-0.026349319145083427,-0.12192250788211823,0.3043002784252167
-0.49595168232917786,-0.23731304705142975,-0.19927068054676056
-0.2091982215642929,-0.2501484155654907,-0.6392989754676819
-0.5075290203094482,-0.4779459536075592,0.2657880485057831
-0.38801610469818115,-0.29093706607818604,0.36725914478302
-0.2169465273618698,-0.04669388756155968,0.2555481195449829
-0.2674386203289032,-0.3249460756778717,0.3723183572292328
0.3352612257003784,0.1111002042889595,0.2931513488292694
-0.4095706343650818,0.04920162260532379,-0.05495517700910568
-0.2956049144268036,0.029648542404174805,-0.5546043515205383
-0.36646768450737,-0.3652321994304657,0.2314104586839676
-0.08894625306129456,0.04920162633061409,-0.10661984980106354
-0.3233708143234253,0.6212168335914612,0.42291027307510376
-0.039250265806913376,-0.3606415092945099,0.1732955425977707
0.28363868594169617,-0.3606415092945099,-0.37578651309013367
-0.4136867821216583,-0.03138167783617973,-0.5309350490570068
-0.2749008238315582,-0.10593461990356445,-0.6274952292442322
0.37604984641075134,-0.015011020004749298,-0.6282436847686768
0.45246583223342896,0.17919319868087769,-0.3220091462135315
-0.0662655308842659,0.6066620945930481,0.4216594398021698
-0.37508702278137207,0.5438299179077148,0.3058930039405823
-0.4810490012168884,-0.27866384387016296,-0.3112349212169647
-0.023847827687859535,0.021992813795804977,0.32734769582748413
-0.27174830436706543,0.49145784974098206,0.3996754288673401
0.3837920129299164,0.3549533486366272,0.25492629408836365
-0.37508702278137207,-0.29515305161476135,-0.648327112197876
0.10281939059495926,0.629180371761322,0.3976142704486847
-0.40094512701034546,-0.14468887448310852,0.29755470156669617
0.21899345517158508,-0.038539495319128036,0.31076478958129883
-0.0780186727643013,-0.27838271856307983,0.3649168908596039
-0.4035683870315552,0.20767459273338318,-0.4037994146347046
0.29647406935691833,-0.18591193854808807,0.2909964621067047
-0.14580383896827698,0.5837680697441101,0.4819609522819519
0.47038835287094116,-0.33106374740600586,-0.14567771553993225
0.4183960556983948,-0.47800061106681824,-0.6458583474159241
0.15444190800189972,0.43590041995048523,0.4287189543247223
-0.3094112277030945,0.2315652221441269,0.2180129438638687
0.37432941794395447,-0.0528738833963871,0.2753504514694214
-0.3233708143234253,0.3710678219795227,0.36585384607315063
0.4325101673603058,-0.13485154509544373,-0.3500220775604248
-0.49553677439689636,0.14814820885658264,-0.333098441362381
0.49625247716903687,0.06787646561861038,-0.44671499729156494
0.24947412312030792,-0.3821960389614105,0.022544169798493385
0.2609331011772156,-0.350864976644516,0.25392866134643555
0.18029999732971191,0.05026621371507645,-0.14335399866104126
-0.27174830436706543,0.2589223384857178,0.33521756529808044
-0.42324307560920715,-0.12192250788211823,-0.36276373267173767
0.08788887411355972,0.0697258859872818,-0.6440234780311584
0.31140458583831787,0.6192154288291931,0.42090877890586853
0.10281939059495926,0.20149114727973938,0.3190094232559204
0.29647406935691833,0.05120310187339783,0.12788435816764832
0.43232277035713196,-0.14778059720993042,-0.16918398439884186
-0.4052486717700958,-0.20874017477035522,-0.5778413414955139
0.23192252218723297,0.16851268708705902,0.30945315957069397
-0.3233708143234253,0.4140709340572357,0.26935434341430664
-0.2588192820549011,0.3326554000377655,0.2464943528175354
-0.24376937747001648,0.5975732803344727,0.4866783320903778
0.16737094521522522,-0.29093706607818604,0.3667907118797302
-0.1425514966249466,-0.3606415092945099,-0.37578651309013367
0.409682959318161,-0.350864976644516,-0.04978245496749878
0.05229169502854347,-0.34886348247528076,-0.2584613859653473
0.09419389814138412,-0.3821960389614105,-0.10258223861455917
-0.039287738502025604,0.05120310187339783,-0.38871556520462036
-0.4763645529747009,-0.2512129843235016,0.08909720182418823
-0.4152795374393463,0.13200217485427856,0.2366570085287094
0.5237690806388855,0.21825529634952545,0.369232714176178
0.34703922271728516,0.039112165570259094,-0.1832265853881836
-0.5122535228729248,-0.3593359887599945,-0.1453554779291153
0.45152899622917175,-0.3606415092945099,-0.45326709747314453
0.4273572862148285,-0.008793313056230545,-0.3123592138290405
0.14151284098625183,0.4140709340572357,0.26935434341430664
-0.4126562178134918,0.05112439766526222,0.05040375515818596
-0.43042418360710144,0.012825488112866879,0.22791104018688202
0.42535579204559326,-0.010766680352389812,0.025422850623726845
-0.023234283551573753,0.04142561927437782,-0.5856164693832397
-0.1296224445104599,0.46241435408592224,0.28303292393684387
0.4793606698513031,0.04679546132683754,0.3744792938232422
0.15244042873382568,-0.07267621159553528,0.24168440699577332
0.4601544737815857,0.489859014749527,0.49561893939971924
0.15244042873382568,0.6017892360687256,0.4715944230556488
0.3223321735858917,0.03252343460917473,0.25239670276641846
0.4171513020992279,0.19615702331066132,0.2181663066148758
-0.4686492085456848,-0.41688767075538635,-0.6571946144104004
-0.15126456320285797,-0.22254423797130585,0.2986789345741272
-0.0619652234017849,-0.06761593371629715,-0.6266521215438843
-0.10185656696557999,0.067817822098732,-0.2549898624420166
-0.07799993455410004,-0.3606415092945099,-0.027095602825284004
-0.19426769018173218,0.05120310187339783,-0.5695347785949707
-0.10070551931858063,-0.20917968451976776,-0.6275889277458191
-0.22433564066886902,-0.3821960389614105,-0.33278948068618774
-0.20719674229621887,-0.3606415092945099,-0.19498586654663086
-0.3233708143234253,-0.3606415092945099,-0.15624557435512543
-0.43963855504989624,-0.3606415092945099,-0.3112349212169647
-0.45397910475730896,-0.13906137645244598,-0.12816113233566284
0.4325101673603058,-0.18647406995296478,-0.27254146337509155
-0.4525676369667053,0.06465867906808853,-0.34880414605140686
-0.40085145831108093,-0.3606415092945099,-0.4403380751609802
-0.4301431179046631,-0.05414348468184471,0.09215603023767471
0.09967625141143799,-0.350864976644516,-0.6243098974227905
0.44331613183021545,-0.4695017337799072,0.35170069336891174
-0.4447914659976959,-0.13485154509544373,0.17978791892528534
-0.07799993455410004,-0.3606415092945099,0.3087036609649658
0.4532153904438019,-0.16548778116703033,0.22410272061824799
0.48994138836860657,-0.35061681270599365,-0.5652251243591309
0.025310667231678963,-0.19930942356586456,0.2914649248123169
0.27070966362953186,0.10367068648338318,0.34880244731903076
-0.0005221368628554046,0.31429243087768555,0.24124775826931
-0.47103047370910645,0.489859014749527,0.4913349151611328
-0.40540817379951477,0.23628368973731995,0.3599854111671448
-0.37190163135528564,-0.3995223045349121,-0.6211573481559753
0.3740483522415161,0.05026621371507645,-0.11752400547266006
0.4801977276802063,-0.29149916768074036,-0.3241640031337738
-0.02321554720401764,0.40136218070983887,0.3822822570800781
0.3739546835422516,0.2664174735546112,0.40792009234428406
-0.1426451951265335,0.18978005647659302,0.3158240020275116
-0.4810490012168884,-0.27866384387016296,0.24415212869644165
-0.10385803878307343,0.5124441385269165,0.4066084027290344
0.12858380377292633,0.07790627330541611,0.2842509150505066
-0.24589021503925323,0.32038214802742004,0.3863716423511505
-0.16840961575508118,0.08156013488769531,0.33371856808662415
0.4308248460292816,0.27615994215011597,-0.15740595757961273
-0.41387414932250977,0.09685951471328735,-0.42375513911247253
0.48806148767471313,-0.46650367975234985,0.29780176281929016
0.3642718195915222,0.397333562374115,0.4302787482738495
0.3851984739303589,0.6208431720733643,0.40126705169677734
-0.011437532491981983,0.15845398604869843,0.19996501505374908
0.3481902778148651,0.1332763433456421,0.3722246587276459
-0.2706241011619568,0.11864215135574341,0.2957746088504791
0.2060644030570984,0.05120310187339783,-0.3241640031337738
0.3223321735858917,0.05120310187339783,-0.4920542538166046
-0.06508025527000427,-0.3606415092945099,-0.5566057562828064
-0.0748942643404007,0.06097964197397232,0.04725123196840286
-0.19426769018173218,0.05026621371507645,-0.25961241126060486
0.11565475165843964,0.3450222909450531,0.4049220383167267
-0.1586330533027649,-0.3704180121421814,-0.03022937849164009
0.44112950563430786,-0.22254423797130585,-0.5394607186317444
-0.4001019597053528,-0.1606159508228302,-0.6372717618942261
-0.3104417622089386,-0.3606415092945099,-0.45326709747314453
-0.10385803878307343,0.23287686705589294,0.3742857873439789
0.012390985153615475,-0.22563599050045013,-0.6379276514053345
0.06198525428771973,0.16348640620708466,0.35251712799072266
0.15759441256523132,0.06097964197397232,0.1505899578332901
0.4886894226074219,-0.3568599224090576,0.04840227589011192
0.24485155940055847,0.05026621371507645,-0.04003401845693588
0.03823971748352051,-0.3606415092945099,-0.42750266194343567
-0.22012579441070557,0.05026621371507645,-0.40164458751678467
0.2468530386686325,0.02933562733232975,-0.21655918657779694
-0.2976064085960388,0.05026621371507645,-0.23375429213047028
0.3869774341583252,-0.3606415092945099,-0.298305869102478
0.15444190800189972,-0.3606415092945099,0.06333279609680176
-0.06972154974937439,-0.35864001512527466,-0.33278948068618774
0.05940031260251999,0.07275765389204025,-0.016214879229664803
-0.3878287076950073,0.4219408333301544,0.38037559390068054
0.07380877435207367,0.041426558047533035,-0.1981196403503418
0.38116759061813354,0.5606928467750549,0.3010222911834717
-0.38801610469818115,0.21170321106910706,0.21239164471626282
0.34734708070755005,-0.36560699343681335,-0.5350573658943176
-0.43101921677589417,-0.4076732397079468,0.2594233751296997
0.07696128636598587,0.01874181441962719,0.25024187564849854
0.3745167851448059,0.18949897587299347,0.31713563203811646
0.29656776785850525,0.41004231572151184,0.37775227427482605
0.41505616903305054,-0.2508103847503662,0.33487069606781006
0.2320161908864975,0.4590415358543396,0.4355582296848297
0.439750999212265,-0.4791845381259918,-0.5922064781188965
0.02530129998922348,0.5529177188873291,0.308516263961792
0.18029999732971191,0.05120310187339783,-0.5824638605117798
-0.49222588539123535,0.26238882541656494,0.10865028947591782
0.08988097310066223,0.5241552591323853,0.46432068943977356
0.43859994411468506,-0.3606415092945099,0.21810665726661682
-0.318873792886734,0.19821202754974365,0.38927599787712097
0.2330467700958252,-0.04704643785953522,-0.6358665227890015
0.025282559916377068,0.05120310187339783,0.1408134251832962
-0.424835741519928,-0.018892968073487282,-0.20117846131324768
0.3998127579689026,-0.29515305161476135,-0.648327112197876
-0.48267579078674316,-0.09091765433549881,-0.3606964647769928
0.4829147160053253,-0.08304165303707123,-0.4499880075454712
0.49730876088142395,-0.4091126024723053,-0.656069278717041
0.4775744676589966,-0.27229297161102295,-0.5901463031768799
0.29647406935691833,0.05120310187339783,-0.5695347785949707
0.10703538358211517,-0.22254423797130585,0.2986789345741272
0.14151284098625183,0.05120310187339783,0.03747469186782837
-0.4566899538040161,0.36872559785842896,0.3737236261367798
-0.2846773564815521,0.05026527866721153,-0.4791252017021179
-0.37508702278137207,0.05026527866721153,-0.3112349212169647
-0.11678708344697952,0.05120310187339783,-0.4920542538166046
-0.24589021503925323,-0.3606415092945099,0.08909720182418823
0.046480629593133926,0.07275765389204025,-0.3840930163860321
0.10702924430370331,0.029648542404174805,-0.33278948068618774
-0.31474533677101135,-0.35864001512527466,-0.0704772099852562
-0.16840961575508118,0.6024132370948792,0.3483997881412506
-0.44919484853744507,-0.18591193854808807,0.24424579739570618
-0.4327993094921112,-0.08322904258966446,-0.11725231260061264
-0.42633476853370667,-0.10899345576763153,-0.28547051548957825
-0.47833818197250366,0.009247679263353348,0.33909061551094055
-0.2697468400001526,-0.1945374459028244,0.29365378618240356
-0.48705124855041504,0.28593647480010986,-0.19034455716609955
0.28363868594169617,-0.36036044359207153,-0.6465470194816589
-0.45528459548950195,0.13984394073486328,0.30317604541778564
0.1932290494441986,0.006421743892133236,0.252490371465683
0.11374697834253311,0.25076526403427124,0.23153816163539886
0.3969084620475769,0.09764649718999863,0.23112937808036804
-0.309504896402359,-0.015997983515262604,0.3174166977405548
0.2982541620731354,-0.008980690501630306,0.3215390145778656
-0.03927837312221527,0.03246721625328064,0.2520219683647156
0.041364118456840515,-0.36863791942596436,0.36647671461105347
0.0749785527586937,-0.35864001512527466,0.24615360796451569
0.18029999732971191,-0.3606415092945099,0.1408134251832962
-0.2976064085960388,0.05120310187339783,-0.06587338447570801
0.4801977276802063,-0.29149916768074036,-0.40164458751678467
-0.3233708143234253,-0.006095076911151409,-0.6319315433502197
0.18860648572444916,-0.36264297366142273,-0.06783738732337952
-0.15548056364059448,0.2814076244831085,0.23206627368927002
-0.28236305713653564,-0.2761063277721405,0.3418973684310913
0.463367760181427,-0.0940629243850708,0.2550796568393707
-0.43945732712745667,0.6309665441513062,0.44146671891212463
0.39700213074684143,0.4594162702560425,0.3598576784133911
0.44035324454307556,-0.007920670323073864,-0.5942418575286865
-0.37508702278137207,0.3693813979625702,0.43518349528312683
-0.41584163904190063,-0.0012794749345630407,-0.45233023166656494
-0.12971614301204681,0.3710678219795227,0.36585384607315063
-0.42005762457847595,0.2478012889623642,-0.14155539870262146
0.25462809205055237,0.5760259628295898,0.32747432589530945
0.4187987148761749,-0.009912779554724693,-0.06900715827941895
-0.2976064085960388,-0.27697744965553284,-0.6453289985656738
-0.2438887357711792,-0.18847554922103882,-0.6353639960289001
-0.38801610469818115,0.5600380897521973,0.48643121123313904
-0.48311012983322144,-0.2913118004798889,-0.5695347785949707
0.45152899622917175,0.10937634110450745,-0.4215066134929657
0.21899345517158508,0.25105249881744385,0.22344690561294556
0.47026675939559937,-0.19930942356586456,-0.4732228219509125
-0.013420269824564457,-0.238846093416214,0.35863974690437317
-0.38801610469818115,0.12427284568548203,0.36950767040252686
0.02958611212670803,0.012367650866508484,0.35199397802352905
0.3611193001270294,0.2723197937011719,0.22953668236732483
0.219087153673172,-0.3606415092945099,-0.24668334424495697
-0.04789451137185097,-0.33908694982528687,-0.49667680263519287
0.028425700962543488,0.041426558047533035,-0.5081357955932617
-0.06508025527000427,-0.3606415092945099,-0.16915586590766907
-0.2221272736787796,0.048575788736343384,-0.18415197730064392
-0.19426769018173218,-0.3606415092945099,0.3087036609649658
0.30949681997299194,-0.3606415092945099,0.3087036609649658
0.05115002766251564,-0.3606415092945099,-0.16915586590766907
0.06405097991228104,-0.10899345576763153,-0.637365460395813
0.3125556409358978,-0.350864976644516,-0.14019212126731873
-0.4137805104255676,-0.3606415092945099,-0.01417592540383339
-0.4872324764728546,-0.31642037630081177,0.1537424474954605
0.4408484697341919,-0.22254423797130585,-0.16487431526184082
-0.43963855504989624,0.2030838578939438,-0.27263516187667847
-0.3481983244419098,0.5325872302055359,0.4158836007118225
0.486474871635437,-0.32925572991371155,0.3087036609649658
0.4245198369026184,-0.335534006357193,0.3832787573337555
0.45152899622917175,-0.22769711911678314,0.28284555673599243
0.21899345517158508,0.5314629673957825,0.4789361357688904
-0.23296116292476654,0.443957656621933,0.27778637409210205
0.18029999732971191,0.21460753679275513,0.36988240480422974
0.4704212248325348,-0.30136939883232117,0.10517875850200653
-0.22012579441070557,0.1487443596124649,0.19477814435958862
-0.12300454825162888,-0.13104210793972015,0.3242621123790741
-0.2588192820549011,-0.0062075029127299786,0.25389572978019714
-0.37508702278137207,0.06780662387609482,0.17144964635372162
0.23823368549346924,0.623712420463562,0.4128515422344208
0.45974183082580566,0.2666645050048828,-0.3973410427570343
0.42320096492767334,0.2643902897834778,-0.05085160955786705
-0.16840961575508118,0.04291445389389992,0.25764331221580505
0.0029507402796298265,0.5892958045005798,0.4711867570877075
0.3223321735858917,0.25920337438583374,0.33428066968917847
0.38731926679611206,0.04660942032933235,0.18000821769237518
0.4187987148761749,-0.02947523072361946,0.16342532634735107
0.16737094521522522,0.3197263479232788,0.35142573714256287
-0.5135930776596069,0.23537468910217285,0.21629256010055542
-0.4891999363899231,-0.3286936581134796,0.3087036609649658
-0.028350794687867165,0.4816802144050598,0.4280291199684143
-0.40085145831108093,-0.3606415092945099,0.07626184076070786
0.4771997034549713,0.022142717614769936,-0.3583603501319885
0.09419389814138412,-0.3821960389614105,-0.3158574402332306
0.4378504157066345,0.26238882541656494,0.09406271576881409
0.3223321735858917,0.05026621371507645,-0.06586401909589767
0.44209930300712585,-0.07345250248908997,-0.5339938998222351
-0.10385803878307343,-0.3606415092945099,-0.23375429213047028
0.4563070833683014,0.06351567804813385,0.2801285982131958
0.3223321735858917,0.05120310187339783,-0.3370930254459381
0.4616474211215973,0.5487017035484314,0.41560253500938416
-0.4654029905796051,-0.29093706607818604,0.36725914478302
-0.21034926176071167,0.23356561362743378,0.38181373476982117
-0.4290177524089813,0.26572760939598083,-0.014404241926968098
-0.22318463027477264,0.5340534448623657,0.31566953659057617
-0.01343900803476572,0.12138723582029343,0.3417757749557495
-0.40085145831108093,0.4600721299648285,0.4598236382007599
0.27070966362953186,-0.018864857032895088,0.2556757926940918
-0.4233088195323944,0.34430068731307983,0.2768215835094452
0.30949681997299194,0.4533264935016632,0.28040963411331177
-0.44457119703292847,0.08350405842065811,0.3520486354827881
-0.2892999053001404,0.19178153574466705,0.33737853169441223
0.10281939059495926,0.4730011820793152,0.39545947313308716
0.2061581164598465,0.07359658926725388,0.34083887934684753
-0.3105354905128479,0.5737165808677673,0.3143249750137329
0.3481902778148651,-0.11180411279201508,0.306455135345459
0.45028427243232727,0.36926090717315674,0.42059481143951416
-0.11678708344697952,0.06780662387609482,0.17144964635372162
-0.5026035904884338,-0.2766623795032501,-0.4295041561126709
0.4730773866176605,-0.16202129423618317,-0.4045489430427551
-0.14686118066310883,-0.2564595639705658,0.36116936802864075
-0.4029466211795807,-0.22969859838485718,0.33246660232543945
0.4756070077419281,-0.26404839754104614,-0.027114344760775566
0.051075078547000885,0.264168918132782,0.37784597277641296
0.3352612257003784,0.5005456209182739,0.40323561429977417
0.06405097991228104,-0.06018160283565521,0.2931513488292694
0.43222907185554504,-0.1736387014389038,-0.07878369092941284
-0.4310130774974823,-0.48905476927757263,-0.5973944664001465
0.4406014084815979,-0.35864001512527466,0.10402772575616837
-0.4769328832626343,0.4577895700931549,0.387649267911911
0.23192252218723297,-0.21317538619041443,0.2930575907230377
0.493904173374176,0.2722919285297394,0.18622459471225739
0.425670862197876,-0.36766815185546875,-0.5177249312400818
-0.36215800046920776,0.29199451208114624,0.34449273347854614
0.14151284098625183,-0.317076176404953,-0.651980996131897
-0.2154095619916916,0.6311818361282349,0.41516584157943726
0.16536946594715118,0.04920162633061409,-0.4553622901439667
0.12437392771244049,0.02933468669652939,-0.12620478868484497
-0.04392903670668602,0.053204573690891266,-0.30030736327171326
-0.2975127398967743,-0.3606415092945099,-0.5695347785949707
-0.32537227869033813,-0.35864001512527466,0.08709573745727539
-0.0759984627366066,-0.35864001512527466,0.2202955186367035
0.3223321735858917,-0.3606415092945099,0.08909720182418823
0.2030055969953537,-0.3704180121421814,-0.15310244262218475
0.08986223489046097,0.05120310187339783,-0.46628984808921814
0.219087153673172,-0.3606415092945099,-0.40164458751678467
-0.16840961575508118,-0.3606415092945099,-0.4403380751609802
-0.4882301688194275,-0.3911232054233551,-0.5856164693832397
-0.4267095625400543,-0.3932451605796814,0.3841230571269989
-0.23296116292476654,0.5314629673957825,0.4789361357688904
0.4902224540710449,0.26866596937179565,-0.23375429213047028
0.498774915933609,0.2558573782444,0.028011023998260498
-0.4466981589794159,-0.20339882373809814,-0.055965688079595566
-0.4930412173271179,-0.35876768827438354,-0.461886465549469
-0.49326255917549133,0.21925799548625946,0.03500477969646454
-0.028424404561519623,0.23216025531291962,0.2251662164926529
-0.4384206235408783,-0.08313535153865814,0.024545645341277122
-0.4814845621585846,0.21585842967033386,-0.23097652196884155
-0.06510835886001587,0.21057894825935364,0.3216326832771301
-0.16640813648700714,-0.00038352407864294946,0.33025819063186646
-0.11678708344697952,-0.3606415092945099,-0.6211573481559753
-0.40403684973716736,0.031118106096982956,-0.5562310218811035
-0.2588192820549011,0.39186668395996094,0.37166252732276917
0.3900362551212311,0.458137571811676,0.44667431712150574
-0.15548056364059448,0.44423869252204895,0.419443815946579
0.25778061151504517,0.354484885931015,0.40426623821258545
-0.41499844193458557,0.19315283000469208,0.2905280292034149
0.43944311141967773,0.2093609869480133,0.3189157545566559
-0.4354287087917328,0.2902204990386963,-0.3582349121570587
-0.06311625242233276,-0.08672952651977539,0.2606073021888733
-0.4322980046272278,-0.022616975009441376,0.18965816497802734
0.4288233816623688,0.1430528610944748,0.362448126077652
0.4786050617694855,-0.28222399950027466,-0.17348431050777435
0.4298868775367737,-0.032271724194288254,-0.22082525491714478
0.10081791877746582,0.07292526215314865,0.3682958483695984
0.35249996185302734,-0.22254423797130585,0.29896000027656555
0.23192252218723297,0.1725413203239441,0.2014300525188446
0.10281939059495926,-0.31576457619667053,0.37110036611557007
-0.004794763866811991,-0.2645106911659241,-0.6448266506195068
-0.4972582757472992,-0.4165748059749603,0.3654801547527313
-0.12971614301204681,0.3019254803657532,0.38131245970726013
0.39971908926963806,0.0511796772480011,-0.3240703046321869
-0.4784257113933563,0.18668830394744873,-0.40773436427116394
0.219087153673172,-0.3606415092945099,0.3087036609649658
0.0026331834960728884,-0.350864976644516,0.331409215927124
0.41583359241485596,0.04844678193330765,-0.48343485593795776
0.425670862197876,0.22678710520267487,-0.40052032470703125
0.4490930736064911,0.24055933952331543,0.256144255399704
-0.4152795374393463,0.4897714853286743,0.3355923295021057
0.4902224540710449,0.2030838578939438,-0.27263516187667847
0.16737094521522522,-0.22760345041751862,0.3462728261947632
0.31371280550956726,-0.24737174808979034,0.3598576784133911
0.42392370104789734,0.258608341217041,-0.29534074664115906
-0.463435560464859,-0.22760345041751862,-0.3500220775604248
-0.5000678300857544,-0.393900990486145,0.3087036609649658
-0.4267095625400543,-0.37647488713264465,-0.5270001292228699
-0.2975127398967743,-0.3606415092945099,-0.3628574311733246
-0.44164004921913147,-0.06754901260137558,0.31635209918022156
-0.3362998962402344,0.4615711569786072,0.39133715629577637
-0.10385803878307343,-0.3606415092945099,0.1408134251832962
0.06607118993997574,-0.36264297366142273,-0.02909707836806774
0.3869774341583252,-0.3606415092945099,-0.22082525491714478
0.08986223489046097,0.05120310187339783,0.12788435816764832
-0.05220742151141167,0.05120310187339783,0.11495529860258102
-0.0025104954838752747,-0.3821960389614105,-0.04200739413499832
-0.4137805104255676,-0.3606415092945099,-0.16915586590766907
-0.16525711119174957,0.06097964197397232,-0.12067651003599167
-0.047931987792253494,0.06875471025705338,-0.10925499349832535
0.43451163172721863,-0.10699198395013809,-0.03575858101248741
0.27070966362953186,-0.18647406995296478,-0.637365460395813
-0.08430495858192444,-0.11529845744371414,-0.6178123950958252
0.12867748737335205,-0.3606415092945099,-0.3628574311733246
-0.23305486142635345,0.05120310187339783,0.10202625393867493
0.23307354748249054,-0.34886348247528076,0.16772884130477905
-0.3233708143234253,-0.3606415092945099,0.28284555673599243
-0.21034926176071167,-0.09921691566705704,-0.6275889277458191
-0.3512303829193115,-0.13054803013801575,-0.6589200496673584
0.3223321735858917,-0.3606415092945099,-0.2078961879014969
-0.27174830436706543,0.1094793975353241,0.1837228685617447
-0.06515520066022873,0.08155076950788498,0.33371856808662415
-0.4155605733394623,-0.09287898242473602,-0.5541698336601257
-0.46415215730667114,-0.15102680027484894,-0.4731620252132416
0.24485155940055847,-0.1326967030763626,0.30102118849754333
0.4325101673603058,-0.14778059720993042,-0.5566057562828064
-0.10385803878307343,0.38099879026412964,0.26007917523384094
0.35649678111076355,0.6282495856285095,0.4830646216869354
0.5012776851654053,-0.4191032648086548,0.3603261709213257
-0.18133865296840668,0.13853228092193604,0.3013959527015686
-0.4380458891391754,-0.18647406995296478,0.011616592295467854
-0.3352693021297455,0.10955433547496796,0.29324501752853394
-0.42830222845077515,-0.203619122505188,-0.482029527425766
0.43766191601753235,-0.02449665777385235,0.09687227755784988
0.3998127579689026,-0.1606159508228302,-0.637365460395813
0.0867471918463707,0.13896779716014862,0.20455467700958252
0.42136117815971375,-0.4076732397079468,0.2594233751296997
-0.01755194552242756,0.1813480257987976,0.36632221937179565
0.4325101673603058,-0.1606159508228302,0.11495529860258102
0.12195976078510284,-0.24518904089927673,-0.6183745861053467
-0.4407288432121277,-0.18447259068489075,0.12625764310359955
0.31140458583831787,-0.3568599224090576,0.3742517828941345
0.49060332775115967,-0.20989009737968445,-0.30061405897140503
0.25778061151504517,0.22922301292419434,0.32594239711761475
-0.22012579441070557,0.44367659091949463,0.42225441336631775
0.25778061151504517,-0.3606415092945099,-0.3112349212169647
-0.36215800046920776,-0.3606415092945099,0.1408134251832962
0.27386218309402466,0.5412394404411316,0.4691596031188965
-0.07803740352392197,0.05120310187339783,-0.5566057562828064
0.0006317083607427776,-0.34886348247528076,0.10317728668451309
-0.06508025527000427,-0.3606415092945099,0.08909720182418823
0.036200765520334244,0.06875471025705338,-0.06387191265821457
-0.15548056364059448,0.05120310187339783,-0.42750266194343567
-0.18133865296840668,-0.3606415092945099,-0.5824638605117798
0.1932290494441986,-0.3606415092945099,-0.5049832463264465
-0.38801610469818115,0.05120310187339783,-0.16920271515846252
-0.17933717370033264,-0.36264297366142273,0.08709573745727539
-0.19226621091365814,0.028711656108498573,-0.34571853280067444
0.48044589161872864,0.25888943672180176,-0.1402108520269394
-0.0005090205813758075,-0.3606415092945099,-0.5695347785949707
-0.3492288887500763,0.05120310187339783,-0.1046183779835701
-0.2588192820549011,0.05120310187339783,-0.014213403686881065
0.08789823949337006,-0.3821960389614105,0.08488734811544418
-0.026377426460385323,0.051202163100242615,-0.15630179643630981
0.43859994411468506,-0.3606415092945099,0.011616592295467854
-0.1770351380109787,0.029648542404174805,0.04840227961540222
-0.32136932015419006,-0.35864001512527466,-0.28737831115722656
0.3223321735858917,0.05120310187339783,-0.42750266194343567
-0.37508702278137207,-0.018892968073487282,0.2556757926940918
0.43404319882392883,-0.08532419800758362,-0.1711854636669159
0.08787950128316879,0.408040851354599,0.3757507801055908
-0.3406095504760742,-0.33394014835357666,0.3740047514438629
0.3854783773422241,-0.43755996227264404,-0.6169413328170776
-0.24589021503925323,-0.0606500506401062,0.2955872416496277
0.0006036017439328134,0.5432409048080444,0.46715813875198364
0.11574845016002655,0.13853228092193604,0.3013959527015686
0.2531580626964569,-0.1003679484128952,-0.6589200496673584
-0.36215800046920776,0.48321327567100525,0.2888416349887848
0.10281939059495926,0.21179687976837158,0.21239164471626282
-0.4296138882637024,-0.007116282358765602,-0.06547988951206207
-0.1586330533027649,0.009236973710358143,-0.6185011863708496
0.5276360511779785,-0.4696612060070038,-0.5907703638076782
0.0476449616253376,0.35851460695266724,0.41672569513320923
-0.19426769018173218,0.4952054023742676,0.29221442341804504
0.45849597454071045,0.3065758943557739,0.3439903259277344
0.5036199688911438,0.15792584419250488,-0.3629511296749115
0.3888511657714844,0.03300124779343605,0.28293922543525696
-0.11678708344697952,0.006421743892133236,0.252490371465683
-0.41799649596214294,-0.08322904258966446,-0.49177318811416626
-0.0521886870265007,0.5737165808677673,0.3143249750137329
0.15444190800189972,-0.10899345576763153,-0.637365460395813
0.4138320982456207,0.046611130237579346,-0.5977011919021606
-0.4267095625400543,-0.3545517325401306,-0.658164381980896
-0.08780457824468613,-0.0032330036628991365,-0.6204686164855957
-0.14152094721794128,0.22238372266292572,0.2153896689414978
-0.03926900401711464,-0.03271205723285675,0.32010579109191895
-0.38801610469818115,0.27550527453422546,0.41035598516464233
0.425670862197876,-0.3545517325401306,-0.658164381980896
0.24485155940055847,0.36282315850257874,0.25501999258995056
-0.2588192820549011,0.2723197937011719,0.22953668236732483
-0.23296116292476654,0.08155076950788498,0.33371856808662415
0.3745167851448059,0.39964285492897034,0.3785954713821411
0.30940312147140503,0.17797525227069855,0.31151431798934937
-0.48248225450515747,0.2688533663749695,-0.3370930254459381
0.1932290494441986,0.01848885603249073,0.314231276512146
0.3740483522415161,-0.2389397919178009,-0.6392393112182617
0.012390985153615475,0.1684189885854721,0.3097342252731323
-0.11566281318664551,0.1278611421585083,0.29839786887168884
-0.31437674164772034,0.48527437448501587,0.45026740431785583
0.48016485571861267,-0.34084028005599976,-0.1809183806180954
-0.21581612527370453,-0.22254423797130585,0.2986789345741272
-0.43860799074172974,0.2672606110572815,0.12291885912418365
0.503745436668396,-0.3778183162212372,-0.29368335008621216
0.4004686176776886,0.20092898607254028,-0.3500220775604248
0.11574845016002655,0.5045742988586426,0.29483771324157715
-0.48717278242111206,-0.30586758255958557,-0.018864057958126068
-0.4814845621585846,0.25935789942741394,-0.08853213489055634
-0.14370253682136536,0.1474316120147705,0.1803768277168274
-0.2846773564815521,0.1725413203239441,0.2014300525188446
0.3741420805454254,-0.41104602813720703,0.32584866881370544
-0.41893336176872253,0.06359998881816864,0.24668173491954803
-0.12971614301204681,0.5277154445648193,0.4620721638202667
-0.0005315057933330536,-0.30349135398864746,0.3692266047000885
-0.38792237639427185,0.33303016424179077,0.38749587535858154
0.3843541443347931,0.2368118166923523,0.35489222407341003
-0.19426769018173218,0.33134377002716064,0.3552669584751129
0.49031615257263184,-0.3498672842979431,0.24911761283874512
0.28363868594169617,0.26613637804985046,0.3831861913204193
-0.4644331932067871,-0.24946580827236176,-0.6219676733016968
-0.3407093584537506,0.6011077165603638,0.4924614131450653
-0.09092897921800613,0.02102782018482685,0.3175103962421417
0.4620221257209778,-0.22760345041751862,0.21829403936862946
0.46445801854133606,0.21591919660568237,-0.05308486521244049
-0.48311012983322144,-0.2913118004798889,-0.18208493292331696
-0.03813670575618744,0.6207752227783203,0.36035293340682983
0.4614599943161011,-0.005917067173868418,0.270947128534317
-0.19742019474506378,-0.30608171224594116,0.3610427677631378
0.012381616979837418,0.055242959409952164,0.27478834986686707
-0.29960787296295166,0.05017280951142311,-0.6400206089019775
-0.11678708344697952,-0.17298288643360138,0.2916523218154907
0.1932290494441986,-0.09915614128112793,0.2961493730545044
0.4374427795410156,-0.4017379879951477,0.3768761456012726
0.002605076879262924,0.43293526768684387,0.28175419569015503
0.4029653072357178,-0.10303027927875519,0.3211034834384918
-0.4546287953853607,0.26857227087020874,0.19159270823001862
0.44175249338150024,-0.450896680355072,-0.6627222895622253
-0.27174830436706543,0.05103258788585663,0.26748061180114746
0.1932290494441986,0.2756926119327545,0.3831861913204193
0.352812796831131,0.06821881234645844,-0.6349613666534424
-0.01343900803476572,0.29199451208114624,0.34449273347854614
0.3548700511455536,0.29942381381988525,0.37388312816619873
-0.40931740403175354,0.25064370036125183,-0.2558710277080536
-0.390017569065094,-0.008096551522612572,-0.6299300789833069
-0.4063791036605835,0.2786906659603119,0.23628227412700653
0.29816049337387085,0.051600344479084015,0.33737239241600037
-0.5262131690979004,0.24570609629154205,0.4120485186576843
-0.4924461841583252,0.27853620052337646,0.29262208938598633
0.49097195267677307,-0.36101627349853516,-0.5063886046409607
-0.4621238708496094,0.279252827167511,0.3364354968070984
0.1395113617181778,0.02101498655974865,-0.6498321890830994
0.45808717608451843,-0.16099072992801666,0.29137122631073
-0.45678362250328064,0.5625676512718201,0.43780675530433655
-0.3362998962402344,-0.13279040157794952,0.3013959527015686
0.03822098299860954,0.629180371761322,0.3976142704486847
0.3611193001270294,-0.029779599979519844,0.3282845914363861
0.47938135266304016,0.22432442009449005,-0.1232890784740448
0.29656776785850525,-0.3606415092945099,-0.5049832463264465
0.43859994411468506,0.20917361974716187,-0.1696992665529251
-0.2976064085960388,0.31017011404037476,0.3496456444263458
-0.09093835204839706,0.2802833914756775,0.3413073420524597
-0.5107824206352234,-0.44827449321746826,-0.6360878348350525
0.08787950128316879,0.6457014083862305,0.31178927421569824
-0.44919484853744507,0.23400112986564636,0.399769127368927
0.24485155940055847,-0.30452194809913635,-0.6499198079109192
0.482352614402771,-0.3041471838951111,-0.25961241126060486
0.2061581164598465,0.4399290084838867,0.38609060645103455
0.3642718195915222,0.5095726847648621,0.4604465663433075
-0.09323719143867493,-0.355588436126709,0.3953718841075897
-0.11678708344697952,-0.25214990973472595,-0.6413004398345947
0.39971908926963806,0.05025871843099594,0.05040375515818596
0.48066622018814087,-0.29149916768074036,-0.07877432554960251
0.23192252218723297,0.17394660413265228,0.36791500449180603
-0.4280211925506592,-0.20502443611621857,-0.23993773758411407
0.012381616979837418,0.4492979049682617,0.3888075649738312
0.4836631119251251,-0.2562733590602875,0.15880274772644043
0.4756070077419281,-0.26404839754104614,-0.45326709747314453
-0.4783320724964142,0.05706052482128143,-0.4307817816734314
0.2221459597349167,-0.31326788663864136,0.35907530784606934
-0.38801610469818115,-0.2389397919178009,-0.6392393112182617
0.3740483522415161,-0.08332272619009018,-0.6371781826019287
0.16737094521522522,0.3750027120113373,0.4128855764865875
-0.24273772537708282,-0.3072996735572815,-0.6422044634819031
0.4746372401714325,-0.326477974653244,0.20221245288848877
-0.3078184723854065,0.1497749537229538,0.3448675274848938
0.27070966362953186,0.4612901210784912,0.3921803832054138
-0.34722742438316345,0.6345546245574951,0.354579359292984
0.4902224540710449,0.22200897336006165,0.049841612577438354
0.27386218309402466,-0.009013366885483265,-0.6236540675163269
0.23192252218723297,0.05112065374851227,0.15346138179302216
0.425670862197876,0.021421313285827637,0.34196317195892334
-0.19426769018173218,0.6097868084907532,0.4497052729129791
-0.3481983244419098,0.03791428729891777,0.3084225654602051
-0.4005703628063202,0.07714738696813583,-0.37100836634635925
0.10281939059495926,-0.3606415092945099,-0.4920542538166046
-0.19426769018173218,-0.3606415092945099,0.21829403936862946
0.33726271986961365,-0.36264297366142273,0.046100202947854996
-0.07803740352392197,0.05120310187339783,-0.3370930254459381
0.3493413031101227,0.06204422563314438,-0.021979093551635742
-0.20719674229621887,-0.3606415092945099,-0.25961241126060486
-0.090947724878788,0.050890181213617325,-0.16924020648002625
0.39560291171073914,-0.35864001512527466,-0.09366738051176071
0.012372247874736786,0.05120310187339783,-0.42750266194343567
0.39528170228004456,0.5863305926322937,0.3496796786785126
-0.0501684695482254,-0.34308990836143494,-0.10031014680862427
-0.119845911860466,-0.3704180121421814,-0.19185209274291992
-0.07372449338436127,-0.3821960389614105,0.046100202947854996
0.3999064564704895,-0.3606415092945099,-0.38871556520462036
0.3481902778148651,0.05120310187339783,-0.28547051548957825
-0.16840961575508118,-0.3606415092945099,0.024545645341277122
-0.27174830436706543,0.05026621371507645,-0.37578651309013367
-0.43036338686943054,-0.18647406995296478,-0.18173828721046448
-0.23296116292476654,-0.3606415092945099,-0.14332589507102966
-0.16525711119174957,0.041426558047533035,-0.056096844375133514
-0.011456270702183247,0.05320458114147186,0.08079071342945099
0.03822098299860954,-0.1735450178384781,-0.637365460395813
-0.3104417622089386,-0.3606415092945099,0.21829403936862946
0.219087153673172,0.05088924616575241,0.011616592295467854
-0.1426451951265335,0.05120310187339783,-0.543770432472229
-0.18133865296840668,-0.3606415092945099,-0.5179123282432556
-0.24589021503925323,-0.3606415092945099,0.17950685322284698
0.12237245589494705,0.03165002167224884,-0.24005931615829468
0.12867748737335205,-0.3606415092945099,0.11495529860258102
0.13845404982566833,0.19655853509902954,0.35860684514045715
0.4320417046546936,-0.0704873725771904,-0.34992843866348267
-0.0748661607503891,-0.37013694643974304,-0.636770486831665
-0.3793030083179474,-0.41732314229011536,0.28284555673599243
-0.04149879515171051,0.23297056555747986,0.3749416172504425
0.43859994411468506,0.09832106530666351,-0.34093427658081055
-0.2826758921146393,0.03655528277158737,0.3464663624763489
-0.43963855504989624,-0.3606415092945099,-0.37578651309013367
-0.49069899320602417,-0.3377814292907715,-0.298305869102478
0.3888511657714844,0.09771208465099335,0.3086099624633789
0.4517163932323456,-0.22779083251953125,0.07616814970970154
-0.4701192080974579,0.28593647480010986,-0.2639159858226776
-0.4908534288406372,0.2123919278383255,-0.3074266016483307
-0.4282085597515106,0.2114221602678299,-0.13119319081306458
0.18345250189304352,0.5522289872169495,0.32082241773605347
-0.38801610469818115,0.05120310187339783,0.10202625393867493
0.14151284098625183,-0.12182880938053131,0.30401918292045593
0.32092684507369995,0.3684445321559906,0.4325602352619171
-0.4274590313434601,-0.057089872658252716,-0.36641767621040344
0.46445801854133606,0.20608186721801758,-0.22119998931884766
-0.48236072063446045,-0.04036642983555794,-0.44558462500572205
0.3352612257003784,0.4047020673751831,0.2667310833930969
0.16849520802497864,0.11864215135574341,0.2957746088504791
-0.4354287087917328,0.13131210207939148,-0.4351913034915924
0.48541033267974854,-0.02929588221013546,-0.4295041561126709
-0.24273772537708282,0.03839479759335518,-0.6126924753189087
0.03822098299860954,0.09128502756357193,0.1785699874162674
-0.08035174757242203,0.5791784524917603,0.4709068536758423
0.3656163811683655,-0.3911840319633484,-0.5824638605117798
0.3972831964492798,0.3430548310279846,0.3086099624633789
-0.051111266016960144,0.532493531703949,0.41616466641426086
-0.36215800046920776,0.511600911617279,0.4733147919178009
0.43485239148139954,-0.21317538619041443,-0.22082525491714478
0.46623700857162476,0.21835622191429138,0.40276604890823364
-0.1586330533027649,-0.08375825732946396,0.28962406516075134
-0.06509899348020554,0.34174320101737976,0.2490239441394806
-0.47758254408836365,-0.12182880938053131,-0.4023004174232483
0.15444190800189972,0.17778785526752472,0.31245121359825134
-0.400757759809494,0.20327123999595642,-0.32369551062583923
-0.4021630883216858,0.1731034517288208,0.34140104055404663
0.45565128326416016,0.26201409101486206,0.3081415295600891
-0.10385803878307343,0.5227499008178711,0.29999062418937683
-0.0651177242398262,0.3708803951740265,0.36632221937179565
0.4772934019565582,0.2310967743396759,0.20508389174938202
0.15444190800189972,0.25920337438583374,0.33428066968917847
0.3481902778148651,0.19390234351158142,0.38815176486968994
-0.4810490012168884,-0.27866384387016296,-0.07876496016979218
-0.09093835204839706,-0.22760345041751862,0.3462728261947632
-0.43101921677589417,-0.33403387665748596,0.3738173544406891
-0.5030391216278076,0.2033916711807251,-0.07774508744478226
0.21880607306957245,-0.058120451867580414,0.2589549124240875
-0.4784257113933563,-0.4207896590232849,-0.5456441640853882
-0.38801610469818115,0.03962504118680954,0.3468349874019623
-0.47633060812950134,-0.36264297366142273,0.01361806783825159
0.3989695906639099,0.1041484996676445,-0.40511107444763184
0.2629345655441284,0.6204003691673279,0.3643558919429779
0.2061581164598465,0.5124441385269165,0.4066084027290344
0.0037467421498149633,-0.12099174410104752,0.3176101744174957
-0.41499844193458557,0.2668858468532562,0.3104837238788605
0.12858380377292633,0.3326554000377655,0.2464943528175354
-0.24485966563224792,0.5371779799461365,0.42543986439704895
0.3481902778148651,0.5045742988586426,0.29483771324157715
0.035077836364507675,-0.31429848074913025,-0.6401432752609253
-0.4930412173271179,-0.35876768827438354,0.11926498264074326
0.4258911609649658,0.258608341217041,-0.21132975816726685
0.18029999732971191,-0.3606415092945099,-0.5953930020332336
0.11574845016002655,-0.3606415092945099,0.20536495745182037
0.021045537665486336,-0.3821960389614105,-0.3844119906425476
0.2060644030570984,0.05026621371507645,-0.07877432554960251
0.07698002457618713,-0.3606415092945099,-0.38871556520462036
-0.3362998962402344,0.05026621371507645,-0.45336082577705383
0.1932290494441986,0.4533264935016632,0.28040963411331177
-0.1425514966249466,0.3326554000377655,0.2464943528175354
-0.3523814380168915,0.5853011012077332,0.33009758591651917
-0.23296116292476654,-0.3606415092945099,0.3474907875061035
-0.11878855526447296,-0.37819308042526245,-0.30661240220069885
-0.18133865296840668,-0.3606415092945099,-0.3370930254459381
-0.2588192820549011,-0.3606415092945099,-0.6083219647407532
-0.2846773564815521,-0.3606415092945099,0.3216326832771301
-0.07803740352392197,0.05120310187339783,-0.45336082577705383
0.45815297961235046,-0.3606415092945099,-0.07875559478998184
-0.33429840207099915,0.029648542404174805,-0.029125187546014786
0.24485155940055847,-0.3606415092945099,-0.10458371043205261
0.11574845016002655,-0.3606415092945099,-0.16915586590766907
0.15759441256523132,-0.350864976644516,0.3505496084690094
-0.4525676369667053,0.21891726553440094,-0.0015935244737192988
0.3972831964492798,0.5109451413154602,0.3344680666923523
0.4065583646297455,0.14996232092380524,-0.3313779830932617
-0.13392598927021027,0.1299067586660385,0.3741045594215393
-0.4267095625400543,-0.27697744965553284,-0.6453289985656738
0.08118186146020889,-0.0392938107252121,-0.6246846318244934
-0.4296138882637024,0.05574887990951538,0.19374756515026093
-0.20291997492313385,-0.0392938107252121,-0.6246846318244934
0.27070966362953186,0.08214100450277328,0.1759466826915741
0.207188680768013,0.33490389585494995,0.39901962876319885
0.5076485276222229,0.20167851448059082,-0.3241640031337738
0.3223321735858917,-0.3606415092945099,-0.6083219647407532
-0.4721207022666931,-0.47150319814682007,0.3537021577358246
0.3611193001270294,-0.34218481183052063,-0.6561969518661499
0.18029999732971191,0.062194667756557465,0.2795664370059967
-0.43267160654067993,-0.008461938239634037,0.06151870638132095
0.4328581690788269,0.25567004084587097,-0.12967677414417267
-0.463435560464859,-0.22760345041751862,-0.1691933572292328
0.45152899622917175,0.17422768473625183,-0.40998291969299316
-0.37508702278137207,0.05120310187339783,0.011616592295467854
0.0898716002702713,0.2237890660762787,0.3718498945236206
-0.4145299792289734,-0.1735450178384781,-0.5824638605117798
-0.20719674229621887,0.08722831308841705,0.28696784377098083
-0.2501998841762543,-0.11367788910865784,0.30261388421058655
-0.05216994509100914,0.15933118760585785,0.30720460414886475
0.12858380377292633,0.48780399560928345,0.4400552809238434
