-0.06576284021139145,-0.33581480383872986,-0.035833120346069336 
1.3447036743164062,0.6529987454414368,0.09935241937637329 
-1.3481166362762451,0.6516273021697998,0.1253119558095932 
0.7257973551750183,-0.5930591225624084,0.15166333317756653 
-0.3165279030799866,0.7688330411911011,0.11252400279045105 
-0.7259775996208191,-0.5903162360191345,0.7517613172531128 
0.46796533465385437,0.033696215599775314,0.1442183405160904 
-0.5665958523750305,0.033696215599775314,0.1442183405160904 
0.7186912298202515,-0.07686024904251099,-0.47483912110328674 
-0.04112577438354492,0.11582240462303162,0.7532307505607605 
-0.3407886028289795,1.2625010013580322,0.15156538784503937 
-0.5741837024688721,0.36259889602661133,-0.14833667874336243 
-0.5032153725624084,-0.31935742497444153,-0.17464318871498108 
-0.07017675042152405,-0.29609596729278564,0.45303481817245483 
-0.3184618055820465,0.1732860505580902,-0.17787587642669678 
0.22433748841285706,0.1201130747795105,-0.1842433214187622 
-0.32845380902290344,-0.6001123189926147,0.10003813356161118 
0.7278546690940857,-0.7716330289840698,-0.06418289244174957 
0.47619399428367615,0.38223588466644287,-0.004369175992906094 
0.35295963287353516,0.7165750861167908,-0.2102028727531433 
-0.3601929545402527,0.7136363387107849,-0.8031497001647949 
-0.5091909766197205,0.38439100980758667,0.042545102536678314 
-0.3695972263813019,-0.25362592935562134,0.1532307118177414 
0.10668687522411346,-0.6001123189926147,-0.16269199550151825 
0.7925534248352051,-0.0358147919178009,0.45323073863983154 
-0.7280347943305969,-0.25362592935562134,0.0671919658780098 
0.29169005155563354,0.16070225834846497,-0.1477489024400711 
-0.35755375027656555,-0.34018954634666443,0.12202617526054382 
0.7275606989860535,-0.5082253217697144,-0.16083073616027832 
-0.4144182801246643,-0.25749945640563965,0.13466307520866394 
1.010515570640564,0.48151475191116333,-0.2903010845184326 
0.838051974773407,-0.35275375843048096,0.1532307267189026 
-0.21354608237743378,-1.1903162002563477,-0.7779738903045654 
0.5924200415611267,0.1612817794084549,-0.3231276571750641 
-0.3236537277698517,-0.10590145736932755,-0.08882976323366165 
0.7761939764022827,-0.3001123070716858,-0.2902814745903015 
0.037179768085479736,-0.0035775601863861084,-0.1477489024400711 
-0.04933485388755798,-0.5492708086967468,0.15254497528076172 
0.2626400589942932,0.39497074484825134,-0.18502700328826904 
-0.29749828577041626,0.44973066449165344,-0.18159836530685425 
-0.29406964778900146,0.013874881900846958,0.1508796513080597 
0.08204001188278198,0.7161833643913269,0.40449124574661255 
-0.40472012758255005,0.49797213077545166,0.29269495606422424 
0.6977807283401489,0.4031994342803955,0.1532307118177414 
0.2090107798576355,0.9532926678657532,-0.30904680490493774 
-0.5091909766197205,0.6378149390220642,0.005302466917783022 
-0.34930548071861267,-0.08566848933696747,0.11360155045986176 
0.20523518323898315,-0.3766643702983856,-0.03578413650393486 
-0.43145519495010376,0.9662234783172607,0.24401640892028809 
-0.46265971660614014,-0.5668057203292847,-0.17043088376522064 
-0.40618956089019775,-0.4621308147907257,0.1392672210931778 
0.7094380259513855,-0.049074556678533554,0.14715716242790222 
-0.5420077443122864,-0.4261344075202942,0.1532307118177414 
0.32185307145118713,-0.42382824420928955,0.3329547643661499 
0.7278546094894409,-0.33581480383872986,0.11649549752473831 
0.007301807403564453,-0.6766643524169922,0.2439674288034439 
-0.409912109375,0.7121138572692871,-0.15284284949302673 
0.09024909138679504,0.38741955161094666,-0.17797383666038513 
-0.11567530035972595,0.4377712607383728,-0.7641614079475403 
0.3234735429286957,0.5427932143211365,-0.02322559989988804 
0.321906179189682,-0.5820875763893127,-0.17552483081817627 
0.34482893347740173,0.14869795739650726,-0.007395176682621241 
0.5582849383354187,0.23078888654708862,0.1532307118177414 
0.02455676905810833,0.6662234663963318,0.10003813356161118 
-0.26659584045410156,-0.3001123070716858,-0.2902814745903015 
-0.5337790250778198,-0.16154304146766663,-0.03956541419029236 
0.46796533465385437,0.5263357758522034,0.15225110948085785 
0.20523518323898315,0.45247358083724976,0.1532307118177414 
-0.40789976716041565,0.10233323276042938,-0.004360359627753496 
-0.2097509205341339,0.4012458920478821,-0.306707501411438 
-0.1725006252527237,0.10124588757753372,-0.006707494147121906 
-0.20002754032611847,-0.195535346865654,0.048510897904634476 
0.29242002964019775,-0.27831199765205383,0.12462623417377472 
-0.41069573163986206,-0.31556227803230286,0.30968916416168213 
0.6157877445220947,-0.3275861144065857,-0.7748391628265381 
0.5582849383354187,-0.1618369221687317,0.07535208016633987 
-0.45168814063072205,0.2143315225839615,0.1532307118177414 
-0.32541701197624207,0.5673812627792358,-0.015016506426036358 
-0.13968384265899658,-0.22080914676189423,-0.17797383666038513 
-0.7280347943305969,-0.37686026096343994,-0.0888199731707573 
-0.3236537277698517,0.32110849022865295,-0.0313563235104084 
-0.1561412215232849,-0.5095967650413513,-0.005499640479683876 
-0.5665958523750305,-0.163306325674057,0.15225110948085785 
0.1723204404115677,1.2652438879013062,-0.6313563585281372 
-0.6624012589454651,0.5212418437004089,-0.004379951395094395 
-0.4024139940738678,0.5182050466537476,0.1532307118177414 
0.5168476104736328,-1.1410421133041382,-0.7748391628265381 
-0.19708873331546783,0.4852903485298157,0.15225110948085785 
-0.25902506709098816,-0.695570707321167,-0.47787588834762573 
0.0984581857919693,-0.5280133485794067,0.009718528017401695 
0.29388946294784546,-0.03128492459654808,0.15136946737766266 
-0.029131263494491577,-0.5676342844963074,0.1295691281557083 
0.2298232614994049,0.5756099224090576,-0.1874760091304779 
0.6573230624198914,0.5187928676605225,0.00970873236656189 
0.5418275594711304,0.10614390671253204,-0.007215909194201231 
-0.5932859182357788,-0.7268201112747192,-0.15274488925933838 
0.09400510787963867,-0.8164540529251099,0.45323073863983154 
0.3230816721916199,0.5680097937583923,-0.770332932472229 
0.09400510787963867,0.6539252996444702,0.45323073863983154 
0.12304628640413284,-0.023781144991517067,-0.14789995551109314 
0.04098474979400635,0.2718343138694763,0.7532307505607605 
-0.6486867666244507,0.24724625051021576,0.1532307118177414 
-0.7280347943305969,-1.0261344909667969,0.09181925654411316 
0.6486045122146606,-0.6001123189926147,-0.014908748678863049 
-0.5748245716094971,0.5756099224090576,0.15225110948085785 
-0.16427195072174072,-0.3908686339855194,-0.170528843998909 
0.6234735250473022,0.6128798127174377,-0.3477843105792999 
0.1016378104686737,-0.0035775601863861084,-0.48747602105140686 
0.5746443271636963,-0.5164540410041809,0.15225110948085785 
-0.2053174078464508,0.041920002549886703,-0.17797383666038513 
0.6348900198936462,-0.0351935438811779,-0.004354482050985098 
-0.2053174078464508,0.5920673608779907,-0.1874760091304779 
0.3976549208164215,0.6456966400146484,0.11252400279045105 
0.2545093297958374,-0.6001123189926147,-0.023127637803554535 
-0.3575439453125,-0.3001123070716858,0.19481083750724792 
-0.3184618055820465,-0.24549520015716553,-0.17787587642669678 
0.7312750220298767,0.7036263346672058,-0.4481407701969147 
-0.4352307617664337,-0.03714296221733093,0.0753912627696991 
-0.0794479250907898,0.7100117802619934,-0.21461108326911926 
0.3858743906021118,0.18151473999023438,0.1532307118177414 
0.3242571949958801,0.7162812948226929,-0.030915500596165657 
0.7269198894500732,0.2747102677822113,0.3013252913951874 
0.6486045122146606,0.0994042232632637,0.1532307118177414 
-0.744688093662262,1.2519211769104004,-0.043199747800827026 
0.41046246886253357,-0.13871823251247406,0.1442183405160904 
-0.3768994212150574,0.6538273096084595,0.3013448715209961 
-1.3106956481933594,0.09939444065093994,0.14108359813690186 
0.38964998722076416,0.6375658512115479,0.29260483384132385 
0.08202041685581207,-0.2784099280834198,-0.0240582637488842 
-0.6531398296356201,-0.3001123070716858,0.244036003947258 
-0.32776808738708496,-0.47815147042274475,-0.17150844633579254 
0.7278546094894409,-0.45072251558303833,0.00970873236656189 
-0.5748245716094971,0.11121826618909836,0.0013615147909149528 
-1.3277409076690674,-0.5962918400764465,-0.61491858959198 
-0.6575480699539185,0.4158894419670105,-0.28168055415153503 
-0.17559048533439636,-0.29981839656829834,-0.15303876996040344 
-0.397960901260376,-0.37298673391342163,-0.1477489024400711 
0.12113194167613983,-0.37308469414711,-0.3477745056152344 
-0.4232264757156372,0.33311277627944946,-0.1477489024400711 
-0.46804752945899963,0.24469926953315735,-0.004352523013949394 
0.607559084892273,0.6030389070510864,0.14108361303806305 
0.18500220775604248,-0.052753761410713196,0.45323073863983154 
0.46796533465385437,0.23588283360004425,0.026136713102459908 
-0.6158699989318848,-0.4261344075202942,-0.1748391091823578 
0.7097319960594177,-0.34530875086784363,0.14715716242790222 
1.2978787422180176,1.2518233060836792,-0.6430822610855103 
-0.39418530464172363,0.3703826367855072,0.1532307118177414 
-0.5836621522903442,1.266223430633545,-0.05598360300064087 
0.5500562787055969,0.4031994342803955,0.1532307118177414 
0.06560222804546356,0.10829903185367584,-0.17787587642669678 
0.29653438925743103,-0.35216599702835083,-0.180422842502594 
-0.18895798921585083,-0.6001123189926147,0.14108361303806305 
-0.5932859182357788,0.3090748190879822,0.29330524802207947 
0.29242002964019775,-0.43426513671875,0.09181924909353256 
-0.9600951075553894,0.4453142285346985,-0.5574549436569214 
0.13950365781784058,1.1838386058807373,0.7532307505607605 
-0.07840542495250702,0.16951046884059906,-0.4478999674320221 
1.3278546333312988,0.4120076298713684,0.12462623417377472 
0.10306233167648315,-1.1303644180297852,-0.44863057136535645 
-0.9240987300872803,-0.011128753423690796,-0.14676930010318756 
0.2789994776248932,0.10160833597183228,0.10826681554317474 
0.882872998714447,-0.4625226557254791,-0.36420249938964844 
0.29242002964019775,-0.43426513671875,-0.15446332097053528 
0.3283715546131134,0.5182050466537476,0.1532307118177414 
0.7268750071525574,-0.360402911901474,-0.09703885763883591 
-0.05754394829273224,0.10124588757753372,-0.10528713464736938 
-0.4352307617664337,-0.17163297533988953,-0.16533693671226501 
-0.7889580130577087,0.22313976287841797,-0.5652819871902466 
-0.26659584045410156,0.27496495842933655,-0.282082200050354 
-0.7188713550567627,-0.22523286938667297,0.45323073863983154 
0.4269198477268219,-0.16154304146766663,-0.014928340911865234 
-0.35753417015075684,-0.3198431432247162,0.28502267599105835 
-0.21354608237743378,0.12403149902820587,0.1532307118177414 
0.004978378769010305,-0.45072251558303833,-0.05598359927535057 
0.5161088109016418,1.012852668762207,-0.47356563806533813 
0.29242002964019775,0.009084613062441349,0.009718528017401695 
-0.6784667372703552,-0.14675100147724152,-0.0042898282408714294 
0.05737354978919029,0.5838386416435242,-0.1874760091304779 
-0.2708530128002167,0.666125476360321,-0.0888199731707573 
-0.35529497265815735,0.4360162019729614,0.04255490005016327 
-0.01655726507306099,-0.14949388802051544,-0.11224233359098434 
-0.7483043670654297,0.42024457454681396,-0.1870841681957245 
-0.057553745806217194,-0.23726654052734375,0.05367342010140419 
-0.2119787335395813,-0.2653811573982239,0.5358073711395264 
0.18112865090370178,-1.075408697128296,0.15274091064929962 
0.6074610948562622,-0.2700832784175873,0.15254497528076172 
0.35511478781700134,0.42778751254081726,0.050763990730047226 
-0.9508419036865234,-0.5810549259185791,0.12760992348194122 
-0.5748245716094971,-0.16242468357086182,-0.16435733437538147 
1.2486045360565186,0.3993707299232483,-0.7733697295188904 
-0.03290688991546631,-1.2001123428344727,0.034355610609054565 
0.06999656558036804,-0.41413015127182007,0.12202617526054382 
-0.5420077443122864,0.4442448914051056,0.15225110948085785 
-0.015195612795650959,-0.2794875204563141,-0.14515705406665802 
-0.3236537277698517,0.3128798007965088,-0.1627899557352066 
0.29242002964019775,-0.2865406572818756,-0.006635003257542849 
-0.48450493812561035,-0.31112876534461975,0.15225110948085785 
0.5993303656578064,0.24793197214603424,0.00970873236656189 
-0.41499781608581543,0.08674204349517822,0.452251136302948 
-0.29260021448135376,-0.5081273913383484,0.009718528017401695 
0.41046246886253357,0.6030389070510864,0.06718217581510544 
-0.3236537277698517,0.0501202791929245,-0.12987522780895233 
-0.22177477180957794,0.6652438640594482,0.03433600813150406 
0.34482893347740173,-0.6001123189926147,0.0671919658780098 
0.25066515803337097,-0.19875413179397583,0.3261367380619049 
-0.5994126200675964,-0.6001123189926147,-0.1134178563952446 
0.34482893347740173,-0.16154304146766663,-0.15446332097053528 
0.6403758525848389,-0.6001123189926147,0.44553670287132263 
-0.5995105504989624,-0.573858916759491,0.1532307118177414 
-0.812860369682312,0.7154976725578308,-0.21402329206466675 
-0.4352307617664337,-0.14675100147724152,0.14431630074977875 
-0.7280347943305969,-0.25362592935562134,-0.06418289244174957 
-0.35529500246047974,0.20610278844833374,0.04255491495132446 
1.2814213037490845,-0.45072251558303833,0.7528389096260071 
-0.45226767659187317,-0.262532114982605,0.7532307505607605 
-0.46799445152282715,-0.12524454295635223,-0.4914923906326294 
0.710515558719635,0.04191608354449272,0.05897308140993118 
-0.29299208521842957,-0.1476326584815979,0.14735306799411774 
-0.18616202473640442,0.5225602388381958,-0.4863004982471466 
0.710515558719635,0.5345644950866699,0.1328549087047577 
0.8418275713920593,0.2351440191268921,-0.14745503664016724 
0.24628065526485443,0.10124588757753372,-0.06418289244174957 
-0.1106957197189331,1.1345645189285278,0.732854962348938 
-0.5502364635467529,0.32110849022865295,0.15225110948085785 
-0.05756353959441185,0.33746790885925293,-0.1874760091304779 
-0.2935798466205597,-0.3275861144065857,0.07540106028318405 
-0.3831157684326172,-0.3494313061237335,-0.17356561124324799 
-0.4434594511985779,-0.6001123189926147,0.026146506890654564 
-0.5994126200675964,0.24793197214603424,0.026136713102459908 
0.2763462960720062,1.159152626991272,-0.7381039261817932 
-0.49224376678466797,-0.45072251558303833,-0.17209620773792267 
0.6694170236587524,-0.3001123070716858,-0.3559640049934387 
-0.0947648286819458,-0.23428279161453247,0.12202617526054382 
0.5482929944992065,-0.4261344075202942,-0.1748391091823578 
0.08587437868118286,-0.6932196617126465,-0.14676930010318756 
0.05844542384147644,0.4160853624343872,-0.18624740839004517 
-0.004072194453328848,-0.5054824352264404,-0.17542687058448792 
0.16409176588058472,-0.39057472348213196,-0.14633259177207947 
0.7278546094894409,-0.25362592935562134,0.026136713102459908 
1.0761940479278564,-0.6001123189926147,0.14754898846149445 
0.25441133975982666,-0.48353931307792664,-0.035833120346069336 
-0.5748245716094971,0.15682868659496307,0.1442183405160904 
0.5828729867935181,0.3723418414592743,0.04255490005016327 
0.48050424456596375,-0.27831199765205383,-0.17336970567703247 
0.11383799463510513,0.4607022702693939,-0.18630048632621765 
0.05511477589607239,0.5800630450248718,-0.24102693796157837 
-0.6986384391784668,0.46882474422454834,0.03213191032409668 
-0.41887137293815613,0.6022552251815796,0.07540106028318405 
-0.23813417553901672,-0.6001123189926147,-0.06417310237884521 
0.5924200415611267,-0.43048954010009766,-0.2081807553768158 
-0.05756353959441185,0.5920673608779907,-0.1874760091304779 
-0.6277680993080139,-0.2929612398147583,0.1284915655851364 
0.3234735429286957,0.4360162019729614,-0.06420248746871948 
-0.3285517394542694,0.1979721039533615,0.1532307118177414 
-0.6323273181915283,1.2530968189239502,-0.0231570303440094 
-0.3236537277698517,0.4607022702693939,-0.06420248746871948 
-0.3236537277698517,0.2143315225839615,-0.07241158187389374 
0.020932231098413467,-0.3631457984447479,0.03160291165113449 
-0.7280347943305969,-0.48353931307792664,-0.014918545261025429 
0.21336589753627777,-0.5286991000175476,0.05893390253186226 
0.3234735429286957,0.6001980900764465,-0.12987522780895233 
0.3882254362106323,-0.4917679727077484,-0.17258602380752563 
0.2708687484264374,0.36215394735336304,0.1532307118177414 
0.41046246886253357,0.09934543818235397,0.07538146525621414 
-0.41887137293815613,-0.16252264380455017,-0.05599339306354523 
0.32249391078948975,0.14869795739650726,-0.1381039172410965 
-0.6898301839828491,-0.19622106850147247,0.1532307118177414 
0.31191420555114746,0.501747727394104,-0.17797383666038513 
-0.5425872802734375,-0.6001123189926147,-0.06417310237884521 
-0.49273359775543213,0.09934543818235397,0.07538146525621414 
0.5500562787055969,-0.6001123189926147,-0.08881017565727234 
0.1918145716190338,-0.27938953042030334,-0.09580455720424652 
-0.05756353959441185,-0.39057472348213196,-0.12987522780895233 
0.6567352414131165,-0.16252264380455017,0.0179276205599308 
0.24182754755020142,0.41723304986953735,0.4404958486557007 
0.4269198477268219,-0.6001123189926147,-0.15446332097053528 
0.6239185333251953,0.32110849022865295,0.1442183405160904 
0.2961343228816986,0.4689309000968933,0.7528389096260071 
0.10668687522411346,-0.4261344075202942,-0.023734992370009422 
0.46796533465385437,-0.22903785109519958,0.1532307118177414 
0.525370180606842,-0.03714296221733093,0.042545102536678314 
0.5452561378479004,0.566597580909729,0.06170617789030075 
0.6565393209457397,-0.4288773238658905,-0.17258602380752563 
-0.5015418529510498,0.4689309298992157,0.1532307267189026 
-0.5732571482658386,0.560524046421051,0.042545102536678314 
-0.1106957197189331,-0.5088146924972534,0.01791781187057495 
0.9157877564430237,-0.3001123070716858,0.4000381529331207 
0.13950365781784058,-0.5280133485794067,-0.0888199731707573 
-0.008308987133204937,0.5673812627792358,0.1523490697145462 
0.4925534129142761,-0.44249382615089417,0.1532307118177414 
0.40771958231925964,0.6424190402030945,-0.03989848122000694 
0.710515558719635,0.42778751254081726,0.050763990730047226 
-0.1402634084224701,0.8718343377113342,0.15225112438201904 
-0.29260021448135376,-0.1879923939704895,-0.03133672848343849 
0.14773234724998474,-0.4987541437149048,-0.7134178876876831 
-1.3280348777770996,-0.3275861144065857,0.14108359813690186 
1.3278546333312988,-1.1820876598358154,-0.6806108951568604 
-0.41069573163986206,0.5882917642593384,-0.22460874915122986 
0.20960009098052979,0.36622345447540283,-0.24104651808738708 
-0.1402716040611267,-0.4027218520641327,-0.06473147869110107 
-0.5912818908691406,-0.16154304146766663,0.05075419321656227 
-0.14403899013996124,0.36622345447540283,0.39180946350097656 
-0.6240987181663513,0.3723418414592743,0.10003813356161118 
0.18877780437469482,0.10124588757753372,0.026136713102459908 
0.028338046744465828,-0.036947038024663925,-0.10793206840753555 
-1.0188713073730469,1.2520191669464111,0.5566729307174683 
0.16854484379291534,-0.41413015127182007,0.15210005640983582 
0.7268750071525574,-0.2618546187877655,-0.14633259177207947 
0.5911017060279846,0.501747727394104,0.1442183405160904 
0.7278546094894409,-0.5574994683265686,0.034345805644989014 
0.1192706972360611,-0.3001123070716858,-0.2656444013118744 
-0.6486867666244507,-0.40967705845832825,0.1532307118177414 
-0.4687250256538391,-0.6001123189926147,0.08361995220184326 
0.6403758525848389,0.11046396195888519,0.026146506890654564 
-0.18072931468486786,-0.5282093286514282,-0.10528713464736938 
0.6239185333251953,-0.12235882878303528,0.1442183405160904 
-0.1522676646709442,0.9404598474502563,0.11271990835666656 
-0.2710489332675934,0.10124588757753372,-0.039555616676807404 
0.3940051198005676,-0.04017974063754082,0.1532307118177414 
-0.35529497265815735,0.28829172253608704,0.10003813356161118 
-0.17627620697021484,-0.4617389738559723,-0.25745490193367004 
0.0491938591003418,-0.22138866782188416,0.7532307505607605 
-0.045588672161102295,0.9662234783172607,0.32612693309783936 
-0.5502364635467529,-0.06485599279403687,0.1442183405160904 
0.5911017060279846,-0.3686315715312958,0.15225110948085785 
-0.2628202438354492,-0.3913584351539612,-0.15446332097053528 
-0.710695743560791,0.18974341452121735,0.09181924909353256 
-0.35529497265815735,0.03370796889066696,0.06718217581510544 
0.0017584162997081876,-0.20444975793361664,-0.03133672848343849 
-0.6569154262542725,0.6030389070510864,0.0753912627696991 
-0.2710489332675934,0.10124588757753372,0.07540106028318405 
-0.10686707496643066,-0.26773226261138916,-0.09707804769277573 
-0.15065541863441467,-0.020881513133645058,0.03152454271912575 
-0.2935798466205597,-0.22903785109519958,0.06718217581510544 
0.7278546094894409,-0.35217422246932983,0.0014967004535719752 
0.14831188321113586,-1.2001123428344727,-0.07239198684692383 
-0.0038656890392303467,0.2516013979911804,0.12202617526054382 
-0.12322647869586945,0.10124588757753372,0.09181924909353256 
-0.2819225490093231,-1.1299726963043213,0.751663327217102 
-0.3575439453125,-0.2116539478302002,-0.31007930636405945 
-0.4762762188911438,0.5838386416435242,0.1532307118177414 
0.29242002964019775,-0.21258047223091125,-0.0888199731707573 
-0.045588672161102295,0.9652438759803772,0.20296114683151245 
-0.37660545110702515,0.3172839283943176,-0.19996187090873718 
-0.5885390043258667,-0.5199806094169617,-0.17366357147693634 
0.6294042468070984,0.6106798648834229,0.027233870700001717 
-0.3777279555797577,0.5516014099121094,0.1532307267189026 
0.23805195093154907,0.009055223315954208,-0.14789995551109314 
-0.40638554096221924,-0.15895116329193115,0.13466307520866394 
0.47619399428367615,0.3723418414592743,0.09181924909353256 
0.024566560983657837,-0.6001123189926147,0.11649549007415771 
-0.2935798466205597,-0.08944409340620041,0.0015143335331231356 
0.32249391078948975,0.058348964899778366,-0.10518917441368103 
-0.6574501395225525,0.4162812829017639,0.220074862241745 
0.14773234724998474,0.2143315225839615,0.1532307118177414 
-0.42803478240966797,-0.643945574760437,-0.26565420627593994 
-0.3528459668159485,0.7167710661888123,-0.45891642570495605 
-0.4189693033695221,0.5450462698936462,-0.0014460338279604912 
-0.7280347943305969,-0.5328134298324585,0.0671919658780098 
0.29242002964019775,-0.056607719510793686,-0.07239199429750443 
-0.11499779671430588,0.5345644950866699,0.15225110948085785 
-0.3285517394542694,0.5838386416435242,0.1532307118177414 
-0.11499779671430588,0.03369327634572983,-0.14789995551109314 
-0.14403899013996124,-0.9001123309135437,0.28509125113487244 
-0.3236537277698517,0.641341507434845,0.06717237830162048 
0.6763274073600769,0.7732861042022705,0.10003814101219177 
-0.28911852836608887,-0.8994265794754028,-0.4755248427391052 
-0.29734036326408386,0.3811134696006775,0.15112045407295227 
-0.2871144711971283,0.6402639150619507,-0.18737804889678955 
-0.5004193782806396,-0.4715350270271301,-0.3724116086959839 
0.18877780437469482,-0.22080914676189423,-0.7779738903045654 
-0.6979609131813049,-0.4917679727077484,0.1532307118177414 
0.6156898140907288,-0.03714296221733093,0.10003813356161118 
0.3409847617149353,0.4012458920478821,-0.1917331963777542 
0.2925180196762085,-0.3766643702983856,-0.07239199429750443 
0.4676714241504669,0.5685567855834961,-0.007302114274352789 
-0.0986383929848671,-0.5280133485794067,0.07538146525621414 
0.35491886734962463,0.02549300342798233,0.09181924909353256 
0.3940051198005676,-0.2865406572818756,0.1532307118177414 
-0.3777279555797577,-0.031402476131916046,-0.00723256217315793 
0.06561202555894852,-0.12226086854934692,-0.17797383666038513 
-0.29279613494873047,-0.48353931307792664,-0.08060108870267868 
0.23805195093154907,1.1427931785583496,0.7532307505607605 
-0.3222822844982147,-0.15243270993232727,-0.17562279105186462 
0.1767735332250595,-0.9001123309135437,0.2604541778564453 
0.1793735921382904,-0.31180626153945923,-0.7863984704017639 
-0.42700207233428955,0.3725377917289734,0.0013389840023592114 
-0.710695743560791,0.45247358083724976,0.03433600813150406 
-0.2300034463405609,-0.26773226261138916,-0.16269199550151825 
-0.6240987181663513,0.4852903485298157,0.1442183405160904 
-0.16427195072174072,1.271317481994629,-0.14182640612125397 
-0.20541536808013916,0.5920673608779907,0.15254497528076172 
-0.6874790787696838,-0.3686315715312958,-0.17454521358013153 
-0.4107406437397003,-0.2618546187877655,-0.17474114894866943 
-0.4024139940738678,-0.3850889801979065,0.1523490697145462 
-0.1067691221833229,-0.573858916759491,-0.17797383666038513 
0.710515558719635,-0.10590145736932755,0.0753912627696991 
0.2708687484264374,-0.5286991000175476,-0.11351581662893295 
-0.6405560374259949,0.11046396195888519,0.08361994475126266 
-0.17886807024478912,-0.2865406572818756,0.025921199470758438 
0.3611883521080017,0.6028429865837097,0.14774492383003235 
0.4022338092327118,0.4442448914051056,0.15225110948085785 
0.3289510905742645,-0.00011229515075683594,-0.5738534927368164 
-0.8053174614906311,-0.22138866782188416,0.15225112438201904 
0.32249391078948975,0.3456965982913971,-0.1381039172410965 
0.32827362418174744,0.25537699460983276,0.15283887088298798 
-0.710695743560791,-0.1304895430803299,0.08360035717487335 
0.2714482843875885,-0.49238669872283936,0.1532307267189026 
0.029645055532455444,0.4167710542678833,-0.42096084356307983 
0.3180857300758362,0.2559565305709839,-0.7777779698371887 
0.3229837417602539,0.2143315225839615,-0.06417310237884521 
0.6763274073600769,0.29642245173454285,0.0753912627696991 
-0.18895798921585083,-0.10590145736932755,0.03471805527806282 
0.29171454906463623,0.35833919048309326,0.12202617526054382 
-0.6486867666244507,-0.6001123189926147,0.08361994475126266 
0.5007821321487427,-0.14675100147724152,0.14431630074977875 
-0.3236537277698517,0.3867420554161072,-0.1134178563952446 
-0.1314551681280136,0.5427932143211365,-0.1874760091304779 
0.29242002964019775,-0.5081273913383484,0.14108361303806305 
0.0984581857919693,0.6662234663963318,-0.5821018218994141 
-0.5926002264022827,-0.6029000878334045,0.19471287727355957 
0.5500562787055969,-0.22071120142936707,-0.1748391091823578 
0.35511478781700134,-0.056695885956287384,0.04253530502319336 
-0.041125763207674026,0.304651141166687,0.1532307118177414 
-0.558367133140564,0.23588283360004425,0.10826681554317474 
-0.29260021448135376,-0.07298672199249268,0.10003813356161118 
-0.48176202178001404,-0.0351935438811779,-0.004354482050985098 
-0.21354608237743378,-0.44249382615089417,-0.035833120346069336 
0.3940051198005676,-0.2618546187877655,-0.17150844633579254 
0.37676405906677246,0.5192826390266418,0.04255490005016327 
-0.48450493812561035,-0.0073433686047792435,0.1532307118177414 
-0.5464608669281006,-0.0774398148059845,0.11360155045986176 
-0.2300034463405609,-0.5286991000175476,0.0671919658780098 
-0.5502364635467529,-0.25362592935562134,0.15225110948085785 
-0.5337790250778198,-0.5164540410041809,0.1532307118177414 
0.7278546094894409,-0.4589511752128601,-0.0888199731707573 
0.22159458696842194,-0.6001123189926147,-0.10518917441368103 
0.3283715546131134,-0.20444975793361664,0.1532307118177414 
0.37764570116996765,-0.1618369221687317,0.0671919658780098 
0.3245665729045868,0.47328606247901917,-0.14676930010318756 
0.607559084892273,-0.4999966621398926,-0.1748391091823578 
0.714336097240448,0.5983368158340454,0.034345805644989014 
-0.42700207233428955,0.24763810634613037,0.07535208016633987 
-1.2816014289855957,-1.2001123428344727,-0.6888102293014526 
-0.19708873331546783,0.8225602507591248,-0.44774889945983887 
0.14773234724998474,0.5510218739509583,-0.1874760091304779 
0.08974950015544891,-0.4027218520641327,-0.10558102279901505 
0.369996577501297,0.39497071504592896,-0.7874760627746582 
-0.7280347943305969,-0.3029000759124756,-0.1381039172410965 
-0.1845049262046814,0.6843910217285156,0.43265900015830994 
0.4082624912261963,0.3384992480278015,0.4511735439300537 
0.5342371463775635,-0.17153501510620117,-0.7779738903045654 
0.4597366154193878,0.1404692828655243,0.1442183405160904 
0.11491555720567703,0.6662234663963318,-0.1134178563952446 
-0.4107406437397003,-0.4999966621398926,-0.1748391091823578 
0.4432792663574219,-0.03714296221733093,0.08360035717487335 
-0.23823215067386627,0.5099763870239258,-0.1874760091304779 
-0.1067691221833229,-0.04093402996659279,-0.08060108870267868 
-0.32845380902290344,-0.34394553303718567,0.15283887088298798 
-0.16427195072174072,-0.03198044002056122,-0.17797383666038513 
0.29242002964019775,-0.3932196795940399,0.0179276205599308 
0.46796533465385437,-0.16154304146766663,0.05896328389644623 
-0.45168814063072205,-0.22903785109519958,0.1523490697145462 
0.3234735429286957,0.6248840689659119,0.050763990730047226 
0.35511478781700134,0.18974341452121735,0.07538146525621414 
-0.14311246573925018,-0.530462384223938,0.15068374574184418 
-0.3236537277698517,0.13222099840641022,-0.09704865515232086 
0.323332279920578,-0.553723931312561,-0.2574647068977356 
0.008065104484558105,-0.031951069831848145,-0.5654680728912354 
-0.7253898978233337,-0.16252264380455017,0.5200650691986084 
-0.3082776665687561,-0.8280133605003357,-0.2163800597190857 
-0.5502364635467529,-0.6001123189926147,0.09182903915643692 
0.7087522745132446,-0.07298672199249268,-0.0043584005907177925 
0.02333226427435875,-0.48353931307792664,0.017917824909090996 
-0.2628202438354492,-0.5280133485794067,-0.15446332097053528 
0.0491938441991806,-0.5286991000175476,-0.10518917441368103 
-0.48812946677207947,0.5667935013771057,0.04734516888856888 
-0.7434594631195068,0.604651153087616,0.44421833753585815 
-0.2957349717617035,0.3867420554161072,0.15283887088298798 
-0.6240987181663513,-0.16252264380455017,-0.06422208249568939 
-0.6924750804901123,0.5977490544319153,-0.009484674781560898 
0.07382111996412277,-0.26773226261138916,-0.10528713464736938 
0.19690853357315063,0.4442448914051056,-0.18610456585884094 
0.3611883521080017,-0.16252264380455017,-0.06420248746871948 
0.6858744025230408,0.07841542363166809,0.2927664816379547 
0.4211932420730591,-0.29031622409820557,0.13466307520866394 
-0.34935444593429565,-0.16777901351451874,0.11252400279045105 
-0.30007052421569824,-0.19875413179397583,0.26044440269470215 
-0.293383926153183,-0.27831199765205383,0.0015084558399394155 
0.29242002964019775,-0.22080914676189423,0.04255490005016327 
0.3941030502319336,-0.6001123189926147,0.14754898846149445 
-0.3821908235549927,0.36622345447540283,-0.4216465651988983 
-0.29260021448135376,-0.4261344075202942,0.009718528017401695 
-0.5910072326660156,0.2718343436717987,-0.18728011846542358 
-0.18895798921585083,0.6662234663963318,0.11639754474163055 
0.323332279920578,-0.3812153935432434,0.26044440269470215 
0.32435518503189087,0.6337985396385193,-0.05556236952543259 
-1.3280348777770996,-1.1328134536743164,-0.6888200044631958 
-0.5830531716346741,-0.33581480383872986,-0.1748391091823578 
0.14773234724998474,0.4858698844909668,-0.7779738903045654 
0.30378347635269165,0.16505736112594604,0.15283887088298798 
-0.07398172467947006,-0.4261344075202942,-0.023734992370009422 
0.3491154909133911,0.711428165435791,0.11360155045986176 
0.525468111038208,1.1838386058807373,0.7532307505607605 
0.004977399483323097,-0.31935742497444153,-0.07239199429750443 
0.5418275594711304,0.24744218587875366,0.06715278327465057 
-0.4762762188911438,0.13224059343338013,0.1532307118177414 
0.23359882831573486,-0.3001123070716858,0.36719197034835815 
0.525468111038208,-0.1622287631034851,-0.006758433301001787 
0.29242002964019775,-0.2947693467140198,-0.09702906757593155 
-0.4024139940738678,-0.5657281875610352,0.15225110948085785 
1.3142380714416504,0.4381631016731262,-0.7463326454162598 
0.4597366452217102,-0.6001123189926147,0.5193989276885986 
0.29242002964019775,-0.360402911901474,0.7246262431144714 
0.15586306154727936,-0.31112876534461975,-0.0240582637488842 
-0.36969515681266785,0.11140438914299011,0.0835905596613884 
0.4425935447216034,0.602647066116333,0.14725512266159058 
0.18329201638698578,-0.5228214859962463,-0.02146231010556221 
0.06560222804546356,0.03369327634572983,-0.14789995551109314 
-0.25459152460098267,0.7255793213844299,-0.1872801035642624 
-0.29260021448135376,-0.4754085838794708,0.08361014723777771 
-0.6240987181663513,-0.0370841883122921,0.13265898823738098 
-0.23000341653823853,-0.1879923939704895,-0.7479000091552734 
0.18054912984371185,-0.5280133485794067,0.1328549087047577 
0.5828729867935181,0.6535865664482117,-0.038478050380945206 
0.46247953176498413,0.10233323276042938,-0.004360359627753496 
0.1559610217809677,0.041920002549886703,-0.17797383666038513 
0.290558785200119,-0.5175315737724304,0.026136713102459908 
0.34482893347740173,0.07476714998483658,0.1532307118177414 
0.44395676255226135,0.10124588012695312,-0.7544633150100708 
0.35442906618118286,0.058329369872808456,0.00970873236656189 
0.22159458696842194,0.13224059343338013,0.1532307118177414 
-0.09039011597633362,-0.5286991000175476,-0.11351581662893295 
-0.29328593611717224,-0.2700832784175873,0.1409856379032135 
-0.21237055957317352,-0.04251119866967201,-0.1123402938246727 
-0.38434433937072754,0.3140104413032532,-0.14804279804229736 
0.6926867365837097,-0.34335777163505554,-0.17013698816299438 
0.5582849383354187,0.04192490130662918,0.1532307118177414 
0.6402778625488281,0.5271194577217102,0.08907634764909744 
0.8582849502563477,-0.2962918281555176,-0.14745503664016724 
-0.6405560374259949,-0.6001123189926147,-0.014908748678863049 
-0.6765075922012329,-0.05665669962763786,0.0753912627696991 
-0.11499779671430588,-0.6001123189926147,0.11649549752473831 
0.4748225510120392,-0.4754085838794708,-0.1748391091823578 
-0.550796389579773,-0.00011229515075683594,0.04256469011306763 
-0.4762762188911438,0.4852903485298157,0.1442183405160904 
-0.041125763207674026,0.22256019711494446,0.1532307118177414 
-0.2463628649711609,0.10124588757753372,-0.1134178563952446 
0.032147109508514404,0.017293691635131836,0.1532307267189026 
-0.1478145718574524,-0.6001123189926147,-0.1134178563952446 
-0.28897568583488464,0.6737663745880127,-0.003982231952250004 
-0.04115515202283859,-0.07190915197134018,-0.10861779749393463 
0.6920990347862244,0.6301739811897278,0.15176129341125488 
0.6321471333503723,0.24793197214603424,0.11649549752473831 
-0.607739269733429,0.38439100980758667,0.01790802739560604 
0.8974160552024841,-0.549869954586029,-0.7778759002685547 
-0.5170277953147888,-0.2126784473657608,-0.1748391091823578 
-0.45168814063072205,-0.3850889801979065,-0.1748391091823578 
0.7099277377128601,0.26360565423965454,0.0013566315174102783 
0.590069055557251,0.37866443395614624,-0.48786789178848267 
-1.3308756351470947,1.2532926797866821,0.05078357458114624 
-0.14791254699230194,-0.31935742497444153,-0.035833120346069336 
0.2545093297958374,-0.06485599279403687,-0.17797383666038513 
-0.710695743560791,0.5427932143211365,0.050763990730047226 
1.2075591087341309,-0.4267139732837677,-0.4557816982269287 
-1.0024139881134033,-1.2001123428344727,-0.7381039261817932 
-0.43492865562438965,0.7658410668373108,-0.19688022136688232 
0.37764570116996765,0.23607873916625977,0.0013713110238313675 
-0.35745012760162354,0.5099763870239258,0.026136713102459908 
-0.10686707496643066,0.26360565423965454,-0.1853208839893341 
0.2955547869205475,-0.6001123189926147,-0.08881017565727234 
0.4268749952316284,-0.791767954826355,0.4082668423652649 
0.7761939764022827,-0.8245847821235657,0.45323073863983154 
0.3201428949832916,0.41965678334236145,0.15283887088298798 
0.016347676515579224,-0.17976368963718414,-0.17797383666038513 
0.1767735332250595,-0.19875413179397583,-0.36418288946151733 
-0.48450493812561035,-0.1618369221687317,-0.09702906757593155 
0.5418275594711304,-0.21258047223091125,0.15225110948085785 
0.7760960459709167,0.13816308975219727,0.22758843004703522 
-0.6356580257415771,0.5306460857391357,0.07607699185609818 
-0.6158699989318848,0.09118533134460449,0.15225110948085785 
0.3738211393356323,-0.8342828154563904,-0.4779738485813141 
0.5090107917785645,0.09934543818235397,0.07538146525621414 
-0.5425970554351807,0.6248840689659119,0.7532307505607605 
-0.42700207233428955,0.3840970993041992,0.07535208016633987 
-0.1314551681280136,-0.22080914676189423,0.03210251033306122 
0.23403556644916534,-0.402525931596756,-0.11136069148778915 
-0.13968384265899658,0.1404692828655243,0.1532307118177414 
0.8911017179489136,-0.4615430533885956,-0.4463326036930084 
-0.5067868232727051,-0.7027218341827393,0.19343939423561096 
-0.5009623169898987,0.10614390671253204,-0.007215909194201231 
1.3105156421661377,0.3293371796607971,0.732854962348938 
0.49186769127845764,-0.3631457984447479,-0.17229212820529938 
-0.03291667252779007,0.37861135601997375,0.15225110948085785 
0.7022337913513184,-0.3001123070716858,-0.28207239508628845 
-0.36577266454696655,0.711428165435791,0.11252400279045105 
-0.5091909766197205,-0.03714296221733093,0.08360035717487335 
0.016337871551513672,0.6662234663963318,-0.5738731026649475 
0.41051554679870605,-0.1841874122619629,-0.23281782865524292 
0.7278546094894409,-0.24549520015716553,-0.07240178436040878 
-0.710695743560791,0.36215394735336304,0.08360035717487335 
-0.3109188675880432,0.7010974287986755,0.45102250576019287 
0.6568332314491272,-0.5657281875610352,0.15225110948085785 
0.1171155720949173,-0.15072250366210938,0.33441439270973206 
-0.35529497265815735,-0.12226086854934692,0.11649549752473831 
-0.5508061647415161,-0.6483986377716064,-0.7779738903045654 
0.664963960647583,-0.3686315715312958,0.1532307118177414 
-0.6941853165626526,0.7442449331283569,-0.14676930010318756 
0.2626400589942932,0.10124588757753372,0.026136713102459908 
0.5911017060279846,-0.44249382615089417,0.15225110948085785 
0.27096667885780334,-0.1879923939704895,-0.1550510823726654 
-0.16804751753807068,0.2187846153974533,-0.14676930010318756 
-0.35745012760162354,0.36274173855781555,0.050763990730047226 
-0.32470759749412537,0.3495701551437378,-0.1477489024400711 
-0.3449111580848694,-0.4917679727077484,0.1532307118177414 
0.5798362493515015,0.5588586926460266,-0.002807685174047947 
-0.2300034463405609,-0.344043493270874,-0.035833120346069336 
0.19690853357315063,0.36215394735336304,-0.1863984614610672 
0.6239185333251953,0.4360162019729614,0.1442183405160904 
-0.6158699989318848,-0.4754085838794708,0.1532307118177414 
0.5172394514083862,0.4689309298992157,0.1532307118177414 
0.607559084892273,0.11145336925983429,0.09181924909353256 
0.06562182307243347,-0.5280133485794067,0.07538146525621414 
0.3560943901538849,0.7056035995483398,0.034345805644989014 
-0.46804752945899963,-0.41790571808815,0.15274091064929962 
0.29242002964019775,-0.31935742497444153,0.05898287892341614 
-0.006141120567917824,-0.44249382615089417,-0.1381039172410965 
0.6567352414131165,-0.16154304146766663,0.09180945158004761 
-0.37047886848449707,0.6289004683494568,0.01274550799280405 
-0.01578337699174881,-0.5267398953437805,-0.07239199429750443 
0.6713314056396484,0.3689132630825043,0.07265816628932953 
-0.4433532953262329,0.11304855346679688,-0.21510088443756104 
0.710515558719635,0.5181071162223816,0.05897308140993118 
0.04918404668569565,-0.38861554861068726,-0.046550001949071884 
0.184324711561203,0.30303889513015747,-0.22460874915122986 
0.3858743906021118,0.5756099224090576,-0.007395176682621241 
-0.16427195072174072,-0.5298746228218079,-0.17562279105186462 
-0.5665958523750305,0.09934543818235397,0.10003813356161118 
0.35726991295814514,0.36274173855781555,0.09181924909353256 
0.3227878212928772,0.42778751254081726,-0.16269199550151825 
0.4022338092327118,0.24763810634613037,0.11639754474163055 
-0.6368783712387085,-0.2088048756122589,-0.3073236644268036 
0.7212912440299988,-0.25362592935562134,0.15313275158405304 
0.6026567220687866,0.7100117802619934,-0.8146111369132996 
-0.8173217177391052,-0.9001123309135437,0.16189609467983246 
-0.07017675042152405,-0.0774398148059845,0.11252400279045105 
-0.6487846970558167,-0.16252264380455017,0.10003813356161118 
0.4026256501674652,0.535250186920166,0.12462623417377472 
0.21346385776996613,-0.6001123189926147,0.058982882648706436 
0.350706547498703,0.4689309298992157,-0.007263909559696913 
-0.9240987300872803,-0.5126784443855286,0.12516090273857117 
-0.8867226243019104,0.7154976725578308,-0.8140233159065247 
-0.5009623169898987,0.06653846055269241,0.1442183405160904 
0.23805195093154907,0.501747727394104,-0.1874760091304779 
-0.5174196362495422,-0.16154304146766663,0.10003813356161118 
-0.4106426537036896,-0.31112876534461975,0.15283887088298798 
-0.02365371584892273,0.29263705015182495,0.2111702561378479 
0.03277566283941269,0.10124588757753372,0.034345805644989014 
-0.2425970733165741,0.8263357877731323,-0.14676930010318756 
-0.6076412796974182,-0.10590145736932755,0.15225110948085785 
-0.09418529272079468,-0.04462301731109619,-0.14676930010318756 
0.29242002964019775,-0.07298672199249268,0.0015035575488582253 
0.21780918538570404,0.0326596200466156,0.13721005618572235 
-0.09040971100330353,0.45247358083724976,0.15225110948085785 
0.12304628640413284,0.4031994342803955,0.1532307118177414 
0.620142936706543,-0.3001123070716858,0.43285492062568665 
-0.42803478240966797,-0.019357413053512573,0.2686534821987152 
-0.7280347943305969,-0.22903785109519958,0.0014996391255408525 
0.1312749832868576,-0.6001123189926147,-0.0970192700624466 
0.5335988402366638,0.29642245173454285,0.1532307118177414 
0.8418275713920593,-0.9001123309135437,-0.3149087727069855 
0.2708687484264374,0.4770616590976715,0.1532307118177414 
0.41046246886253357,-0.16154304146766663,-0.12987522780895233 
0.4196176826953888,0.36210912466049194,-0.1484346240758896 
0.29369354248046875,-0.5054824352264404,-0.17552483081817627 
0.024566566571593285,0.10124588757753372,-0.12164654582738876 
0.29927727580070496,0.6875788569450378,0.07538146525621414 
0.4597366154193878,0.4031994342803955,0.15225110948085785 
-0.20154182612895966,-0.2999163866043091,-0.1522550880908966 
0.7252097129821777,-0.16252264380455017,0.03091718629002571 
-0.3236537277698517,0.6084267497062683,-0.08882976323366165 
-0.2463628649711609,0.5345644950866699,0.15225110948085785 
-0.29260021448135376,-0.23726654052734375,-0.08060108870267868 
-0.21732169389724731,-0.3001123070716858,-0.3395458459854126 
0.02239184081554413,-0.22080914676189423,-0.10401365160942078 
0.2298232614994049,-0.2947693467140198,-0.035833120346069336 
-0.3752340078353882,0.5556708574295044,0.3179178237915039 
-0.21001951396465302,-0.11403219401836395,-0.1101851612329483 
0.04918404668569565,-0.2685159146785736,-0.17552483081817627 
-0.3569154143333435,-0.29609596729278564,0.1347610354423523 
-0.022282272577285767,0.40212753415107727,-0.4755248427391052 
-0.3948710262775421,0.602647066116333,0.14725512266159058 
-0.4028058350086212,0.535250186920166,0.08085745573043823 
-0.5170277953147888,-0.5245847702026367,-0.1748391091823578 
0.31191420555114746,-0.7059015035629272,0.7532307505607605 
-0.12322647869586945,0.6402639150619507,-0.1874760091304779 
0.1881900429725647,0.656721293926239,0.15283887088298798 
0.710515558719635,-0.03198044002056122,0.050763990730047226 
0.40453994274139404,0.3583489656448364,0.29268908500671387 
-0.3613685369491577,-0.16252264380455017,-0.09704865515232086 
0.1312749832868576,0.10124588757753372,0.08361014723777771 
0.32249391078948975,-0.09767278283834457,-0.1462346315383911 
-0.3622501790523529,0.03917514905333519,0.14039787650108337 
0.18877780437469482,-1.1999163627624512,-0.7704309225082397 
-0.704720139503479,-0.08121539652347565,-0.007305053062736988 
-0.3508867621421814,0.26360565423965454,-0.007244317792356014 
0.3541351854801178,-0.10590145736932755,-0.004311379510909319 
-0.5926002264022827,0.15305308997631073,-0.2574450969696045 
0.6156717538833618,-1.1287970542907715,0.14715716242790222 
-0.35529497265815735,0.4114281237125397,0.10826681554317474 
0.29242002964019775,-0.04839862510561943,0.0671919658780098 
-0.09418529272079468,-0.734265148639679,-0.4715084433555603 
0.15106301009655,-0.27615684270858765,-0.16719818115234375 
-0.2053174078464508,0.10124588757753372,0.058982882648706436 
0.27909740805625916,0.16505736112594604,-0.7874760627746582 
-0.3236537277698517,0.23078888654708862,-0.1381039172410965 
0.4597366154193878,-0.6001123189926147,0.075410857796669 
0.5993303656578064,-0.6001123189926147,0.03435560315847397 
-0.6405560374259949,-0.16252264380455017,-0.12987522780895233 
-0.43145519495010376,0.012879788875579834,-0.1477489024400711 
0.20523518323898315,0.37861135601997375,0.1532307118177414 
-0.6733728647232056,-0.2618546187877655,0.1532307118177414 
-0.23823215067386627,-0.03198044002056122,-0.17797383666038513 
-0.1561412215232849,0.6652438640594482,0.0179276205599308 
0.15208746492862701,0.4161832928657532,0.10439327359199524 
-0.179161936044693,-0.20444975793361664,-0.01496752630919218 
0.6763274073600769,0.0008559284033253789,0.10003813356161118 
-0.677193284034729,0.304651141166687,0.13265898823738098 
1.0098298788070679,-0.061080411076545715,-0.23285701870918274 
0.4186911880970001,0.3723418414592743,0.050763990730047226 
-0.07772794365882874,-0.4797636866569519,-0.14676930010318756 
0.6814212799072266,0.4689309298992157,0.1532307118177414 
-0.3082864582538605,-0.4797636866569519,-0.24632659554481506 
-0.49273359775543213,0.23588283360004425,0.07540106028318405 
0.42579740285873413,-0.09596255421638489,-0.14823871850967407 
-0.013759702444076538,0.4063872694969177,0.37814396619796753 
0.4925534129142761,0.2143315225839615,0.1442183405160904 
-0.2710489332675934,0.5756099224090576,-0.18610456585884094 
0.18054912984371185,-0.06485599279403687,-0.14741015434265137 
-0.42597758769989014,-0.6932196617126465,-0.14823871850967407 
0.5418275594711304,-0.31935742497444153,-0.1748391091823578 
-0.2935798466205597,0.009074816480278969,0.06718217581510544 
0.26707354187965393,-0.5673403739929199,-0.3559836149215698 
0.001761354855261743,-0.31112876534461975,-0.006673207972198725 
0.04095536470413208,0.501747727394104,-0.1853208839893341 
-1.2816014289855957,-0.41025662422180176,0.752251148223877 
0.5335988402366638,-0.16154304146766663,-0.1134178563952446 
-0.558367133140564,0.3723418414592743,0.10826681554317474 
-0.6323273181915283,-0.025035042315721512,0.009689140133559704 
-0.7280347943305969,-0.40967705845832825,0.026136713102459908 
-0.293383926153183,-0.344043493270874,0.009679343551397324 
0.3094375431537628,-0.08420729637145996,-0.4107729494571686 
-0.3236537277698517,0.4031994342803955,-0.0313563235104084 
0.4186911880970001,-0.45072251558303833,0.1532307118177414 
-0.5420077443122864,0.5181071162223816,0.15225110948085785 
-0.32470759749412537,-0.3976728022098541,0.12202617526054382 
-0.365762859582901,0.9662234783172607,-0.3477745056152344 
-0.14849206805229187,-0.07298672199249268,-0.4467692971229553 
0.29242002964019775,0.009084613062441349,-0.06418289244174957 
0.14773234724998474,-0.5280133485794067,0.07538146525621414 
0.24628065526485443,-0.3917502760887146,-0.17552483081817627 
0.45596104860305786,-0.19875413179397583,-0.3477647304534912 
0.5911017060279846,-0.16154304146766663,0.009679343551397324 
-0.29328593611717224,-0.3932196795940399,0.06717237830162048 
-0.2710489332675934,0.23078888654708862,0.15225110948085785 
-0.2628202438354492,-0.6001123189926147,0.10826681554317474 
-0.0209026038646698,-0.3001123070716858,0.35077381134033203 
-1.3280348777770996,-0.44249385595321655,-0.6970291137695312 
0.6814212799072266,-0.6001123189926147,0.09182903915643692 
-0.3236537277698517,0.5345644950866699,-0.07241158187389374 
-0.5994126200675964,0.4114281237125397,0.15254497528076172 
0.6366002559661865,0.021108478307724,-0.14676930010318756 
-0.18508446216583252,0.5800630450248718,-0.14676930010318756 
-0.18895798921585083,0.10124588757753372,-0.08060108870267868 
0.5090107917785645,-0.6001123189926147,-0.14633259177207947 
-0.5337790250778198,0.24773605167865753,0.0013526985421776772 
0.1312749832868576,-0.26773226261138916,-0.0724409744143486 
-0.35529497265815735,-0.089444100856781,-0.5656542181968689 
-0.05208754539489746,0.6572111248970032,-0.17954121530056 
0.20523518323898315,-0.5280133485794067,-0.08881017565727234 
0.09023931622505188,1.266223430633545,0.09180945158004761 
0.6247470378875732,0.9577009081840515,-0.14804279804229736 
0.034823037683963776,-0.10864435881376266,-0.1099892407655716 
0.18877780437469482,0.6659295558929443,-0.09702906757593155 
0.4142380952835083,-0.3001123070716858,0.28509125113487244 
0.14773234724998474,-0.39057472348213196,-0.06419268995523453 
-0.6765075922012329,0.4852903485298157,0.10003813356161118 
0.3940051198005676,0.025483204051852226,0.1442183405160904 
-0.22618868947029114,0.5800630450248718,0.11252400279045105 
0.3650619387626648,-0.3001123070716858,0.21939891576766968 
-0.22451767325401306,0.6572111248970032,-0.17954121530056 
0.6782865524291992,0.4141709804534912,-0.004363298416137695 
-0.5337790250778198,0.5757079124450684,-0.00716888764873147 
-0.42803478240966797,-0.5125805139541626,0.1783534586429596 
0.054660044610500336,0.6572111248970032,-0.17983509600162506 
-0.5628202557563782,0.004651129245758057,0.11467912793159485 
-0.7280347943305969,-0.1879923939704895,0.05897308140993118 
-0.09039991348981857,-0.14949388802051544,-0.11224233359098434 
-0.3184618055820465,-0.35217422246932983,-0.17787587642669678 
-0.24646084010601044,-0.5287970304489136,-0.0806402638554573 
0.6403758525848389,0.5427932143211365,0.1532307118177414 
-0.6487846970558167,0.09959035366773605,0.0013360453303903341 
-0.3298252522945404,0.17877183854579926,-0.009919620119035244 
-0.8792776465415955,-0.6001123189926147,-0.12987522780895233 
0.29410380125045776,-0.05217421054840088,-0.47052884101867676 
-0.4696597754955292,0.020512491464614868,-0.4102831482887268 
-0.3777279257774353,-0.6001123189926147,0.05898287892341614 
0.4925534129142761,0.3456965982913971,0.15254497528076172 
-0.4024139940738678,0.1732860505580902,0.1532307118177414 
-0.5748245716094971,-0.35217422246932983,0.1532307118177414 
-0.6076412796974182,-0.21258047223091125,0.15225110948085785 
0.7268750071525574,-0.40967705845832825,0.05897308140993118 
-0.05756353959441185,0.5181071162223816,-0.1874760091304779 
-0.48450493812561035,-0.6001123189926147,0.075410857796669 
0.02458617091178894,-0.44317132234573364,-0.7863984704017639 
0.6081464290618896,-1.2001123428344727,-0.7051892280578613 
0.35511478781700134,0.4689309298992157,0.11649549752473831 
-0.4599168002605438,-0.5245847702026367,0.15225110948085785 
-0.16427195072174072,0.42778751254081726,0.15225110948085785 
0.37822526693344116,0.6662234663963318,-0.04777449369430542 
0.20523518323898315,0.10124588757753372,0.10003813356161118 
0.23805195093154907,0.3128798007965088,-0.1874760091304779 
-0.29387372732162476,0.017283909022808075,-0.17552483081817627 
0.5993303656578064,0.38439100980758667,0.11639754474163055 
-0.5395587682723999,0.5672833323478699,0.10003813356161118 
-0.6569154262542725,0.36215394735336304,0.1532307118177414 
1.344801664352417,1.2434966564178467,-0.5978235006332397 
0.2626400589942932,-0.6001123189926147,-0.16269199550151825 
0.05344945192337036,-0.6959625482559204,-0.4704309105873108 
-0.29260021448135376,-0.7551756501197815,-0.1134178638458252 
0.6486045122146606,-0.17976368963718414,0.1532307118177414 
-0.2053174078464508,-0.5280133485794067,0.14108361303806305 
-0.6405560374259949,0.23588283360004425,0.09182903915643692 
0.27890148758888245,0.1012948602437973,-0.14633259177207947 
0.3611883521080017,-0.6001123189926147,-0.12987522780895233 
0.7278546094894409,-0.5410420894622803,-0.031346529722213745 
0.6763274073600769,0.46883299946784973,0.08360035717487335 
0.2051372081041336,0.0665188729763031,-0.14789995551109314 
-0.3236537277698517,0.2881937623023987,-0.10528713464736938 
-0.7061895728111267,-0.6001123189926147,0.058982882648706436 
-1.256523609161377,-1.1995246410369873,0.1512715071439743 
-0.24646084010601044,0.6652438640594482,0.09180945158004761 
-0.32032307982444763,0.2718343436717987,0.1532307118177414 
0.2342371642589569,0.29206734895706177,-0.1477489024400711 
-0.710695743560791,0.06654825806617737,0.0753912627696991 
-0.02365371584892273,-0.2252524495124817,-0.3724116086959839 
-0.5543507933616638,-0.4151628613471985,-0.17356561124324799 
-0.16427195072174072,0.2390175610780716,-0.1874760091304779 
-0.35529497265815735,-0.06485599279403687,0.09181924909353256 
-0.5995105504989624,0.6024511456489563,0.10003813356161118 
0.1970064789056778,-0.4589511752128601,-0.035833120346069336 
0.6224939227104187,-0.011708289384841919,-0.4135158360004425 
0.09400510787963867,0.4112182855606079,-0.2986384928226471 
0.5527991652488708,0.6150880455970764,0.023090140894055367 
0.2658098638057709,-0.7027218341827393,0.23453381657600403 
-0.4084426760673523,0.3343907594680786,-0.14931626617908478 
-0.6765075922012329,0.4114281237125397,0.06717237830162048 
-0.2871144711971283,0.3703826367855072,-0.18737804889678955 
0.4159482717514038,0.09663193672895432,0.13922235369682312 
0.39787864685058594,-0.1513020545244217,-0.14716114103794098 
-0.45643511414527893,0.1859760582447052,0.11291584372520447 
0.39023932814598083,-0.134746715426445,0.11360155045986176 
-0.3236537277698517,0.4852903485298157,-0.1381039172410965 
0.04918404668569565,-0.4999966621398926,-0.035833120346069336 
-0.18895798921585083,-0.22080914676189423,-0.11008720099925995 
-0.5255504250526428,0.19787414371967316,0.1442183405160904 
0.31191420555114746,-0.45072251558303833,0.15254497528076172 
0.32523682713508606,0.3703826367855072,-0.01517324335873127 
0.7278546094894409,-0.25362592935562134,0.09181924909353256 
0.6486045122146606,-0.056607719510793686,0.1532307118177414 
0.3547229468822479,-0.1304895430803299,0.11649549752473831 
0.704539954662323,-0.13871824741363525,0.15313273668289185 
-0.5255504250526428,0.26360565423965454,0.15225110948085785 
0.33493492007255554,-0.27831199765205383,-0.16739411652088165 
-0.29824158549308777,-0.4387182593345642,0.2604541778564453 
0.15208746492862701,0.1365957260131836,0.3530268967151642 
-0.7172591686248779,0.6049001216888428,0.08634325116872787 
0.0017584162997081876,-0.4261344075202942,0.0179276205599308 
-0.08218102902173996,0.0801059901714325,-0.1703329235315323 
0.5007821321487427,-0.025035042315721512,0.10003813356161118 
-0.21374200284481049,-0.5281113386154175,0.0015074759721755981 
0.3227878212928772,-0.12226086854934692,-0.08885915577411652 
-0.0999118760228157,-0.3937094807624817,-0.17346766591072083 
-0.05754394829273224,-1.1342828273773193,-0.17797383666038513 
0.6403758525848389,0.6529008150100708,-0.015026302076876163 
0.6978786587715149,0.4770616590976715,-0.007395176682621241 
0.11481759697198868,-0.1551756113767624,-0.14789995551109314 
-0.685956597328186,-0.5053313970565796,0.12525886297225952 
-0.16436989605426788,-0.01984313130378723,-0.07238219678401947 
-0.1742108315229416,-0.19639328122138977,0.12437722086906433 
-0.2551710903644562,-0.01555246114730835,0.5926048755645752 
-0.4271000325679779,0.009065019898116589,0.1442183405160904 
0.5747422575950623,-0.031402476131916046,-0.00723256217315793 
0.35726991295814514,0.12258169054985046,0.09181924909353256 
-0.39418530464172363,-0.16154304146766663,0.09180945158004761 
-0.0071021136827766895,0.5591526031494141,-0.1872801035642624 
-0.31209439039230347,-0.20444975793361664,0.15225110948085785 
0.7641897201538086,-1.1820876598358154,0.7532307505607605 
0.45150795578956604,-0.5492708086967468,-0.1748391091823578 
-0.117740698158741,-0.2683199942111969,-0.02655625529587269 
0.3694170415401459,0.6385006308555603,0.006067538633942604 
-0.2053174078464508,0.3128798007965088,0.15225110948085785 
0.5090107917785645,-0.27831199765205383,0.1532307118177414 
0.6321471333503723,-0.4999966621398926,0.15225110948085785 
0.1312749832868576,-0.4917679727077484,-0.024714600294828415 
-0.5748245716094971,-0.6001123189926147,-0.05596400424838066 
0.3234735429286957,0.49351900815963745,-0.080620676279068 
-0.4352307617664337,0.09934543818235397,0.09179964661598206 
-0.11499779671430588,0.35392528772354126,-0.1853208839893341 
0.29242002964019775,-0.45072251558303833,0.034345805644989014 
-0.12322647869586945,-0.04093402624130249,-0.6231276988983154 
0.4844226837158203,0.23588283360004425,0.08361014723777771 
0.29242002964019775,0.025502797216176987,0.0671919658780098 
-1.0280348062515259,-0.12613439559936523,-0.33955562114715576 
0.39845818281173706,0.9662234783172607,0.24401640892028809 
0.525468111038208,0.24793197214603424,0.00970873236656189 
0.4419078230857849,0.5550382733345032,0.050763990730047226 
0.6721150875091553,0.6077409982681274,0.0753912627696991 
-0.4024139940738678,0.24744218587875366,0.017937414348125458 
0.5911017060279846,0.6020593047142029,0.07540106028318405 
0.657616913318634,-0.5322256684303284,-0.17385949194431305 
0.6896499991416931,0.11582241207361221,-0.007395176682621241 
0.29242002964019775,-0.4754085838794708,-0.08060108870267868 
-0.3904097080230713,-0.32512322068214417,-0.26593828201293945 
0.6403758525848389,-0.16252264380455017,-0.1134178563952446 
-0.8173217177391052,-0.49622106552124023,-0.1477489024400711 
0.20136162638664246,0.4012458920478821,0.2932925224304199 
0.2626400589942932,-0.4261344075202942,-0.023734992370009422 
-0.1561412215232849,-0.45072251558303833,-0.023734992370009422 
-0.4681455194950104,-0.16252264380455017,-0.023147230967879295 
-0.710695743560791,0.1404692828655243,0.05897308140993118 
-0.04113556072115898,0.6662234663963318,0.09180945158004761 
0.29242002964019775,0.058348964899778366,-0.023127637803554535 
-0.28365233540534973,0.3008657395839691,0.12202617526054382 
-0.3236537277698517,-0.056627307087183,-0.05599339306354523 
-0.3366824686527252,-0.6001123189926147,-0.1134178563952446 
0.6546249985694885,0.012879788875579834,0.3096989393234253 
-0.3285517394542694,0.33746790885925293,0.1532307118177414 
0.607559084892273,-0.6001123189926147,-0.10518917441368103 
0.0984581857919693,0.10124588757753372,-0.08060108870267868 
0.061188340187072754,-0.0358147919178009,-0.14676930010318756 
0.12749938666820526,0.12846499681472778,-0.4779738485813141 
-0.09039011597633362,0.18974341452121735,0.1532307118177414 
-0.2463628649711609,0.1732860505580902,0.15225110948085785 
-0.2004193812608719,-0.032029420137405396,0.0014839657815173268 
-0.6508418917655945,-0.47815147042274475,-0.17219416797161102 
-0.10686707496643066,-0.4917679727077484,-0.035833120346069336 
-0.5830531716346741,-0.02553464099764824,0.09178005903959274 
-0.15604326128959656,-0.07602348923683167,-0.1101851612329483 
-0.003465622663497925,0.013565510511398315,0.11957716941833496 
-0.558367133140564,0.6532926559448242,-0.023166820406913757 
-0.1314551681280136,-0.39057472348213196,-0.12164654582738876 
0.6763274073600769,0.06653846055269241,0.10003813356161118 
0.597612738609314,0.22313976287841797,-0.6208255887031555 
0.5828729867935181,0.09934543818235397,0.0343262143433094 
-0.5709061026573181,-0.27831199765205383,-0.17366357147693634 
0.7103196382522583,0.5427932143211365,0.001341922557912767 
-0.5420077443122864,0.10759372264146805,0.15303479135036469 
-0.06576284021139145,-0.17976368963718414,0.03210251033306122 
-0.29779213666915894,0.5235928893089294,-0.18159838020801544 
0.6567352414131165,0.23588283360004425,0.00970873236656189 
-0.33232730627059937,-0.1513020545244217,0.452251136302948 
0.285856693983078,0.5927530527114868,-0.1862025260925293 
0.6239185333251953,-0.2537238895893097,-0.1748391091823578 
0.27529242634773254,0.2806466817855835,0.2111702561378479 
0.026163320988416672,-0.2607770264148712,-0.0614497996866703 
-0.5995105504989624,0.5756099224090576,-0.007395176682621241 
-0.397960901260376,0.16893091797828674,-0.14676930010318756 
-0.31209439039230347,0.5105559229850769,-0.4474550485610962 
0.14773234724998474,-0.5283072590827942,-0.170528843998909 
0.5920813083648682,0.5539606809616089,0.10826681554317474 
-0.041125763207674026,-0.22903785109519958,-0.17797383666038513 
0.38132333755493164,-0.586540699005127,0.12516090273857117 
-0.25459152460098267,0.42778751254081726,0.15225110948085785 
0.057393141090869904,-0.33581480383872986,-0.023734992370009422 
0.7278546094894409,-0.4999966621398926,0.050763990730047226 
0.23805195093154907,-0.5280133485794067,0.12462623417377472 
0.5582849383354187,-0.025035042315721512,0.09181924909353256 
-0.2992172837257385,0.029337197542190552,0.11271990835666656 
0.02895107865333557,0.4015103876590729,-0.1522550880908966 
0.7278546094894409,-0.5492708086967468,0.09181924909353256 
-0.35529497265815735,0.29642245173454285,0.04255490005016327 
0.29242002964019775,-0.20444975793361664,-0.03133672848343849 
0.5172394514083862,0.3723418414592743,0.050763990730047226 
-0.4106426537036896,-0.6001123189926147,-0.03133672848343849 
-0.45168814063072205,0.09934543818235397,0.0343262143433094 
0.5828729867935181,-0.17153501510620117,0.15274091064929962 
0.480549156665802,0.12846499681472778,-0.4478999674320221 
-0.4970887303352356,-0.3001123070716858,0.2768723666667938 
-0.5255504250526428,-0.12226086854934692,0.15225110948085785 
0.6529596447944641,0.4322406053543091,0.45323073863983154 
-0.2935798466205597,-0.04839862510561943,0.04255490005016327 
-0.05756353959441185,0.025483204051852226,-0.14789995551109314 
-0.04930546507239342,0.28006303310394287,-0.1863984614610672 
0.43514853715896606,-0.3275861144065857,0.1532307118177414 
0.6119142174720764,-0.3001123070716858,-0.3149087727069855 
0.4432792663574219,-0.3850889801979065,0.1532307118177414 
0.6020733118057251,-0.5612220168113708,-0.17366357147693634 
-0.3411257863044739,-0.4260813593864441,0.3328862190246582 
0.29242002964019775,0.025502797216176987,0.14108361303806305 
-0.42803478240966797,-0.8410421013832092,-0.2985003590583801 
0.5335988402366638,0.37841543555259705,-0.007233541924506426 
0.4460221529006958,0.6154798865318298,0.023609332740306854 
-0.39418530464172363,-0.5565198659896851,-0.17474114894866943 
0.18500220775604248,-0.3001123070716858,-0.24101713299751282 
0.29242002964019775,-0.1879923939704895,0.09181924909353256 
0.2298232614994049,0.6652438640594482,-0.0313563235104084 
0.480549156665802,0.8427932262420654,-0.14676930010318756 
-0.3613685369491577,-0.1622287631034851,-0.03956541419029236 
0.4022338092327118,-0.6001123189926147,0.075410857796669 
-0.3236537277698517,0.641341507434845,0.12462623417377472 
0.24245606362819672,-0.9001123309135437,0.41649550199508667 
-0.038402460515499115,0.7128526568412781,-0.17346766591072083 
-0.16265970468521118,-0.5306052565574646,-0.4723901152610779 
-0.48450493812561035,0.602744996547699,0.0917898565530777 
-0.5584651231765747,-0.5732711553573608,-0.16739411652088165 
-0.3592134118080139,-0.2865406572818756,-0.17356561124324799 
0.4142380952835083,-0.8246827721595764,-0.14676930010318756 
-0.4642719626426697,-0.5723364353179932,0.12212413549423218 
0.6650619506835938,-0.2618546187877655,0.1532307118177414 
-0.3137597441673279,0.7063872814178467,-0.6450217962265015 
-0.6493349075317383,-1.1903162002563477,-0.17797383666038513 
-0.6733728647232056,-0.12226086854934692,0.13922235369682312 
-0.5392648577690125,0.37459492683410645,-0.004362319130450487 
