0.45445501804351807,0.332114577293396,0.0030660463962703943 
-0.8049066662788391,-0.6889104247093201,-0.11832190304994583 
-0.8069208264350891,0.51025390625,0.033216096460819244 
0.5753359794616699,-0.4770176112651825,-0.35931670665740967 
0.06423503905534744,-0.3678375780582428,-0.018897373229265213 
0.6051640510559082,-0.1876567006111145,0.03350382298231125 
-0.36388450860977173,0.10387174785137177,0.23753204941749573 
-0.07478668540716171,0.3314432203769684,-0.008634988218545914 
0.4561814069747925,-0.20402304828166962,-0.2729633152484894 
0.30499276518821716,-0.09199069440364838,0.23839524388313293 
0.35464683175086975,-0.6857454180717468,-0.13903850317001343 
-0.30831825733184814,-0.5195673704147339,-0.020911477506160736 
-0.7934934496879578,-0.1038312241435051,-0.22054293751716614 
-0.21320968866348267,0.5106375813484192,0.02755739539861679 
-0.7046189308166504,0.2587433457374573,-0.03875076398253441 
0.8039172291755676,-0.045554839074611664,0.06335925310850143 
-0.02748791128396988,0.710637629032135,0.22755739092826843 
-0.21873821318149567,-0.20383122563362122,-0.12054292857646942 
-0.1305968016386032,0.008043838664889336,0.1375320553779602 
-0.39156827330589294,0.3244417607784271,0.010451137088239193 
0.41167908906936646,-0.21466907858848572,0.04190964996814728 
0.7921202778816223,-0.30421486496925354,-0.5788823366165161 
0.3505226969718933,0.5099661946296692,0.03350382298231125 
0.18590663373470306,0.3303881883621216,0.11978868395090103 
0.7066985964775085,-0.20833899080753326,-0.1409430205821991 
-0.41608697175979614,-0.374421089887619,0.2350383698940277 
-0.6043311953544617,-0.18976673483848572,0.03446293622255325 
0.48466670513153076,-0.39114370942115784,-0.4600839912891388 
0.7030540704727173,-0.5040299892425537,-0.017938271164894104 
-0.7048107981681824,0.008833179250359535,0.030016792938113213 
0.41670069098472595,0.10288387537002563,0.03570977598428726 
-0.40822234749794006,-0.008639030158519745,-0.1355857402086258 
-0.027133047580718994,0.23415607213974,0.06105741485953331 
0.16355407238006592,-0.010990232229232788,-0.12359696626663208 
-0.4600480794906616,-0.20421487092971802,-0.05141090229153633 
-0.09034331142902374,-0.21466907858848572,0.11978868395090103 
0.2948605418205261,0.17463015019893646,-0.009114532731473446 
0.17772001028060913,-0.6906368136405945,0.06460609287023544 
-0.5793603658676147,0.3244417607784271,0.13427111506462097 
0.0820702388882637,-0.31447726488113403,0.2343670129776001 
0.3403835892677307,-0.30392715334892273,-0.01757930964231491 
-0.6090307831764221,0.5687865018844604,0.06777112185955048 
-0.2226705253124237,0.3245376944541931,0.1364770382642746 
-0.518361508846283,0.17050601541996002,-0.014197769574820995 
-0.1089482232928276,0.275589257478714,0.03810752183198929 
0.06907850503921509,0.4649501144886017,-0.016883255913853645 
0.46414193511009216,-0.387307345867157,-0.035393908619880676 
0.39220932126045227,0.00614481745287776,-0.018034182488918304 
-0.70903080701828,-0.39507606625556946,-0.035585734993219376 
-0.2705639600753784,0.07347922772169113,0.23849114775657654 
-0.4198274612426758,0.6116583347320557,0.06134514883160591 
0.4584832191467285,0.5233593583106995,-0.03884667530655861 
-0.5300624966621399,-0.20833899080753326,0.13570977747440338 
0.3590587079524994,-0.30344757437705994,-0.5787864327430725 
-0.6022211909294128,0.2745342552661896,0.03110606223344803 
0.4448639750480652,0.17616471648216248,0.11019767820835114 
0.6793642044067383,-0.39114370942115784,-0.4599880576133728 
-0.16435715556144714,0.17664426565170288,0.03673050180077553 
0.5906473994255066,-0.21466907858848572,0.010834770277142525 
0.39349040389060974,-0.6709752082824707,-0.3635367751121521 
-0.3226088583469391,-0.09152047336101532,-0.02359696477651596 
0.8020949363708496,0.10922065377235413,0.03724432736635208 
-0.3224170506000519,-0.34443551301956177,-0.035489823669195175 
0.6373555660247803,-0.21466907858848572,-0.31219056248664856 
0.05635533109307289,-0.31457316875457764,-0.2203894853591919 
0.042083900421857834,-0.09580215811729431,0.08263719081878662 
-0.5365844368934631,0.004197841975837946,-0.017362814396619797 
-0.05933007597923279,0.10294142365455627,0.23091423511505127 
0.15483175218105316,0.1697387397289276,0.12352916598320007 
0.46999242901802063,-0.21466907858848572,-0.1098201721906662 
-0.28884851932525635,0.009473858401179314,0.11163631081581116 
0.36880725622177124,0.32846999168395996,0.13849113881587982 
0.23395763337612152,0.004197841975837946,-0.017362814396619797 
0.6944221258163452,-0.3276512324810028,-0.0377916619181633 
0.27932310104370117,0.3316349983215332,-0.012375474907457829 
0.07810365408658981,0.3015192449092865,-0.02474789135158062 
0.006947921123355627,0.3303881883621216,0.12362509220838547 
0.36180579662323,0.009447004646062851,0.13551795482635498 
-0.23820795118808746,0.3314432203769684,-0.01544460840523243 
-0.6274113059043884,-0.20421487092971802,0.01860349252820015 
0.8071781992912292,-0.1976587176322937,-0.13146160542964935 
0.5610111355781555,0.009662801399827003,-0.01007363572716713 
0.35474273562431335,0.24969351291656494,-0.13884668052196503 
-0.5495322346687317,0.3243458569049835,-0.014005959965288639 
-0.5482854247093201,0.17664426565170288,0.1362852156162262 
-0.21490180492401123,-0.20421487092971802,0.030304526910185814 
0.17279982566833496,0.7105417251586914,0.07582758367061615 
0.3027251660823822,0.17031419277191162,0.13570977747440338 
0.5206329822540283,-0.2137099653482437,0.13551795482635498 
-0.7952198386192322,0.7080480456352234,-0.10863499343395233 
-0.5054478645324707,0.10946138948202133,0.2338874638080597 
0.06362122297286987,-0.2734619975090027,0.0847814753651619 
0.10035479813814163,-0.21466907858848572,-0.1098201721906662 
-0.19408930838108063,0.002701643854379654,0.009108386933803558 
0.27548670768737793,-0.21466907858848572,0.02253580465912819 
-0.7050985097885132,0.33201864361763,0.07701276987791061 
0.5751098990440369,-0.20421487092971802,-0.1915356069803238 
-0.3937741816043854,0.00947289913892746,0.02253580465912819 
-0.3127301335334778,0.22364023327827454,-0.017266903072595596 
-0.6090307831764221,-0.2070579081773758,0.07218299061059952 
-0.43280962109565735,0.32683950662612915,0.13302427530288696 
-0.40163880586624146,-0.20421487092971802,0.06914813071489334 
-0.2471618950366974,-0.1034475788474083,-0.22055251896381378 
0.10812351852655411,0.0023275946732610464,0.02253580465912819 
-0.04364467039704323,0.17693199217319489,-0.004702677484601736 
-0.3421402871608734,0.27127331495285034,0.03743615001440048 
0.5547427535057068,-0.010990232229232788,-0.13894258439540863 
0.5789463520050049,-0.21466907858848572,-0.42507678270339966 
-0.6947402358055115,0.13415607810020447,-0.02868020161986351 
-0.46900203824043274,-0.31466907262802124,-0.2137141227722168 
-0.04364467039704323,-0.20421487092971802,0.0030660463962703943 
0.31826260685920715,-0.20833899080753326,0.1360933929681778 
0.1586681604385376,-0.20421487092971802,-0.004702677484601736 
0.4532698094844818,-0.1146690770983696,-0.17868775129318237 
0.7057395577430725,-0.20421487092971802,0.0289617907255888 
0.1781379133462906,0.17060193419456482,0.009204298257827759 
-0.6090307831764221,-0.17442110180854797,-0.12398061156272888 
-0.20590953528881073,0.4321145713329315,0.2158563733100891 
-0.31014057993888855,0.6099662184715271,0.0134243443608284 
-0.40940752625465393,0.17050601541996002,0.033853206783533096 
0.6295868754386902,-0.20421487092971802,0.11585637181997299 
0.06363081187009811,-0.4807237684726715,-0.035393908619880676 
-0.61954665184021,0.1778910905122757,0.05361068248748779 
-0.3171420097351074,0.2993133068084717,0.0860283151268959 
-0.21982747316360474,0.30270445346832275,0.06134514883160591 
-0.3139769434928894,-0.23548156023025513,-0.0008662642212584615 
0.5793299674987793,-0.4414965510368347,-0.4621939957141876 
-0.040955089032649994,-0.31466907262802124,-0.1475744992494583 
-0.23437155783176422,-0.20546169579029083,0.13551795482635498 
-0.6364268660545349,-0.20383122563362122,0.13551795482635498 
-0.11496344953775406,0.17539742588996887,0.1377238780260086 
0.06565451622009277,0.16542278230190277,0.0645444393157959 
0.46347054839134216,-0.2835325598716736,-0.018801461905241013 
0.06421585381031036,-0.24718262255191803,-0.018801461905241013 
0.1703692078590393,0.3303881883621216,0.010834770277142525 
0.4777611792087555,-0.21466907858848572,-0.3783685564994812 
-0.8078799247741699,0.10660518705844879,0.23321610689163208 
-0.522293746471405,-0.21466907858848572,0.034140925854444504 
0.5984160900115967,-0.20421487092971802,-0.09036000818014145 
-0.5975216031074524,0.2676972448825836,0.06134514883160591 
0.6371637582778931,0.009470981545746326,0.057351186871528625 
0.5018345713615417,-0.28784850239753723,-0.44387516379356384 
0.47286975383758545,0.009474817663431168,0.04632151871919632 
0.006947921123355627,-0.2037353217601776,0.13417518138885498 
0.4583873450756073,0.5900169610977173,0.034140925854444504 
0.2947646379470825,0.009474817663431168,0.06320170313119888 
0.46414193511009216,0.4221741855144501,-0.035393908619880676 
0.7064108848571777,-0.2116958647966385,-0.38220492005348206 
0.46136051416397095,0.32894954085350037,0.10751217603683472 
-0.003577515482902527,0.4314432144165039,0.18084916472434998 
0.6598944664001465,-0.2968640625476837,-0.44598516821861267 
-0.6090307831764221,-0.5923289656639099,0.07208707928657532 
-0.3171420097351074,0.14461027085781097,0.06272216141223907 
0.38050830364227295,0.16993054747581482,0.03596322238445282 
0.2806658446788788,0.3241540491580963,0.08411011099815369 
-0.5054135918617249,0.3241540491580963,0.07183361798524857 
-0.7079758644104004,-0.2035434991121292,0.06886039674282074 
0.5496594905853271,-0.17346200346946716,0.2158563733100891 
-0.28750577569007874,0.0027400082908570766,-0.003359927097335458 
0.4610385298728943,0.4321145713329315,0.13414092361927032 
0.5439391732215881,-0.20411895215511322,-0.31219056248664856 
0.7032458782196045,-0.20411895215511322,-0.24602214992046356 
-0.042484164237976074,0.009474817663431168,0.08852199465036392 
-0.17596228420734406,0.32971683144569397,0.054090242832899094 
-0.6117779612541199,0.004888394847512245,0.04181373864412308 
-0.6179162263870239,0.3243458569049835,0.047951988875865936 
0.4501390755176544,-0.47679150104522705,-0.01908918283879757 
0.5892703533172607,-0.5808197259902954,-0.3447383642196655 
0.5501390695571899,0.3405204117298126,0.062496062368154526 
0.6584558486938477,-0.48849251866340637,-0.45615166425704956 
0.011158376932144165,0.3244417607784271,0.033853206783533096 
0.5011632442474365,-0.21466907858848572,0.03807325288653374 
0.6993135809898376,-0.41454580426216125,-0.017746446654200554 
-0.4600480794906616,0.17031419277191162,0.12458418309688568 
0.7996013164520264,-0.6914041042327881,-0.13194113969802856 
-0.5288156867027283,0.0023659581784158945,0.07173770666122437 
-0.3769899308681488,0.0023755496367812157,0.12257007509469986 
-0.12541764974594116,-0.20421487092971802,0.03807325288653374 
0.24431592226028442,0.17721973359584808,0.07308044284582138 
0.46174415946006775,0.06412249058485031,-0.03865485265851021 
0.6918325424194336,-0.2037353217601776,-0.05534321814775467 
-0.6093185544013977,0.07635653764009476,0.14603379368782043 
0.11205584555864334,-0.20421487092971802,0.08084916323423386 
-0.036445923149585724,0.14855627715587616,-0.13136568665504456 
0.605931282043457,0.15694841742515564,0.15620025992393494 
0.17760491371154785,0.3184610903263092,-0.11841781437397003 
-0.30822235345840454,-0.4378519654273987,-0.035585734993219376 
0.1273055523633957,0.009474817663431168,0.10933448374271393 
-0.23820795118808746,0.1778910905122757,-0.0008662642212584615 
0.39997807145118713,-0.20421487092971802,0.12362509220838547 
-0.20320077240467072,0.0027304168324917555,0.09859254211187363 
0.4700883626937866,-0.20421487092971802,-0.1915356069803238 
-0.4127301275730133,0.20535564422607422,0.06124923750758171 
0.46414193511009216,-0.029274793341755867,-0.035393908619880676 
0.09520991891622543,0.10947482287883759,-0.043032463639974594 
0.6080071330070496,0.009462349116802216,0.13321609795093536 
0.7001767158508301,-0.02340509183704853,0.01860349252820015 
-0.28884851932525635,-0.21466907858848572,0.07308044284582138 
0.11550310254096985,0.10947482287883759,0.1326063722372055 
-0.0592108890414238,0.16993054747581482,0.07384771853685379 
0.038070760667324066,-0.20421487092971802,0.04977428540587425 
-0.6956993341445923,-0.18493692576885223,-0.0377916619181633 
-0.4678167998790741,0.32856589555740356,-0.011320473626255989 
0.0635540783405304,0.37930235266685486,-0.02868020161986351 
-0.7046189308166504,-0.029274793341755867,-0.03875076398253441 
0.5284017324447632,-0.20421487092971802,-0.05534321814775467 
-0.23820795118808746,-0.21466907858848572,-0.043642185628414154 
0.16592305898666382,0.0707252100110054,0.06124923750758171 
0.6068904399871826,-0.3121754229068756,0.20808765292167664 
-0.45227935910224915,-0.21466907858848572,0.1275573968887329 
-0.5690020322799683,-0.21466907858848572,-0.03194114565849304 
-0.3471618890762329,-0.2037353217601776,0.12372098863124847 
-0.22541764378547668,-0.30833899974823,-0.022681720554828644 
0.022504543885588646,-0.20421487092971802,-0.08258169889450073 
0.3973884880542755,0.0036319727078080177,0.05974893644452095 
0.3104938864707947,0.0050993976183235645,-0.011800018139183521 
-0.13443320989608765,0.005713221617043018,0.057159360498189926 
0.45167362689971924,-0.18886925280094147,-0.017938271164894104 
-0.4288772940635681,-0.21457315981388092,-0.12038947641849518 
0.4375748336315155,0.002941418904811144,0.13091424107551575 
0.2520846128463745,-0.21466907858848572,0.10031892359256744 
-0.5414758324623108,0.17357513308525085,0.061187583953142166 
-0.6598289012908936,0.330292284488678,0.1373402327299118 
-0.16426125168800354,-0.20421487092971802,0.10808764398097992 
-0.5274112820625305,0.07347922772169113,0.23849114775657654 
-0.15649253129959106,0.32827818393707275,-0.018034182488918304 
0.27932310104370117,0.006029725540429354,0.13849113881587982 
0.16571205854415894,0.710445761680603,-0.046389319002628326 
0.649056613445282,-0.20421487092971802,-0.18765124678611755 
-0.6075921654701233,-0.17538022994995117,0.1510211080312729 
0.33654719591140747,-0.1039271429181099,-0.14373809099197388 
0.45426321029663086,0.16139456629753113,0.034140925854444504 
0.17430151998996735,-0.21466907858848572,-0.08646605163812637 
0.35474273562431335,0.7011424899101257,0.06124923750758171 
-0.4600480794906616,0.005367945414036512,-0.008826810866594315 
-0.58070307970047,-0.20421487092971802,0.07701276987791061 
0.551324188709259,0.009474817663431168,0.07183361798524857 
0.6335808634757996,-0.11361405998468399,-0.5820474028587341 
0.3762882351875305,0.17741155624389648,0.13436700403690338 
-0.39003369212150574,-0.20421487092971802,-0.03203705698251724 
-0.2163061797618866,0.07156103104352951,0.08263719081878662 
-0.6312476992607117,0.17549334466457367,-0.017650535330176353 
0.07698149234056473,0.17031419277191162,0.13570977747440338 
0.06908809393644333,0.5388967990875244,-0.016787344589829445 
0.19377127289772034,-0.20421487092971802,0.057543009519577026 
-0.047548212110996246,0.3311554789543152,0.07308044284582138 
0.34156879782676697,-0.20421487092971802,0.04584197327494621 
-0.40860599279403687,-0.48881450295448303,-0.1352979987859726 
-0.316566526889801,-0.161630779504776,-0.017554624006152153 
-0.6947402358055115,0.06412249058485031,-0.020815566182136536 
0.5284017324447632,-0.21466907858848572,-0.24212820827960968 
0.699217677116394,-0.2758597731590271,0.0653117299079895 
-0.24463394284248352,0.3245376944541931,0.05946120247244835 
-0.44316789507865906,0.0023659581784158945,0.07173770666122437 
-0.7002071142196655,0.3131243586540222,0.0030660463962703943 
0.4182626008987427,0.2772197425365448,-0.03085187077522278 
-0.24703168869018555,0.17616471648216248,0.06722992658615112 
-0.6975216269493103,0.5466655492782593,-0.03855894133448601 
-0.02925405651330948,-0.09490060061216354,-0.11180002242326736 
0.7140494585037231,-0.3115040361881256,-0.5833901166915894 
-0.6494706273078918,0.004197841975837946,-0.017362814396619797 
-0.30045363306999207,-0.21466907858848572,-0.0708998441696167 
0.07815159857273102,-0.17716820538043976,-0.02752927504479885 
-0.3549306094646454,0.17050601541996002,-0.01563643105328083 
0.5751098990440369,-0.21466907858848572,0.07701276987791061 
0.649056613445282,-0.20421487092971802,-0.4172121286392212 
-0.27989462018013,0.26973873376846313,0.21125268936157227 
0.16653278470039368,0.008123444393277168,-0.017554624006152153 
-0.502824068069458,-0.20383122563362122,-0.12054292857646942 
0.6934630274772644,-0.2628159523010254,-0.020336022600531578 
-0.3238556981086731,0.3303881883621216,0.02253580465912819 
0.021209757775068283,0.17021828889846802,0.011218416504561901 
0.21707743406295776,0.32607224583625793,0.05878983438014984 
-0.03976031020283699,-0.20421487092971802,0.07701276987791061 
-0.02690286934375763,-0.11159995943307877,0.036093391478061676 
-0.4989876449108124,0.32616814970970154,0.1378197818994522 
-0.28884851932525635,0.32846999168395996,0.13849113881587982 
-0.6312476992607117,-0.20421487092971802,-0.09425395727157593 
-0.6070166826248169,-0.3035435080528259,0.03475066274404526 
-0.4379887580871582,0.32799044251441956,0.057063449174165726 
-0.2160869836807251,0.07690182328224182,-0.03823694586753845 
-0.30726325511932373,0.16983464360237122,0.12218642979860306 
-0.6312476992607117,0.3314432203769684,-0.01544460840523243 
-0.4755855202674866,0.17069783806800842,0.034908220171928406 
0.11330267041921616,0.17031419277191162,0.009204298257827759 
-0.3666316270828247,0.332114577293396,0.11201995611190796 
-0.312921941280365,-0.2758597731590271,0.04977428540587425 
0.46999242901802063,-0.20421487092971802,0.0963866114616394 
0.6568253636360168,0.008124402724206448,-0.017554624006152153 
0.6101170778274536,-0.21466907858848572,-0.2538004517555237 
-0.6584861874580383,0.004897986073046923,0.09197472780942917 
0.36880725622177124,-0.21466907858848572,-0.01640371046960354 
-0.5339948534965515,0.0028838731814175844,0.13570977747440338 
-0.4600480794906616,-0.21466907858848572,0.01860349252820015 
0.41944780945777893,-0.20421487092971802,-0.0708998441696167 
0.5284017324447632,-0.20421487092971802,-0.13316470384597778 
-0.8049066662788391,0.49001696705818176,-0.02691955864429474 
0.2910241484642029,-0.20421487092971802,-0.07866856455802917 
0.14824822545051575,0.22616815567016602,0.23791569471359253 
-0.6947402358055115,0.19640174508094788,-0.02071966975927353 
0.240383580327034,0.17338331043720245,0.13849113881587982 
0.7013276815414429,-0.022781677544116974,0.08084916323423386 
-0.04364467039704323,-0.20421487092971802,-0.059275537729263306 
0.3947989046573639,0.3248254060745239,-0.016595520079135895 
-0.44316789507865906,0.17156103253364563,-0.017362814396619797 
0.07815159857273102,-0.30942830443382263,-0.031461600214242935 
0.027593277394771576,0.4284699857234955,0.0384911373257637 
0.6373555660247803,-0.21466907858848572,0.04977428540587425 
0.5584832429885864,-0.15504726767539978,-0.046389319002628326 
-0.6946442723274231,-0.3366667926311493,-0.02752927504479885 
0.41196680068969727,0.32463356852531433,0.07279272377490997 
0.14332254230976105,0.17578108608722687,0.0648321732878685 
-0.24856625497341156,0.004044386092573404,0.05955711379647255 
0.10419120639562607,-0.21466907858848572,0.02253580465912819 
-0.11755302548408508,0.3303881883621216,0.04190964996814728 
-0.30822235345840454,-0.2861221432685852,-0.03174931928515434 
-0.20822235941886902,0.6699717044830322,-0.135489821434021 
-0.5729343295097351,0.1778910905122757,0.010834770277142525 
-0.5184574127197266,-0.20421487092971802,-0.06311194598674774 
-0.16426125168800354,0.3239622116088867,0.12352916598320007 
0.6256545186042786,-0.203927144408226,-0.03587346896529198 
-0.6996316313743591,-0.2236846387386322,0.006902459543198347 
0.07309713214635849,0.332114577293396,0.026372216641902924 
-0.05143257603049278,0.32846999168395996,0.13849113881587982 
0.23654720187187195,0.1778910905122757,0.014671183191239834 
-0.0008399808430112898,0.17721973359584808,0.0653117299079895 
0.547871470451355,-0.20421487092971802,-0.37050390243530273 
-0.563822865486145,0.3241540491580963,0.07183361798524857 
-0.07477709650993347,0.004514345433562994,0.038552794605493546 
0.7064108848571777,-0.2116958647966385,-0.3238915801048279 
-0.36279523372650146,0.1778910905122757,0.07701276987791061 
-0.35886290669441223,-0.20421487092971802,0.01860349252820015 
-0.3433254659175873,0.008123444393277168,-0.017554624006152153 
0.06830163300037384,-0.020796338096261024,0.057543009519577026 
0.403910368680954,0.17664426565170288,-0.016499623656272888 
0.010832280851900578,-0.21466907858848572,-0.012567298486828804 
0.49339449405670166,-0.20421487092971802,-0.43284550309181213 
-0.30045363306999207,0.1778910905122757,0.014671183191239834 
0.7071781754493713,-0.15606798231601715,-0.028008833527565002 
0.6568253636360168,-0.2037353217601776,-0.11371412873268127 
-0.17714747786521912,-0.3116958737373352,-0.022499486804008484 
-0.6467851400375366,-0.21466907858848572,0.08084916323423386 
0.15483175218105316,0.3314432203769684,0.0653117299079895 
-0.30822235345840454,0.4571813941001892,-0.028296569362282753 
-0.1292540580034256,0.1778910905122757,0.08084916323423386 
0.6178858280181885,-0.20421487092971802,-0.37050390243530273 
0.6301622986793518,-0.426150918006897,-0.44425877928733826 
-0.6390164494514465,-0.21466907858848572,-0.039805781096220016 
0.11205584555864334,-0.21466907858848572,-0.05534321814775467 
-0.67018723487854,0.17069783806800842,0.0851651206612587 
-0.022366315126419067,-0.318382203578949,-0.13769575953483582 
0.5244693756103516,-0.43411147594451904,-0.46478357911109924 
0.21707743406295776,-0.21466907858848572,0.006902459543198347 
-0.5884717702865601,0.17031419277191162,0.09859254211187363 
0.1275932788848877,-0.2037353217601776,0.13417518138885498 
0.3429115116596222,0.004456799943000078,0.03270227834582329 
-0.0981312170624733,0.1778910905122757,0.034140925854444504 
0.24824823439121246,0.004581482615321875,0.09197472780942917 
0.06988415122032166,0.31705668568611145,0.1266942173242569 
-0.30822235345840454,0.14969350397586823,-0.035585734993219376 
0.30915114283561707,0.32856589555740356,0.13081835210323334 
0.505191445350647,-0.3390645384788513,-0.4629612863063812 
-0.316566526889801,0.5899209976196289,0.07701276987791061 
0.3143303096294403,-0.21466907858848572,-0.020336022600531578 
-0.009923629462718964,0.3248254060745239,-0.016499623656272888 
0.4548386335372925,-0.20565351843833923,-0.3274402320384979 
-0.18884852528572083,-0.1146690770983696,0.02755739539861679 
0.5941343903541565,-0.04316667839884758,0.21201995015144348 
0.3844406008720398,-0.20833899080753326,-0.12268172204494476 
-0.03054744005203247,-0.19321948289871216,0.034846581518650055 
0.0635540783405304,-0.5390371680259705,-0.02762518636882305 
-0.14214029908180237,0.10606808960437775,0.23849114775657654 
-0.6975216269493103,0.4182418882846832,-0.017170991748571396 
-0.4172721803188324,0.1778910905122757,0.09255019575357437 
-0.58070307970047,0.002701643854379654,0.0862201377749443 
0.11982455104589462,0.3314432203769684,-0.008634988218545914 
0.3221949338912964,-0.2116958647966385,-0.1224994882941246 
0.4027251601219177,-0.30421486496925354,-0.015218526124954224 
0.22618889808654785,0.32424992322921753,-0.015156872570514679 
-0.1797986924648285,0.17050601541996002,-0.014197769574820995 
-0.17596228420734406,-0.21466907858848572,-0.09036000818014145 
0.5547427535057068,0.1937505006790161,0.06115332618355751 
0.693558931350708,-0.03705310821533203,-0.03261251375079155 
0.3341837227344513,0.3244417607784271,0.08411011099815369 
-0.49505528807640076,-0.21466907858848572,0.0963866114616394 
-0.22650691866874695,-0.21466907858848572,0.08084916323423386 
0.6114599108695984,0.002701643854379654,0.009108386933803558 
0.6771582961082458,-0.24161985516548157,-0.44464242458343506 
0.6607576608657837,0.004878804087638855,0.10434716194868088 
-0.2978024482727051,-0.11150404065847397,0.2363811433315277 
0.4501390755176544,-0.5260893106460571,-0.037599850445985794 
-0.49380847811698914,0.004456799943000078,0.03270227834582329 
0.4312104880809784,0.42626404762268066,0.08225355297327042 
-0.20966100692749023,0.0707252100110054,-0.13788756728172302 
-0.49505528807640076,0.17031419277191162,0.08612421154975891 
0.0151674197986722,0.009474817663431168,0.0845896527171135 
0.07451111823320389,-0.09196574985980988,0.03762795776128769 
0.39997807145118713,0.17050601541996002,0.08411011099815369 
-0.19423726201057434,-0.1042148694396019,0.02910015732049942 
0.45426321029663086,0.30535563826560974,0.04977428540587425 
0.4093155562877655,-0.09065945446491241,-0.11429367959499359 
0.5244693756103516,-0.21466907858848572,-0.18375729024410248 
-0.37181079387664795,0.004514345433562994,0.06914813071489334 
-0.3773735463619232,0.32492130994796753,0.06022849678993225 
-0.18766331672668457,-0.20411895215511322,-0.028104744851589203 
0.5945796966552734,-0.21466907858848572,-0.14484655857086182 
0.4547427296638489,0.3715336322784424,-0.03884667530655861 
0.2534273862838745,0.004456799943000078,0.03270227834582329 
0.06351572275161743,-0.2629118859767914,0.030304526910185814 
0.059756044298410416,0.009474817663431168,0.006326988805085421 
0.4349852502346039,0.0023371854331344366,0.010163402184844017 
0.3001355826854706,0.3241540491580963,0.0339491181075573 
0.34943342208862305,0.0023659581784158945,0.0862201377749443 
0.6685264110565186,-0.21466907858848572,-0.004702677484601736 
-0.5728384256362915,-0.20411895215511322,0.026372216641902924 
0.35455092787742615,0.5106375813484192,0.18084916472434998 
0.4777611792087555,-0.21466907858848572,-0.059275537729263306 
0.4584832191467285,-0.3366667926311493,-0.03894258663058281 
0.6779255867004395,-0.34059908986091614,-0.46439993381500244 
0.5789806246757507,-0.34178426861763,-0.3627694547176361 
-0.40940752625465393,-0.21466907858848572,0.01860349252820015 
0.7066985964775085,-0.20833899080753326,-0.1915356069803238 
0.07010474801063538,0.14403481781482697,0.010834770277142525 
0.04584907367825508,0.3311554789543152,0.08084916323423386 
-0.7046189308166504,-0.009814628399908543,0.07701276987791061 
-0.6159979701042175,0.3243458569049835,0.09820888936519623 
-0.5105927586555481,0.332114577293396,0.02253580465912819 
-0.39003369212150574,-0.20421487092971802,-0.09036000818014145 
0.4501390755176544,0.4740615785121918,-0.037503939121961594 
0.47996705770492554,0.009473858401179314,0.10242895036935806 
0.3766718804836273,-0.21466907858848572,0.08084916323423386 
-0.23907114565372467,0.00927820149809122,-0.01285503339022398 
0.4862012267112732,-0.244401216506958,-0.4624817371368408 
-0.6662549376487732,0.3303881883621216,0.03807325288653374 
-0.09423726797103882,0.002701643854379654,0.0862201377749443 
-0.0679674744606018,0.17616471648216248,0.12276190519332886 
-0.17596228420734406,-0.21466907858848572,0.06137940660119057 
-0.7044271230697632,0.3017110526561737,0.11585637181997299 
-0.5654533505439758,0.00947289913892746,0.025988569483160973 
-0.8039476275444031,-0.1269455850124359,-0.16186511516571045 
0.038070760667324066,0.3314432203769684,-0.008634988218545914 
-0.27714747190475464,-0.20421487092971802,0.006902459543198347 
-0.14364467561244965,-0.1144772544503212,0.2343670129776001 
0.19760766625404358,0.1697387397289276,0.0851651206612587 
0.14974302053451538,-0.10833898931741714,-0.022681720554828644 
-0.6582943797111511,0.1771238148212433,0.02272762730717659 
0.14706303179264069,0.005665266886353493,0.06253033131361008 
0.4972308874130249,-0.203927144408226,-0.012567298486828804 
-0.6014196872711182,0.004850031342357397,-0.005853589624166489 
0.5789463520050049,-0.21466907858848572,-0.04757450148463249 
-0.5105927586555481,-0.21466907858848572,-0.012567298486828804 
-0.09423726797103882,-0.21466907858848572,0.0030660463962703943 
-0.03585676848888397,0.3303881883621216,0.026372216641902924 
0.14706303179264069,-0.21466907858848572,0.04977428540587425 
0.16847428679466248,-0.3296310603618622,-0.16838699579238892 
-0.5946442484855652,0.1174190565943718,-0.13136568665504456 
-0.3259657323360443,0.009470981545746326,0.02819451130926609 
0.6568253636360168,-0.21466907858848572,-0.24212820827960968 
0.5011632442474365,-0.21466907858848572,-0.2849521040916443 
-0.2992684543132782,0.42415404319763184,0.1112184152007103 
-0.23028171062469482,-0.09707776457071304,0.2343670129776001 
0.04196471348404884,0.1778910905122757,0.10425123572349548 
-0.8075922131538391,-0.5456206798553467,0.0811985433101654 
0.5284017324447632,-0.21466907858848572,0.08861789107322693 
0.32996365427970886,0.1697387397289276,0.02253580465912819 
-0.3549306094646454,-0.20421487092971802,0.07701276987791061 
0.5906473994255066,-0.21466907858848572,-0.3044218122959137 
-0.30822235345840454,0.04466233029961586,-0.0278170108795166 
-0.5767707228660583,-0.21466907858848572,0.13139382004737854 
0.46423783898353577,0.19640174508094788,-0.02868020161986351 
-0.20320077240467072,0.3303881883621216,0.09255019575357437 
-0.6948361396789551,-0.5429695248603821,-0.021007390692830086 
-0.19926846027374268,0.1778910905122757,0.06914813071489334 
-0.30822235345840454,0.3520638942718506,-0.035489823669195175 
-0.27887386083602905,0.3243458569049835,0.010451137088239193 
0.5186188817024231,0.009473858401179314,0.03605913370847702 
-0.021485336124897003,-0.1146690770983696,-0.015218526124954224 
0.07227231562137604,-0.22771283984184265,0.07308044284582138 
0.4155155122280121,0.32846999168395996,0.13849113881587982 
-0.30822235345840454,-0.39114370942115784,-0.035585734993219376 
0.5439391732215881,-0.21466907858848572,0.010834770277142525 
0.5023140907287598,-0.5251301527023315,-0.46468767523765564 
0.3617441654205322,0.11742193251848221,0.06124923750758171 
0.10338006913661957,0.10960525274276733,-0.11247138679027557 
0.6762951016426086,-0.20421487092971802,-0.28878846764564514 
-0.16426125168800354,-0.21466907858848572,0.014671183191239834 
0.5050955414772034,-0.21466907858848572,-0.335496723651886 
-0.5767707228660583,0.3241540491580963,0.0235908180475235 
-0.49582257866859436,0.009471939876675606,0.10348396748304367 
0.7059313058853149,0.05705391615629196,0.009971578605473042 
0.4566609561443329,0.14480209350585938,0.07701276987791061 
-0.2849161922931671,0.332114577293396,0.0847814753651619 
0.06904014199972153,0.2587433457374573,-0.03884667530655861 
-0.3438050150871277,0.1771238148212433,0.029729072004556656 
0.6840638518333435,-0.20421487092971802,0.06914813071489334 
-0.3226088583469391,-0.25907546281814575,0.09255019575357437 
0.17810365557670593,0.32217419147491455,0.06748338788747787 
-0.08256500214338303,-0.21466907858848572,0.06137940660119057 
0.4155155122280121,0.332114577293396,0.026372216641902924 
0.17430151998996735,0.0027304168324917555,0.09859254211187363 
0.6993135809898376,-0.3678375780582428,-0.017650535330176353 
0.08414597809314728,0.009474817663431168,0.0960029661655426 
0.46174415946006775,-0.4378519654273987,-0.03875076398253441 
0.6685264110565186,-0.20421487092971802,-0.3471977412700653 
0.6588394641876221,-0.5352007150650024,-0.46276944875717163 
0.4603055417537689,-0.21639545261859894,0.016685286536812782 
0.03029244765639305,-0.21466907858848572,0.09255019575357437 
0.5906473994255066,0.002423504600301385,0.048623356968164444 
-0.6586780548095703,0.3241540491580963,0.08506922423839569 
-0.19268491864204407,0.2778910994529724,-0.019150838255882263 
-0.14354467391967773,0.3241540491580963,0.08411011099815369 
0.7028622031211853,-0.21994413435459137,-0.09813831746578217 
0.4155155122280121,-0.21466907858848572,-0.01640371046960354 
-0.27461954951286316,-0.09707776457071304,0.2343670129776001 
0.2531396448612213,0.32463356852531433,0.02282353863120079 
-0.4483470618724823,-0.21466907858848572,0.06137940660119057 
-0.1797986924648285,0.004533527418971062,0.05102111026644707 
-0.3471618890762329,-0.21466907858848572,-0.028104744851589203 
0.7032458782196045,-0.46509045362472534,-0.03894258663058281 
0.5673412084579468,0.009473858401179314,0.11585637181997299 
0.27548670768737793,0.1778910905122757,0.04190964996814728 
0.49064740538597107,-0.10555761307477951,0.03628521412611008 
0.07815159857273102,0.09135137498378754,-0.031365688890218735 
0.35068023204803467,0.17002646625041962,0.09753752499818802 
0.31826260685920715,0.004533527418971062,0.1167195588350296 
0.17597444355487823,-0.17207948863506317,-0.13875076174736023 
0.11589223891496658,0.332114577293396,0.04190964996814728 
-0.004724341910332441,0.3303881883621216,0.08084916323423386 
0.4496594965457916,0.10692717880010605,-0.03270842507481575 
0.23654720187187195,-0.203927144408226,0.04977428540587425 
0.09776522219181061,0.17002646625041962,0.09753752499818802 
0.0738685205578804,0.10947482287883759,-0.07986194640398026 
-0.43280962109565735,-0.203927144408226,-0.01640371046960354 
0.8064109086990356,-0.10565351694822311,-0.32517269253730774 
0.4856257736682892,-0.20421487092971802,-0.14873091876506805 
-0.7002071142196655,-0.23864661157131195,0.09283792227506638 
-0.4081607162952423,0.32424992322921753,0.09763345122337341 
0.36103853583335876,0.1775074452161789,-0.012087753973901272 
0.8070822954177856,-0.44901183247566223,-0.13414709270000458 
0.15363697707653046,-0.1042148694396019,0.09529732167720795 
-0.22925406694412231,-0.10373532027006149,0.03417517989873886 
0.46423783898353577,-0.07207948714494705,-0.02359696477651596 
0.1586681604385376,-0.20421487092971802,-0.04757450148463249 
-0.3359403908252716,0.009471939876675606,0.09207065403461456 
0.5556402206420898,-0.20421487092971802,-0.09036000818014145 
0.23654720187187195,0.332114577293396,0.0963866114616394 
-0.3226088583469391,-0.4807237684726715,-0.031461600214242935 
0.36347055435180664,0.6647925972938538,0.08186990767717361 
-0.5417635440826416,0.332114577293396,0.11585637181997299 
0.15089944005012512,-0.21466907858848572,0.10031892359256744 
-0.6975216269493103,0.30535563826560974,-0.03865485265851021 
-0.01566220074892044,0.10800930857658386,0.23839524388313293 
0.284502238035202,0.17002646625041962,0.09753752499818802 
-0.35886290669441223,0.3314432203769684,-0.01544460840523243 
0.3762882351875305,0.3244417607784271,0.09715387970209122 
0.09642248600721359,0.008123444393277168,-0.017554624006152153 
-0.6599248647689819,0.009461390785872936,0.13379156589508057 
-0.008625966496765614,-0.20421487092971802,0.026372216641902924 
-0.24990901350975037,-0.20421487092971802,-0.08258169889450073 
0.6685264110565186,-0.21466907858848572,0.1275573968887329 
0.2015399932861328,0.004840439651161432,0.015726184472441673 
0.694230318069458,0.009471939876675606,0.044019680470228195 
-0.41800519824028015,-0.12771284580230713,-0.05415802821516991 
-0.66241854429245,-0.21466907858848572,0.04190964996814728 
0.48169344663619995,-0.21466907858848572,-0.2304559350013733 
-0.4055711627006531,0.008123444393277168,-0.017554624006152153 
0.40132078528404236,0.0023755496367812157,0.11010175198316574 
-0.7000153064727783,0.5691084861755371,0.13081835210323334 
-0.45486894249916077,0.32424992322921753,0.09763345122337341 
-0.41199710965156555,0.17041011154651642,0.13427111506462097 
-0.30966100096702576,0.26516929268836975,-0.018226006999611855 
0.44275397062301636,0.0023275946732610464,0.0851651206612587 
0.3389175832271576,-0.11150404065847397,0.03638114780187607 
-0.4399069547653198,0.009473858401179314,0.03087998367846012 
-0.4561157822608948,0.17021828889846802,0.07173770666122437 
-0.5975216031074524,-0.16430118680000305,-0.11765053868293762 
0.2093086987733841,0.17347922921180725,-0.018034182488918304 
-0.028078459203243256,0.16983464360237122,0.034908220171928406 
-0.4795178472995758,-0.21466907858848572,-0.08646605163812637 
0.3572021424770355,-0.20421487092971802,0.11585637181997299 
0.5751098990440369,-0.20421487092971802,-0.23434989154338837 
-0.3043859601020813,-0.2025843858718872,-0.02417241968214512 
0.4272165298461914,-0.20421487092971802,0.09255019575357437 
-0.15649253129959106,0.004897986073046923,0.09197472780942917 
0.19760766625404358,-0.21466907858848572,-0.03587346896529198 
0.43114885687828064,-0.20363940298557281,-0.11756972223520279 
-0.7008784413337708,-0.14599741995334625,-0.017650535330176353 
-0.3354608416557312,0.32971683144569397,0.06540762633085251 
0.1995258778333664,0.17616471648216248,0.1256392002105713 
0.4547427296638489,-0.14599741995334625,-0.017554624006152153 
-0.5767707228660583,-0.20421487092971802,-0.07481297850608826 
-0.3276921212673187,0.3303881883621216,0.12372098863124847 
-0.4159294366836548,0.002922237617895007,0.13436700403690338 
0.07277104258537292,0.5899209976196289,0.09255019575357437 
-0.35109418630599976,-0.20421487092971802,-0.07868774980306625 
-0.4366460144519806,0.3303881883621216,0.014671183191239834 
-0.67018723487854,-0.21466907858848572,0.11585637181997299 
0.07757614552974701,0.5938533544540405,0.01860349252820015 
0.5167006850242615,-0.21466907858848572,-0.09425395727157593 
0.1536465734243393,0.07721973210573196,0.08800815790891647 
0.46423783898353577,-0.2433462291955948,-0.02369287610054016 
0.6140494346618652,-0.20421487092971802,-0.21488972008228302 
-0.07834495604038239,0.3244417607784271,0.033853206783533096 
-0.66884446144104,0.0027400082908570766,0.04747244715690613 
-0.7010703086853027,0.14489801228046417,0.08123280853033066 
0.2015399932861328,0.1778910905122757,0.04584197327494621 
0.7060272693634033,-0.19711752235889435,-0.018226006999611855 
0.6056093573570251,0.009474817663431168,0.09302974492311478 
0.5789463520050049,-0.21466907858848572,-0.3471977412700653 
0.16866609454154968,0.3993133008480072,-0.010039374232292175 
-0.20320077240467072,0.1778910905122757,0.01860349252820015 
-0.6117779612541199,-0.21466907858848572,0.10031892359256744 
-0.6157102584838867,-0.20421487092971802,0.057543009519577026 
0.5634089112281799,-0.2037353217601776,-0.2771833539009094 
0.12100975960493088,-0.10546169430017471,0.03551795333623886 
-0.5105927586555481,0.17031419277191162,0.12458418309688568 
-0.2616100311279297,-0.20421487092971802,0.10031892359256744 
0.44409671425819397,0.17031419277191162,-0.003359927097335458 
0.15483175218105316,0.0023755496367812157,0.0235908180475235 
0.6334233283996582,-0.20421487092971802,0.010834770277142525 
0.4582914113998413,-0.21447725594043732,-0.4172121286392212 
-0.028088049963116646,0.17031419277191162,0.09859254211187363 
0.3793230950832367,-0.1146690770983696,0.23139381408691406 
-0.5339948534965515,-0.21466907858848572,0.08861789107322693 
-0.7046189308166504,-0.017592938616871834,-0.0008662642212584615 
-0.11371660977602005,0.3314432203769684,-0.01544460840523243 
-0.25767770409584045,0.3241540491580963,0.11221177875995636 
-0.41161349415779114,0.009473858401179314,0.09427658468484879 
0.283255398273468,-0.20555761456489563,-0.12265295535326004 
0.6528930068016052,-0.21466907858848572,-0.4600839912891388 
0.4893662631511688,-0.4414965510368347,-0.44473835825920105 
-0.4215538501739502,0.7098703384399414,-0.12417241930961609 
0.7001767158508301,-0.24181164801120758,0.04584197327494621 
-0.8006867170333862,0.049693502485752106,0.11860349774360657 
0.358483225107193,0.5105416774749756,-0.10086626559495926 
-0.2430034875869751,0.00947289913892746,0.09945572912693024 
0.38031646609306335,0.009473858401179314,0.022248083725571632 
0.6789463758468628,-0.1042148694396019,-0.5678526759147644 
-0.5314052700996399,0.17050601541996002,0.0235908180475235 
-0.004733932204544544,-0.21466907858848572,-0.11758890002965927 
-0.27714747190475464,0.17050601541996002,-0.01563643105328083 
-0.6001728177070618,-0.21466907858848572,-0.008634988218545914 
0.06868527829647064,-0.24104437232017517,0.10943038016557693 
0.16423504054546356,0.4713144600391388,0.06230425089597702 
0.19377127289772034,-0.20421487092971802,0.0963866114616394 
0.45157769322395325,-0.2553349733352661,0.010834770277142525 
-0.28673848509788513,0.009474817663431168,0.06262624263763428 
-0.10980348289012909,0.0023180032148957253,0.02253580465912819 
-0.4989876449108124,0.005367945414036512,-0.008826810866594315 
-0.09391117095947266,0.3244417607784271,0.07173770666122437 
0.5556402206420898,-0.21466907858848572,0.11585637181997299 
-0.16161003708839417,-0.31466907262802124,-0.05415802821516991 
0.693558931350708,0.009642659686505795,-0.02868020161986351 
-0.08256500214338303,-0.21466907858848572,-0.10592622309923172 
0.48169344663619995,-0.21466907858848572,0.13139382004737854 
0.5439391732215881,-0.21466907858848572,-0.4094434380531311 
0.1392943114042282,-0.21466907858848572,-0.10203227400779724 
-0.2966172397136688,0.32424992322921753,0.048527445644140244 
-0.08644936233758926,0.002308412455022335,0.12352916598320007 
-0.2647750675678253,0.17626062035560608,0.1067449077963829 
-0.3172721862792969,0.4282781779766083,0.08196581900119781 
0.06713152676820755,-0.21917685866355896,0.030304526910185814 
-0.21873821318149567,0.17741155624389648,0.10808764398097992 
-0.6740236282348633,-0.20421487092971802,-0.06701548397541046 
-0.3160869777202606,0.14432255923748016,0.02282353863120079 
-0.6662549376487732,-0.21466907858848572,-0.008634988218545914 
-0.5871290564537048,0.32626405358314514,-0.017746446654200554 
0.11944092065095901,0.17741155624389648,0.13436700403690338 
-0.06582319736480713,0.07789108902215958,-0.05415802821516991 
0.5566952228546143,0.009473858401179314,0.02742721699178219 
-0.19667887687683105,-0.20383122563362122,0.13551795482635498 
0.4554141163825989,-0.24085254967212677,0.09792117029428482 
-0.7962747812271118,0.5098702907562256,0.12896178662776947 
-0.8075922131538391,-0.3753802180290222,0.18996062874794006 
0.7032458782196045,-0.2551431655883789,0.0963866114616394 
0.46222370862960815,-0.21524453163146973,0.06137940660119057 
-0.4687759280204773,0.3244417607784271,0.03596322238445282 
0.06831122189760208,0.1465284824371338,0.10808764398097992 
-0.4096609950065613,0.09256535023450851,0.06211242824792862 
0.2520846128463745,-0.20421487092971802,-0.004702677484601736 
0.2015399932861328,-0.20421487092971802,-0.1098201721906662 
0.057473376393318176,-0.2037353217601776,-0.043738096952438354 
0.4922093152999878,-0.1146690770983696,-0.1475744992494583 
-0.4250409007072449,-0.21466907858848572,-0.08258169889450073 
0.6645940542221069,0.0023275946732610464,0.02253580465912819 
0.4554141163825989,-0.022772086784243584,0.10962220281362534 
-0.008609660901129246,-0.2037353217601776,0.10031892359256744 
-0.39003369212150574,0.1778910905122757,0.0030660463962703943 
-0.61954665184021,0.3240581154823303,0.13513430953025818 
-0.5456959009170532,-0.21466907858848572,-0.0008662642212584615 
-0.5079415440559387,-0.10833898931741714,-0.022681720554828644 
-0.022731468081474304,0.009474817663431168,0.056967537850141525 
-0.7008784413337708,-0.2758597731590271,0.014671183191239834 
0.6451243162155151,-0.20421487092971802,-0.1487405151128769 
-0.6740236282348633,0.3314432203769684,-0.01544460840523243 
0.4145563840866089,0.17616471648216248,0.04881518334150314 
0.3546125590801239,0.0027400082908570766,-0.003359927097335458 
0.07280941307544708,-0.449552983045578,-0.017938271164894104 
0.16106592118740082,0.00947289913892746,0.13235290348529816 
-0.09423726797103882,0.17050601541996002,0.09753752499818802 
-0.4911230206489563,-0.203927144408226,0.13139382004737854 
0.07762409746646881,0.34688472747802734,-0.01832190342247486 
0.2534273862838745,0.17156103253364563,-0.017362814396619797 
0.3727395832538605,-0.20421487092971802,0.01860349252820015 
0.547871470451355,-0.20421487092971802,0.04584197327494621 
0.25601696968078613,-0.21466907858848572,-0.08258169889450073 
-0.2732151746749878,-0.20363940298557281,-0.043642185628414154 
0.44787147641181946,-0.30421486496925354,-0.34838294982910156 
0.5141111016273499,0.002356367651373148,0.07173770666122437 
0.4558936655521393,0.14441846311092377,0.12477600574493408 
-0.26544642448425293,0.17069783806800842,0.02253580465912819 
-0.8046189546585083,0.689441442489624,-0.13865485787391663 
-0.7046189308166504,0.09914887696504593,-0.017458712682127953 
-0.6148470640182495,0.009471939876675606,0.09734570235013962 
-0.13184364140033722,0.16993054747581482,0.02148078940808773 
0.0770006775856018,-0.203927144408226,0.10031892359256744 
-0.30975693464279175,-0.2753802239894867,0.0030660463962703943 
-0.08255541324615479,0.17693199217319489,-0.004702677484601736 
-0.24856625497341156,0.002356367651373148,0.02157670073211193 
0.6101170778274536,-0.20421487092971802,-0.4406142234802246 
0.41071999073028564,0.17616471648216248,0.12276190519332886 
-0.6117779612541199,0.17693199217319489,0.018123934045433998 
0.5595724582672119,-0.21466907858848572,-0.16040797531604767 
0.28766730427742004,0.009474817663431168,0.016109829768538475 
0.4778570532798767,0.006068089976906776,0.13849113881587982 
-0.31781336665153503,-0.020825112238526344,0.10031892359256744 
-0.5858822464942932,0.17721973359584808,0.13398338854312897 
0.11205584555864334,0.009474817663431168,0.07308044284582138 
-0.30822235345840454,-0.203927144408226,-0.10592622309923172 
-0.3126342296600342,-0.25111493468284607,-0.03884667530655861 
-0.6429487466812134,0.0023180032148957253,0.02253580465912819 
-0.1409550905227661,0.3303881883621216,0.014671183191239834 
-0.685724675655365,0.332114577293396,0.11201995611190796 
-0.3226088583469391,-0.5507382154464722,-0.031461600214242935 
0.6218181252479553,-0.20363940298557281,0.08084916323423386 
-0.2109694927930832,-0.21466907858848572,-0.08258169889450073 
-0.7003989219665527,0.309287965297699,0.04967837408185005 
-0.2226705253124237,-0.20421487092971802,-0.004702677484601736 
-0.5417635440826416,-0.20421487092971802,-0.09036000818014145 
0.16868528723716736,0.07724709808826447,-0.006202965974807739 
-0.5300624966621399,0.0023659581784158945,0.03596322238445282 
-0.6325904130935669,0.17060193419456482,0.08612421154975891 
0.14706303179264069,0.17453424632549286,-0.008059531450271606 
0.2093086987733841,0.004581482615321875,0.09197472780942917 
0.7019990682601929,-0.23557749390602112,0.010834770277142525 
-0.024025559425354004,0.08479662984609604,0.06134514883160591 
0.06712193787097931,0.3138916492462158,0.057543009519577026 
-0.5767707228660583,0.1778910905122757,0.06137940660119057 
0.1272096484899521,0.3244417607784271,0.09715387970209122 
0.28843456506729126,0.002423504600301385,0.09753752499818802 
0.1898389607667923,0.3239622116088867,0.0851651206612587 
-0.6598289012908936,0.17060193419456482,0.12458418309688568 
-0.3215538561344147,-0.05651327595114708,-0.01851372793316841 
-0.3215538561344147,-0.13304956257343292,-0.0377916619181633 
-0.12807846069335938,0.23038819432258606,0.21201995015144348 
0.05574699863791466,0.009473858401179314,0.0443073995411396 
-0.48335427045822144,0.17347922921180725,-0.018034182488918304 
0.5050955414772034,-0.2037353217601776,-0.397838294506073 
0.34128105640411377,0.17558926343917847,0.1381075233221054 
-0.008625966496765614,-0.20421487092971802,-0.05534321814775467 
-0.3276921212673187,0.1778910905122757,0.0847814753651619 
-0.4989876449108124,0.006068089976906776,0.13849113881587982 
-0.31781336665153503,0.3017110526561737,0.0030660463962703943 
-0.2604248523712158,-0.11169586330652237,-0.22249948978424072 
0.7060272693634033,-0.2347142994403839,-0.03731211647391319 
-0.03407694399356842,-0.09424841403961182,-0.13875076174736023 
-0.6001728177070618,-0.203927144408226,-0.043738096952438354 
0.06908809393644333,0.49995729327201843,-0.016787344589829445 
-0.3157992660999298,-0.24152392148971558,0.12314555048942566 
-0.7076880931854248,0.3404587507247925,-0.018130093812942505 
0.18207024037837982,-0.21466907858848572,0.026372216641902924 
-0.6946442723274231,-0.2238764613866806,-0.02762518636882305 
-0.35886290669441223,0.3239622116088867,0.02253580465912819 
-0.4795178472995758,-0.20421487092971802,0.04977428540587425 
-0.2109694927930832,0.3314432203769684,0.05361068248748779 
0.6412879228591919,-0.20421487092971802,-0.06701548397541046 
-0.07867104560136795,-0.21466907858848572,-0.028104744851589203 
-0.14479149878025055,0.17693199217319489,0.11978868395090103 
0.13277243077754974,0.0027400082908570766,-0.003359927097335458 
0.0497526153922081,0.009474817663431168,0.08084916323423386 
0.6101170778274536,-0.21466907858848572,-0.17596939206123352 
-0.021915540099143982,-0.17442110180854797,0.06460609287023544 
0.2520846128463745,0.3314432203769684,0.0653117299079895 
-0.6662549376487732,0.17693199217319489,-0.016595520079135895 
-0.21873821318149567,0.004888394847512245,0.04181373864412308 
-0.7507175207138062,-0.30833899974823,-0.22268173098564148 
-0.702892541885376,-0.22924740612506866,-0.09886723756790161 
0.10693833231925964,-0.1042148694396019,-0.03085187077522278 
0.5945796966552734,-0.21466907858848572,-0.39390599727630615 
0.7060272693634033,-0.30204322934150696,-0.017650535330176353 
-0.058035288006067276,0.07338330894708633,0.23849114775657654 
-0.06192924082279205,0.42616814374923706,0.23791569471359253 
0.44332942366600037,0.17645244300365448,0.07432728260755539 
0.041955117136240005,-0.2037353217601776,0.12372098863124847 
0.5353072285652161,0.00947289913892746,0.10329214483499527 
-0.06699879467487335,0.332114577293396,0.10808764398097992 
-0.0038227858021855354,0.17252011597156525,-0.012183665297925472 
-0.3136892318725586,0.1468162089586258,0.0967702567577362 
-0.22001931071281433,0.5104457139968872,0.14977428317070007 
-0.7020294070243835,-0.023050226271152496,0.04229329526424408 
0.22877848148345947,0.0056556761264801025,0.06272216141223907 
0.4578118622303009,-0.020719610154628754,-0.0008662642212584615 
-0.6946442723274231,0.5154947638511658,-0.02465198002755642 
-0.13178199529647827,0.27050602436065674,0.13596323132514954 
0.20537640154361725,0.332114577293396,0.010834770277142525 
-0.7020294070243835,-0.24181164801120758,0.05389842018485069 
-0.3164706230163574,0.5427332520484924,-0.016787344589829445 
-0.4055711627006531,0.005569356959313154,0.054186154156923294 
0.16900178790092468,-0.24599742889404297,-0.11755462735891342 
0.09642248600721359,-0.2037353217601776,-0.008634988218545914 
0.6697732210159302,0.002356367651373148,0.07173770666122437 
-0.28216907382011414,-0.3116958737373352,-0.22249948978424072 
0.09642248600721359,0.17616471648216248,0.03797733783721924 
-0.3164706230163574,0.11861862242221832,-0.017266903072595596 
-0.3121546804904938,-0.203927144408226,0.02253580465912819 
0.26762205362319946,-0.21466907858848572,-0.03587346896529198 
-0.7019335031509399,-0.23893433809280396,0.1265982836484909 
0.6061848402023315,-0.20421487092971802,0.04190964996814728 
0.3844406008720398,-0.20421487092971802,-0.08646605163812637 
0.5595724582672119,-0.21466907858848572,-0.12538638710975647 
-0.1487237960100174,0.004514345433562994,0.015726184472441673 
0.49339449405670166,-0.20421487092971802,0.06914813071489334 
-0.34035223722457886,0.17616471648216248,0.12276190519332886 
0.4466862976551056,-0.203927144408226,-0.04757450148463249 
0.7550030946731567,-0.09078317880630493,0.037148408591747284 
-0.8057699203491211,0.06523095816373825,-0.1153486967086792 
0.15751174092292786,-0.30421486496925354,-0.19036000967025757 
0.16868528723716736,-0.12275290489196777,-0.09175480902194977 
-0.18884852528572083,0.27002647519111633,0.14852744340896606 
-0.14479149878025055,-0.21466907858848572,-0.012567298486828804 
-0.5560541152954102,0.17156103253364563,-0.017362814396619797 
0.3315941393375397,0.3243458569049835,0.047951988875865936 
-0.38216906785964966,0.1778910905122757,0.10425123572349548 
0.567950963973999,-0.1666523814201355,-0.5647835731506348 
-0.5418251752853394,-0.09548565745353699,0.20760810375213623 
0.696052610874176,-0.12652765214443207,-0.017362814396619797 
-0.06310483813285828,0.17060193419456482,0.02157670073211193 
0.4557018280029297,0.2993133068084717,0.008245195262134075 
-0.43280962109565735,-0.2037353217601776,0.08861789107322693 
-0.4055711627006531,-0.21466907858848572,0.10425123572349548 
-0.39387011528015137,0.1778910905122757,0.0653117299079895 
0.6645940542221069,-0.203927144408226,-0.03587346896529198 
-0.07089273631572723,-0.21466907858848572,0.030304526910185814 
0.5595724582672119,-0.203927144408226,-0.01640371046960354 
0.4770898222923279,0.009565932676196098,-0.006429045926779509 
-0.5105927586555481,0.17721973359584808,0.04977428540587425 
-0.4795178472995758,-0.203927144408226,-0.01640371046960354 
0.6140494346618652,-0.21466907858848572,-0.11759848892688751 
-0.020296311005949974,-0.20363940298557281,-0.020336022600531578 
-0.6974257230758667,-0.20421487092971802,0.10031892359256744 
0.32996365427970886,-0.21466907858848572,0.10031892359256744 
0.1275932788848877,-0.20421487092971802,-0.028104744851589203 
-0.024917520582675934,0.6778363585472107,0.030530624091625214 
0.24431592226028442,0.0023180032148957253,0.12458418309688568 
0.38108378648757935,0.32607224583625793,0.06147531792521477 
0.505191445350647,-0.366782546043396,-0.44521790742874146 
-0.2876633107662201,-0.1146690770983696,-0.15927553176879883 
-0.5962405204772949,0.332114577293396,0.07308044284582138 
0.4027251601219177,-0.1146690770983696,-0.046389319002628326 
0.45426321029663086,-0.017602531239390373,0.04584197327494621 
0.5631828308105469,0.2748219668865204,0.23743614554405212 
0.08472145348787308,-0.20421487092971802,0.05361068248748779 
0.0029101057443767786,0.17626062035560608,0.10751217603683472 
0.22810710966587067,0.17616471648216248,0.10156576335430145 
-0.5413799285888672,0.3245376944541931,0.047951988875865936 
-0.3127301335334778,0.4882562756538391,-0.016883255913853645 
0.43162840604782104,0.009473858401179314,0.04190964996814728 
-0.04365426301956177,0.32827818393707275,-0.018034182488918304 
0.2015399932861328,0.008123444393277168,-0.017554624006152153 
-0.09034331142902374,0.0030852847266942263,-0.014197769574820995 
-0.49639809131622314,0.004514345433562994,0.06914813071489334 
0.10889489948749542,0.10944987833499908,0.2338874638080597 
-0.3139769434928894,-0.017612121999263763,0.014671183191239834 
-0.5884717702865601,0.17549334466457367,-0.017650535330176353 
0.13401927053928375,0.17050601541996002,0.09859254211187363 
0.484762579202652,-0.31307289004325867,-0.45490485429763794 
-0.3171420097351074,0.2993133068084717,0.05102111026644707 
-0.30822235345840454,0.3303881883621216,-0.008539075963199139 
-0.28683438897132874,0.00947289913892746,0.028290409594774246 
0.4569486677646637,0.2992174029350281,0.08142463862895966 
-0.6952198147773743,0.5936614871025085,0.10808764398097992 
-0.3139769434928894,-0.22771283984184265,0.08861789107322693 
0.5550304651260376,0.490688294172287,0.20799171924591064 
0.5052873492240906,-0.41301125288009644,-0.4482870399951935 
0.34933751821517944,0.17338331043720245,0.06157122924923897 
0.2859066426753998,0.4301963746547699,0.08263719081878662 
-0.5456959009170532,-0.20421487092971802,0.05361068248748779 
-0.647840142250061,0.3244417607784271,0.011218416504561901 
-0.58070307970047,0.005569356959313154,0.054186154156923294 
0.4272165298461914,0.32645589113235474,-0.013046856969594955 
-0.031972408294677734,-0.21466907858848572,0.04584197327494621 
0.15089944005012512,0.3243458569049835,-0.014005959965288639 
-0.43783125281333923,-0.30392715334892273,-0.22225013375282288 
-0.19543203711509705,-0.20421487092971802,0.10031892359256744 
0.4501390755176544,0.39877212047576904,-0.01841781474649906 
-0.11755302548408508,-0.21466907858848572,-0.09036000818014145 
0.03417680785059929,-0.21466907858848572,0.01860349252820015 
-0.21982747316360474,0.11353277415037155,-0.13875076174736023 
0.1392943114042282,0.332114577293396,0.01860349252820015 
-0.32164978981018066,0.3754659593105316,-0.018226006999611855 
-0.5300624966621399,0.1778910905122757,0.10031892359256744 
-0.5741811990737915,0.0032771045807749033,0.13101017475128174 
-0.67018723487854,-0.21466907858848572,-0.0981479063630104 
0.15483175218105316,0.3303881883621216,0.11201995611190796 
0.06585592031478882,-0.2757638394832611,-0.004702677484601736 
0.6933671236038208,-0.27068060636520386,0.034140925854444504 
-0.6511011123657227,0.17578108608722687,0.057543009519577026 
-0.46388450264930725,0.3306759297847748,0.1274614781141281 
-0.4678167998790741,0.004533527418971062,0.05102111026644707 
-0.1487237960100174,0.17654836177825928,-0.016499623656272888 
0.5050955414772034,-0.20421487092971802,-0.4716891050338745 
-0.23437155783176422,0.3316349983215332,0.030304526910185814 
0.3613605201244354,0.23201864957809448,0.13414092361927032 
0.6591271758079529,-0.4171353876590729,-0.46439993381500244 
-0.5016388297080994,0.22846999764442444,0.23849114775657654 
0.6993135809898376,-0.39114370942115784,-0.03903849795460701 
0.09939569234848022,0.3244417607784271,0.11221177875995636 
0.7022867798805237,-0.017592938616871834,0.11201995611190796 
-0.2006111890077591,0.17721973359584808,0.13398338854312897 
0.6840638518333435,-0.20421487092971802,-0.4483829438686371 
-0.41333988308906555,0.3239622116088867,0.034908220171928406 
0.038070760667324066,0.0030852847266942263,-0.01563643105328083 
-0.3717491328716278,-0.10833898931741714,-0.22268173098564148 
0.2093086987733841,-0.20411895215511322,-0.06311194598674774 
-0.12695220112800598,0.009473858401179314,0.10175758600234985 
-0.2109694927930832,0.17664426565170288,-0.016499623656272888 
0.6373555660247803,-0.20421487092971802,-0.2654823064804077 
-0.7075921893119812,-0.36390525102615356,-0.018705550581216812 
-0.70903080701828,-0.305591881275177,-0.027912922203540802 
-0.37056395411491394,-0.20421487092971802,0.04977428540587425 
0.5323339700698853,-0.21466907858848572,-0.2732510268688202 
-0.008625966496765614,-0.21466907858848572,-0.08646605163812637 
-0.5354334712028503,0.3243458569049835,0.0851651206612587 
0.221009761095047,-0.20421487092971802,0.07701276987791061 
0.5984160900115967,-0.203927144408226,-0.020336022600531578 
-0.49505528807640076,0.332114577293396,0.10031892359256744 
-0.34198272228240967,0.004044386092573404,0.05955711379647255 
-0.4911230206489563,-0.21466907858848572,0.02253580465912819 
0.6218181252479553,-0.20421487092971802,-0.33942902088165283 
0.3221949338912964,-0.21466907858848572,-0.08258169889450073 
-0.30822235345840454,-0.3171970248222351,-0.027912922203540802 
0.26762205362319946,0.1778910905122757,0.010834770277142525 
0.32996365427970886,0.1778910905122757,-0.008634988218545914 
0.08472145348787308,0.17050601541996002,-0.003359927097335458 
-0.7003030180931091,0.14978942275047302,0.11201995611190796 
0.21826261281967163,0.07789108902215958,0.00031892210245132446 
-0.8046189546585083,0.12757253646850586,0.06124923750758171 
-0.18766331672668457,0.32827818393707275,-0.018034182488918304 
0.17815160751342773,-0.4117986857891083,-0.12369287759065628 
-0.05143257603049278,-0.21466907858848572,0.10425123572349548 
0.6981626152992249,-0.020825112238526344,0.04977428540587425 
0.16653278470039368,0.1697387397289276,0.0851651206612587 
0.2637856602668762,0.005367945414036512,-0.008826810866594315 
0.1888798624277115,0.3244417607784271,0.03596322238445282 
-0.3264452815055847,0.17031419277191162,-0.003359927097335458 
-0.4405783414840698,0.17721973359584808,0.04584197327494621 
-0.3224170506000519,-0.41454580426216125,-0.020911477506160736 
0.279706746339798,0.3244417607784271,0.12257007509469986 
-0.2914997339248657,0.22616815567016602,0.03781978040933609 
0.5501390695571899,-0.6507382392883301,-0.11918509751558304 
0.696052610874176,0.03712379187345505,-0.012471386231482029 
-0.6831350922584534,0.004850031342357397,-0.005853589624166489 
-0.49505528807640076,0.16993054747581482,0.011218416504561901 
-0.8053862452507019,0.27376696467399597,0.19063198566436768 
0.06709316372871399,0.16551868617534637,0.0339491181075573 
-0.0572735033929348,0.009473858401179314,0.12947560846805573 
0.15713359415531158,0.17616471648216248,0.03078407235443592 
-0.10332954674959183,0.005722813308238983,0.057159360498189926 
-0.6300008893013,0.0023659581784158945,0.07173770666122437 
-0.4288772940635681,0.17069783806800842,0.010259313508868217 
0.2212974727153778,0.32463356852531433,0.12352916598320007 
0.45416727662086487,-0.20824310183525085,-0.21877408027648926 
0.6879961490631104,-0.21466907858848572,-0.21488972008228302 
-0.706057608127594,-0.21687500178813934,0.03673050180077553 
-0.3231843411922455,0.17626062035560608,0.0546656996011734 
-0.5105927586555481,-0.21466907858848572,0.06914813071489334 
0.38050830364227295,0.3303881883621216,0.010834770277142525 
0.41167908906936646,0.1778910905122757,0.01860349252820015 
-0.37056395411491394,0.17693199217319489,0.04584197327494621 
-0.6934934258460999,0.004850031342357397,0.10118211060762405 
-0.6429487466812134,0.3241540491580963,0.11221177875995636 
0.31826260685920715,-0.20421487092971802,0.026372216641902924 
0.7058354616165161,0.0053391726687550545,0.09245429933071136 
-0.6779559850692749,-0.20421487092971802,0.07308044284582138 
-0.5417635440826416,0.332114577293396,0.01860349252820015 
0.29879286885261536,0.1778910905122757,0.02253580465912819 
0.33802011609077454,0.3244417607784271,0.12257007509469986 
0.5634705424308777,-0.21460744738578796,-0.11880145967006683 
0.08481736481189728,-0.20421487092971802,-0.06701548397541046 
0.09766931086778641,0.3239622116088867,0.010834770277142525 
0.4077467918395996,-0.20421487092971802,0.010834770277142525 
0.5361704230308533,-0.20421487092971802,-0.21488972008228302 
-0.567659318447113,0.0027400082908570766,-0.003359927097335458 
0.466251939535141,-0.21514861285686493,-0.01275912206619978 
0.283255398273468,-0.20421487092971802,-0.012471386231482029 
0.25601696968078613,0.17069783806800842,0.11115676164627075 
-0.15716388821601868,0.17616471648216248,0.09245429933071136 
0.46423783898353577,-0.5001935958862305,-0.031461600214242935 
-0.3127301335334778,0.4221741855144501,-0.016979167237877846 
-0.26937875151634216,0.3311554789543152,0.03807325288653374 
0.46347054839134216,0.03947358950972557,-0.01851372793316841 
-0.15265612304210663,-0.20421487092971802,0.07701276987791061 
-0.5573009848594666,-0.20421487092971802,0.10425123572349548 
-0.2902528941631317,-0.31380587816238403,-0.2220870852470398 
-0.24597668647766113,-0.21466907858848572,0.010834770277142525 
0.07806528359651566,-0.2668441832065582,0.12372098863124847 
-0.05532652512192726,0.004840439651161432,0.015726184472441673 
-0.6946442723274231,-0.4183821976184845,-0.02369287610054016 
-0.30016592144966125,0.32463356852531433,0.11115676164627075 
0.4496594965457916,-0.410613477230072,-0.02369287610054016 
-0.8076881170272827,-0.42215695977211,0.06201651692390442 
0.4496594965457916,0.44941267371177673,-0.020815566182136536 
-0.03407694399356842,0.2248254120349884,0.06134514883160591 
-0.3121546804904938,-0.00853902380913496,-0.01544460840523243 
0.46174415946006775,0.49218860268592834,-0.017075078561902046 
-0.5690020322799683,0.3303881883621216,0.10425123572349548 
0.5684304237365723,-0.30373531579971313,-0.18645647168159485 
0.46174415946006775,-0.16546717286109924,-0.03875076398253441 
0.5206329822540283,-0.2037353217601776,-0.358898788690567 
0.44943341612815857,0.23211458325386047,0.10690245777368546 
-0.5586437582969666,0.17050601541996002,0.09859254211187363 
0.10419120639562607,-0.21466907858848572,0.11978868395090103 
0.3236335813999176,0.009474817663431168,0.056967537850141525 
-0.17202997207641602,0.3303881883621216,0.08861789107322693 
