-0.29527905583381653,0.26077374815940857,-0.0570293553173542
0.9363897442817688,-0.4494320750236511,0.4826456904411316
-0.3251346945762634,-0.4535415768623352,-0.11470599472522736
0.3395860195159912,0.8051518797874451,-0.11927209794521332
0.06790253520011902,0.17676493525505066,-0.5026425719261169
-0.9235822558403015,-0.5419548153877258,-0.44748395681381226
-0.3695489168167114,0.10576103627681732,0.48319363594055176
-0.1905391961336136,0.2081654667854309,-0.11644111573696136
0.941047191619873,-0.2857961356639862,0.48346757888793945
-0.32851362228393555,0.2025948166847229,-0.11525391042232513
-0.9297921657562256,-0.24177885055541992,0.4841068387031555
0.36799386143684387,0.2887183129787445,-0.07259978353977203
-0.35560402274131775,-0.36402270197868347,-0.5210896730422974
0.9402253031730652,-0.07263681292533875,0.3073619306087494
-0.17271798849105835,-0.09784173965454102,0.48355889320373535
0.6191365122795105,0.10577017068862915,-0.11561921238899231
-0.9285136461257935,0.05145666003227234,-0.44602280855178833
-0.5423122048377991,0.8077089190483093,0.4830109775066376
-0.3581087291240692,-0.06595872342586517,0.02011413872241974
-0.26715850830078125,-0.08808362483978271,-0.35748597979545593
0.9332848191261292,-0.2347470223903656,0.15251605212688446
0.31228065490722656,0.19812005758285522,0.15242472290992737
-0.6299747824668884,-0.5421307682991028,-0.035358600318431854
-0.3718867599964142,0.7981200814247131,-0.3725997805595398
-0.006968289613723755,0.07064765691757202,-0.5272082090377808
-0.867601752281189,0.3652530014514923,-0.44757530093193054
0.5005937218666077,-0.6189327239990234,-0.04169635847210884
0.4305562376976013,0.23404128849506378,-0.2868674397468567
-0.12093836069107056,0.2120923399925232,-0.3427191972732544
0.19100484251976013,-0.05548161268234253,0.48365023732185364
0.36799386143684387,0.5120923519134521,0.10389857739210129
-0.4835853576660156,0.2816865146160126,0.13881103694438934
-0.7727180123329163,-0.45609861612319946,0.2713627219200134
0.4825119078159332,-0.4862416088581085,0.1832849383354187
-0.9313446283340454,-0.49802887439727783,0.46812546253204346
-0.12058641016483307,0.7777552604675293,-0.3725084662437439
0.4305562376976013,0.06991709768772125,0.07671864330768585
0.4587680995464325,-0.06657971441745758,0.02709663100540638
0.9262530207633972,-0.4790886342525482,-0.44757530093193054
0.6278054714202881,0.2816865146160126,-0.05669146031141281
-0.1626792550086975,0.06525298207998276,-0.0570293553173542
0.9305451512336731,-0.5133984088897705,0.48310232162475586
0.2841601073741913,0.07228478044271469,-0.07259978353977203
-0.4713481664657593,-0.38852688670158386,-0.03506636619567871
-0.47025227546691895,-0.6049603819847107,0.12483875453472137
-0.10696607828140259,0.1086924821138382,0.48520272970199585
-0.6180115938186646,-0.06736508756875992,0.006147326435893774
-0.12093836069107056,-0.3539772629737854,0.07114800810813904
-0.6180115938186646,0.19100360572338104,0.006147326435893774
-0.2255088984966278,-0.06315512955188751,0.1736047863960266
0.48004618287086487,-0.2628675699234009,0.04802767559885979
-0.6313446164131165,-0.5091634392738342,0.17798824608325958
0.9381248950958252,-0.45472878217697144,-0.33850008249282837
-0.47025227546691895,0.23282915353775024,-0.13351166248321533
-0.9099752902984619,0.7990332841873169,0.29218417406082153
0.48004618287086487,0.11411033570766449,-0.03575129061937332
-0.35792359709739685,0.23668962717056274,0.3410598039627075
0.4377640187740326,0.49117958545684814,-0.07259978353977203
0.6402252912521362,-0.5624956488609314,0.11086645722389221
0.12361574918031693,-0.15114404261112213,0.18209774792194366
0.493385910987854,-0.3522147536277771,-0.5173454284667969
-0.4835853576660156,-0.2070058137178421,0.013125252909958363
-0.1279701590538025,0.8120923638343811,0.45278334617614746
-0.4835853576660156,0.07228478044271469,0.06199996545910835
-0.06490060687065125,0.499672532081604,0.12483875453472137
0.9402253031730652,0.1941700279712677,-0.2802036702632904
0.1801374852657318,-1.051623821258545,0.3829401433467865
-0.5324494242668152,0.23404128849506378,0.1385437548160553
-0.6307053565979004,-0.35793396830558777,0.04610077664256096
-0.12076237797737122,0.3096311092376709,-0.057942576706409454
0.05586135387420654,0.8124576210975647,0.28899702429771423
0.1722058206796646,0.06982576847076416,0.08274589478969574
0.3402252793312073,0.4280826449394226,-0.2589402198791504
0.4924660325050354,0.38643303513526917,0.07595399022102356
0.18379706144332886,0.3000422716140747,-0.07080073654651642
0.4873519539833069,-0.4444160759449005,-0.04163243621587753
0.64113849401474,0.32753026485443115,0.16858206689357758
-0.3791128098964691,0.10022936761379242,-0.07259978353977203
0.48004618287086487,0.07922526448965073,0.13881103694438934
0.6279881000518799,-0.3954673707485199,0.17990602552890778
0.4869866669178009,-0.27656590938568115,-0.1473013162612915
0.7865301370620728,-0.42321956157684326,0.48529404401779175
-0.27414464950561523,-0.255659818649292,-0.3725997805595398
-0.7768274545669556,-0.5277999043464661,-0.5287606716156006
0.5076254606246948,-0.04642491042613983,-0.1323244869709015
-0.4835853576660156,0.35848844051361084,-0.02177899330854416
-0.31892478466033936,-0.39573466777801514,0.3270856738090515
-0.3313446044921875,0.057575225830078125,0.40510404109954834
0.941138505935669,0.20022046566009521,0.31508320569992065
0.5772196650505066,0.23745673894882202,0.39691245555877686
-0.7713481783866882,-0.8909881711006165,0.2649519145488739
-0.4835853576660156,-0.053401920944452286,-0.07762250304222107
-0.4835853576660156,-0.053401920944452286,0.1736961156129837
0.5155705213546753,0.37310001254081726,-0.14574883878231049
-0.9313446283340454,0.5161172151565552,0.48337626457214355
0.6329194903373718,-0.5281584858894348,-0.04164156690239906
-0.1719874143600464,-1.05902099609375,-0.12776505947113037
0.7910048961639404,-0.027980297803878784,-0.11662374436855316
0.9395860433578491,-0.12543441355228424,0.4841068387031555
0.5005937218666077,0.21191638708114624,-0.1475752890110016
0.34004929661750793,-0.06595872342586517,-0.06366847455501556
0.5227916240692139,0.21300554275512695,0.36554327607154846
-0.2671676278114319,0.09346485137939453,-0.35702937841415405
0.4932878911495209,-0.6329050064086914,0.1797233670949936
-0.9285136461257935,0.23189520835876465,-0.4461141526699066
-0.5256848335266113,0.4632349908351898,-0.13195918500423431
0.2956094741821289,0.2356850802898407,0.4837415814399719
0.49310529232025146,0.25383326411247253,0.020119616761803627
0.1967581808567047,0.8099919557571411,-0.12000267207622528
-0.30951863527297974,-0.09511545300483704,-0.44757530093193054
-0.47025227546691895,0.20488455891609192,0.013120686635375023
-0.21153661608695984,-0.06595872342586517,-0.02177899330854416
-0.00925135612487793,0.7004053592681885,0.22740022838115692
0.17247311770915985,0.1560271978378296,-0.057330720126628876
-0.1811196208000183,0.4420549273490906,0.48355889320373535
0.5632473230361938,0.08600805699825287,-0.48711779713630676
-0.619929313659668,-0.3629566729068756,0.1833762675523758
-0.9180116057395935,-0.5279825329780579,0.29218417406082153
0.3121047019958496,0.4143776297569275,-0.07259978353977203
0.3263576626777649,0.8128229379653931,-0.2781306505203247
-0.5673344731330872,0.10870160162448883,0.4823717474937439
0.06076782941818237,-0.06595872342586517,-0.14045216143131256
0.6278054714202881,-0.2488953024148941,0.0550229549407959
-0.09984959661960602,-0.06595872342586517,-0.09159479290246964
0.5048858523368835,0.5120923519134521,0.03874020650982857
-0.2951240837574005,0.08596239984035492,-0.4877570569515228
-0.3581087291240692,-0.06595872342586517,-0.11250756680965424
-0.6184682250022888,0.05831248685717583,0.05496815964579582
-0.47399652004241943,-0.28003615140914917,-0.10501915961503983
-0.4835853576660156,-0.4862416088581085,0.04803680628538132
0.6278054714202881,0.36552026867866516,0.041059792041778564
-0.9313446283340454,0.2301144301891327,-0.14319849014282227
0.6278054714202881,0.016395607963204384,-0.02876514010131359
-0.6534513235092163,-0.36423274874687195,-0.11634978652000427
0.5843361616134644,-0.2698080539703369,-0.06368673592805862
0.49337923526763916,-0.16510720551013947,-0.0846543088555336
-0.47025227546691895,-0.28378036618232727,0.12483875453472137
0.36799386143684387,-0.07440602034330368,0.1852027028799057
-0.6180115938186646,-0.6329050064086914,0.14575152099132538
0.12133938074111938,0.4979441165924072,0.22791163623332977
-0.7835853695869446,0.7004053592681885,0.39690330624580383
-0.4835853576660156,-0.06038806959986687,0.04803680628538132
-0.5256848335266113,-0.1651163250207901,-0.1323244869709015
0.6278054714202881,-0.6817623376846313,0.06199996545910835
0.21438997983932495,-0.03241609036922455,-0.07259978353977203
-0.5776471495628357,-0.35117611289024353,-0.10958526283502579
0.4924660325050354,-0.5630435347557068,0.06896784156560898
-0.3180115818977356,0.009631097316741943,-0.3287651538848877
-0.4734552800655365,0.12834987044334412,0.22960108518600464
-0.3301641345024109,0.499672532081604,0.07596312463283539
-0.2883385717868805,0.02342742495238781,-0.0570293553173542
-0.04378446936607361,0.19967252016067505,-0.12027664482593536
-0.05792359635233879,0.12808263301849365,-0.0570293553173542
0.8005937337875366,0.3792252838611603,0.15242472290992737
0.36096206307411194,0.16999949514865875,-0.07259978353977203
0.7933792471885681,-0.7024991512298584,-0.23102302849292755
0.34049922227859497,-0.4038391709327698,-0.16054971516132355
-0.7907998561859131,0.05154797434806824,0.15242472290992737
0.6278054714202881,0.25383326411247253,0.07596312463283539
0.6958471536636353,-0.262600302696228,0.22740022838115692
0.640407919883728,0.3852458596229553,-0.10958526283502579
0.6402252912521362,-0.06532859802246094,-0.12593193352222443
-0.4876948297023773,0.5120923519134521,0.052475061267614365
0.6278054714202881,0.16999949514865875,-0.0846543088555336
0.4812333881855011,-0.13719001412391663,-0.2004508227109909
-0.6313446164131165,0.09529796242713928,-0.052061423659324646
-0.11373056471347809,-0.06595872342586517,0.13881103694438934
0.281231164932251,-0.6793034076690674,-0.3892204165458679
0.22853827476501465,-1.030619740486145,-0.3416963815689087
0.16526535153388977,0.19967252016067505,-0.2798886001110077
-0.4835853576660156,0.05831248685717583,-0.07065461575984955
0.3469897508621216,0.499672532081604,-0.007815834134817123
-0.17262667417526245,-0.20952880382537842,0.48355889320373535
-0.27436625957489014,0.13511443138122559,-0.05778732895851135
-0.3277830481529236,-0.12806937098503113,0.2603401243686676
0.7028789520263672,0.07539641857147217,-0.5272995233535767
-0.38605329394340515,-0.16510720551013947,-0.18602192401885986
-0.3930850923061371,0.32360339164733887,-0.07259978353977203
0.5213304758071899,0.19767680764198303,0.48492875695228577
0.48004618287086487,0.37949255108833313,-0.042719170451164246
-0.630888044834137,-0.5113552212715149,0.0691596195101738
0.49365320801734924,-0.32569724321365356,-0.04169635847210884
0.33291947841644287,-0.9468773603439331,0.2583584487438202
-0.4711655378341675,-0.6817623376846313,0.04801854491233826
0.6402252912521362,-0.45135653018951416,0.08993541449308395
0.2701877951622009,0.22588865458965302,-0.07259978353977203
-0.5115365982055664,0.1279066652059555,0.11397808790206909
-0.32504338026046753,0.20113372802734375,0.16429659724235535
0.039827656000852585,-0.06595872342586517,0.08294926583766937
0.46689581871032715,-0.2261560708284378,0.16675561666488647
0.6278054714202881,0.02342742495238781,0.07596312463283539
0.13055624067783356,-0.13020020723342896,-0.18602192401885986
0.3677448630332947,0.1911795735359192,0.22740022838115692
0.3258644938468933,-0.3659587502479553,0.2782210111618042
0.15156033635139465,0.051280681043863297,-0.07259978353977203
0.1802288293838501,0.6934648752212524,-0.12036795914173126
0.4924660325050354,0.17693999409675598,0.10390770435333252
-0.3180115818977356,-0.4441578984260559,-0.22403688728809357
0.48004618287086487,0.04434020072221756,0.041050661355257034
0.5773956179618835,0.2816865146160126,-0.1475752890110016
0.4657086133956909,-0.16510720551013947,0.08294926583766937
0.27721965312957764,-0.06595872342586517,-0.1474839597940445
0.18680402636528015,-1.037560224533081,0.4848374128341675
0.49337923526763916,-0.032461751252412796,0.11780694127082825
-0.00925135612487793,0.2460227608680725,0.07114800810813904
-0.6180115938186646,-0.1371808797121048,-0.07065461575984955
-0.5396571755409241,-0.2908121645450592,-0.0261533260345459
-0.5396571755409241,-0.4793011546134949,-0.04169635847210884
-0.46267926692962646,0.1558421105146408,-0.11790226399898529
-0.21856841444969177,0.33757567405700684,-0.05764121189713478
-0.18396401405334473,0.21300554275512695,0.38233742117881775
0.5634233355522156,0.499672532081604,-0.04970531910657883
-0.4835853576660156,-0.3745546042919159,0.08294013142585754
0.6402252912521362,0.4213181138038635,0.12483875453472137
-0.4835853576660156,-0.1371808797121048,0.11780694127082825
-0.6180115938186646,0.4213181138038635,-0.07065461575984955
-0.22527815401554108,0.6026906371116638,-0.35702937841415405
0.03266555070877075,-0.3625432848930359,-0.21705074608325958
-0.24705421924591064,-0.4592035412788391,0.3546667993068695
-0.45564746856689453,-0.351940780878067,0.07671864330768585
0.9402253031730652,0.10942305624485016,0.2577100396156311
-0.5466889142990112,-0.68742436170578,-0.04018041491508484
0.2005937099456787,0.7772073149681091,-0.44757530093193054
-0.6189247965812683,0.26077374815940857,0.0899171531200409
0.02586449682712555,-0.16510720551013947,0.18209774792194366
0.09549519419670105,0.19967252016067505,0.3899262845516205
-0.3718867599964142,-0.26963210105895996,0.22740022838115692
0.36096206307411194,-0.06595872342586517,0.03407364711165428
-0.17043495178222656,-0.16488558053970337,-0.4404521584510803
-0.06490973383188248,0.3934648633003235,-0.0570293553173542
-0.2745422124862671,0.8120923638343811,0.39691245555877686
-0.6189247965812683,0.1560271978378296,0.09693069756031036
0.47247314453125,-0.3625432848930359,0.41086646914482117
-0.07886376231908798,-0.15114404261112213,-0.18602192401885986
0.9394946694374084,-0.9532698392868042,0.47333085536956787
-0.5187444090843201,0.499672532081604,-0.042728301137685776
0.9298145771026611,-0.8002139329910278,0.4838328957557678
-0.3302554488182068,0.4981200695037842,-0.07259978353977203
0.6402252912521362,-0.3047844469547272,0.1317792385816574
0.5704551339149475,-0.7461445331573486,0.11086645722389221
0.5285382866859436,-0.5281584858894348,-0.0261533260345459
0.4924660325050354,-0.6677901148796082,0.041041526943445206
-0.47025227546691895,0.051280681043863297,0.15972381830215454
0.22133047878742218,0.3934648633003235,-0.0570293553173542
-0.6180115938186646,-0.27683988213539124,0.11789826303720474
-0.03003380261361599,0.2816865146160126,-0.05748596414923668
-0.4139978885650635,-0.06254327297210693,0.11086645722389221
0.4797722101211548,0.0024233239237219095,-0.05018932372331619
-0.17253538966178894,0.663145899772644,0.48365023732185364
-0.23271667957305908,0.19967252016067505,-0.12027664482593536
-0.4559147357940674,-0.17208421230316162,-0.07064548879861832
-0.4559147357940674,-0.10925456881523132,-0.16145625710487366
0.7261661291122437,-0.35666215419769287,0.07242649793624878
-0.4000255763530731,0.004249757621437311,-0.07055416703224182
-0.28240931034088135,0.2081654667854309,-0.11653243005275726
-0.36514052748680115,0.19100360572338104,-0.07259978353977203
0.25621554255485535,0.499672532081604,-0.02177899330854416
0.48004618287086487,0.30269062519073486,0.11086645722389221
0.49337923526763916,0.2887183129787445,-0.09862660616636276
-0.560661256313324,0.2816865146160126,-0.1475752890110016
0.0956711694598198,-0.01848945952951908,-0.0570293553173542
-0.6183768510818481,0.40734580159187317,0.1797233670949936
-0.6189247965812683,0.42834988236427307,0.04802767559885979
0.45201027393341064,0.19794408977031708,-0.07250846177339554
-0.5494286417961121,-0.7091590166091919,0.16319406032562256
-0.6180115938186646,-0.4373842775821686,0.12483875453472137
-0.40705737471580505,0.42834988236427307,-0.07259978353977203
-0.7907998561859131,-0.2975766956806183,0.15242472290992737
-0.6180115938186646,0.0024233239237219095,-0.09159479290246964
-0.3272351026535034,0.005704253911972046,-0.11525391042232513
0.8704551458358765,0.4420549273490906,0.15242472290992737
0.03282324597239494,-0.13021665811538696,-0.2026425451040268
0.6959384679794312,0.23404128849506378,-0.4335116744041443
0.14435257017612457,0.23404128849506378,0.34803682565689087
-0.9299747943878174,-0.9329050183296204,-0.3353586196899414
-0.07866953313350677,0.10870160162448883,-0.11762829124927521
-0.07866953313350677,-0.4302002191543579,0.11397808790206909
0.2841601073741913,0.3306352198123932,-0.07259978353977203
-0.44888293743133545,0.1560271978378296,-0.057184603065252304
0.3677448630332947,-0.35285401344299316,-0.5272082090377808
0.6121047139167786,0.24714602530002594,0.07279178500175476
-0.20664843916893005,-0.36872580647468567,-0.12128119170665741
-0.002310842275619507,0.1697998046875,0.11397808790206909
-0.21130585670471191,-0.16488558053970337,-0.3725997805595398
0.5704551339149475,-0.2488953024148941,-0.1475752890110016
0.5983997583389282,0.499672532081604,0.10388944298028946
-0.6277830600738525,-0.33729514479637146,-0.039659880101680756
0.7099107503890991,0.20752620697021484,-0.11461466550827026
0.3958471119403839,0.3934648633003235,-0.0570293553173542
0.5844274163246155,-0.45144787430763245,-0.04168722778558731
-0.4835853576660156,0.19794408977031708,0.11780694127082825
0.41658395528793335,0.07949253916740417,0.22740022838115692
-0.47025227546691895,-0.3047844469547272,0.03406451642513275
-0.15547148883342743,0.24847932159900665,-0.4195393919944763
0.6278054714202881,0.09319756180047989,0.1527833342552185
-0.17025226354599,0.6236034035682678,0.35501381754875183
0.49337923526763916,-0.23492300510406494,-0.03575129061937332
0.5564828515052795,-0.13021573424339294,-0.1475752890110016
-0.4835853576660156,0.2887183129787445,-0.07065461575984955
0.1512930542230606,0.8120923638343811,0.45278334617614746
-0.31892478466033936,-0.8980199694633484,0.36897701025009155
0.4657086133956909,-0.08830525726079941,-0.06366847455501556
-0.14149919152259827,0.19967252016067505,-0.29385268688201904
0.21438997983932495,-0.06254327297210693,0.006147326435893774
0.6278054714202881,0.21885685622692108,-0.0008296870510093868
-0.5952790975570679,0.23404128849506378,0.24331767857074738
0.7866213917732239,-0.5210420489311218,-0.5245598554611206
0.4168512225151062,-0.06595872342586517,0.11086645722389221
-0.12058641016483307,0.799672544002533,0.4388110637664795
-0.553629457950592,-0.3815864026546478,-0.026463821530342102
-0.47025227546691895,0.4423222243785858,-0.007824966683983803
0.48004618287086487,-0.4793011546134949,0.09690329432487488
-0.28851449489593506,-1.0582903623580933,-0.33518511056900024
0.48004618287086487,0.4562944769859314,0.11780694127082825
0.09593844413757324,-0.4651072025299072,0.48556798696517944
-0.3555309772491455,0.8124576210975647,0.33750736713409424
0.64113849401474,0.41172927618026733,-0.024546056985855103
-0.45327305793762207,0.8113617897033691,-0.3581800162792206
-0.21153661608695984,0.0024233239237219095,-0.07259978353977203
-0.6180115938186646,-0.0045171696692705154,0.11086645722389221
0.6402252912521362,-0.6049603819847107,0.027095718309283257
-0.3313446044921875,-0.07566381990909576,0.22772899270057678
-0.7835853695869446,-0.5209507346153259,-0.12630389630794525
0.3402252793312073,-0.4860473871231079,0.40389859676361084
0.5564828515052795,0.02342742495238781,-0.13195918500423431
0.018878351897001266,0.499672532081604,0.10388944298028946
-0.4711655378341675,-0.0045171696692705154,-0.007834097370505333
-0.4835853576660156,-0.5700753927230835,0.041050661355257034
0.34113848209381104,0.17474156618118286,-0.37698325514793396
-0.47025227546691895,-0.6817623376846313,0.1527833342552185
0.12361574918031693,0.23976965248584747,-0.057330720126628876
0.48004618287086487,0.4562944769859314,-0.014801979064941406
0.6278054714202881,0.09319756180047989,-0.06366847455501556
-0.553629457950592,0.14205490052700043,-0.13259844481945038
0.5704551339149475,0.42834988236427307,-0.13195918500423431
0.48004618287086487,0.16305901110172272,0.027083847671747208
-0.33107060194015503,0.41210126876831055,-0.4431918263435364
0.4930139482021332,0.1560271978378296,0.1797233670949936
-0.9235822558403015,0.14883770048618317,-0.44748395681381226
-0.31603413820266724,0.24847932159900665,0.1595478504896164
-0.0441364049911499,0.799672544002533,0.45278334617614746
-0.9189248085021973,-1.002675175666809,-0.18913355469703674
-0.4559147357940674,-0.13019564747810364,0.027095718309283257
0.24900108575820923,0.14908672869205475,-0.07016148418188095
0.2954774498939514,-0.4587469696998596,0.3383384048938751
0.4932878911495209,-0.40943968296051025,0.1797233670949936
0.49337923526763916,-0.13020296394824982,-0.0008388197747990489
-0.4209383726119995,-0.10226842015981674,0.18209774792194366
-0.3313446044921875,-0.16132400929927826,0.4829196631908417
-0.4139978885650635,-0.06345649808645248,-0.03575129061937332
-0.553629457950592,-0.08134651184082031,-0.13195918500423431
-0.4707089066505432,0.44926270842552185,0.16675561666488647
0.6278054714202881,-0.06736508756875992,-0.04970531910657883
-0.06490973383188248,0.20488455891609192,-0.0570293553173542
-0.47665154933929443,0.23404128849506378,-0.3985353112220764
-0.6145413517951965,-0.2675250172615051,-0.07533944398164749
-0.42797017097473145,0.23282915353775024,-0.057184603065252304
0.34004929661750793,-0.19307918846607208,-0.18638721108436584
0.6278054714202881,-0.053401920944452286,0.07596312463283539
-0.4559147357940674,-0.18607477843761444,-0.16145625710487366
-0.4713481664657593,-0.6677901148796082,-0.03504810482263565
-0.40696609020233154,0.499672532081604,0.07596312463283539
0.34113848209381104,0.5503630638122559,-0.11708036065101624
0.11904296278953552,0.8128229379653931,0.31091344356536865
0.5844274163246155,-0.5909881591796875,-0.0261533260345459
0.1800461709499359,-0.004784435033798218,-0.18913355469703674
0.005164206027984619,0.18377575278282166,0.4846547842025757
0.2841601073741913,0.5120923519134521,0.11086645722389221
-0.17052629590034485,-0.45646393299102783,0.3571324944496155
-0.4835853576660156,-0.45135653018951416,0.1317792385816574
-0.6930850744247437,-0.5300829410552979,-0.5232813954353333
0.1722971498966217,-0.36345651745796204,0.27821189165115356
0.9402253031730652,-0.5488952994346619,-0.4195393919944763
-0.7926262617111206,0.23784029483795166,-0.5079392194747925
-0.2557365596294403,0.46825772523880005,-0.07058156281709671
-0.5373741388320923,-0.2810406982898712,-0.14492693543434143
0.49337923526763916,-0.5630435347557068,0.1527833342552185
-0.4576498568058014,-0.21398283541202545,0.08293100446462631
0.5300907492637634,-0.32569724321365356,-0.1112290620803833
0.2005937099456787,-0.35241565108299255,-0.5272082090377808
-0.6180115938186646,-0.43044376373291016,0.03407364711165428
-0.9164591431617737,0.7283499240875244,-0.44757530093193054
0.33328479528427124,0.5328291654586792,0.15251605212688446
0.7800462245941162,-0.15794511139392853,0.18749244511127472
-0.47025227546691895,0.14908672869205475,0.06199083477258682
0.6402252912521362,-0.2969307601451874,-2.6052637622342445e-05
-0.4835853576660156,0.4213181138038635,-0.07762250304222107
-0.3092513680458069,-0.13019657135009766,0.18209774792194366
0.6278054714202881,-0.47226932644844055,0.02011139877140522
0.2914658784866333,-0.001229570247232914,-0.07211577892303467
0.44242143630981445,-0.06425099819898605,0.18365022540092468
0.34068191051483154,0.4718259572982788,0.4105924963951111
-0.036983419209718704,-0.06345649808645248,0.11780694127082825
0.43082350492477417,0.32360339164733887,-0.0570293553173542
0.7910048961639404,0.30014029145240784,-0.11634978652000427
-0.05093744769692421,-0.1232149749994278,0.18209774792194366
0.5076254606246948,-0.20003794133663177,-0.1475752890110016
0.1512930542230606,-0.4371991455554962,0.09735746681690216
0.2769888937473297,0.2745700776576996,0.22740022838115692
-0.3371959328651428,-0.06254327297210693,0.10389857739210129
-0.867601752281189,0.28845104575157166,-0.44757530093193054
-0.016283154487609863,0.8120923638343811,0.2991703152656555
-0.21153661608695984,0.26077374815940857,-0.05764121189713478
-0.56760174036026,-0.5770158767700195,-0.026619069278240204
-0.3162831664085388,0.3305438756942749,-0.0570293553173542
0.10243569314479828,0.4280826449394226,-0.35702937841415405
0.3540215492248535,0.10022936761379242,-0.0570293553173542
-0.6313446164131165,0.27255430817604065,-0.13743852078914642
0.2911919057369232,-0.13021665811538696,-0.2026425451040268
-0.6189247965812683,0.4632349908351898,0.12483875453472137
-0.8806608319282532,0.8120923638343811,-0.3764353394508362
0.26890265941619873,0.8115444183349609,-0.12676051259040833
0.3118940591812134,-0.18579836189746857,0.22740022838115692
-0.3180115818977356,0.14186981320381165,0.30614733695983887
0.6402252912521362,-0.3536418080329895,0.07597225904464722
0.49337923526763916,-0.10227754712104797,0.10388944298028946
0.6058948040008545,0.2045125961303711,-0.3725084662437439
0.4924660325050354,0.32360339164733887,0.03408277779817581
-0.7704349756240845,-0.17930114269256592,0.2785041034221649
-0.3579327464103699,0.0824282169342041,0.07909303903579712
-0.6180115938186646,-0.2908121645450592,0.027092978358268738
-0.12770286202430725,0.14908672869205475,-0.07259978353977203
0.6400493383407593,0.799672544002533,-0.12027664482593536
0.48004618287086487,-0.6398454904556274,0.11086645722389221
-0.09958231449127197,0.07895797491073608,0.07544013857841492
0.3402252793312073,0.7423222064971924,0.35502296686172485
0.29869982600212097,0.804512619972229,-0.3725084662437439
0.02563375234603882,0.23654350638389587,0.3131243586540222
-0.13473466038703918,-0.0008642753236927092,-0.07197879254817963
0.7800462245941162,-0.44459205865859985,0.31312069296836853
0.5494510531425476,-0.3815864026546478,-0.026765184476971626
0.6278054714202881,0.009455127641558647,-0.1055670827627182
-0.9180116057395935,-0.5209507346153259,0.37596315145492554
0.49337923526763916,-0.34661000967025757,0.027088413015007973
-0.19756431877613068,-0.06595872342586517,0.10389857739210129
0.32780545949935913,0.023603379726409912,-0.20308758318424225
-0.6180115938186646,-0.06736508756875992,-0.06366847455501556
-0.5743662714958191,0.19967252016067505,-0.1821017563343048
-0.4835853576660156,-0.4164714813232422,0.027088413015007973
-0.3180115818977356,-0.18579836189746857,0.31312984228134155
-0.17070889472961426,0.8040560483932495,-0.44154804944992065
-0.47025227546691895,0.27474603056907654,0.006138193421065807
-0.6180115938186646,0.37949255108833313,-0.0008296870510093868
0.9402253031730652,-1.0429482460021973,0.39156097173690796
-0.9311619997024536,-0.5931865572929382,0.48365023732185364
-0.47344860434532166,-0.3047844469547272,-0.039678141474723816
-0.17043495178222656,-0.02569723129272461,0.47963207960128784
0.07449111342430115,0.2460227608680725,-0.5288519859313965
-0.4711655378341675,0.12114214152097702,-0.0008570851641707122
-0.3180115818977356,0.2954828441143036,0.2782210111618042
0.48004618287086487,0.10716984421014786,0.0689769834280014
0.05111260712146759,0.5048846006393433,-0.3720153272151947
0.4655326306819916,-0.3626072108745575,0.47972339391708374
-0.8465976715087891,0.799672544002533,-0.2798886001110077
-0.9307053685188293,-0.2540026903152466,-0.17342615127563477
0.64113849401474,0.30269062519073486,0.018121490254998207
0.4168512225151062,-0.025521263480186462,-0.057330720126628876
0.22133047878742218,0.051280681043863297,-0.0570293553173542
0.5704551339149475,0.21191638708114624,-0.13195918500423431
-0.7725354433059692,0.5095419883728027,-0.11634978652000427
-0.4835853576660156,-0.5212180018424988,0.11780694127082825
-0.034821540117263794,-0.4942389726638794,0.48319363594055176
0.2841601073741913,0.499672532081604,0.041059792041778564
0.5773956179618835,-0.6817623376846313,-0.0261533260345459
0.48004618287086487,0.4423222243785858,-0.09159479290246964
-0.6309793591499329,-0.2044670581817627,-0.09186875820159912
0.9405905604362488,-0.3528996706008911,0.4844721555709839
-0.8105254173278809,-0.4592035412788391,-0.18904224038124084
-0.867601752281189,0.07949253916740417,0.15242472290992737
-0.029812216758728027,-0.36169397830963135,-0.35013455152511597
-0.3858407735824585,-0.3659587502479553,0.1385437548160553
0.18059411644935608,-0.9812144637107849,-0.32818982005119324
-0.6180115938186646,-0.36761412024497986,0.11086645722389221
0.941047191619873,-0.24068297445774078,-0.278516948223114
-0.9310706257820129,-0.2576689124107361,0.15680819749832153
-0.0018676221370697021,0.23745673894882202,0.3131316602230072
0.06774484366178513,-0.19307918846607208,-0.18638721108436584
0.2773956060409546,0.799672544002533,0.3410598039627075
0.004720956087112427,0.23404128849506378,-0.4404521584510803
0.5913679003715515,0.34451615810394287,-0.13195918500423431
0.6278054714202881,-0.5350990295410156,0.041059792041778564
-0.0860532820224762,0.19967252016067505,0.31312984228134155
-0.7811196446418762,-0.4302029609680176,-0.11644111573696136
-0.3791128098964691,-0.06591305881738663,-0.17524589598178864
0.5481725335121155,-0.7586556673049927,0.1720523238182068
-0.4835853576660156,-0.12322137504816055,-0.03575129061937332
0.2462548017501831,0.2123662829399109,0.18475277721881866
-0.3312532901763916,0.3772161900997162,-0.18310630321502686
0.15384338796138763,-0.0586346834897995,-0.05460931733250618
0.6402252912521362,-0.13019564747810364,-0.1055670827627182
0.20735818147659302,-0.06595872342586517,-0.15442444384098053
-0.4835853576660156,0.016395607963204384,0.09690329432487488
0.49337923526763916,-0.20001967251300812,0.020106833428144455
0.49337923526763916,-0.5072457194328308,0.03407364711165428
0.25977709889411926,0.4541027843952179,-0.07161350548267365
0.44634827971458435,0.5120923519134521,0.07066643983125687
-0.1416751593351364,0.3724607527256012,-0.057942576706409454
0.8285382986068726,0.19967252016067505,0.41086646914482117
-0.6313446164131165,0.15073053538799286,-0.08675471693277359
0.49337923526763916,0.016395607963204384,-0.11250756680965424
-0.9311619997024536,-0.9868764281272888,-0.12009398639202118
0.6402252912521362,-0.17208421230316162,0.02011413872241974
0.42771854996681213,0.10022936761379242,-0.07182354480028152
-0.4978315830230713,0.499672532081604,0.12483875453472137
0.4657086133956909,-0.09528227150440216,-0.14045216143131256
-0.4978315830230713,0.07228478044271469,-0.1323244869709015
0.39568030834198,0.19967252016067505,-0.31480199098587036
-0.6311619877815247,-0.13282480835914612,0.1417333483695984
0.34068191051483154,-0.00872465968132019,0.18073460459709167
0.6278054714202881,-0.5700753927230835,0.1736961156129837
-0.5255088806152344,0.06982576847076416,0.08968639373779297
0.19273996353149414,0.009631097316741943,0.47369611263275146
-0.6312533020973206,0.26314809918403625,0.013802863657474518
0.2064516395330429,0.2044212818145752,-0.11488863825798035
0.011890378780663013,0.3305438756942749,-0.0570293553173542
0.3469897508621216,-0.06595872342586517,0.0969124287366867
-0.12076237797737122,0.23282915353775024,-0.07259978353977203
0.381708025932312,-0.22771522402763367,0.24297066032886505
0.20735818147659302,0.21191638708114624,-0.07259978353977203
0.48004618287086487,0.23986095190048218,0.09690329432487488
-0.12093836069107056,-0.3659587502479553,-0.2659263610839844
-0.06490973383188248,-0.06345649808645248,-0.03575129061937332
-0.5117125511169434,-0.5350990295410156,-0.0261533260345459
-0.4349106550216675,-0.051520686596632004,-0.11953938007354736
-0.4704349637031555,0.4213181138038635,-0.14045216143131256
0.33693766593933105,0.09876155853271484,-0.11525391042232513
0.1165839433670044,-0.06591305881738663,-0.17524589598178864
-0.5201141834259033,-0.3256058990955353,-0.09871792793273926
0.49337923526763916,-0.23492300510406494,0.10388944298028946
0.6679939031600952,-0.35154810547828674,0.10365869104862213
-0.4590196907520294,-0.22926104068756104,-0.042737431824207306
-0.10679008066654205,0.5120923519134521,0.07597225904464722
-0.6095186471939087,-0.6957346796989441,-0.04169635847210884
0.6818748712539673,0.7534635066986084,0.22808514535427094
-0.029812216758728027,-0.3659587502479553,0.4597238302230835
-0.2255088984966278,-0.13720828294754028,0.18465477228164673
0.49337923526763916,0.31666290760040283,-0.02876514010131359
0.6278054714202881,0.34451615810394287,-0.04970531910657883
0.4377640187740326,0.26077374815940857,-0.057184603065252304
0.3330174684524536,0.23282915353775024,-0.07259978353977203
-0.319929301738739,-0.31383204460144043,-0.11634978652000427
-0.4580218195915222,-0.36423274874687195,-0.11634978652000427
0.6406819224357605,-0.01894606463611126,0.021767068654298782
0.43082350492477417,-0.17209334671497345,-0.18602192401885986
0.5983997583389282,-0.33966952562332153,-0.0261533260345459
-0.4559147357940674,-0.10925456881523132,-0.09853528439998627
-0.4835853576660156,0.35848844051361084,-0.0846543088555336
0.33284151554107666,0.24844279885292053,0.21525438129901886
0.9332848191261292,-0.1300005167722702,-0.44748395681381226
-0.4835853576660156,-0.21398283541202545,-0.11259888857603073
0.16553261876106262,-0.18607477843761444,-0.18602192401885986
-0.2878064513206482,0.24828754365444183,0.10365869104862213
0.6278054714202881,-0.7097069621086121,0.006147326435893774
-0.3309793472290039,-0.28550881147384644,-0.1158931702375412
0.1512930542230606,0.24847932159900665,0.1385437548160553
-0.34413641691207886,0.051280681043863297,-0.0570293553173542
-0.5256848335266113,0.20488455891609192,-0.13195918500423431
0.2436130791902542,0.2816865146160126,-0.07068201899528503
-0.18358534574508667,0.41420167684555054,-0.18913355469703674
0.48004618287086487,-0.5561031103134155,-0.0008388197747990489
0.5215064287185669,-0.2698080539703369,-0.07762250304222107
-0.9309793710708618,-0.7458772659301758,-0.1158931702375412
0.5928291082382202,-0.032461751252412796,-0.14657074213027954
0.5906373262405396,-0.3188481032848358,-0.10538443922996521
-0.6180115938186646,-0.49327343702316284,-0.0008296870510093868
0.25621554255485535,-0.05157548189163208,-0.20328180491924286
0.493196576833725,-0.01848945952951908,0.041023265570402145
-0.22879651188850403,0.06059553846716881,-0.0720335841178894
0.1932099312543869,0.14871472120285034,0.227491557598114
0.4849775731563568,0.5120009779930115,-0.041066236793994904
0.48022884130477905,-0.3879789710044861,-0.02118539996445179
0.49337923526763916,0.20488455891609192,-0.014801979064941406
-0.4708915948867798,0.4841477572917938,-0.08483695983886719
-0.3581087291240692,0.27474603056907654,-0.07259978353977203
-0.3180115818977356,-0.35340192914009094,-0.22403688728809357
-0.47025227546691895,0.3934648633003235,0.027083847671747208
0.6374856233596802,-0.4234119653701782,-0.039659880101680756
-0.7835853695869446,0.5119163990020752,-0.349714457988739
0.6278054714202881,-0.15114404261112213,0.1736961156129837
0.48004618287086487,0.35848844051361084,-0.09862660616636276
-0.5261414647102356,-0.40185990929603577,-0.07543077319860458
-0.4835853576660156,-0.0743512287735939,0.11780694127082825
-0.7702522873878479,0.5677142143249512,0.3759540021419525
0.24906256794929504,0.03757566213607788,0.22740022838115692
0.34004929661750793,0.34451615810394287,-0.0570293553173542
0.04680467024445534,-0.10925456881523132,0.18209774792194366
0.3402252793312073,-0.43003857135772705,-0.21660326421260834
0.48004618287086487,0.07922526448965073,-0.09159479290246964
0.03301745653152466,-0.3659587502479553,-0.42647987604141235
-0.25846952199935913,0.8124576210975647,0.16055239737033844
0.938307523727417,0.744605302810669,0.1539772003889084
0.6278054714202881,-0.6189327239990234,0.12483875453472137
0.5425105690956116,-0.2908121645450592,-0.0261533260345459
-0.34422773122787476,-0.011548973619937897,-0.05764121189713478
-0.5952790975570679,-0.3659587502479553,-0.15424849092960358
0.6121047139167786,0.06991709768772125,0.07671864330768585
-0.3998495936393738,0.3862570822238922,0.24297066032886505
-0.4838593006134033,0.2887183129787445,-0.1475752890110016
0.48004618287086487,-0.45135653018951416,0.02010226808488369
-0.5037675499916077,-0.05500005930662155,-0.14976701140403748
-0.4139978885650635,-0.10927283018827438,-0.2026425451040268
0.5425105690956116,-0.7461445331573486,0.013129818253219128
-0.513819694519043,0.20926135778427124,0.23112617433071136
-0.3300064206123352,0.15346351265907288,-0.3719148635864258
-0.3791128098964691,0.37949255108833313,-0.0570293553173542
0.6051642298698425,0.47703132033348083,0.24297066032886505
0.6278054714202881,-0.7026751637458801,0.1317792385816574
-0.302486777305603,-0.4461445212364197,-0.22403688728809357
0.34004929661750793,0.03739970922470093,-0.0570293553173542
-0.4704349637031555,0.33757567405700684,0.1317792385816574
-0.46860846877098083,0.5125489830970764,-0.009961904026567936
0.49337923526763916,-0.43044376373291016,0.12483875453472137
0.5283622741699219,-0.3659587502479553,0.3619999885559082
0.48004618287086487,0.37949255108833313,0.02010226808488369
-0.6180115938186646,0.32360339164733887,-0.0846543088555336
-0.4835853576660156,0.4562944769859314,0.08294013142585754
0.1800461709499359,-0.24168752133846283,-0.31480199098587036
-0.6180115938186646,0.4352903962135315,-0.014801979064941406
-0.4835853576660156,-0.6258732080459595,0.05501381680369377
0.6402252912521362,-0.4444160759449005,0.1527833342552185
0.9402253031730652,-0.545333743095398,-0.32549580931663513
0.4924660325050354,0.4562944769859314,0.06199083477258682
0.6278054714202881,-0.3605823218822479,0.1317792385816574
0.14452852308750153,0.4352903962135315,-0.0570293553173542
0.6278054714202881,-0.5072457194328308,0.11789826303720474
0.17868302762508392,0.35794052481651306,-0.06994231045246124
0.6279881000518799,-0.27683988213539124,0.17990602552890778
-0.4835853576660156,-0.7097069621086121,0.10388944298028946
0.4167599081993103,0.1560271978378296,-0.05764121189713478
-0.8288811445236206,-1.0593862533569336,-0.12027664482593536
0.26301658153533936,-0.22771522402763367,-0.35702937841415405
-0.3302554488182068,0.14908672869205475,-0.0570293553173542
-0.3511682152748108,0.4352903962135315,-0.0570293553173542
-0.3230111300945282,-0.1300005167722702,0.22740022838115692
0.18698665499687195,0.6166629195213318,-0.44748395681381226
-0.48331138491630554,-0.6049603819847107,0.17990602552890778
0.4657086133956909,-0.1581210494041443,-0.13351166248321533
-0.532716691493988,-0.21958087384700775,-0.14593148231506348
0.353790819644928,-0.3625432848930359,-0.1611889749765396
0.388694167137146,0.23745673894882202,-0.24497705698013306
-0.6313446164131165,0.30305591225624084,0.12502139806747437
0.8564828634262085,0.3862570822238922,0.15242472290992737
0.48004618287086487,-0.6957346796989441,0.10388030856847763
-0.6189247965812683,-0.6398454904556274,0.020104091614484787
0.6402252912521362,0.18397179245948792,0.04803680628538132
-0.20432883501052856,0.4910036325454712,0.22740022838115692
-0.6371959447860718,0.10690256953239441,-0.4866611957550049
-0.5465976595878601,-0.6329050064086914,-0.0261533260345459
-0.4835853576660156,0.051280681043863297,-0.014801979064941406
0.08169887214899063,-0.1022866815328598,-0.2026425451040268
-0.6189247965812683,0.20488455891609192,0.0689769834280014
-0.21847710013389587,-0.11623705923557281,-0.18602192401885986
-0.15591472387313843,-0.4860748052597046,-0.16822077333927155
0.34004929661750793,0.499672532081604,0.04803680628538132
-0.2322460412979126,0.19967252016067505,0.43177926540374756
-0.27414464950561523,-0.03228580951690674,0.24297066032886505
-0.19053252041339874,0.499672532081604,0.013129818253219128
0.48004618287086487,-0.3605823218822479,0.11780694127082825
0.4657086133956909,-0.16510720551013947,-0.035742152482271194
-0.4835853576660156,-0.2628675699234009,0.0689769834280014
0.4657086133956909,-0.051520686596632004,-0.17533722519874573
-0.28139808773994446,-0.18607477843761444,-0.2026425451040268
-0.3313446044921875,0.5082635283470154,0.42803505063056946
-0.5955463647842407,-0.2908121645450592,-0.0261533260345459
-0.23244941234588623,-0.06595872342586517,-0.1055670827627182
0.6278054714202881,-0.12321681529283524,-0.04970531910657883
0.4305562376976013,0.016662895679473877,0.22740022838115692
-0.5603939890861511,-0.3254299461841583,0.22740022838115692
-0.7278788089752197,0.3583124876022339,-0.36976879835128784
-0.3511682152748108,-0.10927283018827438,-0.2026425451040268
-0.016034113243222237,-0.15114404261112213,-0.18602192401885986
-0.2536361515522003,0.4004053473472595,-0.07250846177339554
0.4910961985588074,0.512183666229248,-0.1055670827627182
0.5928291082382202,-0.08832351863384247,-0.14657074213027954
0.20041769742965698,0.10022936761379242,-0.07259978353977203
-0.6189247965812683,-0.5840476751327515,-0.0008388197747990489
0.49310529232025146,-0.6887941956520081,0.15972381830215454
-0.3858407735824585,-0.3743603825569153,0.48556798696517944
0.4377640187740326,0.4352903962135315,-0.0570293553173542
0.9401339292526245,-0.1209462583065033,0.3357905149459839
-0.35093745589256287,0.19967252016067505,0.2782210111618042
0.4447958171367645,-0.051520686596632004,-0.09862660616636276
0.6278054714202881,-0.025429939851164818,0.13881103694438934
-0.17025226354599,-0.7373843193054199,0.3759540021419525
-0.18358534574508667,-0.18579836189746857,0.23632240295410156
-0.4277028739452362,0.11397089064121246,-0.11443202197551727
-0.1275268942117691,-0.3625432848930359,0.34803682565689087
-0.13446739315986633,-0.48602914810180664,0.48556798696517944
0.48004618287086487,0.36552026867866516,0.12483875453472137
-0.5813068151473999,0.8120923638343811,0.35502296686172485
0.16553261876106262,-0.08830525726079941,-0.18602192401885986
0.7910048961639404,-0.5721824765205383,0.48337626457214355
0.25621554255485535,-0.14415790140628815,0.18209774792194366
-0.47025227546691895,0.19091229140758514,-0.09862660616636276
0.297936350107193,0.23404128849506378,0.34803682565689087
0.36076784133911133,0.19967252016067505,-0.23101389408111572
0.6278054714202881,0.2816865146160126,0.1317792385816574
0.1303802728652954,0.09314031898975372,0.1119690090417862
0.06774484366178513,0.4352903962135315,-0.0570293553173542
0.08890664577484131,0.23745673894882202,0.27124398946762085
-0.26039397716522217,0.30269062519073486,-0.0570293553173542
0.08170800656080246,-0.06285376846790314,-0.02880167029798031
-0.48340266942977905,0.0024233239237219095,0.1796320527791977
-0.5047720670700073,-0.43044376373291016,-0.026463821530342102
0.16553261876106262,-0.0010469227563589811,-0.07201532274484634
-0.7795671820640564,0.810083270072937,-0.12027664482593536
0.64113849401474,0.22104859352111816,-0.07250846177339554
0.6278054714202881,0.12114214152097702,0.0969124287366867
-0.17638427019119263,-0.35285401344299316,0.07279178500175476
-0.7559147477149963,0.14883770048618317,0.09735746681690216
-0.5396571755409241,-0.7383821606636047,-0.02457345277070999
-0.5747248530387878,-0.3401261568069458,-0.057211995124816895
-0.29554635286331177,-0.4461445212364197,0.43177926540374756
-0.5187444090843201,-0.2698080539703369,-0.07762250304222107
-0.5833091735839844,-0.1860656440258026,-0.14657074213027954
-0.625317394733429,0.47583746910095215,0.07349742203950882
0.780228853225708,0.7213181257247925,0.1595478504896164
0.49337923526763916,-0.10925456881523132,0.04803680628538132
0.5002284049987793,-0.7455052733421326,0.1317792385816574
0.6278054714202881,0.04434020072221756,0.12483875453472137
0.20718222856521606,0.23404128849506378,-0.2100645899772644
-0.16331851482391357,0.2794034481048584,-0.06999710202217102
0.29813238978385925,0.12114214152097702,-0.0570293553173542
0.1802288293838501,-0.8066064715385437,0.2788146138191223
0.7028789520263672,0.5119163990020752,-0.3579425811767578
-0.08585904538631439,-0.01848945952951908,-0.057330720126628876
0.4377640187740326,-0.09529140591621399,-0.18602192401885986
0.9053402543067932,0.8130055665969849,0.21525438129901886
-0.22991731762886047,0.10576103627681732,0.48319363594055176
-0.26039397716522217,-0.08847877383232117,-0.2026425451040268
0.4733797013759613,-0.23172670602798462,-0.0846543088555336
0.1517362892627716,-0.47907036542892456,0.48556798696517944
-0.6180115938186646,0.04434020072221756,-0.05669146031141281
-0.15665866434574127,0.8115444183349609,-0.35411620140075684
-0.4835853576660156,-0.1581301987171173,0.06199996545910835
0.49337923526763916,-0.06038806959986687,-0.02876514010131359
0.48004618287086487,-0.6258732080459595,0.006138193421065807
0.3050729036331177,0.27474603056907654,-0.057942576706409454
-0.44888293743133545,0.38643303513526917,-0.0570293553173542
0.6278054714202881,-0.6538177728652954,0.013129818253219128
0.9402253031730652,-0.5977526903152466,-0.23101389408111572
0.6167621612548828,-0.3642235994338989,-0.11634978652000427
-0.6860532760620117,0.20149892568588257,-0.11634978652000427
0.7933792471885681,0.3373997211456299,0.41086646914482117
-0.6189247965812683,0.26077374815940857,0.15972381830215454
-0.4835853576660156,-0.34661000967025757,0.006147326435893774
-0.4419424831867218,-0.025521263480186462,-0.05764121189713478
0.7801375389099121,-0.06013906002044678,0.21525438129901886
-0.5256848335266113,0.31657156348228455,-0.13195918500423431
0.5215064287185669,0.26077374815940857,-0.13195918500423431
0.22827096283435822,-0.17908862233161926,-0.2026425451040268
-0.5116212368011475,-0.33966952562332153,-0.04135847091674805
-0.574542224407196,-0.5141862034797668,-0.0261533260345459
0.8355700969696045,-0.7582970857620239,-0.32615333795547485
-0.4000255763530731,0.14908672869205475,-0.07259978353977203
-0.22526901960372925,-0.05319856107234955,0.22740022838115692
0.36799386143684387,-0.01848945952951908,-0.07259978353977203
0.5773956179618835,-0.5002139210700989,-0.0261533260345459
0.24927504360675812,-0.051520686596632004,-0.1055670827627182
0.3677539825439453,0.07539641857147217,0.07270048558712006
-0.6189247965812683,0.40734580159187317,0.11086645722389221
-0.38605329394340515,-0.14416702091693878,0.18465477228164673
0.45173630118370056,0.051280681043863297,-0.057330720126628876
0.2867104411125183,-1.0560073852539062,0.26050451397895813
0.4657086133956909,-0.13019564747810364,0.13881103694438934
0.5564828515052795,-0.17908862233161926,-0.13195918500423431
-0.4905325174331665,0.19967252016067505,-0.12027664482593536
-0.47025227546691895,-0.032470881938934326,0.0899171531200409
0.6402252912521362,0.47026681900024414,0.10389857739210129
-0.4705263078212738,0.02342742495238781,0.04799114540219307
0.4929226040840149,0.44926270842552185,0.16666430234909058
0.927805483341217,0.10696649551391602,-0.3985353112220764
0.64113849401474,0.11374504119157791,-0.007870626635849476
0.48004618287086487,-0.6119922399520874,0.06199083477258682
-0.5839484333992004,-0.30104026198387146,-0.10328403115272522
-0.5115365982055664,0.23654350638389587,0.35499557852745056
0.6278054714202881,-0.23492300510406494,0.11086645722389221
0.04698973894119263,-0.4511440396308899,0.48556798696517944
-0.34413641691207886,-0.06345649808645248,-0.02876514010131359
0.08846339583396912,0.11396177113056183,0.4820977449417114
-0.581574022769928,-0.4444160759449005,-0.0261533260345459
-0.4835853576660156,-0.0743512287735939,-0.02177899330854416
-0.7488829493522644,-0.35152068734169006,-0.46839675307273865
-0.6184682250022888,0.009455127641558647,0.04100499674677849
-0.4835853576660156,0.009455127641558647,-0.05669146031141281
0.4236157536506653,0.23745673894882202,-0.20308758318424225
0.6278054714202881,0.3724607527256012,0.11086645722389221
-0.21180391311645508,-0.4162452816963196,0.16767552495002747
-0.30951863527297974,0.8120009899139404,0.3412972390651703
-0.36514052748680115,0.499672532081604,-0.035742152482271194
-0.588514506816864,0.32360339164733887,-0.13195918500423431
-0.4835853576660156,0.19794408977031708,0.06199996545910835
0.49310529232025146,0.10716984421014786,0.020119616761803627
-0.10679008066654205,-0.05160287395119667,-0.210313618183136
0.6037877202033997,0.5130055546760559,-0.022399984300136566
0.6278054714202881,0.21885685622692108,0.14575152099132538
0.48004618287086487,-0.2908121645450592,-0.007824966683983803
-0.016034113243222237,0.40734580159187317,-0.0570293553173542
-0.4711655378341675,-0.6608495712280273,0.1038711816072464
-0.32322362065315247,0.21885685622692108,-0.057330720126628876
0.004915191791951656,0.499672532081604,-0.02177899330854416
-0.15582340955734253,0.12093877792358398,-0.11479730904102325
-0.4835853576660156,-0.34661000967025757,0.12483875453472137
-0.10679008066654205,0.499672532081604,-0.02177899330854416
-0.3230202794075012,-0.36345651745796204,-0.307824969291687
-0.3180115818977356,-0.4092545807361603,-0.3287651538848877
0.7237917184829712,0.17679598927497864,0.48492875695228577
0.7924660444259644,-0.09511545300483704,-0.15424849092960358
0.6278054714202881,0.17703130841255188,-0.02876514010131359
0.49337923526763916,0.16305901110172272,-0.042728301137685776
-0.2673344612121582,-0.08830525726079941,0.18556798994541168
-0.3439787030220032,-0.40927284955978394,-0.5026425719261169
-0.8086076378822327,0.21264028549194336,-0.4012749493122101
0.941138505935669,0.7615911960601807,0.27149057388305664
-0.6221210956573486,0.4650614559650421,-0.09451710432767868
-0.16961973905563354,-0.03943876177072525,-0.0570293553173542
-0.12770286202430725,-0.09529140591621399,-0.18602192401885986
-0.4537230432033539,0.5120923519134521,0.1056976243853569
-0.17665153741836548,-0.09530966728925705,-0.2026425451040268
0.5231502652168274,0.15666645765304565,-0.14447033405303955
-0.6180115938186646,-0.36761412024497986,-0.0008296870510093868
-0.21847710013389587,0.499672532081604,0.13881103694438934
0.48022884130477905,0.10716984421014786,0.1796320527791977
0.780228853225708,-0.24871933460235596,-0.12036795914173126
-0.7711655497550964,-0.42367929220199585,0.3200949728488922
-0.48111963272094727,0.26077374815940857,0.1835588961839676
-0.16961973905563354,0.3305438756942749,-0.0570293553173542
0.2283622771501541,0.499672532081604,0.1317792385816574
-0.21129672229290009,-0.3659587502479553,-0.37762251496315
-0.11355461180210114,-0.43718087673187256,-0.11790226399898529
0.2769888937473297,-0.07411135733127594,-0.3725997805595398
-0.574542224407196,0.44926270842552185,-0.13195918500423431
-0.5751814842224121,-0.39994215965270996,-0.07000623643398285
0.34679555892944336,-0.31154897809028625,-0.35702937841415405
0.3330174684524536,0.4562944769859314,-0.0570293553173542
-0.32322362065315247,0.10022936761379242,-0.0570293553173542
0.47247314453125,0.5468014478683472,0.24266928434371948
-0.6180115938186646,-0.08830525726079941,0.11086645722389221
-0.0860532820224762,-0.3659587502479553,-0.23101389408111572
-0.14870695769786835,-0.06595872342586517,0.0969124287366867
-0.6180115938186646,0.3724607527256012,-0.06366847455501556
0.6402252912521362,-0.40249916911125183,0.08294926583766937
-0.4349106550216675,0.2816865146160126,-0.0570293553173542
-0.6180115938186646,-0.40249916911125183,0.07596312463283539
-0.4835853576660156,0.3934648633003235,0.14575152099132538
0.6121047139167786,-0.3659587502479553,0.43177926540374756
-0.9208425283432007,0.8116357922554016,0.43406230211257935
-0.27436625957489014,0.35848844051361084,-0.0570293553173542
0.5285382866859436,-0.7461445331573486,0.07596312463283539
0.18644540011882782,-0.06595872342586517,-0.09853528439998627
0.2769888937473297,0.1348928064107895,-0.11443202197551727
0.10981941223144531,0.23745673894882202,-0.2659263610839844
-0.6189247965812683,0.1560271978378296,0.04802767559885979
-0.49079981446266174,-0.2628675699234009,-0.1475752890110016
0.4447958171367645,0.499672532081604,0.11789826303720474
0.3279880881309509,-0.6466100215911865,0.47990602254867554
0.13055624067783356,0.499672532081604,0.13881103694438934
0.2701877951622009,-0.19129841029644012,0.18237172067165375
-0.4835853576660156,-0.5561031103134155,0.1736961156129837
0.6278054714202881,-0.5630435347557068,-0.007834097370505333
-0.6180115938186646,0.26077374815940857,-0.042728301137685776
-0.47025227546691895,-0.5281584858894348,0.02010226808488369
0.8301820755004883,-0.38773906230926514,0.1555296778678894
0.1375880390405655,-0.10226842015981674,0.18209774792194366
0.49337923526763916,-0.18605650961399078,0.15972381830215454
0.30278319120407104,-0.4592949151992798,-0.15096089243888855
-0.9180116057395935,-0.20724570751190186,-0.17516125738620758
0.9402253031730652,-0.3324526250362396,0.21534571051597595
-0.14213843643665314,0.20743489265441895,0.48547667264938354
0.4924660325050354,0.20488455891609192,0.04802767559885979
-0.5952790975570679,0.8120923638343811,0.4597238302230835
-0.48340266942977905,-0.45838838815689087,0.1796320527791977
-0.6180115938186646,0.02342742495238781,0.1527833342552185
-0.6313446164131165,0.45483335852622986,0.17844486236572266
0.2695643901824951,0.21026593446731567,0.47954073548316956
-0.783402681350708,-0.20680245757102966,-0.12036795914173126
-0.9102492332458496,-0.14223767817020416,-0.4294934868812561
0.9400426745414734,-0.7831367254257202,-0.32618072628974915
-0.9180116057395935,-0.19977064430713654,0.2014647275209427
0.31913650035858154,-0.0738854855298996,-0.18465209007263184
0.9122806787490845,0.09337350726127625,-0.44757530093193054
0.48004618287086487,0.25374194979667664,-0.03575129061937332
-0.4422164261341095,0.33757567405700684,-0.07250846177339554
-0.4950919449329376,-0.22177259624004364,-0.17542853951454163
-0.9235822558403015,-0.3045171797275543,0.15251605212688446
0.09566203504800797,-0.15813931822776794,-0.2026425451040268
-0.4418511390686035,-0.06255240738391876,0.1527833342552185
-0.6148152947425842,-0.7433135509490967,0.001489895861595869
-0.574542224407196,-0.24195480346679688,-0.1475752890110016
-0.6229429841041565,0.35291779041290283,0.1850200593471527
0.5355700850486755,-0.6468773484230042,-0.0261533260345459
-0.9272351264953613,0.18659943342208862,0.4847460985183716
-0.5396571755409241,0.4143776297569275,-0.13195918500423431
-0.4419424831867218,0.4562944769859314,-0.0570293553173542
0.14452852308750153,0.19100360572338104,-0.07259978353977203
-0.23244941234588623,0.16305901110172272,-0.057330720126628876
0.1375880390405655,0.12808263301849365,-0.07259978353977203
-0.3162831664085388,-0.051520686596632004,-0.18236903846263885
-0.6744554042816162,-0.3602237105369568,0.07507483661174774
-0.3230111300945282,0.799672544002533,0.3689861297607422
-0.06490060687065125,-0.051520686596632004,-0.11953938007354736
0.5283622741699219,-0.3625432848930359,-0.1611889749765396
0.20041769742965698,0.499672532081604,-0.014801979064941406
-0.9313446283340454,-0.5539180040359497,0.4580800533294678
-0.09308508038520813,0.23745673894882202,-0.14721667766571045
0.2701877951622009,0.3934648633003235,-0.07259978353977203
0.49337923526763916,-0.01848945952951908,-0.007815834134817123
-0.4835853576660156,-0.16510720551013947,-0.007815834134817123
-0.3180115818977356,-0.4162352383136749,-0.272907018661499
0.48004618287086487,0.26077374815940857,0.13881103694438934
-0.4835853576660156,-0.2488953024148941,-0.007815834134817123
-0.3180115818977356,-0.5000196695327759,0.33407366275787354
0.24224324524402618,0.34451615810394287,-0.0570293553173542
-0.6180115938186646,-0.4582970440387726,0.08294926583766937
0.6122806668281555,-0.3815864026546478,-0.04169635847210884
-0.6180115938186646,-0.1162324845790863,-0.11250756680965424
0.5215978026390076,-0.24195480346679688,-0.1321418434381485
0.19328787922859192,0.25357508659362793,-0.12027664482593536
-0.31892478466033936,-0.3608495593070984,0.38991716504096985
-0.4327189326286316,0.11420165002346039,-0.0704537108540535
0.6278054714202881,0.051280681043863297,-0.0846543088555336
0.6039770245552063,0.21264028549194336,-0.32064661383628845
0.49337923526763916,-0.12322137504816055,-0.04971444979310036
-0.4559147357940674,-0.09529140591621399,0.06200909614562988
-0.47025227546691895,0.31666290760040283,-0.1055670827627182
0.5983083844184875,-0.1441761553287506,-0.1323244869709015
-0.56760174036026,0.18397179245948792,-0.1475752890110016
-0.3313446044921875,0.4171239733695984,-0.15844929218292236
0.48004618287086487,0.009455127641558647,0.07595399022102356
-0.4835853576660156,0.23986095190048218,0.041050661355257034
-0.6180115938186646,0.19100360572338104,-0.042728301137685776
0.40287891030311584,-0.06595872342586517,-0.0846543088555336
0.22133047878742218,0.4909968972206116,-0.057403773069381714
0.5355700850486755,0.499672532081604,0.006147326435893774
0.2344808429479599,0.009455127641558647,-0.07250846177339554
-0.7708916068077087,-0.2351902723312378,0.3689495921134949
0.44223877787590027,0.3910904824733734,-0.07049936801195145
0.6278054714202881,-0.5770158767700195,0.06199996545910835
-0.16961973905563354,0.5120923519134521,0.06199996545910835
0.40981942415237427,-0.051520686596632004,-0.17533722519874573
0.48004618287086487,0.14205490052700043,0.1317792385816574
0.1742928922176361,-0.35003215074539185,-0.23086777329444885
0.9391294717788696,-1.0525370836257935,0.32428666949272156
-0.4838593006134033,0.19091229140758514,-0.1475752890110016
-0.4711655378341675,-0.6119922399520874,0.006129061803221703
0.5913679003715515,-0.27063000202178955,-0.11259888857603073
-0.47025227546691895,-0.40943968296051025,0.11780694127082825
-0.47025227546691895,0.4423222243785858,0.041050661355257034
-0.7835853695869446,0.05804520845413208,-0.18913355469703674
0.5056164264678955,-0.2299002856016159,-0.18236903846263885
0.6278054714202881,-0.20001967251300812,0.06199996545910835
-0.5600287318229675,0.2118183970451355,-0.3572850823402405
0.36253949999809265,0.8118184208869934,-0.12374688684940338
0.6278054714202881,0.06525298207998276,-0.02177899330854416
0.6407732367515564,-0.02899150364100933,-0.0226739514619112
-0.2745422124862671,0.8120923638343811,-0.13324439525604248
-0.5833091735839844,-0.13021117448806763,-0.14657074213027954
-0.4835853576660156,0.16305901110172272,-0.02876514010131359
0.5358440279960632,-0.3328203558921814,-0.056773651391267776
0.941138505935669,-0.17063887417316437,0.4808192551136017
-0.4590196907520294,-0.05239738151431084,0.01079653762280941
-0.029988141730427742,-0.06595872342586517,-0.09159479290246964
0.38187485933303833,-0.2261560708284378,-0.1872090995311737
-0.21130585670471191,0.33036792278289795,0.22740022838115692
0.38890665769577026,0.3515479862689972,-0.07259978353977203
-0.31892478466033936,0.4699994921684265,0.45278334617614746
0.12361574918031693,-0.06254327297210693,0.14575152099132538
0.6278054714202881,0.13511443138122559,-0.11935673654079437
0.4657086133956909,-0.09528227150440216,-0.007815834134817123
0.4657086133956909,-0.16510720551013947,0.013132559135556221
-0.21153661608695984,0.37949255108833313,-0.07259978353977203
0.2911919057369232,-0.17209334671497345,-0.18602192401885986
-0.0020645619370043278,-0.10925456881523132,0.18209774792194366
0.9262530207633972,0.00964444875717163,0.2578105032444
-0.2881479859352112,0.23714624345302582,0.4178982675075531
-0.19756431877613068,-0.10226842015981674,0.18209774792194366
-0.14870695769786835,0.4632349908351898,-0.0570293553173542
0.48004618287086487,-0.2698080539703369,0.13881103694438934
0.6402252912521362,0.4562944769859314,0.1527833342552185
-0.1903565526008606,-0.5139919519424438,0.11288222670555115
0.2141501009464264,-0.13694100081920624,-0.35702937841415405
-0.3791128098964691,-0.06595872342586517,-0.06366847455501556
-0.4835853576660156,0.23986095190048218,-0.0846543088555336
-0.4835853576660156,0.030367905274033546,-0.1055670827627182
0.3051642179489136,-0.06254327297210693,0.06199996545910835
0.49337923526763916,-0.31866541504859924,0.06199996545910835
0.7933792471885681,-0.37435123324394226,0.4388110637664795
-0.08585904538631439,0.2816865146160126,-0.057942576706409454
-0.4835853576660156,-0.09529140591621399,0.020106833428144455
-0.18358534574508667,-0.1509132832288742,-0.1611889749765396
-0.4835853576660156,0.3096311092376709,0.1736961156129837
0.5494510531425476,0.31657156348228455,-0.1475752890110016
0.38196614384651184,-0.06595872342586517,0.13881103694438934
0.49337923526763916,-0.5281584858894348,0.12483875453472137
-0.4835853576660156,0.4352903962135315,0.12483875453472137
0.5951187610626221,0.8128229379653931,0.46209821105003357
0.12361574918031693,0.499672532081604,0.03407364711165428
0.03301745653152466,-0.3625432848930359,0.2852071523666382
0.25621554255485535,-0.10227754712104797,-0.18602192401885986
-0.6180115938186646,0.03739970922470093,0.006147326435893774
-0.38605329394340515,0.23282915353775024,-0.07259978353977203
-0.2883385717868805,0.18397179245948792,-0.07259978353977203
0.6402252912521362,-0.49354737997055054,0.07533299922943115
-0.13473466038703918,-0.1790703684091568,-0.18602192401885986
0.4924660325050354,0.2816865146160126,0.05500468611717224
0.39447730779647827,0.5126402974128723,0.06796330213546753
0.09584710001945496,0.5538332462310791,0.22740022838115692
-0.6231256127357483,-0.281223326921463,-0.1263885349035263
-0.4835853576660156,-0.14416702091693878,-0.09862660616636276
0.49337923526763916,0.4143776297569275,-0.007815834134817123
-0.47025227546691895,0.05831248685717583,0.10388030856847763
0.9357505440711975,0.8126403093338013,-0.21657586097717285
-0.56760174036026,0.499672532081604,-0.035742152482271194
-0.17116552591323853,-0.06717085838317871,-0.15424849092960358
0.3955731689929962,0.5126402974128723,-0.026819977909326553
-0.38585907220840454,-0.5260647535324097,-0.48748308420181274
-0.4705263078212738,0.25374194979667664,-0.04274656996130943
0.48004618287086487,-0.025521263480186462,-0.09159479290246964
-0.3180115818977356,-0.5000196695327759,0.25029468536376953
0.5145659446716309,-0.40943968296051025,-0.04169635847210884
0.43082350492477417,-0.06595872342586517,-0.014792848378419876
-0.25336217880249023,-0.06595872342586517,0.12483875453472137
-0.4000255763530731,0.5120923519134521,0.11789826303720474
0.08870328962802887,-0.1232432946562767,0.1852027028799057
