0.37699010968208313,-0.8039010763168335,-0.04035698622465134
-0.09076666831970215,0.9726812839508057,0.006031474098563194
-0.3632378876209259,-0.04770493134856224,-0.040275976061820984
0.38160860538482666,0.23889435827732086,0.00965042132884264
-0.3486407697200775,-0.8784234523773193,0.06774713099002838
0.1178634837269783,-0.31385013461112976,0.3591814935207367
0.12954968214035034,-0.2961696982383728,-0.3417402505874634
-0.049854133278131485,0.5010302662849426,-0.3521026372909546
-0.11000722646713257,0.475314199924469,0.34561336040496826
-0.04322661831974983,-0.8605151772499084,-0.3562057316303253
0.3594987988471985,0.7386736869812012,-0.12202560156583786
0.049328722059726715,-0.892412543296814,0.36790114641189575
-0.3209131956100464,-0.5011649131774902,-0.1934443712234497
-0.3708117604255676,0.6179051399230957,-0.04770725592970848
0.21927368640899658,0.7668759226799011,0.29835501313209534
0.4074728786945343,-0.21136456727981567,0.047463804483413696
-0.1440664678812027,0.033165838569402695,0.3553546667098999
-0.28296223282814026,-0.46223127841949463,0.24617592990398407
-0.12711840867996216,0.03555798530578613,-0.3852997422218323
0.06266336143016815,0.8550148606300354,-0.31264063715934753
0.16787327826023102,0.2537399232387543,0.3181972801685333
0.02058119885623455,-0.8716841340065002,0.027666212990880013
0.20403507351875305,0.20075984299182892,-0.30351489782333374
-0.2417796105146408,0.30149513483047485,0.05992365628480911
0.25197574496269226,-0.5862222909927368,0.2454787939786911
0.20836620032787323,-0.6486412882804871,-0.3177708089351654
-0.24630914628505707,0.7905579805374146,0.23978865146636963
-0.25820857286453247,0.8680006861686707,-0.252236932516098
0.3594987988471985,0.5316278338432312,0.12167329341173172
-0.19785672426223755,-0.23149603605270386,-0.30351489782333374
-0.06912630051374435,-0.5140172839164734,-0.3708343207836151
-0.201696515083313,-0.7521150708198547,0.3166324198246002
0.2986927628517151,-0.027188709005713463,0.29542744159698486
-0.30457326769828796,-0.8284600377082825,-0.19561916589736938
0.398137629032135,-0.5315288305282593,-0.11975638568401337
0.21553215384483337,0.5415601134300232,-0.2947692275047302
-0.3001513183116913,0.2507919371128082,-0.20092551410198212
-0.29349520802497864,-0.16440653800964355,0.2341226190328598
0.33455970883369446,-0.06401187926530838,-0.24979139864444733
0.00309014692902565,-0.5752367973327637,0.3785398006439209
0.30314067006111145,-0.9180077314376831,0.22588683664798737
0.18949918448925018,-0.8995136022567749,-0.21753986179828644
-0.4036529064178467,-0.287106990814209,-0.010150115005671978
0.1462622731924057,0.5109921097755432,0.3473896086215973
0.22045285999774933,0.887546181678772,0.06194742023944855
-0.03639902174472809,0.8731994032859802,0.3436554968357086
-0.29798203706741333,0.8676816821098328,-0.009683470241725445
-0.3675689995288849,-0.6382251381874084,0.07197051495313644
-0.32344773411750793,0.5420440435409546,0.1929159313440323
-0.2812917232513428,0.48406726121902466,-0.2440715879201889
-0.329933226108551,0.0864744707942009,0.18063271045684814
0.11108314245939255,-0.01705825887620449,-0.36336609721183777
0.3110538125038147,-0.33458420634269714,0.2161066234111786
-0.047240130603313446,0.27260687947273254,-0.27493441104888916
-0.07134470343589783,0.26286381483078003,0.2674087584018707
0.23143820464611053,0.4559836983680725,-0.07606949657201767
0.29698145389556885,-0.28465592861175537,-0.17113801836967468
-0.09310348331928253,-0.18861517310142517,0.382136732339859
-0.10490483045578003,0.7111592888832092,-0.36336609721183777
0.24089957773685455,0.3422624468803406,0.14732807874679565
0.4037851393222809,0.037860412150621414,0.003732800018042326
-0.28688547015190125,0.03083403781056404,-0.218515083193779
0.18940091133117676,0.886858344078064,-0.1554359495639801
-0.09959368407726288,-0.9193781018257141,0.20686964690685272
0.09099007397890091,0.010018046014010906,0.3655168116092682
0.3325739800930023,0.1312934309244156,0.18682345747947693
-0.16666202247142792,-0.6963465213775635,-0.3321639597415924
0.19981707632541656,-0.8995136022567749,0.02053825743496418
-0.006776710040867329,0.6568183302879333,0.37775367498397827
0.3816494047641754,0.77094566822052,0.14372561872005463
-0.11713613569736481,-0.8955311179161072,-0.1801525503396988
-0.04870668053627014,0.8872513771057129,-0.16585208475589752
-0.11609968543052673,-0.3694610893726349,0.3436480760574341
0.24334877729415894,0.7490898966789246,-0.29094430804252625
-0.3632378876209259,0.15938997268676758,-0.040275976061820984
0.38505715131759644,-0.6501246690750122,0.0837717279791832
0.2373545616865158,-0.45191338658332825,-0.29546454548835754
-0.3328811824321747,-0.1922120749950409,-0.17390988767147064
0.08540631830692291,0.6559339761734009,-0.36955687403678894
-0.25328415632247925,0.24213524162769318,0.2664167881011963
-0.016917727887630463,-0.1723475307226181,-0.3777129054069519
0.13427385687828064,0.37636804580688477,-0.23237797617912292
0.33552199602127075,0.1382702887058258,-0.18078848719596863
-0.2631125748157501,0.4592060446739197,-0.030854694545269012
0.13918714225292206,-0.707305908203125,0.35033759474754333
0.013426716439425945,0.887840986251831,0.1447657346725464
0.08281414210796356,-0.9273430109024048,0.17826879024505615
0.033187948167324066,-0.6692770719528198,-0.37643542885780334
-0.3571528494358063,-0.6831325888633728,-0.11534354090690613
0.3290364444255829,-0.7107452750205994,-0.19297342002391815
-0.30367037653923035,0.6608213186264038,-0.21505725383758545
-0.19363874197006226,-0.8995136022567749,-0.010513697750866413
0.16669410467147827,-0.4928975999355316,0.3252723813056946
0.36042213439941406,-0.39653050899505615,0.07582289725542068
0.3471173644065857,0.5626798868179321,-0.15209490060806274
-0.3548852801322937,0.7184234857559204,0.08168156445026398
0.05130384489893913,0.1565532684326172,-0.38302478194236755
-0.1702514886856079,-0.5658032894134521,0.3349098563194275
-0.18499135971069336,0.40742000937461853,0.18790437281131744
-0.28935879468917847,-0.890074610710144,0.26485568284988403
-0.20778898894786835,-0.4174221456050873,-0.31344714760780334
-0.20719939470291138,0.6351999640464783,0.3123086988925934
-0.017038043588399887,-0.762047290802002,0.3651682734489441
0.08049856871366501,0.8865581154823303,-0.02849631942808628
-0.0604516938328743,-0.31707245111465454,-0.38587823510169983
-0.3731701374053955,-0.47264745831489563,0.02992263063788414
0.2748457193374634,0.603604793548584,0.27158039808273315
0.24050651490688324,0.2629620432853699,-0.14748385548591614
-0.16995669901371002,0.3626108765602112,-0.204273983836174
-0.1824513077735901,0.8673868775367737,0.1335783153772354
0.01886153779923916,0.1944393515586853,0.36413368582725525
0.03362031280994415,0.4177379608154297,0.265337735414505
-0.2823522388935089,-0.30675461888313293,-0.18322469294071198
-0.29681771993637085,-0.6486412882804871,0.22809503972530365
0.09521083533763885,-0.1416812241077423,0.3582896888256073
0.10822600871324539,-0.8457548022270203,-0.3504859209060669
0.3570421636104584,-0.08262112736701965,0.1289449781179428
0.34388941526412964,0.9110983610153198,-0.05433465540409088
-0.17771969735622406,0.20381352305412292,-0.33319857716560364
-0.33592745661735535,0.7722805738449097,-0.10266726464033127
0.13891275227069855,-0.5124356746673584,-0.391195684671402
0.3375336229801178,-0.9181525111198425,-0.1625574231147766
-0.16580912470817566,0.8792864084243774,-0.08538663387298584
0.3813138008117676,0.6256681680679321,-0.010051848366856575
-0.2797342836856842,-0.007541111670434475,0.2723146080970764
-0.08720957487821579,-0.884274959564209,0.35534167289733887
-0.3454592227935791,-0.37862205505371094,0.14329174160957336
0.23116381466388702,-0.22069424390792847,0.2995342016220093
-0.21177151799201965,-0.9071467518806458,-0.31742969155311584
-0.09202650189399719,0.8792864084243774,-0.3436814546585083
-0.3576367199420929,-0.1822798103094101,0.06203825771808624
-0.37288087606430054,-0.9063976407051086,-0.06901126354932785
0.23136034607887268,-0.16202965378761292,-0.3000830411911011
0.12729699909687042,0.9153756499290466,0.2864852547645569
0.04409303888678551,-0.8895813226699829,-0.1653682142496109
-0.20778898894786835,-0.07573269307613373,-0.31344714760780334
0.36244678497314453,-0.7900455594062805,0.11459816992282867
0.21357426047325134,0.09336288273334503,0.31260353326797485
-0.20228612422943115,0.6007086634635925,-0.3177708089351654
-0.1259336769580841,0.7583268284797668,0.3533838093280792
-0.24827446043491364,-0.31728941202163696,0.28076544404029846
0.3495665490627289,-0.1615457534790039,-0.11209333688020706
0.0758376494050026,0.49262380599975586,-0.3514685332775116
-0.28296223282814026,-0.6520805358886719,-0.24652822315692902
0.269978791475296,0.867190420627594,0.2090834081172943
-0.25112417340278625,0.29353007674217224,-0.08172684907913208
0.33552199602127075,-0.496722549200058,0.1804361641407013
0.19233590364456177,0.46479421854019165,0.18907058238983154
0.4018717110157013,-0.31172531843185425,-0.09010963886976242
0.3110538125038147,-0.5553871393203735,-0.21645891666412354
0.022919179871678352,-0.43117934465408325,0.3767710328102112
0.2492540180683136,0.04744762182235718,-0.30736395716667175
-0.3358291983604431,-0.7728490829467773,0.16638419032096863
0.26122570037841797,-0.7490614056587219,0.25796037912368774
-0.3651123642921448,0.485148161649704,0.06525897234678268
-0.3454592227935791,-0.04812003672122955,0.14329174160957336
0.2494412362575531,-0.7935831546783447,-0.2862275540828705
-0.3501685559749603,0.2206243872642517,0.09788557142019272
-0.20395663380622864,-0.8995136022567749,0.1344478279352188
0.13230854272842407,0.673130452632904,0.35387513041496277
0.01503038126975298,0.4193435311317444,-0.27879273891448975
-0.319526344537735,0.9008269309997559,0.16010448336601257
-0.3897381126880646,-0.797081708908081,0.015629632398486137
-0.14184527099132538,0.8759433627128601,0.29638227820396423
0.2118259072303772,0.908988356590271,-0.294973224401474
-0.13300879299640656,0.20037418603897095,0.35033759474754333
0.324516236782074,-0.19652089476585388,0.19841879606246948
0.3740421235561371,0.4827897846698761,-0.0405094139277935
0.012925560586154461,0.5388215780258179,0.40617287158966064
-0.201696515083313,-0.1516134887933731,0.3166324198246002
-0.2614569365978241,0.4649888575077057,0.30583807826042175
0.19411210715770721,-0.924001932144165,0.3137771487236023
-0.1820378303527832,-0.5633520483970642,-0.31864964962005615
0.2787318229675293,0.3241964280605316,0.00975021906197071
0.3727646768093109,-0.6692770719528198,-0.07226385921239853
-0.34122636914253235,0.4842563271522522,-0.11956154555082321
-0.36982911825180054,0.06576988846063614,0.05475437268614769
-0.031060928478837013,-0.05763719230890274,-0.40028247237205505
0.2882561981678009,0.24066315591335297,0.24529153108596802
0.20767831802368164,0.479645311832428,-0.18530872464179993
-0.2311762273311615,0.7387719750404358,-0.29546454548835754
0.2883544862270355,0.6351999640464783,-0.24603690207004547
0.023704562336206436,0.9971178770065308,0.05833124741911888
-0.15217062830924988,0.4824950397014618,-0.25900793075561523
0.09963052719831467,0.26558369398117065,-0.264714777469635
0.08437453210353851,0.29353007674217224,0.25344762206077576
-0.34427255392074585,0.07571197301149368,-0.13235093653202057
-0.34921184182167053,-0.41549021005630493,-0.10740254074335098
0.35284826159477234,-0.8723255395889282,0.02287900820374489
-0.3358291983604431,-0.5450692176818848,0.16638419032096863
0.3545854985713959,0.24400417506694794,-0.1138695478439331
0.10822600871324539,-0.15209738910198212,-0.3504859209060669
-0.06700928509235382,-0.040145158767700195,0.3792332112789154
-0.0269506573677063,-0.2965553402900696,0.3751005232334137
-0.3953985869884491,-0.5737682580947876,-0.10021135210990906
-0.31028011441230774,0.6869859099388123,0.21070200204849243
0.06522255390882492,0.886858344078064,-0.21753986179828644
-0.2763006091117859,0.07298462092876434,0.30888983607292175
-0.36982911825180054,-0.1654689460992813,-0.05513614043593407
0.31989774107933044,-0.42086145281791687,-0.20486357808113098
0.36251169443130493,0.7586401700973511,0.007674445863813162
0.28805968165397644,0.8111937642097473,-0.1931699514389038
-0.05913267657160759,-0.7521150708198547,-0.37211179733276367
0.07488206773996353,0.7905579805374146,0.3369734585285187
0.0948791429400444,-0.3802628815174103,-0.3680828809738159
0.2741059362888336,0.4783678352832794,0.05114802345633507
0.10850785672664642,0.7847751379013062,-0.36199966073036194
0.35720160603523254,0.8890814781188965,0.049556631594896317
0.2551017105579376,-0.8855988383293152,-0.10725662857294083
-0.2311762273311615,0.09683166444301605,-0.29546454548835754
0.37178200483322144,0.0864744707942009,0.08204274624586105
0.34446418285369873,0.2442007064819336,0.1240316703915596
-0.3231621980667114,0.8779107332229614,-0.12545934319496155
0.39282387495040894,0.1561676263809204,-0.049097973853349686
-0.08794417232275009,0.4384719729423523,0.25099095702171326
0.21138647198677063,-0.37052345275878906,0.3103174567222595
0.3383716940879822,-0.6900111436843872,0.17316453158855438
0.11064371466636658,-0.8955311179161072,-0.040033213794231415
0.04212583974003792,-0.9074785113334656,-0.2820948362350464
0.3282428979873657,0.6451321840286255,0.1632322520017624
-0.2515172064304352,0.4704083502292633,0.09183983504772186
-0.24886402487754822,-0.7694097757339478,-0.28200212121009827
-0.11895681917667389,-0.6692770719528198,0.35652828216552734
0.1837015002965927,-0.6002945303916931,0.3322566747665405
-0.19314740598201752,0.24518336355686188,-0.20673061907291412
-0.05913267657160759,0.2210099995136261,-0.37211179733276367
0.03891909122467041,0.9728778600692749,-0.10464312881231308
0.3594987988471985,-0.2862374484539032,0.12167329341173172
0.17022421956062317,-0.11712219566106796,0.329210489988327
-0.0028826191555708647,0.5595669150352478,-0.4069181978702545
0.1324068158864975,-0.741797149181366,-0.3545221984386444
-0.20389363169670105,0.3090505301952362,0.20833811163902283
-0.07575646787881851,0.9150808453559875,0.22126834094524384
0.35360288619995117,0.034698277711868286,-0.13627412915229797
-0.22134965658187866,0.4453505873680115,-0.1447249799966812
-0.01718064770102501,-0.8895813226699829,0.12364604324102402
0.17101779580116272,0.26297691464424133,0.21866896748542786
0.2373545616865158,-0.2759195864200592,-0.29546454548835754
0.29281532764434814,0.7414641380310059,0.20769469439983368
0.14655707776546478,0.0968218520283699,-0.34872451424598694
0.012993913143873215,0.7288396954536438,-0.3695494532585144
-0.15521129965782166,-0.26315054297447205,0.31002822518348694
0.10118983685970306,0.12474111467599869,0.332681268453598
0.18045130372047424,0.6252676844596863,-0.32022008299827576
-0.37613850831985474,-0.03807931765913963,-0.1644967943429947
0.33760595321655273,0.2630825638771057,-0.24399374425411224
-0.09010601788759232,0.8872513771057129,-0.0519326813519001
0.18230536580085754,-0.9273430109024048,0.13680066168308258
-0.10185117274522781,0.6140802502632141,0.34934747219085693
-0.10437270253896713,-0.1358650177717209,-0.35253092646598816
-0.3571528494358063,-0.279358834028244,-0.11534354090690613
-0.12272429466247559,-0.8875900506973267,0.07388076931238174
0.1480310559272766,0.886858344078064,0.1447657346725464
0.2887605130672455,-0.4656112790107727,0.28151264786720276
0.11039528995752335,0.26662570238113403,-0.3635626435279846
-0.3002495765686035,0.12136118859052658,-0.20112204551696777
-0.0689985528588295,-0.49328333139419556,0.3694993555545807
0.1764298379421234,-0.006710882764309645,0.3349098563194275
0.12739527225494385,0.48269155621528625,-0.25900793075561523
-0.23823095858097076,-0.8796491026878357,-0.14189569652080536
0.36245977878570557,-0.5299233198165894,0.04570094123482704
-0.00724838487803936,-0.8995136022567749,0.30012378096580505
0.34112313389778137,0.01744675263762474,0.16608940064907074
-0.2698929011821747,-0.14817418158054352,-0.2635281980037689
0.20998479425907135,-0.02428281493484974,-0.33331167697906494
-0.36010080575942993,-0.7900455594062805,-0.10817014425992966
-0.17093747854232788,-0.9174107909202576,0.30760496854782104
0.30741798877716064,0.4918302595615387,-0.22196181118488312
-0.09782969951629639,-0.6279071569442749,-0.3658227324485779
-0.06940144300460815,0.8872513771057129,0.06194742023944855
-0.3491877615451813,0.6169170141220093,0.10692792385816574
0.22606144845485687,0.38630029559135437,-0.17205026745796204
0.3110538125038147,-0.19308160245418549,-0.2163606584072113
-0.04950743541121483,-0.8796491026878357,-0.2891903519630432
0.14714667201042175,0.40054142475128174,0.2233782857656479
-0.2970142662525177,0.7666794657707214,-0.20712369680404663
-0.27873682975769043,-0.7934848666191101,0.25167882442474365
-0.20159824192523956,-0.44149723649024963,0.3166324198246002
-0.32494208216667175,-0.8915486335754395,0.018155939877033234
0.3811172544956207,-0.09982744604349136,0.009608166292309761
-0.1491243690252304,-0.33802345395088196,-0.3450886905193329
0.29524603486061096,0.5079737305641174,0.21224643290042877
-0.10086850821971893,-0.8895813226699829,-0.06270500272512436
-0.21437278389930725,0.9074106812477112,0.014163585379719734
0.030992332845926285,-0.8142189383506775,-0.3777129054069519
-0.3385806083679199,0.2438076287508011,-0.10364992916584015
0.039257995784282684,-0.6732594966888428,0.377707302570343
-0.31450551748275757,0.18995805084705353,0.2051008641719818
0.34835582971572876,-0.8855988383293152,-0.0658474713563919
0.19843392074108124,-0.8843732476234436,-0.3074454963207245
-0.2698929011821747,-0.5416299700737,-0.2635281980037689
-0.36451536417007446,0.7184234857559204,-0.010250778868794441
-0.2350085824728012,-0.8995136022567749,-0.21753986179828644
0.28462034463882446,-0.8943055272102356,-0.25144150853157043
0.2883544862270355,0.04852426052093506,0.2455863058567047
-0.31450551748275757,-0.2862374484539032,0.2051008641719818
0.04333878681063652,-0.2965553402900696,-0.37505972385406494
0.35360288619995117,-0.7935831546783447,-0.13627412915229797
0.269900918006897,0.28224992752075195,0.1347481906414032
-0.17642183601856232,-0.07394852489233017,0.3093663454055786
0.35360288619995117,-0.5968552827835083,-0.13627412915229797
0.09482017159461975,-0.7935831546783447,0.36733752489089966
-0.29711249470710754,0.2435128539800644,-0.010523524135351181
-0.23112432658672333,0.8955111503601074,0.2355687916278839
0.0740276500582695,-0.9273430109024048,0.05483223497867584
-0.3731701374053955,0.521310031414032,-0.030343713238835335
-0.09928882867097855,-0.45104384422302246,-0.37733468413352966
0.23136034607887268,-0.5553871393203735,-0.3000830411911011
-0.31450551748275757,-0.7349185347557068,-0.20555143058300018
0.00901181623339653,-0.46621382236480713,-0.3830711245536804
-0.2651761472225189,-0.5658032894134521,0.26799091696739197
0.09525014460086823,-0.5144029259681702,0.3784489929676056
-0.10776195675134659,0.6045336127281189,-0.3757550120353699
-0.30792173743247986,0.7718875408172607,0.16432060301303864
-0.06861291825771332,0.8108081221580505,-0.32916224002838135
-0.088130883872509,0.3453161120414734,-0.25183457136154175
0.19578817486763,0.5938299894332886,0.32577112317085266
-0.05901474878191948,0.11753624677658081,0.37077683210372925
0.07515721023082733,0.5834139585494995,0.369892418384552
0.2990858256816864,0.1565532684326172,-0.29627105593681335
-0.26360389590263367,0.36605018377304077,0.010200709104537964
-0.37582331895828247,-0.6900111436843872,-0.010169767774641514
-0.3648175299167633,-0.2655034065246582,0.09161382168531418
0.023783918470144272,0.887546181678772,0.2586556673049927
-0.2897574007511139,0.5834139585494995,0.28304043412208557
-0.022717665880918503,-0.8412883877754211,0.37406593561172485
0.34112313389778137,0.6559339761734009,-0.16644169390201569
-0.29461878538131714,-0.26762816309928894,-0.26801133155822754
-0.2131936103105545,-0.658959150314331,0.30778852105140686
0.3697110414505005,-0.7214487791061401,0.009711776860058308
0.19234144687652588,-0.34882527589797974,-0.31245705485343933
-0.28271937370300293,-0.42130640149116516,-0.25611186027526855
0.11697909235954285,-0.8995136022567749,0.27938973903656006
-0.1418527066707611,0.8872513771057129,-0.1761700063943863
0.3727646768093109,-0.23445144295692444,-0.07227368652820587
0.31017497181892395,0.053010717034339905,-0.21595829725265503
0.38039788603782654,-0.034630194306373596,-0.15304607152938843
-0.11876029521226883,-0.8039010763168335,0.35623347759246826
0.2795105576515198,-0.6486412882804871,-0.25743567943573
0.3357185423374176,-0.5899766683578491,0.1804361641407013
-0.2186964899301529,0.7283557653427124,0.3034648001194
-0.016986513510346413,0.7791590690612793,0.34689825773239136
0.2708631753921509,0.15202747285366058,0.26759788393974304
-0.27873682975769043,0.5765352249145508,-0.25212934613227844
0.07553061842918396,0.2435128539800644,0.33117571473121643
-0.1625867784023285,0.2435128539800644,0.26897355914115906
0.12134914845228195,-0.6422076225280762,-0.35348761081695557
-0.15315327048301697,0.787118673324585,-0.3078460097312927
0.23086903989315033,0.8872513771057129,-0.0726470947265625
-0.31746089458465576,-0.9094458818435669,0.16746696829795837
0.31301915645599365,0.8284885287284851,0.1485981047153473
0.012994346208870411,0.04506531357765198,-0.3790886104106903
-0.3382858335971832,0.8017602562904358,0.04281509295105934
-0.006865149363875389,-0.5864391326904297,-0.3790886104106903
0.29384249448776245,-0.8796491026878357,0.1335783153772354
-0.126228466629982,-0.23101216554641724,-0.3545221984386444
-0.3423592150211334,0.6352591514587402,-0.12275239825248718
0.376747190952301,0.6424048542976379,0.09171711653470993
0.3110538125038147,-0.8142189383506775,-0.21645891666412354
-0.21527014672756195,-0.3117012679576874,-0.2795584499835968
-0.12423721700906754,-0.8087884187698364,-0.35253092646598816
0.06460348516702652,0.8889219164848328,0.06170174852013588
0.3932243287563324,-0.2140326350927353,0.135254368185997
0.2795105576515198,-0.3483414053916931,-0.25743567943573
0.32402488589286804,0.4824950397014618,-0.10364992916584015
0.21937195956707,-0.6968896985054016,0.30778852105140686
-0.1504092663526535,0.5415601134300232,-0.3386940360069275
0.11078835278749466,-0.4035666882991791,0.36242425441741943
-0.2350085824728012,0.4824950397014618,0.19655176997184753
0.0052895694971084595,-0.07918182015419006,0.3793778419494629
0.10822600871324539,0.5830281972885132,-0.3504859209060669
-0.37444761395454407,-0.5658032894134521,0.019761959090828896
0.1462622731924057,-0.21381564438343048,0.34758609533309937
-0.3200009763240814,-0.6239840388298035,-0.19091728329658508
0.3670578598976135,-0.5860534310340881,-0.05030890181660652
0.24455389380455017,0.5103968977928162,0.26814666390419006
0.3011215627193451,0.7184234857559204,-0.20652665197849274
0.09629417210817337,0.4824950397014618,0.27938973903656006
-0.30133792757987976,-0.07574252039194107,-0.22255142033100128
0.37042486667633057,-0.31966632604599,0.041718412190675735
-0.2367773801088333,0.38668596744537354,0.11764440685510635
0.3833458423614502,-0.41687890887260437,-0.14587266743183136
-0.06375116109848022,0.4756164252758026,-0.2620542049407959
0.158348947763443,-0.8995136022567749,-0.13480015099048615
0.25507766008377075,0.9012405276298523,-0.24184675514698029
-0.3571528494358063,-0.44149723649024963,0.11489296704530716
0.18805858492851257,0.3158697485923767,-0.21619752049446106
0.4081607162952423,-0.42959779500961304,-0.004202781245112419
0.013446368277072906,0.8877427577972412,-0.10374819487333298
-0.36884644627571106,-0.47264745831489563,-0.06239798665046692
-0.18391042947769165,0.5523619055747986,0.329210489988327
0.34772735834121704,-0.09883926808834076,0.23234088718891144
0.05527064576745033,-0.23493534326553345,0.36113935708999634
0.015447459183633327,0.48050376772880554,-0.31278523802757263
-0.10411318391561508,-0.023729754611849785,-0.3524530827999115
-0.3757769763469696,0.5770784616470337,0.03211824968457222
-0.3817266821861267,-0.09944181144237518,0.030151043087244034
0.04333878681063652,-0.08950954675674438,-0.37505972385406494
0.2929729223251343,0.2432180643081665,-0.0519326813519001
0.24105161428451538,0.696977436542511,0.3197398781776428
-0.25112974643707275,0.2448941022157669,-0.29409435391426086
0.21357426047325134,0.8491243124008179,0.2712336778640747
-0.022457651793956757,0.9155722260475159,-0.23117832839488983
-0.3454592227935791,-0.6900111436843872,0.14329174160957336
-0.3413246273994446,0.17237591743469238,-0.11956154555082321
-0.12121692299842834,0.2435128539800644,-0.2694241404533386
-0.059594519436359406,0.2438076287508011,0.3613433241844177
0.3509497046470642,-0.3690754175186157,0.1430952101945877
0.03876553103327751,0.09180639684200287,0.36072036623954773
0.011668268591165543,0.271440714597702,-0.3790941834449768
-0.10775454342365265,0.3556339740753174,0.24293315410614014
-0.2033466100692749,0.01555364765226841,-0.27958256006240845
0.30727338790893555,0.2395303100347519,0.037260305136442184
0.03064563125371933,-0.8986291885375977,-0.3556865453720093
-0.3717944324016571,0.07611726224422455,-0.04047490283846855
-0.342216432094574,-0.1516134887933731,0.15125128626823425
-0.31216198205947876,-0.3595288395881653,0.206259623169899
-0.24650567770004272,0.37980741262435913,-0.09873662889003754
-0.04865754395723343,0.4824950397014618,0.3104417026042938
-0.07916905730962753,-0.5864391326904297,0.3682219386100769
-0.27846798300743103,0.24122679233551025,0.13643908500671387
0.22055114805698395,-0.8995136022567749,0.2276037186384201
0.10666119307279587,-0.8995136022567749,-0.22795602679252625
0.2826550602912903,-0.8995136022567749,0.03089546039700508
0.003100956790149212,-0.8995136022567749,0.21728581190109253
-0.15405809879302979,0.11388003826141357,-0.38235175609588623
-0.03676789999008179,-0.8716841340065002,-0.12290065735578537
0.2563198506832123,0.3453161120414734,-0.08146152645349503
0.15400485694408417,0.8813759684562683,-0.07704034447669983
-0.30539461970329285,-0.07522334903478622,0.226157546043396
0.2795105576515198,-0.15859034657478333,0.25718170404434204
-0.04183047637343407,0.04465019330382347,0.36182722449302673
-0.04589148983359337,0.9446237683296204,0.05510310083627701
0.013003740459680557,-0.17981384694576263,0.3805069923400879
-0.38378840684890747,-0.4001273810863495,-0.0022047064267098904
-0.22634075582027435,-0.20575231313705444,0.24841563403606415
0.2325655072927475,0.43702396750450134,0.13919053971767426
0.2308245599269867,-0.8237062692642212,0.3094145357608795
0.30131810903549194,0.8774174451828003,-0.13420312106609344
0.10272146016359329,0.8930639624595642,0.3567396402359009
0.31989774107933044,-0.7797277569770813,0.20451126992702484
-0.12307654321193695,-0.13049380481243134,0.34040534496307373
-0.08720718324184418,0.8319278359413147,0.33343589305877686
0.3574296832084656,-0.5302256345748901,0.11538981646299362
-0.3481772840023041,0.11593062430620193,0.10385935008525848
0.09164415299892426,0.3484290838241577,-0.25482890009880066
0.2647966146469116,0.3749200105667114,0.05499373748898506
-0.3632378876209259,0.24126017093658447,0.03986472636461258
0.11078835278749466,-0.6210286617279053,0.36242425441741943
-0.20385092496871948,-0.621414303779602,-0.29899466037750244
-0.3160184323787689,0.5697159767150879,-0.167070209980011
-0.027188889682292938,-0.6490269303321838,0.3637925088405609
-0.3618621528148651,0.6761841177940369,0.030151043087244034
-0.3082888424396515,0.015988893806934357,0.21269327402114868
-0.3675689995288849,-0.7210630178451538,0.07197051495313644
0.307340145111084,-0.2645151615142822,0.28501126170158386
-0.20719939470291138,0.15890607237815857,0.3123086988925934
0.36509257555007935,0.17237591743469238,0.0645981952548027
-0.19387418031692505,0.5179299116134644,-0.30749744176864624
0.40098729729652405,0.6646702289581299,-0.10012290626764297
-0.36255744099617004,-0.8142189383506775,0.10074270516633987
0.10875497758388519,0.9724383354187012,0.006899724248796701
0.33444106578826904,0.8111937642097473,-0.09747882932424545
0.37453344464302063,0.5834139585494995,0.061927761882543564
-0.18381215631961823,0.8008759021759033,0.28941285610198975
-0.20778898894786835,-0.15859034657478333,-0.31344714760780334
0.22479696571826935,-0.5476036667823792,0.29297080636024475
0.3381751477718353,-0.49328333139419556,-0.17351682484149933
-0.03720959648489952,0.10721835494041443,-0.37505972385406494
0.36907511949539185,-0.019558867439627647,0.04871620237827301
0.1178634837269783,-0.05503794550895691,0.35937803983688354
-0.017345068976283073,-0.2456388920545578,-0.34723013639450073
0.39931681752204895,0.5659023523330688,-0.10229887813329697
-0.3506339192390442,0.6853802800178528,-0.08917149156332016
-0.10537576675415039,-0.8845677971839905,-0.32335159182548523
-0.3576367199420929,-0.007125995121896267,0.08190277963876724
0.17682290077209473,-0.482965350151062,-0.3361465036869049
-0.037179604172706604,0.8997978568077087,-0.35541588068008423
0.04325035214424133,0.7283557653427124,0.3737247586250305
-0.3648175299167633,-0.5347513556480408,0.09161382168531418
-0.17290467023849487,-0.8995136022567749,0.20686964690685272
0.2619209885597229,-0.8995136022567749,-0.1761700063943863
0.17396578192710876,-0.21420128643512726,-0.32326629757881165
0.19668744504451752,-0.815800666809082,-0.3480459451675415
-0.21213307976722717,0.32204753160476685,-0.1643151193857193
-0.3281644880771637,0.4824950397014618,0.1344478279352188
-0.35891419649124146,-0.32809120416641235,0.05206429213285446
-0.20326131582260132,0.014418638311326504,0.29785627126693726
0.20777659118175507,-0.2931160628795624,0.3166324198246002
-0.2318955659866333,0.2316133975982666,-0.1554359495639801
-0.08583196252584457,0.6750863790512085,0.3528831899166107
0.36490345001220703,0.4827897846698761,0.06187863647937775
-0.07963162660598755,-0.3659624457359314,0.3994908034801483
-0.05705498158931732,0.9746150374412537,-0.07015667855739594
0.14459174871444702,0.8111937642097473,0.31289833784103394
0.2795105576515198,-0.11024361103773117,-0.25743567943573
-0.22065435349941254,-0.8250207901000977,0.284393846988678
-0.190002903342247,0.8613926768302917,-0.26557692885398865
0.15599612891674042,0.9156703948974609,-0.22795602679252625
0.36206668615341187,-0.25234875082969666,-0.17726391553878784
-0.14882957935333252,-0.49328333139419556,0.3438520133495331
0.34112313389778137,-0.841831624507904,0.16608940064907074
0.1376148909330368,0.8872513771057129,0.010171229019761086
-0.01676356978714466,0.961814820766449,-0.01604536920785904
0.24745556712150574,-0.3550030291080475,0.2347567081451416
0.2411869317293167,0.2432180643081665,-0.24869009852409363
0.14930108189582825,0.49566999077796936,-0.3327980637550354
0.17284035682678223,-0.12852658331394196,-0.3281814157962799
0.33522719144821167,-0.11024361103773117,-0.1806902140378952
-0.19847418367862701,-0.4948648512363434,-0.3639760911464691
0.2929729223251343,0.4824950397014618,0.1240316703915596
0.36902502179145813,-0.811866044998169,0.03201015293598175
-0.1338876336812973,0.8795812726020813,0.03327777609229088
-0.17924003303050995,-0.8955311179161072,-0.09732437133789062
-0.21174004673957825,-0.31019389629364014,0.35704004764556885
0.12729699909687042,-0.8995136022567749,-0.30037781596183777
-0.05901474878191948,0.5523619055747986,0.37077683210372925
0.07555027306079865,0.886858344078064,0.18623386323451996
-0.22269941866397858,0.8855549693107605,-0.17816127836704254
-0.12510117888450623,-0.9273430109024048,0.1487482786178589
0.013426716439425945,0.2432180643081665,0.28980591893196106
-0.2350085824728012,0.887840986251831,0.1344478279352188
-0.11473140120506287,0.4212754964828491,-0.24004270136356354
-0.25087568163871765,0.6579605340957642,-0.28136616945266724
0.12925487756729126,-0.8526334166526794,0.34040534496307373
-0.17290467023849487,0.4824950397014618,0.2586556673049927
-0.1800706386566162,-0.7827813625335693,-0.31668248772621155
0.31989774107933044,-0.4070059657096863,0.20451126992702484
-0.02754024975001812,0.37636804580688477,0.265337735414505
0.06486879289150238,0.7796504497528076,-0.3395858108997345
-0.14679749310016632,0.009180941618978977,-0.352028489112854
0.12906578183174133,0.8319278359413147,-0.32042402029037476
0.1592852622270584,0.18362268805503845,-0.3490712344646454
-0.3402771055698395,0.8433525562286377,-0.04522743448615074
0.3718728721141815,-0.6482408046722412,-0.01011725515127182
-0.09007654339075089,-0.8995136022567749,0.27938973903656006
0.37148725986480713,-0.741797149181366,-0.08243435621261597
0.04333878681063652,-0.741797149181366,-0.37505972385406494
-0.26766616106033325,-0.8875900506973267,0.09458533674478531
-0.2698929011821747,-0.841831624507904,-0.2635281980037689
-0.010813836008310318,-0.9054633975028992,-0.07858700305223465
-0.05903440713882446,0.886858344078064,0.1344478279352188
-0.14619682729244232,0.8937164545059204,0.22162991762161255
-0.3219681680202484,-0.2700291574001312,-0.1571379452943802
-0.24267329275608063,-0.09992571175098419,0.2850891649723053
-0.2579934597015381,0.18072663247585297,-0.29135775566101074
0.11114614456892014,0.09158854186534882,0.33855679631233215
-0.259869784116745,0.6662518382072449,0.2723146080970764
0.23676498234272003,0.21069210767745972,0.2944244146347046
-0.38203442096710205,0.5245324373245239,0.13003143668174744
-0.35458311438560486,-0.8667762279510498,0.0396166630089283
0.1878546178340912,0.33644622564315796,0.19500544667243958
0.19038356840610504,0.7180379033088684,-0.33015233278274536
-0.3387771248817444,-0.6174910664558411,0.15930907428264618
-0.28296223282814026,-0.7210630178451538,0.24617592990398407
0.21633127331733704,0.1462353616952896,-0.3257358968257904
0.2930712103843689,-0.6831325888633728,0.23949386179447174
-0.21329188346862793,-0.5140172839164734,0.3078867495059967
0.3290364444255829,-0.6382251381874084,-0.19287516176700592
0.31220152974128723,0.5348504185676575,-0.26978567242622375
0.022926177829504013,0.6662518382072449,-0.379481703042984
0.2494412362575531,-0.7210630178451538,-0.2862275540828705
-0.1418527066707611,-0.8995136022567749,-0.269325852394104
-0.33317601680755615,0.8629797697067261,0.0811583548784256
-0.2311762273311615,-0.7003290057182312,-0.29546454548835754
0.2883544862270355,-0.49328333139419556,-0.24593861401081085
-0.04463848099112511,-0.6762538552284241,-0.3739788234233856
0.36440467834472656,-0.1098579689860344,-0.05236745625734329
0.18438935279846191,0.7905579805374146,-0.29477667808532715
-0.3328811824321747,-0.22413356602191925,0.1735575646162033
0.3050336539745331,0.6814571619033813,0.2198147475719452
0.2929729223251343,0.887546181678772,0.010181055404245853
-0.3045807182788849,0.8180723786354065,-0.1564185917377472
-0.3259506821632385,-0.45104384422302246,0.17665018141269684
-0.30752864480018616,0.4824950397014618,0.020548082888126373
0.11323589086532593,0.04590536281466484,-0.39340391755104065
-0.1632746309041977,0.6973037719726562,0.33795610070228577
-0.3258969485759735,0.694250226020813,-0.1569024920463562
-0.044638484716415405,-0.10680431127548218,-0.3739788234233856
0.07508842647075653,0.40742000937461853,-0.25694435834884644
0.27223891019821167,0.4824950397014618,-0.1554359495639801
0.2619209885597229,0.8872513771057129,0.1344478279352188
0.05757546052336693,0.26665717363357544,-0.270163893699646
-0.33189114928245544,-0.866390585899353,-0.14245742559432983
-0.3576367199420929,-0.3582736551761627,-0.06244951859116554
0.18940091133117676,0.8877427577972412,0.21728581190109253
0.16964951157569885,-0.5864391326904297,-0.33909451961517334
-0.3717944324016571,-0.23445144295692444,-0.04047490283846855
0.34986138343811035,0.13865593075752258,0.11193757504224777
0.17682290077209473,0.03470810502767563,-0.3361465036869049
-0.3716961741447449,0.23083102703094482,-0.03250984102487564
-0.3556936979293823,0.012103539891541004,-0.1946643590927124
0.3056418001651764,0.5700423717498779,0.20018014311790466
-0.126228466629982,-0.551947832107544,-0.3545221984386444
0.043110381811857224,-0.3591431677341461,-0.38636767864227295
0.2586003839969635,0.021419456228613853,0.3267741799354553
0.03416077420115471,0.4824950397014618,0.3104417026042938
0.08351532369852066,0.9151791930198669,-0.16262975335121155
0.24315224587917328,0.8215115666389465,-0.24967271089553833
-0.13153481483459473,0.887546181678772,-0.24869009852409363
0.3762577474117279,-0.8616368770599365,-0.09389404207468033
0.27449899911880493,0.8180723786354065,0.2103089690208435
-0.13428625464439392,0.29353007674217224,0.22730891406536102
0.3484930694103241,0.8423439860343933,-0.00019874877762049437
-0.3233494162559509,-0.4001273810863495,-0.19326822459697723
-0.05913268029689789,0.044215429574251175,-0.37211179733276367
-0.32637524604797363,-0.5314305424690247,-0.09458909183740616
0.2929729223251343,0.2432180643081665,-0.14511802792549133
0.159941628575325,0.7833065390586853,0.3811150789260864
0.3814120590686798,-0.2655034065246582,-0.0101206349208951
0.3814120590686798,0.0864744707942009,-0.010130461305379868
0.062002211809158325,-0.2010466754436493,-0.3810594975948334
-0.023154443129897118,0.30867597460746765,-0.28277528285980225
0.2929729223251343,-0.7521150708198547,-0.23984616994857788
-0.301436185836792,-0.5243352055549622,0.22219908237457275
0.2664412260055542,-0.02741546370089054,-0.2731582224369049
0.17652811110019684,-0.7625312209129333,0.3352046310901642
0.28864923119544983,-0.5416299700737,0.24578283727169037
0.174473837018013,-0.39058077335357666,-0.3539418876171112
-0.3557141125202179,-0.32648563385009766,-0.17424550652503967
-0.2698929011821747,0.15890607237815857,0.26317593455314636
0.05801967903971672,-0.5658032894134521,-0.3730944097042084
0.36244678497314453,-0.2862374484539032,-0.11495047062635422
0.3603757917881012,-0.4626169502735138,0.08153416216373444
-0.27599281072616577,0.8773190975189209,-0.07307203114032745
0.02446269616484642,0.8675780296325684,0.04557561129331589
0.0377533957362175,-0.31845006346702576,0.3651942312717438
-0.31784653663635254,0.4824950397014618,-0.062280070036649704
-0.14191395044326782,0.2570364773273468,-0.3700110912322998
-0.32056647539138794,0.48765116930007935,0.25194212794303894
-0.3735187351703644,8.381818770430982e-05,-0.05846698582172394
-0.31477436423301697,0.4806019961833954,-0.1837105005979538
0.32933124899864197,0.23879610002040863,0.19252286851406097
0.23341649770736694,0.6045336127281189,-0.28101202845573425
0.3762039542198181,-0.1723475307226181,-0.04779569432139397
0.0749213695526123,0.36605018377304077,0.2559042274951935
-0.22518201172351837,-0.496722549200058,-0.3000830411911011
0.13781142234802246,0.2438076287508011,0.2587539553642273
0.04324052482843399,-0.7521150708198547,0.3737247586250305
-0.3383525609970093,-0.8524646162986755,0.2289479374885559
0.05486534908413887,-0.9273430109024048,0.1249011904001236
0.06124002858996391,-0.875666618347168,0.023683683946728706
0.2513991594314575,0.49252551794052124,-0.25880399346351624
0.35054734349250793,0.07696714252233505,-0.10305099189281464
-0.11080077290534973,0.4824950397014618,-0.3107939660549164
0.15645594894886017,0.4846828281879425,0.24634651839733124
0.022919179871678352,-0.50360107421875,0.3767710328102112
-0.1400839239358902,-0.7313809990882874,0.3473896086215973
-0.27599281072616577,0.8779087066650391,0.041657954454422
-0.2641860842704773,0.694250226020813,-0.24809305369853973
0.19038356840610504,-0.7210630178451538,-0.33015233278274536
0.3737732768058777,-0.004709790460765362,-0.08048240095376968
-0.20357100665569305,-0.8895813226699829,-0.15591982007026672
-0.20228612422943115,0.6835466027259827,-0.3177708089351654
0.38039788603782654,0.20348721742630005,-0.15304607152938843
0.2580830752849579,-0.8312968611717224,0.284214049577713
-0.34427255392074585,-0.22364966571331024,-0.13235093653202057
-0.27775418758392334,0.8319278359413147,0.19900840520858765
0.37942078709602356,0.6953125,-0.01212172582745552
0.3653947412967682,-0.7245023846626282,0.1074247732758522
0.20943967998027802,-0.42812567949295044,0.29785627126693726
-0.31028011441230774,0.6041479706764221,0.21070200204849243
-0.17771969735622406,0.08992358297109604,-0.33319857716560364
-0.3512568771839142,-0.12744013965129852,-0.1294938027858734
-0.3605661690235138,0.5543531775474548,-0.09910374879837036
0.3633515536785126,-0.29687052965164185,0.20816752314567566
0.33522719144821167,-0.35875755548477173,-0.1806902140378952
-0.28679460287094116,0.4824950397014618,-0.12438397109508514
0.33003953099250793,-0.041448548436164856,0.2553350627422333
0.37502482533454895,-0.14817418158054352,0.054675761610269547
-0.38111111521720886,-0.8428940773010254,-0.022402716800570488
0.18949918448925018,0.4824950397014618,-0.2797420024871826
-0.2102919965982437,0.5023595690727234,-0.23429135978221893
-0.2454247623682022,-0.8995136022567749,-0.0519326813519001
0.13970442116260529,-0.8975223302841187,0.04324393346905708
-0.04866737499833107,-0.8995136022567749,-0.20722196996212006
-0.18370646238327026,-0.8895813226699829,0.05202497914433479
0.19971881806850433,0.8872513771057129,-0.010523524135351181
0.3033890724182129,0.4824950397014618,-0.04157548025250435
-0.00724838487803936,0.314264178276062,0.26553425192832947
-0.37444761395454407,-0.6174910664558411,-0.02018304355442524
-0.23118554055690765,0.13451577723026276,-0.3165026605129242
0.24126483500003815,0.4106423854827881,-0.00018990426906384528
-0.2602628469467163,-0.07572288066148758,-0.2731582224369049
-0.2764767110347748,0.2432180643081665,0.20686964690685272
0.34141793847084045,0.49124062061309814,-0.1665399670600891
0.3760538101196289,-0.8620225191116333,-0.02407713234424591
-0.20778898894786835,0.8146330714225769,-0.2720772624015808
-0.16642656922340393,-0.6239840388298035,-0.3321102261543274
0.2795105576515198,-0.42086145281791687,-0.25743567943573
-0.35879001021385193,0.15652918815612793,0.05546301603317261
0.06341446936130524,0.47846612334251404,-0.267164021730423
-0.14869239926338196,0.32120203971862793,-0.2423621565103531
-0.15610124170780182,0.10721835494041443,0.3408057987689972
0.3820072114467621,0.2027270346879959,-0.0781620666384697
0.2741208076477051,0.3341286778450012,0.11079048365354538
-0.1775231659412384,-0.8142189383506775,0.3322566747665405
-0.15649430453777313,0.6386391520500183,-0.342042475938797
0.36244678497314453,0.6179051399230957,0.11459816992282867
0.03765499219298363,0.9012405276298523,-0.28408610820770264
-0.35420483350753784,0.06577971577644348,0.12206635624170303
-0.32590433955192566,0.7905579805374146,0.10447680205106735
0.21019430458545685,0.38662663102149963,0.19651281833648682
0.2550423741340637,0.6869859099388123,-0.28200212121009827
-0.1802746057510376,0.4247147738933563,-0.1938578337430954
0.0030031236819922924,0.015312855131924152,0.36841100454330444
0.2883544862270355,-0.24476933479309082,-0.24603690207004547
-0.34427255392074585,-0.5972409248352051,-0.11248639971017838
0.37502482533454895,-0.5726819038391113,0.054665934294462204
0.2307707667350769,-0.6347858309745789,0.2989446222782135
0.1784026026725769,0.25501736998558044,-0.2373969554901123
0.03318794444203377,-0.01705825887620449,-0.37643542885780334
-0.22134965658187866,0.44878989458084106,0.14437268674373627
0.16689063608646393,0.5830281972885132,-0.3262142539024353
0.37798017263412476,0.5415601134300232,-0.11083074659109116
-0.10470829159021378,-0.25518548488616943,0.36242425441741943
0.06363657861948013,0.25543642044067383,-0.32271748781204224
0.07523582875728607,-0.47264745831489563,-0.3708343207836151
0.140366330742836,0.31082484126091003,0.22730891406536102
0.13918714225292206,0.6075872778892517,0.35033759474754333
0.2196667492389679,-0.0654049813747406,0.3081815838813782
-0.19166597723960876,0.8530474901199341,0.2652320861816406
-0.34840717911720276,0.6869859099388123,0.13621661067008972
0.0948791429400444,-0.24486760795116425,-0.3879473805427551
-0.3717944324016571,-0.09992571175098419,-0.04047490283846855
-0.28679460287094116,0.2435128539800644,0.05160987377166748
0.23086903989315033,0.4384719729423523,-0.13764984905719757
-0.13153481483459473,0.886858344078064,-0.10374819487333298
0.1588328331708908,-0.8895813226699829,-0.03164321929216385
0.07523582875728607,0.7379024028778076,-0.3708343207836151
-0.051191676408052444,-0.4439724087715149,-0.3641708195209503
0.09303247183561325,0.6534827351570129,0.39890116453170776
-0.0068706125020980835,0.5312422513961792,-0.3695494532585144
0.013018479570746422,0.6046467423439026,0.3686075508594513
-0.34124675393104553,0.07570215314626694,-0.21116557717323303
0.34004223346710205,0.8111937642097473,0.0716167539358139
0.07510808110237122,0.5109921097755432,0.3694993555545807
-0.18322257697582245,0.48259326815605164,0.32056307792663574
0.3650016784667969,0.7667776942253113,-0.06225058436393738
0.22479696571826935,0.5514570474624634,0.29297080636024475
-0.29681771993637085,-0.5899766683578491,-0.2284473478794098
-0.23692753911018372,0.3285645842552185,0.12034394592046738
0.11108314245939255,-0.09992571175098419,-0.36336609721183777
-0.17570248246192932,0.3453161120414734,0.1929159313440323
-0.01760558784008026,-0.8995136022567749,-0.33142974972724915
-0.24267329275608063,-0.3793933391571045,0.2850891649723053
0.14655707776546478,-0.3483414053916931,-0.34872451424598694
-0.33936676383018494,0.2425301969051361,0.15744200348854065
-0.3191240131855011,-0.7003290057182312,0.19900840520858765
-0.28845956921577454,-0.8964673280715942,-0.2480170577764511
-0.20847684144973755,0.242824986577034,0.31122785806655884
-0.10175291448831558,-0.026980696246027946,0.3492492437362671
-0.35262519121170044,-0.1098579689860344,0.11067496985197067
-0.3454592227935791,-0.2965553402900696,0.14329174160957336
-0.09517879039049149,-0.19706414639949799,-0.38543882966041565
0.05486535280942917,-0.8995136022567749,0.30012378096580505
0.2468733787536621,-0.14268426597118378,0.28333330154418945
0.3508514165878296,-0.43117934465408325,0.14299693703651428
-0.07973898947238922,0.8872513771057129,0.27938973903656006
0.026195717975497246,-0.8716841340065002,-0.23740439116954803
0.3793632984161377,-0.33889302611351013,-0.14189013838768005
-0.03657514974474907,0.7458673715591431,0.3845433294773102
0.19008876383304596,0.18307943642139435,0.329210489988327
0.06952431797981262,-0.7999186515808105,-0.37353938817977905
-0.06778635084629059,0.9230924248695374,-0.011620571836829185
0.09395543485879898,0.4281541109085083,0.2504996359348297
-0.26183512806892395,0.4384719729423523,0.04020122438669205
-0.27783203125,-0.21480387449264526,-0.2170485258102417
0.15448319911956787,0.25514158606529236,-0.32667964696884155
0.04808741435408592,0.5830281972885132,-0.36316215991973877
-0.2988905608654022,0.8618934154510498,-0.19927175343036652
-0.34172508120536804,0.7819105982780457,-0.02884024940431118
-0.259869784116745,-0.6279071569442749,0.2723146080970764
0.08908182382583618,-0.47614607214927673,0.3759404122829437
0.3653947412967682,0.03124915435910225,0.1074247732758522
0.25359436869621277,0.24550412595272064,0.18812686204910278
0.3508310616016388,-0.4072228968143463,-0.026243265718221664
0.3644510507583618,-0.06203482672572136,-0.04811329022049904
-0.28296223282814026,0.7482202649116516,0.24617591500282288
-0.3347946107387543,-0.44449156522750854,-0.15567882359027863
0.1764298379421234,0.7180379033088684,0.3349098563194275
-0.1120782271027565,-0.7245023846626282,-0.3604181706905365
-0.21928608417510986,-0.8211958408355713,-0.3046032190322876
-0.1120782271027565,-0.2896767556667328,-0.3604181706905365
-0.3817266821861267,-0.24438370764255524,0.030151043087244034
-0.16356942057609558,0.7249165177345276,-0.33909451961517334
-0.3159646987915039,0.1287236511707306,0.14651964604854584
-0.07921818643808365,0.17964014410972595,0.36871325969696045
0.22154122591018677,0.30002304911613464,0.1574345827102661
0.31989774107933044,0.5938299894332886,-0.20486357808113098
-0.22534514963626862,0.5677247643470764,-0.27892252802848816
0.3563932478427887,-0.8313561677932739,0.07754181325435638
-0.006861768662929535,0.8969871401786804,-0.18697179853916168
-0.06894701719284058,-0.9094458818435669,-0.021295839920639992
-0.03831017389893532,-0.8796491026878357,0.05160004273056984
-0.1625867784023285,0.887546181678772,-0.041585300117731094
0.09627450257539749,0.887840986251831,0.11371377855539322
0.09346723556518555,-0.8895813226699829,-0.12154722958803177
0.26535287499427795,0.7046663165092468,0.2526540458202362
-0.13889731466770172,-0.856072723865509,0.3339197635650635
0.3639356195926666,0.7280294299125671,0.17878052592277527
0.158348947763443,-0.8995136022567749,0.21728581190109253
-0.13310706615447998,-0.20339949429035187,0.35063233971595764
-0.4036529064178467,-0.11744850873947144,0.033556435257196426
-0.34182339906692505,-0.741797149181366,-0.15238970518112183
0.394351601600647,0.2511831521987915,0.09243721514940262
0.36111003160476685,0.7282965183258057,0.06858071684837341
-0.05913267657160759,0.7490898966789246,-0.37211179733276367
0.14329387247562408,0.4296373724937439,-0.18135765194892883
0.13201375305652618,-0.5588263869285583,0.3532855212688446
-0.24807792901992798,0.7830897569656372,-0.2416149377822876
0.2513806223869324,0.7756475210189819,0.24811530113220215
0.1603865772485733,-0.3602055609226227,0.33910930156707764
-0.3707135021686554,-0.7694097757339478,-0.047903791069984436
0.32373008131980896,0.7673672437667847,0.16540153324604034
-0.03830034285783768,0.2432180643081665,-0.32111188769340515
0.3697110414505005,0.5321118235588074,0.00970195047557354
0.3727646768093109,-0.07918182015419006,0.07184276729822159
0.08540631830692291,-0.7003290057182312,-0.36955687403678894
0.10925336182117462,-0.36585307121276855,-0.39738643169403076
0.3415161669254303,0.4942868947982788,0.16618767380714417
0.0828813910484314,0.19639165699481964,0.35116076469421387
-0.37027406692504883,0.1374007612466812,-0.08654462546110153
0.036798328161239624,-0.5847742557525635,0.38653460144996643
0.30673012137413025,0.1071200892329216,-0.22196181118488312
0.006202162243425846,0.4870356321334839,0.23799949884414673
-0.27873682975769043,0.05542251095175743,0.25167882442474365
-0.3056616485118866,-0.13441698253154755,-0.2170485258102417
-0.2741183340549469,0.11409694701433182,-0.25802531838417053
0.3603053390979767,-0.013829010538756847,-0.2151036262512207
-0.018908994272351265,-0.39813610911369324,-0.37970417737960815
-0.2607634961605072,-0.22778981924057007,-0.29390156269073486
0.14270983636379242,-0.02824569121003151,-0.342042475938797
0.3471173644065857,0.08648429065942764,0.15164431929588318
-0.3387771248817444,-0.8107796311378479,-0.15975962579250336
0.39961162209510803,-0.25676703453063965,0.10588978976011276
-0.10919514298439026,0.8749348521232605,0.1638941615819931
0.2515048086643219,0.2438076287508011,-0.18648789823055267
-0.11895681917667389,-0.5450692176818848,0.35652828216552734
-0.18567366898059845,0.8958058953285217,0.16238678991794586
0.2516030967235565,-0.8995136022567749,0.10339588671922684
-0.051595691591501236,0.6145641207695007,0.37175947427749634
-0.027972619980573654,0.887546181678772,0.18613559007644653
0.272533655166626,0.7665811777114868,-0.23837217688560486
0.19693587720394135,0.9068264961242676,0.32495349645614624
-0.08726184070110321,0.5340790748596191,-0.37752193212509155
-0.2544651925563812,-0.9203143119812012,-0.2769905626773834
0.24334877729415894,-0.3897112011909485,-0.29094430804252625
-0.24827446043491364,-0.7521150708198547,0.28076544404029846
0.3338514566421509,0.7669742107391357,-0.16565556824207306
-0.2602628469467163,0.048514433205127716,-0.2731582224369049
-0.20854917168617249,0.3886772394180298,-0.1605197936296463
-0.2921992242336273,-0.7935831546783447,-0.23444153368473053
-0.29759639501571655,-0.8895813226699829,-0.0722123309969902
-0.3548852801322937,-0.8353386521339417,-0.08211247622966766
-0.31127017736434937,-0.4790421426296234,-0.23248368501663208
-0.3707135021686554,-0.8349530100822449,0.04752201959490776
-0.38378840684890747,-0.0043108779937028885,0.005726850591599941
-0.11295328289270401,0.7929365634918213,-0.38136914372444153
-0.009640526957809925,-0.9114131331443787,0.37402886152267456
0.08592712134122849,-0.8995136022567749,-0.34184592962265015
-0.2765749394893646,0.2435128539800644,-0.0933615043759346
-0.3662841022014618,0.10760398209095001,-0.010134942829608917
-0.16317637264728546,-0.6382251381874084,0.33785784244537354
-0.11080077290534973,0.4824950397014618,0.27938973903656006
-0.2557426393032074,0.2438076287508011,-0.22795602679252625
0.2494412362575531,-0.866005003452301,-0.2862275540828705
0.17750145494937897,0.4546654522418976,0.33827129006385803
-0.06377031654119492,0.6803241968154907,-0.4009239971637726
-0.11080077290534973,0.24370937049388885,0.3207595646381378
0.1374906748533249,0.6579251885414124,-0.34968122839927673
-0.010759239085018635,-0.1276421844959259,0.36978861689567566
-0.19468261301517487,0.7790238261222839,0.34754905104637146
0.2265249490737915,0.24948665499687195,0.25431159138679504
0.03011223115026951,0.8388063907623291,0.34237805008888245
-0.09509474784135818,-0.10465547442436218,0.35231590270996094
-0.32590433955192566,0.8284885287284851,-0.10492737591266632
-0.08116031438112259,-0.7333722114562988,0.36623066663742065
0.36648309230804443,-0.6102268099784851,0.13877896964550018
-0.2154332846403122,-0.4106621742248535,-0.2583979666233063
0.2395089864730835,-0.22364966571331024,-0.2762953042984009
-0.2268989086151123,-0.2694859504699707,0.2907366454601288
-0.3279419541358948,-0.6885630488395691,-0.18297629058361053
-0.08877942711114883,-0.3793933391571045,-0.3680828809738159
0.37885716557502747,0.573095977306366,-0.030274927616119385
0.12489224225282669,0.3118130564689636,-0.24800777435302734
-0.0067305248230695724,0.8215115666389465,-0.34597310423851013
0.05532960221171379,0.19044192135334015,-0.36217954754829407
-0.027277331799268723,-0.8147028684616089,-0.36512747406959534
0.3158688545227051,0.08300569653511047,0.2103089690208435
-0.017924832180142403,0.8622716665267944,-0.052065230906009674
-0.36884644627571106,-0.6692770719528198,-0.06239798665046692
0.03279173746705055,-0.3808654248714447,0.3746110796928406
0.2998608350753784,0.8851972222328186,-0.20487289130687714
0.324516236782074,-0.6416643857955933,0.19841879606246948
-0.2595750093460083,0.3556339740753174,-0.050114765763282776
0.3381751477718353,0.2210099995136261,-0.17351682484149933
-0.31079182028770447,-0.2774028182029724,0.2740055024623871
0.21013498306274414,0.8877427577972412,0.16549977660179138
-0.22867321968078613,-0.9034960269927979,0.2434857189655304
-0.12112056463956833,-0.47538599371910095,-0.33957281708717346
0.15942244231700897,-0.41780778765678406,0.32792556285858154
0.2609383463859558,-0.5968552827835083,-0.27738362550735474
-0.14744089543819427,-0.8836075663566589,0.02609694004058838
0.3103863298892975,0.9151791930198669,0.07076233625411987
0.32402488589286804,0.4824950397014618,0.010190881788730621
-0.28296223282814026,-0.7141844630241394,-0.24652822315692902
-0.2531951665878296,-0.5799461603164673,-0.2762953042984009
-0.24267329275608063,-0.4725492298603058,0.2850891649723053
-0.007297517731785774,0.24370937049388885,0.3414936661720276
-0.05901474878191948,-0.8995136022567749,0.1551818996667862
0.27668124437332153,-0.13463394343852997,0.3129187524318695
0.12493862211704254,-0.482965350151062,0.35623347759246826
-0.06926386803388596,0.7668759226799011,0.36144158244132996
-0.05983589589595795,0.19371256232261658,-0.3969414532184601
0.2956984043121338,-0.8329617977142334,0.23150838911533356
0.05085685849189758,-0.23296815156936646,-0.4055424928665161
0.34787195920944214,-0.9273430109024048,-0.13791315257549286
-0.17064456641674042,-0.2759195864200592,-0.3361465036869049
0.315574049949646,-0.7245023846626282,0.21011242270469666
0.34112313389778137,-0.044670917093753815,0.16608940064907074
-0.16666202247142792,-0.13807322084903717,-0.3083169162273407
-0.11581232398748398,0.8250492215156555,-0.3232736885547638
0.1903446465730667,0.1457514762878418,0.3528071641921997
-0.3055744767189026,-0.03577157482504845,0.17106011509895325
0.3110538125038147,0.17276154458522797,0.2161066234111786
-0.3618621528148651,0.7680625319480896,0.030190348625183105
-0.16317637264728546,0.6144658923149109,0.33785784244537354
-0.29681771993637085,-0.5864391326904297,0.22809503972530365
-0.21339015662670135,-0.5865373611450195,0.3079850375652313
0.25405970215797424,0.4177379608154297,0.09082769602537155
-0.3607812523841858,-0.4307937026023865,0.05745428055524826
-0.04853257164359093,-0.8078835606575012,0.36866137385368347
0.1880975067615509,-0.18121740221977234,0.3312017321586609
-0.09408062696456909,0.29712700843811035,-0.26574936509132385
0.25445282459259033,0.07266813516616821,0.28086376190185547
-0.2741183340549469,-0.14129559695720673,0.2576730251312256
0.3558889627456665,-0.2330034375190735,0.1380113810300827
-0.18669335544109344,0.25302979350090027,-0.13468144834041595
-0.36010080575942993,-0.21381564438343048,0.10781783610582352
0.33592987060546875,0.9138034582138062,0.13110125064849854
0.3570496141910553,-0.12104539573192596,0.16157659888267517
0.18350496888160706,0.6524947285652161,0.33196189999580383
0.34080052375793457,-0.8826250433921814,0.15426966547966003
-0.2453264743089676,0.4824950397014618,-0.1761700063943863
-0.1466677337884903,0.38668596744537354,0.22013550996780396
0.1374276727437973,0.8978735208511353,-0.3310459852218628
-0.24267329275608063,0.5420440435409546,0.2850891649723053
-0.044569697231054306,-0.5450692176818848,0.3726438879966736
-0.24827446043491364,-0.6900111436843872,0.28076544404029846
-0.36965301632881165,-0.7968056797981262,0.1600024700164795
-0.015061015263199806,-0.46381285786628723,0.3674302399158478
-0.329933226108551,-0.51314777135849,0.18063271045684814
0.10710062086582184,-0.582456648349762,-0.35938355326652527
0.14655707776546478,-0.6900111436843872,-0.34872451424598694
-0.24406389892101288,0.24518336355686188,0.18506954610347748
-0.3098814785480499,0.9153756499290466,-0.06627241522073746
-0.1896098256111145,-0.22326403856277466,0.32577112317085266
-0.10324364900588989,0.8977752327919006,0.3439595699310303
-0.3358291983604431,0.11409694701433182,-0.166834756731987
0.2494412362575531,-0.50360107421875,-0.2862275540828705
-0.006776709109544754,0.12873850762844086,0.37775367498397827
0.19038356840610504,-0.5347513556480408,-0.33015233278274536
-0.3605661690235138,-0.38781821727752686,0.10273396968841553
0.3686060309410095,0.2673599421977997,-0.0510827973484993
0.2982867360115051,-0.21076197922229767,0.2555185854434967
0.11628381907939911,0.2537399232387543,0.3392261266708374
-0.006865149363875389,-0.7624329328536987,-0.3790886104106903
-0.1743786484003067,0.45910775661468506,0.19802573323249817
-0.36884644627571106,-0.41841039061546326,-0.06239798665046692
-0.20778898894786835,0.04850460961461067,-0.31344714760780334
-0.016917727887630463,-0.5243352055549622,-0.3777129054069519
0.2556319832801819,0.2612006962299347,-0.09163203090429306
0.33522719144821167,-0.7625312209129333,-0.1806902140378952
-0.2698929011821747,-0.023956511169672012,-0.2635281980037689
-0.10374417155981064,0.15019382536411285,0.35124051570892334
0.2975914180278778,0.17964014410972595,-0.23385195434093475
0.1621813178062439,-0.279358834028244,0.3408057987689972
-0.31695476174354553,0.16626857221126556,-0.17753827571868896
-0.2519102990627289,0.4700152575969696,-0.08193320780992508
0.19008876383304596,0.048514433205127716,0.329210489988327
-0.2631125748157501,0.303847998380661,-0.030854694545269012
-0.3005666434764862,0.9134103655815125,0.21376313269138336
-0.26360389590263367,0.28321221470832825,0.020548082888126373
-0.16199716925621033,0.24331632256507874,0.3370716869831085
-0.190002903342247,-0.3690754175186157,-0.32661473751068115
0.12090971320867538,0.4281541109085083,-0.24004270136356354
-0.21485668420791626,-0.8843732476234436,0.2893071174621582
0.3025195598602295,-0.8796491026878357,0.15595316886901855
0.08484860509634018,0.7279701828956604,0.35711047053337097
0.16719841957092285,-0.8905659914016724,-0.33466699719429016
0.34377631545066833,0.8116850852966309,-0.0430101603269577
0.06496705859899521,0.24508510529994965,0.27830880880355835
0.047195468097925186,0.9111689925193787,-0.072018563747406
0.1480310559272766,0.8872513771057129,0.06194742023944855
-0.027982445433735847,0.8873497247695923,0.24823950231075287
0.11697909235954285,-0.8995136022567749,0.1344478279352188
-0.2557426393032074,-0.8995136022567749,-0.16585208475589752
0.011015304364264011,-0.015482109971344471,0.3691248297691345
-0.20719939470291138,0.0864744707942009,0.3123086988925934
0.02909732051193714,-0.7999186515808105,0.3711179792881012
0.21695423126220703,-0.8855988383293152,-0.027660690248012543
0.2675221562385559,0.38668596744537354,-0.04051420837640762
-0.36884644627571106,-0.7728490829467773,0.06199655309319496
0.07556992769241333,0.8873497247695923,0.26897355914115906
-0.05913267657160759,-0.5864391326904297,-0.37211179733276367
-0.3543921113014221,-0.02979777753353119,-0.09052714705467224
-0.3722653388977051,-0.47699156403541565,0.08811479061841965
-0.2186964899301529,-0.03777266666293144,0.3034648001194
0.0948791429400444,0.11753624677658081,-0.3680828809738159
-0.33189114928245544,-0.5550014972686768,-0.14245742559432983
-0.3449530303478241,0.6495002508163452,-0.09602726995944977
-0.36629152297973633,-0.5864391326904297,0.08214101195335388
-0.11885856091976166,-0.45191338658332825,0.35623347759246826
0.3727646768093109,-0.43117934465408325,-0.07226385921239853
0.36804792284965515,-0.5553871393203735,-0.10089848190546036
0.060741640627384186,0.9354015588760376,0.037803541868925095
0.31989774107933044,-0.866005003452301,-0.2049618512392044
0.0771288275718689,-0.7127364873886108,0.37188369035720825
0.36639779806137085,0.09837394952774048,-0.18561281263828278
0.3381751477718353,-0.16202965378761292,-0.17351682484149933
0.35655084252357483,-0.6486412882804871,-0.12919899821281433
-0.2741183340549469,-0.8452708721160889,0.2576730251312256
0.2975914180278778,-0.7003290057182312,-0.23385195434093475
