-0.41338104009628296,-0.06556522846221924,0.1563381403684616
0.716594398021698,-0.004839032888412476,-0.5658960938453674
-1.0622203350067139,-0.0001888573169708252,-0.8735039234161377
-0.007409811019897461,0.6183594465255737,0.49462443590164185
-0.337260901927948,-0.23438432812690735,0.027981221675872803
0.381705641746521,-0.004218995571136475,0.46339088678359985
-0.06757700443267822,-0.0015839040279388428,0.028058737516403198
0.13720040023326874,0.6185919642448425,-0.1635025292634964
0.41651687026023865,0.10948991030454636,-0.16079477965831757
0.716594398021698,-0.37217622995376587,0.5004371404647827
-0.11330351233482361,-0.19485025107860565,0.0995471328496933
0.0618649423122406,0.04675155133008957,0.1636233925819397
-0.337958425283432,0.005468815565109253,-0.46227508783340454
-0.5222518444061279,-0.6049165725708008,-0.1965186595916748
0.09488105773925781,0.27805808186531067,-0.031218165531754494
0.23368823528289795,-0.1184452548623085,-0.031218165531754494
0.13062043488025665,-0.34573233127593994,-0.3312181830406189
-0.113381028175354,0.011074185371398926,0.2977678179740906
0.1164393424987793,-0.00476151704788208,0.35062459111213684
0.5138475894927979,0.3071182668209076,0.027903735637664795
0.11922943592071533,0.6183594465255737,-0.3242429494857788
-0.41338104009628296,-0.22415882349014282,-0.03524831309914589
-0.38741767406463623,0.17893224954605103,0.20066963136196136
-0.23813506960868835,-0.022019416093826294,0.5004371404647827
-0.11653830856084824,0.17893224954605103,-0.04873376339673996
-0.1760091483592987,0.09298185259103775,0.1636233925819397
0.41899698972702026,0.1128225177526474,0.07046524435281754
0.3420242965221405,0.2911356985569,-0.3815173804759979
0.7189970016479492,-0.38535165786743164,-0.5533174276351929
-0.11113345623016357,0.022984415292739868,-0.10111291706562042
0.19670690596103668,-0.4382859468460083,0.46362340450286865
-0.3386685252189636,-0.09201687574386597,-0.226912260055542
-0.41338104009628296,0.09964708238840103,0.011020754463970661
0.2138475626707077,0.10956742614507675,-0.04850125312805176
0.253451406955719,-0.1911427080631256,0.1636233925819397
0.4543255567550659,-0.6048390865325928,-0.32703304290771484
0.2600391209125519,0.04675155133008957,0.1636233925819397
0.11922943592071533,0.2410380095243454,-0.3478812575340271
0.06453394889831543,0.36561569571495056,0.027981221675872803
0.24956367909908295,-0.004916518926620483,-0.275803804397583
0.06509973108768463,0.01564684510231018,0.2690918445587158
-0.26852867007255554,0.10817237198352814,-0.09244523197412491
0.07504040002822876,-0.13162072002887726,0.1638558804988861
-0.3940053880214691,-0.05235103517770767,-0.06648185849189758
-0.04654860496520996,0.6185919642448425,0.31094327569007874
-0.4892039895057678,0.0890941470861435,0.268781840801239
-0.5685286521911621,0.14853864908218384,-0.13637661933898926
-0.23813506960868835,-0.46463680267333984,-0.3312181830406189
0.41659438610076904,0.21194836497306824,0.20043712854385376
-0.35710155963897705,0.018359452486038208,-0.2890567481517792
0.7118667364120483,-0.5439220070838928,0.5007471442222595
-0.02138546109199524,0.018359452486038208,-0.14366187155246735
0.2931327223777771,-0.008864320814609528,-0.13438189029693604
0.18741917610168457,0.19210770726203918,0.1638558804988861
-0.20659148693084717,0.38693666458129883,0.10586360096931458
-0.1297525018453598,-0.008864320814609528,-0.17402292788028717
0.3724179267883301,-0.20431813597679138,-0.05369393154978752
-0.35710155963897705,0.49210771918296814,0.46362340450286865
0.3394017815589905,0.1855199784040451,-0.031218165531754494
-0.3213854730129242,0.05336252227425575,0.1636233925819397
-0.2645634412765503,-0.15416137874126434,-0.3487337827682495
0.1190744936466217,0.14195090532302856,0.38364070653915405
-0.08352994173765182,-0.3015839159488678,0.1637008786201477
-0.194656103849411,-0.5973987579345703,-0.46391814947128296
-0.02670791745185852,-0.004916518926620483,0.3572123050689697
-0.2992972135543823,-0.30437400937080383,-0.030133133754134178
0.09225857257843018,0.3665922284126282,-0.0995628833770752
0.35164719820022583,-0.1971879005432129,-0.21353529393672943
0.03940176963806152,-0.2292768955230713,0.03387144207954407
0.14773783087730408,0.31835946440696716,0.10348135977983475
0.24948617815971375,-0.20461557805538177,0.15900714695453644
-0.3279731571674347,0.21194836497306824,-0.031218165531754494
-0.07027699798345566,-0.14487363398075104,-0.031218165531754494
-0.1059931069612503,-0.37217622995376587,0.46362340450286865
0.7054339647293091,0.6183594465255737,0.42332202196121216
-0.23547379672527313,0.21194836497306824,0.1636233925819397
-0.30813249945640564,-0.14487363398075104,-0.031218165531754494
-0.502434492111206,-0.33914458751678467,-0.13637661933898926
-0.37424224615097046,-0.30491653084754944,0.07705297321081161
-0.05710155516862869,-0.006105228327214718,0.1636233925819397
-0.26186344027519226,-0.008864320814609528,-0.147596076130867
0.16099078953266144,-0.008864320814609528,-0.12777093052864075
-0.7133810520172119,0.1221102625131607,-0.2031063735485077
0.7189970016479492,0.2872993052005768,0.37705299258232117
-0.07491455972194672,0.3870141804218292,-0.47646427154541016
0.2627391219139099,0.6183594465255737,0.4364975094795227
-0.22929975390434265,0.29225173592567444,0.029841303825378418
-0.41338104009628296,-0.18447747826576233,-0.2599283754825592
-0.04781383275985718,-0.2796691060066223,0.027903735637664795
0.30630818009376526,0.17893224954605103,0.1636233925819397
-0.41338104009628296,0.21194836497306824,0.06387753784656525
0.20059463381767273,-0.29677876830101013,0.1636233925819397
-0.004244768992066383,-0.21757109463214874,0.1636233925819397
0.022183606401085854,-0.26639774441719055,-0.06834191828966141
0.7194620370864868,0.3863941431045532,-0.3485012650489807
-0.41338104009628296,-0.0060974773950874805,-0.17401982843875885
0.11899697780609131,-0.07487618923187256,0.35062459111213684
0.36845266819000244,-0.004916518926620483,0.35062459111213684
0.41899698972702026,-0.019311673939228058,-0.15419156849384308
0.1255091279745102,-0.20523560047149658,-0.46444517374038696
0.07504040002822876,0.15909159183502197,0.1638558804988861
-0.5817041397094727,0.26748189330101013,0.268781840801239
-0.113381028175354,-0.30609747767448425,0.35062459111213684
0.6128959059715271,-0.004218995571136475,0.46339088678359985
-0.07027699798345566,-0.008864320814609528,-0.07492963969707489
-0.05972406268119812,0.06925348937511444,0.268781840801239
-0.37424224615097046,-0.17130202054977417,0.20043712854385376
-0.30154478549957275,-0.25717490911483765,0.1636233925819397
0.18741917610168457,0.21853609383106232,-0.031218165531754494
-0.017420215532183647,-0.008864320814609528,-0.17402292788028717
0.4213094711303711,0.22782380878925323,-0.3312181830406189
0.30630818009376526,-0.05235878378152847,0.1636233925819397
-0.31479769945144653,0.31835946440696716,0.0440368577837944
0.31956109404563904,0.10073211789131165,-0.09701788425445557
-0.38741767406463623,0.10941241681575775,-0.09469281136989594
-0.0729769915342331,-0.3088255822658539,-0.34199103713035583
-0.30813249945640564,-0.05235878378152847,0.1636233925819397
-0.21563313901424408,0.21194836497306824,-0.031218165531754494
0.347849577665329,-0.30452901124954224,-0.032535720616579056
-0.7132260799407959,-0.015354186296463013,0.49516695737838745
0.18741917610168457,0.3109967112541199,0.20066963136196136
0.053894758224487305,0.14195090532302856,0.4827665388584137
-0.43635571002960205,-0.27305811643600464,-0.5720962882041931
0.048612017184495926,0.3185919523239136,0.07038775086402893
-0.48261624574661255,-0.5109058618545532,0.46362340450286865
-0.13900922238826752,0.37979093194007874,0.46362340450286865
-0.7133810520172119,0.37979868054389954,-0.17667800188064575
0.14381912350654602,-0.004916518926620483,0.2977678179740906
-0.113381028175354,0.18155476450920105,-0.28897926211357117
0.14773783087730408,-0.20431813597679138,0.1636233925819397
-0.30906254053115845,0.08654914051294327,-0.2034987062215805
-0.03067316673696041,0.09298185259103775,0.1636233925819397
0.12130944430828094,0.10817237198352814,-0.09244523197412491
-0.024007944390177727,0.2252013087272644,-0.031218165531754494
0.3327365517616272,-0.008825569413602352,-0.041991036385297775
-0.15618863701820374,0.31835946440696716,0.03737163916230202
-0.10329310595989227,0.2713153660297394,0.20043712854385376
0.006308168172836304,0.6183594465255737,0.3968936502933502
-0.113381028175354,0.0044089555740356445,-0.2031063735485077
0.6489346027374268,0.2819516360759735,0.07311874628067017
0.06454169750213623,0.010996699333190918,-0.09909789264202118
-0.7068708539009094,0.3203386664390564,0.5003596544265747
-0.0732220932841301,-0.29019102454185486,-0.0682644173502922
0.11739073693752289,-0.1902000904083252,0.2580089867115021
0.3024204671382904,-0.37876394391059875,-0.3312181830406189
-0.2711511552333832,-0.34574782848358154,0.46362340450286865
-0.11128848791122437,-0.350142240524292,0.029918789863586426
-0.2883693277835846,0.13925090432167053,0.19167932868003845
-0.13900922238826752,-0.4778897762298584,0.268781840801239
-0.638203501701355,-0.5241588354110718,-0.5204020738601685
0.6327365636825562,-0.015354186296463013,-0.3312181830406189
0.3261488676071167,-0.1184452548623085,-0.031218165531754494
0.4675785303115845,-0.004916518926620483,0.363800048828125
0.41899698972702026,0.040163829922676086,-0.2268580049276352
0.09095460176467896,0.2911356985569,0.07311874628067017
-0.010832497850060463,-0.30491653084754944,0.11006908863782883
-0.26177334785461426,-0.21321836113929749,-0.42308977246284485
0.1504223346710205,0.47893226146698,0.46362340450286865
-0.1297525018453598,-0.30491653084754944,0.0836407020688057
-0.129736989736557,0.2648051679134369,-0.031218165531754494
0.14115013182163239,-0.008864320814609528,-0.21366706490516663
-0.113381028175354,0.49210771918296814,0.2779271602630615
0.4543255567550659,0.37092462182044983,-0.5599284172058105
-0.691835343837738,-0.6043740510940552,-0.3646218180656433
0.1166718602180481,0.12869799137115479,-0.5719412565231323
-0.05710155516862869,0.11080746352672577,-0.05493397265672684
0.7189970016479492,-0.4448736310005188,-0.30223220586776733
-0.113381028175354,0.33354511857032776,-0.36167672276496887
0.35156968235969543,-0.28344830870628357,-0.21345004439353943
-0.21563313901424408,-0.1184452548623085,-0.031218165531754494
-0.017420215532183647,-0.13162072002887726,0.1636233925819397
0.7189195156097412,-0.0015839040279388428,-0.1635025292634964
0.47416627407073975,0.018359452486038208,0.27800464630126953
0.016073495149612427,-0.21306335926055908,-0.4812732934951782
0.07504040002822876,-0.008864320814609528,-0.16081029176712036
-0.18261314928531647,-0.008864320814609528,-0.1079535037279129
-0.28440409898757935,0.010996699333190918,0.268781840801239
-0.627973198890686,-0.07487618923187256,-0.13614413142204285
0.35164719820022583,0.26240256428718567,0.17470625042915344
0.110775887966156,-0.42503297328948975,0.46362340450286865
-0.16543760895729065,0.30050188302993774,-0.13637661933898926
0.41899698972702026,0.13925090432167053,0.14975042641162872
-0.02075282670557499,0.2641851305961609,0.19857707619667053
-0.5420770645141602,0.6183594465255737,-0.21635931730270386
0.3724179267883301,0.31835946440696716,0.0440368577837944
-0.03921106457710266,0.26977598667144775,-0.4277631640434265
0.11472173780202866,0.18358241021633148,-0.04842374846339226
0.41899698972702026,0.17226701974868774,-0.015407643280923367
-0.10702583193778992,-0.4448736310005188,0.23375067114830017
0.11899697780609131,-0.5637626647949219,-0.3220728635787964
0.3509497046470642,-0.11123751848936081,-0.21586813032627106
-0.2420847862958908,0.033537354320287704,0.1636233925819397
0.3261488676071167,0.09964708238840103,0.1636233925819397
-0.06757700443267822,0.3995696008205414,-0.5720962882041931
0.3486120402812958,0.3704673647880554,-0.5661286115646362
0.11202168464660645,0.4086374044418335,0.029918789863586426
0.23631075024604797,0.2911356985569,0.04669037461280823
0.1015462800860405,-0.24392199516296387,-0.031218165531754494
0.2600391209125519,0.25147467851638794,0.1635458916425705
-0.4112884998321533,-0.2637626528739929,-0.21590688824653625
-0.26852867007255554,-0.22415882349014282,-0.031218165531754494
0.2667043209075928,0.23178903758525848,-0.031218165531754494
-0.09011766314506531,-0.21757109463214874,0.1636233925819397
-0.34114861488342285,0.12607547640800476,-0.031218165531754494
0.12789717316627502,0.25147467851638794,0.1635458916425705
-0.33936604857444763,-0.24399948120117188,-0.06477680057287216
0.41907450556755066,0.04676705226302147,0.0241962019354105
0.41899698972702026,0.05337027087807655,0.1233220174908638
0.24027594923973083,0.13266320526599884,0.1641658991575241
-0.11654605716466904,-0.058962006121873856,0.1636233925819397
0.5601166486740112,-0.22907540202140808,0.04007163643836975
0.13720814883708954,-0.6049165725708008,0.45626065135002136
-0.42189374566078186,0.38871923089027405,0.1946583390235901
-0.40687084197998047,0.09964708238840103,0.20035961270332336
-0.3279731571674347,0.29123353958129883,-0.031218165531754494
0.22702302038669586,0.31835946440696716,0.10348135977983475
0.7192294597625732,0.5956512093544006,0.4989645779132843
-0.10991957783699036,-0.23074652254581451,-0.031218165531754494
-0.38864511251449585,0.3865491449832916,-0.5095749497413635
-0.03936603665351868,-0.45804911851882935,-0.5701587200164795
-0.7133810520172119,-0.5901910066604614,0.31102076172828674
0.253451406955719,-0.008864320814609528,-0.20705609023571014
-0.31742021441459656,-0.5109058618545532,-0.3312181830406189
0.06575268507003784,-0.30608972907066345,-0.0995628833770752
0.41899698972702026,-0.08535164594650269,0.11006908863782883
0.34598952531814575,-0.30491653084754944,0.0836407020688057
-0.41338104009628296,-0.09201687574386597,0.0836407020688057
-0.2882918417453766,-0.30491653084754944,0.06380002200603485
0.41899698972702026,0.02033091150224209,-0.08810508251190186
-0.5751163959503174,-0.3086783289909363,-0.5661286115646362
0.012495789676904678,0.08678164333105087,-0.20035986602306366
0.3882933259010315,-0.6049165725708008,0.22507037222385406
0.3327365517616272,-0.23074652254581451,0.1636233925819397
0.24027594923973083,-0.30491653084754944,-0.015485147014260292
-0.41338104009628296,0.17226701974868774,0.12990975379943848
-0.5685286521911621,0.45250385999679565,0.268781840801239
0.41899698972702026,0.23837676644325256,0.12990975379943848
-0.11654605716466904,0.040148328989744186,0.1636233925819397
0.02884885109961033,0.21853609383106232,0.1638558804988861
0.3657526969909668,-0.044593024998903275,-0.1079457551240921
-0.4032931327819824,0.018359452486038208,0.39022842049598694
-0.467659056186676,0.385929137468338,-0.5387856960296631
-0.03525841236114502,-0.31373924016952515,-0.5070561170578003
0.1191520094871521,0.04724273085594177,-0.5130160450935364
0.41899698972702026,-0.23074652254581451,0.09689363092184067
0.11472173780202866,0.31835946440696716,0.03737163916230202
-0.10329310595989227,-0.0787639245390892,-0.031218165531754494
0.27329209446907043,-0.1184452548623085,0.1636233925819397
0.41659438610076904,0.24496448040008545,-0.031140673905611038
-0.2641759514808655,-0.004063993692398071,-0.44043487310409546
-0.22224409878253937,-0.29019102454185486,-0.031218165531754494
-0.352231502532959,-0.10131717473268509,0.19818954169750214
-0.17931541800498962,0.2641851305961609,0.19857707619667053
0.3486895263195038,0.5185360908508301,-0.3312181830406189
-0.14295119047164917,-0.15146136283874512,-0.031218165531754494
0.3658301830291748,0.15909159183502197,0.20082466304302216
0.2667043209075928,0.15909159183502197,-0.031218165531754494
-0.7133810520172119,-0.253240704536438,0.04669037461280823
-0.3277406692504883,0.096856988966465,-0.13438965380191803
0.3657526969909668,-0.24392199516296387,-0.27209627628326416
0.4192294478416443,-0.14487363398075104,0.1563381403684616
-0.3549440801143646,-0.30491653084754944,0.1629258692264557
0.2997204661369324,-0.19106519222259521,-0.031218165531754494
-0.41338104009628296,0.05336252227425575,-0.13437414169311523
-0.41338104009628296,-0.22415882349014282,0.037449128925800323
-0.335258424282074,-0.0787639245390892,-0.036255840212106705
0.10543397068977356,-0.31270071864128113,0.027903735637664795
-0.41338104009628296,0.24496448040008545,0.13649748265743256
-0.41338104009628296,-0.2637626528739929,0.12990975379943848
0.14773783087730408,-0.12503297626972198,0.1636233925819397
0.27987977862358093,-0.06554973125457764,-0.031218165531754494
0.35257723927497864,0.1125900149345398,-0.036255840212106705
0.2864674925804138,0.007118267007172108,-0.27209627628326416
-0.41338104009628296,-0.10519230365753174,-0.2268812656402588
-0.2975795567035675,-0.2928817570209503,0.027903735637664795
0.07241791486740112,-0.6015839576721191,0.5004371404647827
0.19400690495967865,0.09553944319486618,-0.11456447094678879
0.14773783087730408,-0.008825569413602352,-0.041991036385297775
0.41859686374664307,0.6180494427680969,0.4985770881175995
-0.23988370597362518,0.08693665266036987,-0.18531350791454315
-0.25138798356056213,-0.6049165725708008,0.2845148742198944
0.09488105773925781,-0.06557298451662064,0.1636233925819397
0.3024204671382904,0.45250385999679565,-0.13583411276340485
0.08170562237501144,0.31835946440696716,0.12990975379943848
0.19400690495967865,0.3185919523239136,0.0440368577837944
0.013258248567581177,-0.033179789781570435,0.5002821683883667
0.0618649423122406,-0.23074652254581451,0.1636233925819397
-0.23547379672527313,-0.2704278528690338,0.1636233925819397
0.41899698972702026,-0.07217620313167572,0.0440368577837944
0.253451406955719,-0.30491653084754944,0.1233220174908638
0.41651687026023865,-0.13820841908454895,-0.21285326778888702
0.18741917610168457,-0.06554973125457764,-0.031218165531754494
0.11899697780609131,-0.3193116784095764,0.4431627094745636
-0.41338104009628296,0.0005080694681964815,0.11673431098461151
0.0777403861284256,0.2911356985569,0.2514987587928772
-0.10993508994579315,0.12599797546863556,0.1638558804988861
-0.2420847862958908,0.09964708238840103,0.1636233925819397
0.6261488795280457,0.33353736996650696,-0.13637661933898926
-0.41338104009628296,-0.13820841908454895,0.14975042641162872
-0.3213854730129242,-0.1911427080631256,0.1636233925819397
0.03543655574321747,-0.008864320814609528,-0.21366706490516663
-0.2751163840293884,0.25162971019744873,-0.031218165531754494
0.015595899894833565,0.31835946440696716,0.17617881298065186
0.22702302038669586,-0.008864320814609528,-0.1079535037279129
-0.37424224615097046,-0.1580491065979004,-0.21393056213855743
0.054282307624816895,0.23443478345870972,-0.5720188021659851
0.15944072604179382,0.08701416105031967,-0.17732453346252441
-0.46884483098983765,0.6183594465255737,-0.32695555686950684
0.24027594923973083,-0.025930393487215042,0.1636233925819397
0.41899698972702026,0.17893224954605103,0.09689363092184067
-0.7133810520172119,-0.31270846724510193,0.2845148742198944
-0.41338104009628296,0.1458386331796646,0.05721229314804077
0.44076260924339294,0.4260754883289337,-0.3326907157897949
-0.41338104009628296,-0.20431813597679138,0.1563381403684616
0.6547473073005676,0.2086031585931778,-0.10545308887958527
-0.3384360373020172,-0.01942792721092701,-0.06167669966816902
0.39225858449935913,-0.1184452548623085,-0.05369393154978752
0.39225858449935913,0.10917989164590836,-0.10133477300405502
-0.34114861488342285,-0.30491653084754944,0.01760847307741642
0.061025023460388184,0.4090249240398407,-0.5202237963676453
0.25755903124809265,0.08740167319774628,-0.09763790667057037
0.015595899894833565,-0.283603310585022,0.1636233925819397
-0.0576440691947937,0.31564685702323914,0.20004959404468536
-0.6505264043807983,-0.30608972907066345,-0.11064575612545013
-0.34246617555618286,-0.29716625809669495,-0.21422508358955383
0.2600391209125519,-0.25717490911483765,0.1636233925819397
0.14115013182163239,-0.30491653084754944,0.14316269755363464
-0.10329310595989227,0.31835946440696716,0.1563381403684616
-0.6559516191482544,-0.5312890410423279,-0.09995041787624359
-0.21207576990127563,0.08709166198968887,-0.10979031771421432
0.7189970016479492,0.0890941470861435,0.3374491333961487
-0.09940537810325623,-0.27306586503982544,-0.13637661933898926
-0.34781384468078613,-0.17788974940776825,-0.06648185849189758
-0.024007944390177727,0.31835946440696716,0.06380002200603485
-0.20511895418167114,-0.20035293698310852,0.46362340450286865
0.06845267117023468,-0.039121340960264206,-0.031218165531754494
0.19400690495967865,-0.008864320814609528,-0.18063002824783325
-0.09940537810325623,0.14195090532302856,0.46362340450286865
-0.05043633282184601,-0.0787639245390892,0.1636233925819397
-0.38082993030548096,0.2582174241542816,-0.031218165531754494
0.10813400894403458,-0.008864320814609528,-0.09477031230926514
0.28257980942726135,0.29117444157600403,0.2580089867115021
-0.20904541015625,0.1524263620376587,0.1638558804988861
-0.32400795817375183,-0.1343206912279129,0.2512662410736084
0.050562143325805664,-0.33852458000183105,0.1325787603855133
0.01829591393470764,-0.3088643252849579,-0.3881050944328308
-0.6483563780784607,0.42708301544189453,-0.10576310753822327
-0.31742021441459656,-0.004916518926620483,0.2580864727497101
-0.6477363109588623,-0.028607159852981567,0.5006696581840515
-0.17210283875465393,0.31372615694999695,-0.5720962882041931
0.14773783087730408,0.1458386331796646,0.1641658991575241
0.11899697780609131,0.2740851044654846,-0.29564449191093445
-0.1297525018453598,-0.008864320814609528,-0.06167669966816902
-0.38741767406463623,-0.04574781283736229,-0.21419408917427063
0.27987977862358093,-0.008864320814609528,-0.07492963969707489
0.31289589405059814,0.31835946440696716,0.0241962019354105
0.038059085607528687,0.6183594465255737,-0.15691480040550232
0.04470103979110718,0.0890941470861435,0.46362340450286865
0.6459895372390747,0.018359452486038208,-0.15691480040550232
0.0024204528890550137,-0.15146136283874512,-0.031218165531754494
-0.354401558637619,0.31835946440696716,0.09022840857505798
-0.2949570417404175,0.05337027087807655,-0.27209627628326416
0.051414668560028076,-0.475719690322876,-0.5701587200164795
-0.7133810520172119,-0.31270846724510193,-0.40794575214385986
0.18083146214485168,-0.25058719515800476,-0.031218165531754494
-0.6383585333824158,-0.33912909030914307,-0.5661286115646362
-0.38741767406463623,-0.2373342514038086,-0.27209627628326416
0.11899697780609131,0.5912335515022278,0.3704652488231659
0.005042970180511475,-0.004916518926620483,0.42332202196121216
-0.2751163840293884,-0.09201687574386597,-0.031218165531754494
-0.07027699798345566,-0.30491653084754944,0.09022840857505798
-0.32400795817375183,-0.3088643252849579,-0.41455674171447754
-0.113381028175354,-0.2466374933719635,-0.24278771877288818
0.4147217571735382,-0.431620717048645,-0.3312181830406189
0.7054339647293091,-0.4844774901866913,0.5006696581840515
0.19400690495967865,0.25147467851638794,0.1635458916425705
-0.3042447865009308,-0.1908201277256012,-0.3879500925540924
0.15649855136871338,0.6156468391418457,0.5000495910644531
0.41899698972702026,0.04015607759356499,-0.16740575432777405
-0.17601148784160614,0.033537354320287704,0.1640108972787857
-0.08345243334770203,0.2252013087272644,-0.031218165531754494
-0.39670538902282715,0.3704673647880554,-0.5661286115646362
-0.13636347651481628,0.23837676644325256,0.1641658991575241
0.41899698972702026,0.1128225177526474,0.004355521872639656
-0.2975795567035675,-0.004916518926620483,0.35062459111213684
-0.7133810520172119,-0.04178258776664734,0.3241962194442749
-0.4958235025405884,-0.004916518926620483,0.35062459111213684
-0.004244768992066383,0.040148328989744186,0.1636233925819397
0.2997204661369324,-0.2703503668308258,-0.031218165531754494
-0.255291223526001,0.31835946440696716,0.0241962019354105
-0.05043633282184601,0.27805808186531067,-0.031218165531754494
-0.7111334800720215,-0.4051923155784607,0.4988871216773987
0.1972494125366211,0.01564684510231018,-0.3309081792831421
-0.09677030146121979,0.3863166570663452,-0.5337712168693542
0.398846298456192,-0.05199452489614487,-0.2110552191734314
0.3393242657184601,-0.30491653084754944,0.0241962019354105
0.2138475626707077,0.27805808186531067,-0.031218165531754494
-0.113381028175354,0.2410457581281662,0.31760847568511963
0.10813400894403458,-0.30491653084754944,0.09689363092184067
0.19400690495967865,-0.2373342514038086,0.1636233925819397
-0.23547379672527313,-0.09201687574386597,0.1636233925819397
0.32884886860847473,0.13528569042682648,-0.13637661933898926
0.41899698972702026,0.02033091150224209,-0.02866058237850666
0.059242457151412964,-0.3589775264263153,-0.3536939322948456
-0.07686471939086914,-0.008864320814609528,-0.15419931709766388
0.05645236372947693,0.018049418926239014,-0.10142293572425842
0.3750404119491577,-0.31270846724510193,0.46362340450286865
-0.26194092631340027,-0.01931942254304886,0.1636233925819397
0.015595899894833565,0.31835946440696716,0.11665679514408112
0.4213094711303711,-0.004916518926620483,-0.2692160904407501
-0.7133810520172119,0.12869799137115479,0.2911801040172577
0.09488105773925781,-0.18447747826576233,0.1636233925819397
0.41899698972702026,-0.1977304071187973,-0.022072864696383476
0.048612017184495926,-0.30491653084754944,0.10348135977983475
-0.2024344503879547,-0.008864320814609528,-0.16081029176712036
-0.10993508994579315,-0.30491653084754944,0.03078390844166279
0.7192294597625732,0.3115328252315521,0.4989645779132843
0.08170562237501144,0.11390755325555801,-0.050593823194503784
-0.3609892725944519,0.10941241681575775,-0.18062305450439453
-0.04384860396385193,-0.25717490911483765,0.1636233925819397
-0.3940053880214691,-0.13162072002887726,-0.27209627628326416
0.12130944430828094,-0.25717490911483765,0.1636233925819397
-0.26186344027519226,-0.30491653084754944,0.010943250730633736
-0.113381028175354,0.3929818570613861,-0.3485012650489807
-0.19582347571849823,0.02033091150224209,-0.27209627628326416
-0.3355558514595032,-0.6042965650558472,0.19206200540065765
0.1190744936466217,-0.5307465195655823,0.033948928117752075
0.04202428460121155,-0.23074652254581451,-0.031218165531754494
0.11922943592071533,-0.49773043394088745,0.0843566358089447
0.3576149046421051,0.09972457587718964,-0.1475883424282074
-0.12314151972532272,0.11049744486808777,-0.05493397265672684
0.17685073614120483,0.036237359046936035,0.46362340450286865
0.11884194612503052,0.4084823727607727,-0.5158526301383972
-0.006944775581359863,-0.1660967767238617,0.491446852684021
-0.12583376467227936,-0.41844525933265686,-0.3312181830406189
0.41907450556755066,0.16567932069301605,0.0440368577837944
0.08829332888126373,0.21194836497306824,0.1637783944606781
0.22043530642986298,-0.30491653084754944,0.07705297321081161
-0.113381028175354,-0.25985169410705566,0.2977678179740906
0.41899698972702026,-0.032525867223739624,-0.10134253650903702
-0.6609892845153809,-0.24001877009868622,-0.0995628833770752
-0.07027699798345566,0.24496448040008545,0.1636233925819397
-0.15616539120674133,0.21194836497306824,-0.031218165531754494
0.716594398021698,-0.18051227927207947,0.5004371404647827
0.1015462800860405,0.07388520985841751,-0.24725669622421265
-0.3279731571674347,0.10941241681575775,-0.08151736855506897
-0.14957767724990845,-0.008864320814609528,-0.23348449170589447
0.048612017184495926,0.31835946440696716,0.010943250730633736
-0.33448338508605957,-0.13828593492507935,0.1636233925819397
0.24027594923973083,0.28464582562446594,0.20066963136196136
-0.08741766214370728,0.018359452486038208,-0.25596314668655396
-0.7068708539009094,0.4096449315547943,0.15241166949272156
0.4192294478416443,-0.21090586483478546,0.1563381403684616
0.10543397068977356,-0.6042965650558472,0.08689098060131073
-0.38082993030548096,0.31835946440696716,0.16951359808444977
-0.22224409878253937,-0.06554973125457764,-0.031218165531754494
0.2997204661369324,-0.16471432149410248,0.1636233925819397
0.13722364604473114,-0.3986046016216278,0.268781840801239
-0.26852867007255554,-0.008864320814609528,-0.20045287907123566
0.06575268507003784,-0.004916518926620483,-0.1635025292634964
-0.113381028175354,-0.253240704536438,0.11276908218860626
-0.11652279645204544,-0.283603310585022,-0.031218165531754494
0.3420242965221405,-0.19376519322395325,0.46362340450286865
-0.23546606302261353,0.10917989164590836,-0.04850125312805176
-0.2420615255832672,-0.16463680565357208,-0.031218165531754494
0.253451406955719,0.19869540631771088,0.1636233925819397
0.5865449905395508,0.010996699333190918,-0.3312181830406189
0.09884628653526306,-0.6015839576721191,-0.35346144437789917
0.3592424690723419,-0.25717490911483765,-0.05369393154978752
0.5798797607421875,0.6183594465255737,-0.15691480040550232
0.6922585964202881,-0.253240704536438,0.027903735637664795
0.35428231954574585,-0.1184452548623085,-0.27201879024505615
0.028771335259079933,-0.09860459715127945,0.1638558804988861
-0.4032931327819824,0.018359452486038208,-0.26262837648391724
0.24027594923973083,-0.17788974940776825,-0.031218165531754494
-0.41338104009628296,-0.2637626528739929,0.07705297321081161
0.2997204661369324,0.1125900149345398,-0.036255840212106705
0.3882933259010315,0.2911356985569,0.08633294701576233
-0.3147202134132385,-0.1977304071187973,-0.031218165531754494
-0.6391335725784302,-0.003986477851867676,0.236153244972229
0.2138475626707077,0.31835946440696716,0.1563381403684616
0.16099078953266144,0.31835946440696716,0.1563381403684616
0.41899698972702026,0.06658446788787842,-0.11454896628856659
0.35257723927497864,0.007118267007172108,-0.27209627628326416
0.06575268507003784,-0.5967787504196167,-0.5720962882041931
0.09218105673789978,-0.004916518926620483,0.2977678179740906
0.18546903133392334,-0.21306335926055908,0.13523709774017334
-0.4006706178188324,-0.20431813597679138,-0.21393056213855743
-0.3609892725944519,-0.11178003251552582,-0.06648185849189758
-0.6544015407562256,0.6183594465255737,-0.29564449191093445
-0.14298218488693237,-0.006120727863162756,0.1637783944606781
0.2667043209075928,0.31835946440696716,0.06380002200603485
0.12130944430828094,0.23178903758525848,-0.031218165531754494
-0.27781641483306885,0.2911356985569,0.15901489555835724
-0.2949570417404175,0.1855199784040451,0.1640108972787857
-0.05702405050396919,-0.24392199516296387,-0.031218165531754494
0.3420242965221405,0.18821997940540314,-0.3312181830406189
0.20059463381767273,-0.30491653084754944,0.0241962019354105
0.27290454506874084,0.08678164333105087,-0.1468365639448166
0.34637701511383057,0.21194836497306824,0.16571596264839172
-0.038810938596725464,0.08693665266036987,-0.19819754362106323
-0.4006706178188324,0.13925090432167053,-0.031218165531754494
-0.1132260262966156,-0.3325258791446686,-0.10483306646347046
0.3658301830291748,0.24496448040008545,-0.031218165531754494
-0.2751163840293884,0.09538443386554718,-0.14098511636257172
0.6987687945365906,0.1683792918920517,0.5006696581840515
0.592822790145874,-0.03457483649253845,-0.10057039558887482
-0.7133810520172119,-0.3920168876647949,0.2580864727497101
-0.6940829157829285,-0.06162324547767639,-0.0991753488779068
0.41899698972702026,0.19210770726203918,0.14975042641162872
0.2997204661369324,-0.30491653084754944,0.10348135977983475
-0.6015447974205017,0.6183594465255737,-0.18993091583251953
-0.4099351167678833,0.2911356985569,0.19204650819301605
-0.41338104009628296,0.13266320526599884,0.1629258692264557
-0.3438486158847809,0.241053506731987,-0.3312181830406189
-0.15616539120674133,-0.25058719515800476,-0.031218165531754494
-0.16279186308383942,-0.0787639245390892,0.1636233925819397
-0.2883693277835846,-0.09860459715127945,0.1636233925819397
0.11899697780609131,-0.2136058807373047,0.46292588114738464
-1.0712106227874756,-0.5512847900390625,-0.8680012822151184
-0.41338104009628296,-0.29677876830101013,-0.2533096373081207
-0.15226218104362488,-0.022019416093826294,0.5006696581840515
-0.3306731879711151,-0.004839032888412476,-0.1390117108821869
-0.22301137447357178,0.26201504468917847,0.17548128962516785
0.270424485206604,0.08654914051294327,-0.19998785853385925
0.7192294597625732,0.6180494427680969,0.32861384749412537
-0.18259687721729279,0.2713928520679474,-0.031218165531754494
0.06048247218132019,0.09622438251972198,0.4996621012687683
-0.16278411448001862,0.10917989164590836,-0.08795008063316345
0.3816281259059906,-0.20438306033611298,0.15240393579006195
-0.2882918417453766,0.10941241681575775,-0.042068541049957275
0.3011929988861084,0.08592911809682846,-0.23879340291023254
-0.34758132696151733,0.18110233545303345,0.16990110278129578
-0.33936604857444763,-0.24392199516296387,-0.27015870809555054
0.012250691652297974,0.018049418926239014,0.27002188563346863
0.719384491443634,-0.5901910066604614,0.4893542528152466
-0.2669786214828491,0.08631663024425507,-0.2269665151834488
-0.41338104009628296,-0.04574006423354149,0.09689363092184067
-0.41338104009628296,0.12607547640800476,0.11006908863782883
0.4675785303115845,-0.035194844007492065,0.268781840801239
-0.15226218104362488,0.2410380095243454,0.46362340450286865
-0.09940537810325623,0.3533702790737152,-0.5720962882041931
0.12130944430828094,0.04675155133008957,0.1636233925819397
0.1807539463043213,-0.30491653084754944,0.11006908863782883
0.5864675045013428,-0.004916518926620483,-0.2890567481517792
0.5402759313583374,-0.3088643252849579,0.14580069482326508
0.41899698972702026,-0.0060897283256053925,-0.20044511556625366
0.2931327223777771,-0.006105228327214718,0.1636233925819397
-0.13636347651481628,-0.1977304071187973,0.1636233925819397
0.553451418876648,-0.37217622995376587,-0.13637661933898926
-0.2024344503879547,0.31835946440696716,0.0241962019354105
0.6539722681045532,-0.34572458267211914,-0.1236661821603775
-0.08345243334770203,-0.19106519222259521,-0.031218165531754494
0.35257723927497864,0.318746954202652,-0.002232196042314172
-0.05710155516862869,-0.008864320814609528,-0.20045287907123566
-0.3768647313117981,-0.6049165725708008,-0.3154851496219635
-0.05710155516862869,-0.1580491065979004,0.1636233925819397
-0.1826154738664627,0.31835946440696716,0.07705297321081161
-0.10329310595989227,-0.008864320814609528,-0.21366706490516663
0.18741917610168457,0.11941024661064148,0.1638558804988861
-0.18259687721729279,0.17234453558921814,-0.031218165531754494
0.0024204528890550137,0.2648051679134369,-0.031218165531754494
-0.7133810520172119,0.1683792918920517,0.3572123050689697
0.3327365517616272,-0.008864320814609528,-0.1079535037279129
0.18741917610168457,-0.008864320814609528,-0.06834191828966141
-0.030130650848150253,-0.2684127986431122,-0.07733222842216492
-0.10067060589790344,-0.004916518926620483,-0.15024958550930023
-0.0742422342300415,0.241053506731987,0.5006696581840515
0.7190744876861572,0.14195090532302856,0.2521187663078308
-0.4958312213420868,0.6183594465255737,0.4761788249015808
0.03147134184837341,-0.6042190194129944,0.46339088678359985
-0.7133810520172119,-0.30609747767448425,0.04669037461280823
-0.6478138566017151,0.18821997940540314,0.027903735637664795
0.017753392457962036,0.6156468391418457,0.5003596544265747
-0.12583376467227936,-0.14090842008590698,0.268781840801239
-0.1892225742340088,0.2317115217447281,0.1638558804988861
0.11014906316995621,-0.29019102454185486,-0.036255840212106705
0.39526858925819397,-0.5895709991455078,0.18145965039730072
0.11938446760177612,-0.41844525933265686,-0.26262837648391724
0.2957552373409271,-0.004916518926620483,-0.29564449191093445
0.41899698972702026,-0.09201687574386597,0.1563381403684616
0.4192294478416443,0.04675929993391037,0.07705297321081161
-0.34781384468078613,-0.30491653084754944,0.11673431098461151
-0.31742021441459656,0.26085543632507324,0.46362340450286865
-0.05051383748650551,0.1458386331796646,0.1640108972787857
-0.2751163840293884,0.19877292215824127,-0.031218165531754494
0.10813400894403458,-0.17788974940776825,-0.031218165531754494
-0.1059931069612503,-0.3193194270133972,-0.13637661933898926
0.28916752338409424,0.2911356985569,-0.5202702879905701
-0.20904541015625,0.31835946440696716,0.12990975379943848
0.2627391219139099,-0.4051923155784607,-0.3312181830406189
-0.113381028175354,0.3467593193054199,0.45633816719055176
-0.3835299611091614,0.37317994236946106,0.46362340450286865
-0.22886283695697784,-0.008864320814609528,-0.11455672979354858
0.3592424690723419,-0.15146136283874512,-0.05369393154978752
-0.5420770645141602,-0.004916518926620483,-0.24278771877288818
-0.113381028175354,-0.20035293698310852,0.363877534866333
0.20718233287334442,0.0731799378991127,0.1636233925819397
0.41899698972702026,0.2648051679134369,0.011020754463970661
-0.25522148609161377,0.15909159183502197,0.1638558804988861
-0.7133810520172119,0.5978212356567383,0.4431627094745636
-0.31479769945144653,0.1127450242638588,0.1638558804988861
0.3657526969909668,-0.25058719515800476,0.20043712854385376
0.40146881341934204,0.018359452486038208,-0.3088199198246002
-0.07686471939086914,0.1525038629770279,-0.04873376339673996
-0.10687083005905151,-0.5174936056137085,-0.09964039921760559
-0.3279731571674347,0.07451298832893372,-0.24726444482803345
-0.6081324815750122,0.049412816762924194,0.268781840801239
0.1190744936466217,0.207983136177063,0.2845148742198944
0.11079603433609009,-0.46463680267333984,0.268781840801239
0.41899698972702026,-0.2637626528739929,0.0241962019354105
0.07775591313838959,-0.5439220070838928,0.268781840801239
0.0618649423122406,0.31835946440696716,0.17617881298065186
0.19400690495967865,-0.008864320814609528,-0.23348449170589447
0.32884886860847473,-0.29949814081192017,0.46362340450286865
-0.113381028175354,0.3929818570613861,0.04669037461280823
0.035979073494672775,-0.30414149165153503,-0.09422779083251953
-0.35043632984161377,0.34014832973480225,-0.13637661933898926
-0.7133035659790039,-0.6015839576721191,0.4034813642501831
-0.41338104009628296,0.1525038629770279,0.011020754463970661
-0.003779756836593151,0.07826411724090576,-0.2432498037815094
0.3723404109477997,0.2252013087272644,0.20082466304302216
-0.6874176859855652,-0.004373997449874878,0.0838373601436615
0.30630818009376526,-0.008864320814609528,-0.21366706490516663
0.38559332489967346,0.19877292215824127,-0.031218165531754494
-0.37314459681510925,-0.001506417989730835,0.16562587022781372
-0.21829438209533691,-0.25984394550323486,0.027903735637664795
-0.0657692551612854,0.6180494427680969,-0.3299781382083893
0.3565298914909363,0.09352437406778336,0.19818954169750214
-0.3768647313117981,0.40507227182388306,-0.3946153223514557
0.3724179267883301,-0.24392199516296387,-0.21323303878307343
-0.3071898818016052,0.3946094214916229,-0.42997199296951294
-0.31479769945144653,0.0005018691881559789,0.1636233925819397
0.28916752338409424,-0.10130460560321808,0.46377840638160706
-0.6609892845153809,-0.6049165725708008,-0.3220728635787964
-0.2817040979862213,0.0731721892952919,0.1636233925819397
0.2600391209125519,0.09298185259103775,0.1636233925819397
0.10146878659725189,0.31835946440696716,0.09022840857505798
-0.1693950742483139,-0.008864320814609528,-0.19384188950061798
0.2997204661369324,0.23178903758525848,0.1636233925819397
0.20059463381767273,-0.1580491065979004,-0.031218165531754494
-0.3675770163536072,-0.1977304071187973,-0.27209627628326416
-0.09670538455247879,0.17226701974868774,0.1636233925819397
0.41899698972702026,0.27798059582710266,0.14975042641162872
0.27987977862358093,-0.15146136283874512,-0.031218165531754494
-0.34781384468078613,0.17234453558921814,-0.031218165531754494
0.14115013182163239,-0.21749357879161835,-0.031218165531754494
0.6855933666229248,0.6183594465255737,0.46292588114738464
0.06845267117023468,0.10817237198352814,-0.09244523197412491
-0.3279731571674347,0.3109967112541199,0.20066963136196136
0.16099078953266144,0.10956742614507675,-0.06834191828966141
0.6565299034118652,0.34071409702301025,-0.10181047022342682
-0.3676545023918152,-0.25717490911483765,-0.21419408917427063
0.07112942636013031,0.29132169485092163,0.03387144207954407
0.2601166367530823,0.10941241681575775,-0.05508898198604584
0.06583017110824585,0.40522727370262146,-0.5718637704849243
0.5865449905395508,-0.3180406391620636,-0.3326907157897949
0.09488105773925781,-0.008864320814609528,-0.04850125312805176
0.4675785303115845,0.2953828275203705,0.027981221675872803
0.36845266819000244,-0.11634011566638947,0.2514987587928772
-0.06757700443267822,0.022984415292739868,-0.0995628833770752
-0.38082993030548096,-0.23074652254581451,-0.06648185849189758
0.12169695645570755,0.08662664145231247,-0.13314959406852722
0.41899698972702026,-0.283603310585022,0.09689363092184067
-0.26852867007255554,0.25147467851638794,0.1639333963394165
0.35435977578163147,-0.05848148837685585,-0.21295402944087982
0.09884628653526306,-0.41844525933265686,0.027903735637664795
-0.352231502532959,0.21582350134849548,0.19818954169750214
-0.30813249945640564,-0.008864320814609528,-0.17402292788028717
0.3657526969909668,-0.15146136283874512,-0.21323303878307343
0.4054339826107025,0.13266320526599884,-0.031218165531754494
-0.7133810520172119,0.3005080819129944,0.46292588114738464
0.45742568373680115,-0.21345087885856628,0.07997773587703705
-0.7133035659790039,-0.6015839576721191,-0.24278771877288818
0.06899518519639969,-0.26694023609161377,-0.07353459298610687
-0.41338104009628296,0.19210770726203918,0.16959108412265778
-0.6478138566017151,-0.1904325783252716,0.06650778651237488
0.6988463401794434,0.26748189330101013,0.5004371404647827
0.253451406955719,0.31835946440696716,0.17617881298065186
-0.4165460765361786,-0.3088643252849579,-0.5599284172058105
-0.41338104009628296,0.01372303906828165,-0.21366706490516663
-0.21565639972686768,-0.18447747826576233,0.1636233925819397
-0.15618863701820374,-0.15146136283874512,0.1636233925819397
0.4193844795227051,-0.012692950665950775,-0.05508898198604584
-0.178690567612648,0.48552000522613525,0.46416592597961426
0.4192294478416443,0.19869540631771088,0.01760847307741642
-0.2975795567035675,0.018359452486038208,0.3307839334011078
0.4192294478416443,-0.17788974940776825,0.12990975379943848
-0.7133810520172119,0.12869799137115479,0.4827665388584137
0.19400690495967865,-0.20431813597679138,-0.031218165531754494
0.672417938709259,-0.6049165725708008,-0.24937541782855988
0.41899698972702026,0.1128225177526474,0.11673431098461151
0.4193844795227051,-0.2637626528739929,0.1563381403684616
0.4054339826107025,-0.23074652254581451,-0.05369393154978752
0.2997204661369324,0.2582174241542816,-0.031218165531754494
0.41899698972702026,0.25155219435691833,0.18276652693748474
0.015595899894833565,0.1924952119588852,-0.03478328883647919
0.44773784279823303,0.018359452486038208,-0.2890567481517792
-0.21564863622188568,-0.30491653084754944,0.14975042641162872
0.3261488676071167,-0.09201687574386597,0.1636233925819397
-0.14926765859127045,0.1525038629770279,-0.04865625873208046
-0.30813249945640564,-0.008864320814609528,-0.24009545147418976
0.719384491443634,0.1683792918920517,0.4166567921638489
-0.113381028175354,0.5053606629371643,-0.2823915481567383
-0.05043633282184601,-0.20431813597679138,0.1636233925819397
0.12130944430828094,-0.008864320814609528,-0.14098511636257172
-0.16279186308383942,0.13925090432167053,0.1636233925819397
-0.05043633282184601,0.3185919523239136,0.09681613743305206
-0.024007944390177727,0.23837676644325256,0.1636233925819397
-0.41338104009628296,-0.18447747826576233,-0.04850125312805176
-0.7133810520172119,-0.5770156383514404,0.27133941650390625
-0.41338104009628296,-0.10519230365753174,0.1233220174908638
-0.23545831441879272,0.2648051679134369,-0.031218165531754494
-0.18261314928531647,-0.008864320814609528,-0.06167669966816902
-0.19186601042747498,0.19480770826339722,-0.13637661933898926
0.41899698972702026,0.059965744614601135,-0.015485147014260292
0.2138475626707077,-0.1184452548623085,0.1636233925819397
-0.41338104009628296,-0.22415882349014282,0.09030592441558838
-0.41338104009628296,0.2648051679134369,0.0836407020688057
0.19662940502166748,-0.319327175617218,-0.13614413142204285
-0.22884732484817505,0.17234453558921814,-0.031218165531754494
-0.13111653923988342,0.08654914051294327,-0.2186117321252823
0.2865450084209442,-0.23074652254581451,-0.031218165531754494
0.2931327223777771,-0.21757109463214874,0.1636233925819397
0.12130944430828094,0.31835946440696716,0.14308521151542664
-0.2711511552333832,0.2740463614463806,0.268781840801239
-0.1826077252626419,0.0656156837940216,-0.27201879024505615
0.0024204528890550137,-0.25779494643211365,-0.03269071877002716
-0.00027954578399658203,0.3599657416343689,-0.5720962882041931
0.41194427013397217,-0.09201687574386597,-0.21299278736114502
-0.0742422342300415,0.010996699333190918,0.268781840801239
-0.24534280598163605,-0.21321836113929749,-0.4796697795391083
0.31289589405059814,0.09561695158481598,-0.14098511636257172
0.02055605873465538,0.2644176185131073,0.19981709122657776
-0.32400795817375183,0.018359452486038208,0.27800464630126953
0.253451406955719,-0.008864320814609528,-0.2533096373081207
0.351259708404541,-0.283603310585022,0.17005610466003418
0.39984121918678284,-0.035892367362976074,0.492841899394989
0.39225858449935913,0.27805808186531067,-0.031218165531754494
0.5468636751174927,-0.6015839576721191,0.46370089054107666
-0.4627841114997864,0.2953828275203705,0.027981221675872803
0.3027304708957672,-0.5976313352584839,-0.46409639716148376
-0.21278879046440125,0.08709166198968887,-0.15061868727207184
-0.05710155516862869,-0.30491653084754944,0.12990975379943848
-0.22618898749351501,0.08631663024425507,-0.2268580049276352
0.38559332489967346,-0.044593024998903275,-0.1475883424282074
0.38559332489967346,0.10941241681575775,-0.1872386783361435
0.20214466750621796,0.2668202221393585,0.20028214156627655
0.43456241488456726,0.6109967231750488,0.268781840801239
-0.6609892845153809,-0.37217622995376587,0.027903735637664795
0.6921811103820801,0.6183594465255737,0.38364070653915405
-0.6081324815750122,-0.1343206912279129,0.268781840801239
0.4193844795227051,0.02695738524198532,-0.12777867913246155
0.19400690495967865,-0.30491653084754944,-0.015485147014260292
-0.7133810520172119,-0.4844774901866913,-0.25596314668655396
0.31956109404563904,-0.0787639245390892,-0.031218165531754494
0.20329463481903076,-0.3986046016216278,-0.13637661933898926
0.15432555973529816,0.3185919523239136,0.05062459036707878
-0.3345608711242676,-0.30491653084754944,0.07046524435281754
0.05527723580598831,0.2582174241542816,-0.031218165531754494
-0.37424224615097046,0.21853609383106232,-0.031218165531754494
0.30630818009376526,0.21853609383106232,-0.031218165531754494
-0.34114861488342285,0.25162971019744873,-0.031218165531754494
0.5270230174064636,0.02964964509010315,-0.3312181830406189
-0.41338104009628296,-0.15146136283874512,-0.2203942835330963
-0.22887058556079865,-0.14487363398075104,0.1636233925819397
0.2865450084209442,-0.10519230365753174,-0.031218165531754494
0.3090081810951233,0.3533702790737152,-0.5720962882041931
0.41899698972702026,0.02033091150224209,0.14975042641162872
-0.09670538455247879,-0.039121340960264206,-0.031218165531754494
0.10417653620243073,-0.6049165725708008,-0.29564449191093445
0.36845266819000244,-0.3088643252849579,-0.4211677014827728
-0.34758132696151733,-0.05675318464636803,0.16990110278129578
0.04202428460121155,0.02033091150224209,-0.27209627628326416
0.41899698972702026,-0.05233553424477577,0.0836407020688057
0.22702302038669586,0.2252013087272644,-0.031218165531754494
0.253451406955719,0.2713928520679474,-0.031218165531754494
-0.26186344027519226,-0.2637626528739929,-0.031218165531754494
0.11922943592071533,-0.34574007987976074,0.05328582227230072
0.24027594923973083,-0.07217620313167572,-0.031218165531754494
-0.4495776891708374,-0.6049165725708008,0.3373716473579407
-0.26852867007255554,-0.058962006121873856,0.1636233925819397
0.2138475626707077,-0.1977304071187973,0.1637783944606781
0.41899698972702026,-0.17130202054977417,0.0440368577837944
-0.30813249945640564,-0.29677876830101013,0.1636233925819397
-0.6742422580718994,0.6183594465255737,-0.17009025812149048
0.30630818009376526,0.1525038629770279,-0.031218165531754494
0.11899697780609131,-0.06821097433567047,-0.20969408750534058
0.7194620370864868,0.4722670316696167,0.49516695737838745
-0.3385135233402252,-0.13162072002887726,-0.22042527794837952
0.09488105773925781,-0.30491653084754944,-0.002232196042314172
0.256151407957077,0.3203309178352356,0.027903735637664795
0.05054957792162895,0.2578299045562744,0.16780853271484375
0.16364429891109467,0.3692660629749298,-0.5701587200164795
-0.39011767506599426,-0.20492558181285858,-0.4343896508216858
-0.2711511552333832,-0.6049165725708008,-0.355089008808136
-0.37424224615097046,-0.03270412236452103,-0.09477031230926514
0.11899697780609131,-0.41844525933265686,0.37705299258232117
-0.010832497850060463,0.0005018691881559789,0.1636233925819397
-0.31796273589134216,0.6156468391418457,0.5000495910644531
0.5667043328285217,0.018359452486038208,-0.1965186595916748
-0.3386685252189636,-0.05234328657388687,-0.226912260055542
-0.09011766314506531,0.27805808186531067,-0.031218165531754494
-0.3609892725944519,-0.03270412236452103,-0.16081029176712036
0.16099078953266144,0.040148328989744186,0.1636233925819397
-0.41338104009628296,-0.0060974773950874805,-0.06167669966816902
0.36845266819000244,0.22123607993125916,0.268781840801239
-0.7133810520172119,0.34014832973480225,0.41673433780670166
-0.4112884998321533,-0.08976929634809494,-0.27008122205734253
0.6855933666229248,-0.004916518926620483,0.3968936502933502
0.14773783087730408,-0.16471432149410248,0.1640108972787857
0.34637701511383057,0.17234453558921814,0.16587096452713013
-0.7133810520172119,0.207983136177063,0.34403687715530396
-0.30154478549957275,-0.30491653084754944,0.01760847307741642
-0.5596933364868164,-0.6043740510940552,0.2698668837547302
0.3327365517616272,-0.1911427080631256,0.1636233925819397
-0.3675770163536072,0.059973493218421936,-0.27209627628326416
0.18741917610168457,-0.02595364674925804,-0.031218165531754494
-0.22999727725982666,0.3863166570663452,-0.5269587635993958
-0.113381028175354,-0.22020134329795837,0.20522969961166382
-0.2579757273197174,-0.1905875951051712,0.23824581503868103
-0.34215614199638367,-0.24399948120117188,0.16571596264839172
0.002187940990552306,-0.28980353474617004,-0.1076434850692749
0.3261488676071167,-0.008864320814609528,-0.16081029176712036
-0.35710155963897705,0.48606249690055847,-0.3461762070655823
0.34637701511383057,0.0005096191889606416,0.16571596264839172
0.15432555973529816,0.09538443386554718,-0.1080232560634613
0.31956109404563904,-0.008864320814609528,-0.2599283754825592
-0.41338104009628296,-0.22415882349014282,-0.24669866263866425
-0.37424224615097046,-0.1184452548623085,-0.21393056213855743
-0.5090221762657166,0.4392509162425995,0.268781840801239
0.3591649532318115,0.10941241681575775,-0.08151736855506897
-0.4429744482040405,0.18814246356487274,-0.13637661933898926
-0.21565639972686768,-0.2373342514038086,0.1636233925819397
-0.113381028175354,-0.2796691060066223,-0.21635931730270386
-0.2817040979862213,0.31835946440696716,0.06380002200603485
0.41899698972702026,0.013733888976275921,0.0440368577837944
0.7190744876861572,0.37979093194007874,0.35062459111213684
0.31559592485427856,0.37317994236946106,-0.13637661933898926
-0.22225962579250336,-0.006105228327214718,0.1636233925819397
-0.12314928323030472,0.3185919523239136,0.1233220174908638
-0.113381028175354,-0.23342329263687134,0.07972973585128784
-0.41338104009628296,0.01372303906828165,-0.14098511636257172
-0.41338104009628296,0.033545106649398804,-0.10134253650903702
-0.13636347651481628,0.0731799378991127,0.1636233925819397
-0.05972406268119812,-0.004916518926620483,0.3373716473579407
-0.09274016320705414,0.48552000522613525,-0.3312181830406189
0.41899698972702026,0.2713928520679474,0.10348135977983475
-0.41338104009628296,-0.24392199516296387,0.1629258692264557
0.3327365517616272,-0.21090586483478546,-0.031218165531754494
0.3393242657184601,0.31835946440696716,0.07705297321081161
-0.3609892725944519,-0.07217620313167572,-0.06648185849189758
-0.17600451409816742,-0.30491653084754944,0.0836407020688057
0.41899698972702026,0.05335477367043495,-0.0682644173502922
-0.3062724471092224,0.2578299045562744,0.16796353459358215
-0.004244768992066383,0.13266320526599884,-0.04873376339673996
-0.41338104009628296,0.21194836497306824,0.11673431098461151
-0.037260886281728745,-0.16463680565357208,-0.031218165531754494
-0.26186344027519226,0.02694188617169857,-0.27209627628326416
0.16099078953266144,0.23178903758525848,0.1636233925819397
-0.27829399704933167,0.08693665266036987,-0.17834137380123138
-0.3213079571723938,-0.008856571279466152,-0.10134253650903702
-0.7068708539009094,0.4458386301994324,0.5003596544265747
0.35428231954574585,-0.10519230365753174,-0.05361643061041832
0.28212738037109375,-0.30437400937080383,-0.030133133754134178
0.10813400894403458,0.1458386331796646,-0.04873376339673996
0.2870749533176422,0.3936793804168701,-0.4677777886390686
0.39218106865882874,0.10972242802381516,-0.06167669966816902
-0.335258424282074,-0.1184452548623085,-0.036255840212106705
-0.2486880123615265,-0.008864320814609528,-0.23348449170589447
-0.3213854730129242,0.15645650029182434,0.18268902599811554
-0.41338104009628296,0.29123353958129883,0.05062459036707878
-0.41330352425575256,-0.25717490911483765,-0.06090167164802551
0.3489346206188202,-0.018048379570245743,-0.07492963969707489
0.07900562882423401,-0.035194844007492065,0.5004371404647827
0.18083146214485168,0.11824770271778107,-0.03269071877002716
-0.34246617555618286,-0.17788974940776825,-0.21413207054138184
-0.6742422580718994,0.5978212356567383,-0.0991753488779068
0.09225857257843018,0.02964964509010315,0.027903735637664795
0.2230577915906906,0.24763348698616028,-0.13637661933898926
0.11946198344230652,-0.23341554403305054,0.04668262600898743
-0.3512113690376282,0.38647162914276123,-0.5334689617156982
0.1345624029636383,0.10623481124639511,0.1636233925819397
-0.35587412118911743,-0.13875094056129456,0.19989460706710815
-0.10993508994579315,0.21194836497306824,0.1636233925819397
-0.2883693277835846,0.02693413384258747,0.1636233925819397
-0.41338104009628296,0.17226701974868774,0.0836407020688057
0.05527723580598831,-0.1911427080631256,0.1636233925819397
0.41899698972702026,0.07979866117238998,0.09689363092184067
-0.24472278356552124,-0.37217622995376587,-0.13637661933898926
-0.07686471939086914,0.31835946440696716,0.06380002200603485
-0.0742422342300415,-0.30609747767448425,0.027903735637664795
-0.1297602504491806,0.31835946440696716,0.06380002200603485
-0.07686471939086914,-0.30491653084754944,0.05062459036707878
0.3658301830291748,0.15909159183502197,-0.031218165531754494
-0.41338104009628296,-0.2637626528739929,0.037449128925800323
-0.2024344503879547,0.06658446788787842,0.1636233925819397
-0.113381028175354,-0.34574007987976074,-0.33524832129478455
0.22043530642986298,0.2251238226890564,0.1636233925819397
-0.3940053880214691,-0.13820841908454895,0.20043712854385376
-0.38741767406463623,0.10917989164590836,-0.2268735021352768
-0.13636347651481628,0.31835946440696716,-0.008819913491606712
0.6195610761642456,-0.008766472339630127,0.5004371404647827
0.10604143887758255,-0.26756027340888977,-0.07051199674606323
0.3327365517616272,-0.16463680565357208,-0.031218165531754494
0.14115013182163239,-0.2703503668308258,-0.031218165531754494
0.3511046767234802,0.0889517217874527,-0.11265791207551956
0.26678183674812317,0.15862655639648438,0.16509592533111572
-0.38082993030548096,0.10979992151260376,-0.041991036385297775
-0.4429512023925781,0.5713154077529907,0.5004371404647827
-0.1694260835647583,0.09538443386554718,-0.12777093052864075
-0.39011767506599426,-0.28627386689186096,0.027903735637664795
0.03273653984069824,-0.15416137874126434,0.4916793406009674
0.38559332489967346,-0.044593024998903275,-0.07492963969707489
0.3795481324195862,0.31835946440696716,-0.026955530047416687
-0.6015447974205017,0.23445028066635132,0.268781840801239
-0.06454180181026459,0.2641076445579529,0.1942369043827057
0.23244817554950714,0.09150931239128113,-0.14097736775875092
0.2997204661369324,-0.2704278528690338,0.1640108972787857
0.37900564074516296,-0.03912908956408501,-0.27209627628326416
-0.2711511552333832,-0.3088643252849579,0.04669037461280823
-0.3147202134132385,-0.018040630966424942,-0.03269071877002716
-0.6609892845153809,-0.1908201277256012,0.1722368448972702
-0.08741766214370728,-0.004916518926620483,-0.11064575612545013
0.3505621552467346,-0.21090586483478546,-0.24670642614364624
-0.3150302469730377,0.09135430306196213,-0.16747550666332245
0.22840547561645508,-0.20895572006702423,0.13037768006324768
-0.30813249945640564,0.007118267007172108,-0.27209627628326416
0.33924680948257446,-0.13162072002887726,0.1636233925819397
0.3505621552467346,-0.2704278528690338,-0.2533096373081207
0.3365342319011688,0.08678164333105087,-0.23383323848247528
0.38559332489967346,-0.08535164594650269,-0.27209627628326416
-0.113381028175354,-0.4382084310054779,0.2779271602630615
0.2138475626707077,-0.30491653084754944,0.1233220174908638
0.10146878659725189,0.01371684018522501,0.1636233925819397
-0.14296668767929077,-0.30491653084754944,0.11673431098461151
0.2931327223777771,0.07979091256856918,0.1636233925819397
0.5071823596954346,0.018359452486038208,0.31094327569007874
0.20059463381767273,0.1525038629770279,0.1638558804988861
0.15440306067466736,-0.08535164594650269,-0.031218165531754494
-0.41338104009628296,-0.2373342514038086,0.004355521872639656
-0.11652279645204544,-0.17788974940776825,-0.031218165531754494
-0.14295119047164917,-0.21749357879161835,-0.031218165531754494
0.7189970016479492,0.37319546937942505,-0.4806222915649414
-0.22225962579250336,-0.008864320814609528,-0.19384188950061798
-0.2420770227909088,-0.008864320814609528,-0.08151736855506897
-0.113381028175354,-0.22020134329795837,-0.4740198254585266
0.2600391209125519,-0.15146136283874512,0.1636233925819397
0.05527723580598831,-0.008864320814609528,-0.04850125312805176
-0.7133810520172119,-0.4382084310054779,-0.18993091583251953
-0.2645634412765503,-0.004916518926620483,0.3373716473579407
-0.5618634223937988,0.17496703565120697,0.268781840801239
0.553451418876648,-0.2928902804851532,0.46362340450286865
0.1190744936466217,-0.35234329104423523,-0.17667800188064575
-0.20904541015625,0.1128225177526474,0.1636233925819397
-0.41338104009628296,-0.032525867223739624,0.14316269755363464
-0.14957767724990845,-0.008864320814609528,-0.09477031230926514
-0.14957767724990845,-0.23074652254581451,0.1636233925819397
-0.7133810520172119,0.3599734902381897,-0.11064575612545013
-0.08352994173765182,0.02693413384258747,0.1636233925819397
0.19400690495967865,-0.008864320814609528,-0.14098511636257172
0.1504223346710205,-0.34574782848358154,0.46362340450286865
-0.1759897917509079,-0.13162072002887726,-0.031218165531754494
0.22702302038669586,0.31835946440696716,0.05721229314804077
0.16757851839065552,-0.283603310585022,0.1636233925819397
-0.39011767506599426,0.18821997940540314,0.268781840801239
0.381705641746521,-0.41844525933265686,-0.3312181830406189
-0.2711511552333832,0.10226960480213165,-0.3312181830406189
-0.337260901927948,-0.6049165725708008,-0.3088199198246002
-0.26852867007255554,-0.24399948120117188,0.1636233925819397
0.19400690495967865,0.31835946440696716,0.11665679514408112
0.41899698972702026,-0.24392199516296387,0.06387753784656525
-0.19531196355819702,0.08693665266036987,-0.20926490426063538
-0.2751163840293884,0.1127450242638588,0.1636233925819397
0.015595899894833565,0.25147467851638794,0.1635458916425705
-0.03067316673696041,-0.008864320814609528,-0.07492963969707489
-0.4958235025405884,-0.1908201277256012,0.22507037222385406
-0.24563439190387726,0.0889517217874527,-0.12098944187164307
-0.07732973247766495,-0.27259793877601624,-0.035480812191963196
-0.013532519340515137,-0.1905875951051712,-0.3880276083946228
0.3327365517616272,-0.25058719515800476,-0.031218165531754494
0.2468636929988861,0.02033091150224209,-0.27209627628326416
-0.22885508835315704,0.10917989164590836,-0.08795008063316345
-0.16279186308383942,-0.2704278528690338,0.1636233925819397
0.7192294597625732,0.3467670679092407,0.4893542528152466
-0.7131485342979431,-0.055035531520843506,-0.32726556062698364
-0.1693795770406723,-0.29019102454185486,-0.031218165531754494
-0.0570114403963089,0.38647162914276123,-0.5337170362472534
-0.338823527097702,-0.2704278528690338,-0.041991036385297775
-0.7112885117530823,-0.37217622995376587,0.0840931236743927
0.4147217571735382,0.3533702790737152,-0.5720962882041931
0.29583272337913513,-0.33912134170532227,-0.3312181830406189
-0.3473488390445709,0.022531986236572266,0.16990110278129578
-0.04384860396385193,0.096856988966465,-0.10140453279018402
0.11200913786888123,0.09453190863132477,-0.16592545807361603
0.41899698972702026,-0.13162072002887726,-0.24671418964862823
-0.7070258855819702,0.6186695098876953,0.49524447321891785
0.7188419699668884,0.4084823727607727,-0.42335328459739685
0.015595899894833565,-0.30491653084754944,0.13649748265743256
-0.038978517055511475,-0.5967787504196167,-0.5532941818237305
0.3499421179294586,0.12367288023233414,0.16990110278129578
0.19485943019390106,0.08670414984226227,-0.20047610998153687
0.6201037168502808,0.6180494427680969,-0.3299781382083893
-0.35083645582199097,-0.17788974940776825,0.17625631392002106
0.71915203332901,-0.0946393609046936,-0.3302881419658661
-0.33936604857444763,-0.13820841908454895,-0.06477680057287216
0.07504040002822876,-0.30491653084754944,0.12990975379943848
0.02412116900086403,0.08693665266036987,-0.1644141525030136
0.37566041946411133,0.6156468391418457,-0.3309081792831421
-0.34215614199638367,-0.10519230365753174,0.16571596264839172
0.427897185087204,-0.3088643252849579,0.05330134928226471
0.4537830650806427,0.6156468391418457,0.5000495910644531
0.39225858449935913,-0.0787639245390892,-0.05369393154978752
-0.0735195130109787,0.6156468391418457,0.5000495910644531
0.23368823528289795,0.10941241681575775,-0.08802758157253265
-0.34215614199638367,0.09298185259103775,0.16571596264839172
-0.1297602504491806,-0.30421900749206543,0.1633908897638321
-0.3702770173549652,0.018359452486038208,-0.3219953775405884
0.37900564074516296,0.19210770726203918,0.20066963136196136
-0.35710155963897705,-0.411857545375824,0.46362340450286865
0.2601166367530823,-0.2770155966281891,-0.031218165531754494
0.12797467410564423,0.2713928520679474,-0.031218165531754494
-0.0742422342300415,-0.004916518926620483,-0.2890567481517792
-0.33502593636512756,-0.16463680565357208,-0.036255840212106705
