0.6624956130981445,-0.6739138960838318,-1.065621018409729
-0.6542844772338867,0.5942741632461548,1.0983754396438599
-0.06190669536590576,-0.02173265814781189,0.01601177453994751
0.6628767251968384,-0.81464022397995,1.0457817316055298
0.366211473941803,0.2868424355983734,0.25662192702293396
-0.3457093834877014,-0.516545832157135,-0.4041344225406647
0.6483944654464722,0.6001814603805542,-0.18140527606010437
-0.06190669536590576,-0.15118473768234253,0.48865699768066406
0.15932993590831757,-0.32205045223236084,-0.46619272232055664
0.20252305269241333,0.06379548460245132,0.7988518476486206
-0.18322759866714478,0.10631491243839264,-0.596946120262146
0.0649089515209198,0.5301517248153687,0.5566219091415405
0.36522674560546875,0.5301517248153687,-0.4038166403770447
0.22793996334075928,-0.20987629890441895,-0.46619272232055664
0.06297200918197632,-0.21464020013809204,-0.0698341429233551
-0.603786826133728,-0.4250369668006897,-0.5978989005088806
-0.4850698709487915,-0.38877397775650024,1.036253809928894
-0.346334844827652,-0.0001997053623199463,-0.8415260314941406
0.28836897015571594,0.029399946331977844,-0.7661927342414856
0.013738245703279972,0.299800306558609,0.5569397211074829
-0.6591436862945557,0.598847508430481,-1.0620956420898438
0.3137287199497223,-0.09106400609016418,1.0988519191741943
-0.3674328625202179,-0.29673832654953003,-0.6959724426269531
0.013738245703279972,-0.516545832157135,-0.378409206867218
0.06278148293495178,0.5989428162574768,0.29705196619033813
0.36525872349739075,-0.0392291434109211,-0.4471050202846527
-0.3674328625202179,0.04655008018016815,-0.5586761236190796
0.656493067741394,-0.5025174617767334,1.036253809928894
0.6624956130981445,0.5989428162574768,-0.45812535285949707
0.09099956601858139,-0.22804252803325653,-0.7661927342414856
-0.24334833025932312,-0.0001997053623199463,-0.1120738834142685
-0.3548813462257385,0.3465501070022583,-0.5974224805831909
0.45107269287109375,0.58684241771698,-1.0661927461624146
-0.21794094145298004,0.2301517277956009,-0.035158924758434296
-0.0806446373462677,0.17536661028862,0.7978990077972412
-0.6594294905662537,0.5989428162574768,0.20548933744430542
0.1682227998971939,-0.516545832157135,-0.6530018448829651
0.2197684645652771,0.1238209456205368,-0.29789888858795166
-0.1749703288078308,-0.34818869829177856,-0.2975177764892578
0.6662114858627319,-0.5623428225517273,-0.018383771181106567
0.21076126396656036,-0.0001997053623199463,0.007341444492340088
0.3566707372665405,0.15780340135097504,0.49885183572769165
0.43392252922058105,0.6002767086029053,1.0946595668792725
-0.2780616581439972,-0.516545832157135,-0.6444267630577087
-0.6466622352600098,0.6001814603805542,-0.8242805600166321
0.20252305269241333,0.2301517277956009,0.41964343190193176
-0.42351996898651123,0.5782673358917236,-1.0661927461624146
-0.06190669536590576,-0.23620453476905823,1.0543568134307861
0.5626437664031982,-0.06984828412532806,0.34207382798194885
-0.06743285059928894,0.020507097244262695,-0.764255166053772
0.6662114858627319,0.011932045221328735,-0.8500058054924011
-0.06409811973571777,0.23798024654388428,-0.46200042963027954
0.366211473941803,0.24396713078022003,-0.7131226062774658
-0.05428442358970642,-0.5280425548553467,0.4985659718513489
0.36525532603263855,-0.21905440092086792,-1.0661927461624146
-0.4579154849052429,0.0033569633960723877,-1.0661927461624146
0.4424976110458374,0.5998003482818604,-0.10413441061973572
-0.4579154849052429,-0.816545844078064,0.4629318118095398
0.17679786682128906,-0.3996390998363495,-0.29694610834121704
0.06621146202087402,0.5010918378829956,0.4887523055076599
-0.20079080760478973,0.299800306558609,0.6513606905937195
-0.06743285059928894,0.37237057089805603,-0.6355339288711548
0.2197684645652771,-0.34818869829177856,0.7988518476486206
-0.0634944960474968,0.2301517277956009,0.3767681121826172
0.36525872349739075,-0.16795039176940918,-0.7474228143692017
-0.6543797254562378,0.6003719568252563,0.40215644240379333
0.6662114858627319,-0.785485029220581,-0.2844012975692749
-0.3892197012901306,-0.4507812261581421,-0.5978989005088806
-0.08065415918827057,-0.516545832157135,-0.5672512054443359
-0.1538185030221939,-0.3047417104244232,0.7362537980079651
-0.2952117919921875,0.11524587124586105,-0.7661927342414856
0.18537293374538422,0.2301517277956009,0.62563556432724
-0.4236152172088623,0.5998003482818604,-0.18067440390586853
0.6662114858627319,-0.2019042670726776,-0.8929764032363892
0.48537296056747437,-0.816545844078064,-0.7556800842285156
0.0649728775024414,-0.31004536151885986,1.0409225225448608
0.029354389756917953,0.03645056113600731,0.7362537980079651
0.1510726660490036,-0.516545832157135,0.7715068459510803
0.5797939300537109,0.20071300864219666,0.003053903579711914
-0.16649053990840912,-0.516545832157135,-0.36983415484428406
-0.2093658745288849,0.16679154336452484,-0.29789888858795166
0.49394798278808594,0.5998003482818604,-0.27582627534866333
0.3051241338253021,-0.6567637920379639,-0.5972319841384888
-0.06724229454994202,-0.04818868637084961,-0.6027581095695496
0.06621146202087402,0.5182419419288635,-0.018383771181106567
-0.10605202615261078,0.5998003482818604,0.10176242887973785
-0.3674328625202179,-0.12505601346492767,-0.5415260195732117
0.08241497725248337,-0.3996390998363495,-0.7661927342414856
-0.21794094145298004,0.299800306558609,-0.4128047525882721
0.08205907046794891,0.5998003482818604,0.7110683917999268
0.36525872349739075,0.26111724972724915,0.4283137619495392
-0.6594294905662537,0.5989428162574768,-0.386666476726532
0.06522674113512039,0.2301517277956009,-0.2754131555557251
0.19394798576831818,0.2301517277956009,0.2480468600988388
0.4424976110458374,-0.3649638891220093,-0.46619272232055664
-0.18332287669181824,0.2950997054576874,-0.5972319841384888
-0.21794094145298004,0.299800306558609,-0.18966251611709595
0.22291265428066254,-0.10672442615032196,0.7367302179336548
-0.05489085242152214,-0.15936578810214996,-0.7661927342414856
-0.18859516084194183,0.07341861724853516,0.7368255257606506
-0.2862998843193054,0.000276714563369751,0.33350831270217896
-0.2780616581439972,-0.40821415185928345,-0.7661927342414856
0.06621146202087402,0.23503614962100983,-0.927276611328125
-0.24376140534877777,0.299800306558609,-0.6444267630577087
0.2969440221786499,-0.516545832157135,-0.7474228143692017
-0.6594294905662537,-0.0680379867553711,0.6539012789726257
-0.08924828469753265,0.2301517277956009,-0.1295417994260788
-0.3594294786453247,0.23196202516555786,0.6456440091133118
0.05633389949798584,0.140634223818779,-0.46619272232055664
0.06525871157646179,-0.23620453476905823,-0.6269588470458984
0.005156510975211859,0.299800306558609,0.7114814519882202
-0.12361522018909454,0.2301517277956009,0.5397895574569702
0.09097099304199219,0.299800306558609,0.3424678444862366
-0.38064464926719666,0.42382097244262695,-1.0661927461624146
-0.5007908344268799,0.5696923136711121,1.0988519191741943
-0.05450636148452759,0.020507097244262695,-1.0661927461624146
-0.3674328625202179,0.17527131736278534,-0.6358516812324524
0.366211473941803,-0.36533883213996887,0.7715068459510803
-0.5007908344268799,0.3122498393058777,-0.5974224805831909
0.10086089372634888,-0.2858765721321106,0.7364444136619568
-0.6295120716094971,-0.3821330666542053,1.0978989601135254
-0.24334833025932312,-0.0001997053623199463,-0.9530971050262451
0.4016231298446655,0.4687923789024353,0.43625378608703613
-0.09747695922851562,0.4495461583137512,-1.0661927461624146
0.5712188482284546,0.5998003482818604,1.0372066497802734
-0.3674328625202179,-0.3824889361858368,-0.5672512054443359
-0.3529505431652069,0.20976215600967407,-0.41270947456359863
0.366211473941803,0.15812118351459503,-0.4471050202846527
0.056651677936315536,-0.516545832157135,-0.5157055258750916
0.366211473941803,-0.3824889361858368,-0.421284556388855
-0.32915613055229187,0.04623228311538696,1.0978989601135254
-0.30342522263526917,0.5998003482818604,-0.10413441061973572
-0.09779476374387741,0.299800306558609,0.25662192702293396
0.366211473941803,-0.19369463622570038,-0.4471050202846527
0.28799399733543396,-0.21654582023620605,1.0456864833831787
-0.38064464926719666,0.277940034866333,0.49789899587631226
0.0649089515209198,-0.816545844078064,-0.18998035788536072
0.06278148293495178,-0.0010572075843811035,0.4078826904296875
-0.26948660612106323,-0.45975983142852783,-0.29789888858795166
-0.23509106040000916,-0.39973437786102295,0.7982801198959351
0.5626437664031982,-0.06984828412532806,-0.39524155855178833
-0.06743285059928894,0.21785742044448853,-0.11270946264266968
0.2540687322616577,0.299800306558609,-0.3269588351249695
0.06522674113512039,0.2301517277956009,0.45403894782066345
0.02232283540070057,-0.516545832157135,-0.6530018448829651
-0.14892734587192535,0.5998003482818604,-0.2064281702041626
-0.2948215901851654,-0.05603288114070892,-1.0661927461624146
0.5368233323097229,-0.21654582023620605,-0.6183837652206421
-0.658667266368866,-0.8136874437332153,-1.058379888534546
-0.054601654410362244,0.6002767086029053,0.822639524936676
0.013757300563156605,-0.03921961784362793,-0.7661927342414856
0.22834351658821106,0.1925167292356491,0.7978990077972412
-0.06190669536590576,-0.013157576322555542,0.5308967232704163
-0.029146606102585793,-0.2880679666996002,-0.7661927342414856
-0.226515993475914,-0.19369463622570038,0.7988518476486206
0.5110981464385986,-0.10821413993835449,-0.46619272232055664
0.09920920431613922,-0.21626001596450806,-0.46219098567962646
0.24510915577411652,0.47536662220954895,-0.5978989005088806
0.0649089515209198,0.5301517248153687,-0.17209932208061218
-0.2523364722728729,0.2301517277956009,0.5226395130157471
0.36525872349739075,-0.27949291467666626,-0.6788223385810852
0.33991461992263794,-0.3996390998363495,-0.29694610834121704
-0.2608162462711334,-0.24519266188144684,-0.2975177764892578
-0.09779476374387741,0.2301517277956009,0.007749743759632111
-0.28663671016693115,0.17536661028862,0.7978990077972412
0.5283435583114624,-0.553767740726471,0.003053903579711914
-0.2776867151260376,0.2093014270067215,0.0027680695056915283
-0.6659084558486938,0.10915420949459076,-1.065621018409729
0.6652587652206421,0.5942741632461548,-0.31798022985458374
0.23329800367355347,-0.23128199577331543,0.7372066378593445
0.3140941560268402,0.299800306558609,-0.6101265549659729
-0.08924828469753265,0.2301517277956009,0.6685107946395874
-0.13177721202373505,-0.0001997053623199463,-0.35231858491897583
-0.06347544491291046,-0.45975983142852783,-0.29789888858795166
-0.17506560683250427,0.299800306558609,-0.5415260195732117
0.05687418580055237,0.4323960244655609,-0.46619272232055664
-0.23475421965122223,0.40667080879211426,-0.5970413684844971
0.2626437842845917,-0.4683348834514618,0.7988518476486206
-0.0716564953327179,-0.4593657851219177,-1.0661927461624146
0.28836897015571594,0.2301517277956009,0.3338927626609802
-0.18332287669181824,-0.8164505362510681,-0.0029486417770385742
-0.028781145811080933,0.6001814603805542,-1.0621910095214844
0.2797938883304596,0.2301517277956009,0.1622009426355362
-0.0034585704561322927,-0.23661759495735168,-0.2975177764892578
-0.3674328625202179,0.055125147104263306,-0.6788223385810852
-0.2522411644458771,0.24396713078022003,-0.7661927342414856
-0.29484349489212036,0.5998003482818604,0.10176242887973785
-0.18036924302577972,0.25446343421936035,1.0364444255828857
-0.08923874795436859,0.299800306558609,-0.6530970931053162
0.42820584774017334,-0.2144497036933899,-0.4656209945678711
-0.06743285059928894,-0.5194674730300903,-0.061259061098098755
0.29237067699432373,0.11381670087575912,0.7362537980079651
-0.3674328625202179,-0.39106401801109314,-0.41270947456359863
-0.04666218161582947,0.5301517248153687,-0.29225027561187744
-0.09598446637392044,-0.18012697994709015,0.7362537980079651
-0.6619067192077637,-0.03961363434791565,0.4543567895889282
-0.3674328625202179,-0.1593848615884781,-0.6530018448829651
-0.32093697786331177,0.2301517277956009,-0.17251239717006683
0.28836897015571594,0.2301517277956009,-0.2153877168893814
-0.3674328625202179,0.15812118351459503,-0.5157055258750916
-0.04570937156677246,-0.21654582023620605,-0.8501010537147522
0.27940940856933594,0.5301517248153687,0.4364757537841797
0.06522674113512039,0.2301517277956009,0.6427856683731079
-0.0634944960474968,0.299800306558609,0.47118908166885376
0.36573511362075806,-0.16793133318424225,-0.5586761236190796
-0.5694866180419922,-0.2963252663612366,-0.46619272232055664
0.42973029613494873,-0.09659016132354736,0.43625378608703613
0.6484897136688232,-0.4078725576400757,0.49885183572769165
-0.2523364722728729,0.299800306558609,-0.3012336492538452
-0.1493404060602188,-0.516545832157135,-0.6616721749305725
-0.44067007303237915,-0.7082141637802124,-0.46619272232055664
0.06522674113512039,0.299800306558609,-0.5242805480957031
-0.28626176714897156,0.5301517248153687,0.5651969909667969
-0.06743285059928894,0.35512515902519226,-0.7471050024032593
-0.37207910418510437,-0.21654582023620605,-0.15568006038665771
0.06621146202087402,0.24361121654510498,-0.4559978246688843
-0.26948660612106323,0.012249825522303581,0.7978990077972412
-0.2780616581439972,-0.516545832157135,0.7543568015098572
0.17679786682128906,0.2261500507593155,-0.29103884100914
0.33981937170028687,-0.516545832157135,-0.4814052879810333
-0.5745363235473633,0.027557700872421265,0.43625378608703613
-0.12351994216442108,-0.39106401801109314,0.7978990077972412
0.030916955322027206,0.22681699693202972,0.7978990077972412
-0.06457450985908508,0.2667543590068817,-0.5980894565582275
-0.35657113790512085,-0.44432470202445984,-0.6731055378913879
0.366211473941803,-0.3996390998363495,-0.6530018448829651
0.12534746527671814,0.299800306558609,0.5140644311904907
0.366211473941803,0.20966686308383942,-0.5758262872695923
-0.2523364722728729,0.299800306558609,0.042073819786310196
-0.028781145811080933,-0.33063504099845886,0.49885183572769165
-0.05437970161437988,0.6003719568252563,-0.35300183296203613
-0.07207909226417542,0.30018141865730286,0.788657009601593
-0.19221574068069458,0.08094561845064163,-0.7661927342414856
0.2282482385635376,0.299800306558609,-0.472830206155777
0.5454936623573303,-0.2963252663612366,0.003053903579711914
-0.12320214509963989,-0.26202499866485596,-0.46619272232055664
-0.1406700760126114,-0.24519266188144684,-0.2972319424152374
-0.35285526514053345,-0.04794713109731674,-0.6530018448829651
-0.28663671016693115,-0.29664304852485657,-0.7661927342414856
0.06525871157646179,0.252195805311203,-0.6355339288711548
0.3140941560268402,0.2301517277956009,0.6685107946395874
-0.020571541041135788,0.299800306558609,-0.08666647225618362
0.15964773297309875,-0.18511004745960236,0.7988518476486206
0.30551910400390625,-0.27949291467666626,0.7988518476486206
-0.3674328625202179,-0.2709178626537323,-0.5929763913154602
-0.20902901887893677,-0.06984828412532806,-0.30083009600639343
-0.07176467031240463,0.08980651199817657,0.7362537980079651
-0.3380871117115021,0.16679154336452484,-0.29789888858795166
0.142084538936615,-0.0001997053623199463,-0.386666476726532
-0.16649053990840912,0.2301517277956009,0.35104289650917053
-0.06695649027824402,0.48984894156455994,-1.047041654586792
0.366211473941803,0.037975013256073,-0.6959724426269531
-0.5780616998672485,0.5998003482818604,0.02531769871711731
-0.05895310640335083,-0.21406859159469604,-0.00037610530853271484
-0.08890189230442047,0.5998003482818604,0.03389275074005127
-0.2952117919921875,0.299800306558609,0.599910318851471
0.3996222913265228,-0.6137931942939758,-0.596946120262146
-0.26948660612106323,0.2301517277956009,0.7114814519882202
0.366211473941803,0.06379548460245132,-0.4899803698062897
0.271218866109848,-0.516545832157135,-0.6444267630577087
-0.11494489014148712,0.299800306558609,-0.42137980461120605
0.6662114858627319,0.14920927584171295,-0.026958823204040527
-0.39779478311538696,0.252195805311203,0.002101123332977295
-0.020571541041135788,-0.3996390998363495,-0.7661927342414856
-0.1493404060602188,0.2301517277956009,-0.2153877168893814
-0.20037773251533508,0.47536662220954895,-0.46619272232055664
0.2282482385635376,0.299800306558609,-0.6702472567558289
0.25368422269821167,0.1835428774356842,1.0978989601135254
0.1339225322008133,0.299800306558609,0.6943312883377075
0.05687418580055237,0.0003719627857208252,-0.5582630634307861
0.46822279691696167,-0.3907081186771393,0.003053903579711914
0.43392252922058105,-0.06984828412532806,-0.13779906928539276
-0.16715748608112335,0.20052014291286469,0.7362537980079651
-0.32093697786331177,0.299800306558609,-0.38698428869247437
0.15964773297309875,0.2301517277956009,-0.13811686635017395
-0.43219029903411865,0.5301517248153687,0.4879261255264282
0.005519092082977295,0.5301517248153687,0.25693970918655396
-0.15791547298431396,0.18394167721271515,-0.7661927342414856
0.3909900486469269,0.38094562292099,1.0978989601135254
0.271218866109848,0.299800306558609,0.4110683500766754
0.21109811961650848,0.299800306558609,0.17077600955963135
-0.3123619258403778,0.2301517277956009,0.4454638957977295
0.09920920431613922,-0.0001997053623199463,-0.1120738834142685
0.08241497725248337,-0.42536428570747375,-0.29694610834121704
-0.26908305287361145,-0.20987629890441895,-0.46619272232055664
-0.16649053990840912,-0.4511847496032715,-0.29789888858795166
-0.1406700760126114,0.09809573739767075,-0.29789888858795166
0.005156510975211859,0.299800306558609,0.40249329805374146
-0.3548908531665802,0.3293999433517456,-1.0661927461624146
-0.28339725732803345,-0.14606492221355438,0.7364444136619568
0.665735125541687,0.38952070474624634,1.0947548151016235
0.271218866109848,-0.16794085502624512,0.7988518476486206
0.6652587652206421,0.5942741632461548,-0.08698427677154541
0.026295948773622513,-0.06825097650289536,0.7368255257606506
0.5712188482284546,-0.816545844078064,-0.11270946264266968
0.09063413739204407,0.15780340135097504,0.002101123332977295
0.1682227998971939,-0.516545832157135,-0.5501010417938232
0.05706474184989929,0.000276714563369751,0.4800819158554077
0.36522674560546875,-0.06984828412532806,0.3935718536376953
0.039501551538705826,-0.14219661056995392,-0.7661927342414856
0.142084538936615,0.18354573845863342,-1.0661927461624146
0.3140941560268402,0.1409710794687271,-0.29694610834121704
-0.09779476374387741,0.299800306558609,0.599910318851471
-0.3671470582485199,-0.37391388416290283,-0.7621909976005554
0.27341026067733765,-0.39678072929382324,0.7372066378593445
0.39952701330184937,0.5998003482818604,0.0931873619556427
-0.03289104625582695,-0.3380891978740692,0.7362537980079651
0.05687418580055237,0.5302470326423645,0.21333354711532593
-0.009967044927179813,0.16879238188266754,0.7362537980079651
0.10778427124023438,0.5998003482818604,0.23978954553604126
-0.36181145906448364,0.15812118351459503,0.7457817196846008
0.366211473941803,0.16669625043869019,-0.6615768671035767
0.2797938883304596,0.20109179615974426,-0.7661927342414856
-0.18364065885543823,-0.516545832157135,-0.5672512054443359
0.15964773297309875,-0.33103856444358826,-0.7661927342414856
0.2626437842845917,-0.516545832157135,-0.5328556299209595
0.366211473941803,-0.50263512134552,-0.6873973608016968
-0.3529505431652069,-0.4513753056526184,-0.4814052879810333
-0.6674329042434692,-0.4679599404335022,-0.14710500836372375
0.366211473941803,-0.37391388416290283,-0.5157055258750916
0.6662114858627319,0.020507097244262695,-0.7127094864845276
-0.03735622763633728,0.2264515459537506,-1.0661927461624146
0.271218866109848,0.299800306558609,0.62563556432724
0.022986412048339844,0.3990485370159149,0.43625378608703613
-0.14892734587192535,-0.06984828412532806,0.6424678564071655
-0.12361522018909454,0.299800306558609,0.40249329805374146
0.271218866109848,0.299800306558609,0.23947179317474365
0.366211473941803,-0.004900309257209301,-0.5500057935714722
0.06522674113512039,0.299800306558609,-0.3441089689731598
0.13350947201251984,0.5301517248153687,-0.23218193650245667
-0.28663671016693115,0.055220428854227066,-0.29694610834121704
0.07383038848638535,-0.4769099950790405,0.7988518476486206
-0.04633484035730362,0.2301517277956009,-0.22396279871463776
0.18537293374538422,0.2301517277956009,0.7200565338134766
-0.05523720383644104,0.33797502517700195,-0.46619272232055664
0.4166771471500397,0.000276714563369751,-0.043378084897994995
-0.21794094145298004,-0.3052181005477905,0.7988518476486206
0.2148139774799347,-0.00013638216478284448,0.7362537980079651
-0.24376140534877777,0.2301517277956009,-0.12096673250198364
0.05667073279619217,-0.3137931823730469,-0.7661927342414856
-0.08921969681978226,-0.3224635124206543,-0.29789888858795166
-0.2609115242958069,0.299800306558609,-0.49855542182922363
-0.1493404060602188,0.2301517277956009,0.45403894782066345
-0.02059059776365757,0.2301517277956009,0.5054893493652344
0.39952701330184937,-0.0001997053623199463,0.299910306930542
0.06278148293495178,-0.0010572075843811035,0.6481845378875732
-0.05491943657398224,0.299800306558609,0.1793510764837265
-0.6123619079589844,-0.06984828412532806,0.4707760214805603
-0.08890189230442047,0.5998003482818604,-0.27508583664894104
-0.30342617630958557,-0.06984828412532806,-0.33515894412994385
-0.33775025606155396,-0.0001997053623199463,0.6253176927566528
0.6662114858627319,-0.05603288114070892,-0.12055365741252899
-0.06743285059928894,-0.3220313787460327,-0.789980411529541
-0.2523364722728729,-0.516545832157135,-0.4041344225406647
-0.23509106040000916,0.2301517277956009,0.6084854006767273
-0.0634944960474968,-0.516545832157135,-0.6788223385810852
-0.1406700760126114,-0.24519266188144684,0.7988518476486206
0.36525532603263855,-0.536617636680603,0.49885183572769165
0.271218866109848,0.299800306558609,-0.043743520975112915
-0.34093254804611206,-0.12441146373748779,1.036253809928894
0.476797878742218,-0.06984828412532806,0.21406441926956177
0.06278148293495178,-0.0680379867553711,-0.2579071521759033
-0.3674328625202179,-0.4324148893356323,-0.3269588351249695
0.11667712777853012,0.299800306558609,0.4282184839248657
0.20210997760295868,0.000276714563369751,0.0931873619556427
-0.27767717838287354,-0.06984828412532806,0.6510429382324219
0.5110981464385986,-0.816545844078064,-0.43884772062301636
-0.16649053990840912,0.299800306558609,-0.0008300840854644775
-0.03808709979057312,-0.0001997053623199463,0.39433127641677856
0.15065960586071014,-0.510892391204834,-1.0661927461624146
-0.15750239789485931,0.5998003482818604,-0.9616721868515015
0.03981935977935791,-0.0001997053623199463,0.8140644431114197
-0.4750656187534332,-0.15902893245220184,1.0978989601135254
0.06525871157646179,-0.15975981950759888,-0.46219098567962646
-0.19221574068069458,0.299800306558609,-0.7131226062774658
0.271218866109848,0.2301517277956009,0.47118908166885376
-0.011986947618424892,0.08952068537473679,0.7978990077972412
-0.2693912982940674,-0.37391388416290283,-0.2975177764892578
0.4424976110458374,0.140634223818779,-1.0661927461624146
0.17031891644001007,0.11734198778867722,0.7362537980079651
0.142084538936615,0.600467324256897,-0.044108957052230835
-0.2609115242958069,0.299800306558609,-0.06090317294001579
0.1339225322008133,-0.516545832157135,-0.38698428869247437
0.06621146202087402,0.2092728316783905,-0.2157055139541626
0.04775884747505188,0.24362073838710785,-0.5978989005088806
0.2200699746608734,-0.20930463075637817,0.49789899587631226
0.15932993590831757,-0.4421870708465576,1.0985660552978516
0.14249761402606964,-0.09929079562425613,0.7988518476486206
0.5025230646133423,-0.06984828412532806,-0.19785310328006744
0.1592346578836441,-0.0001997053623199463,0.41148144006729126
0.02234189212322235,-0.49406006932258606,-0.29694610834121704
-0.28663671016693115,0.2301517277956009,-0.26683810353279114
-0.3674328625202179,-0.21946746110916138,-0.5242805480957031
-0.39465057849884033,-0.37855058908462524,1.036253809928894
-0.3466621935367584,0.30018141865730286,0.40249329805374146
-0.12351994216442108,0.06379548460245132,0.7978990077972412
-0.11462707817554474,-0.5709178447723389,0.49885183572769165
0.005519092082977295,-0.02236822247505188,-0.596946120262146
-0.2780616581439972,-0.0821235254406929,-0.7661927342414856
0.36525872349739075,-0.14220614731311798,-0.6615768671035767
-0.5780616998672485,-0.0001997053623199463,0.4629318118095398
0.6568741798400879,0.6003719568252563,0.9857562780380249
0.41677242517471313,-0.6396136283874512,1.0988519191741943
-0.3380871117115021,0.2301517277956009,0.5483646392822266
-0.35552307963371277,0.22519724071025848,-0.5701095461845398
0.6652587652206421,0.020507097244262695,-0.46219098567962646
0.26224976778030396,-0.0001997053623199463,-0.42169761657714844
-0.21632120013237,-0.01166507601737976,0.7362537980079651
0.2797938883304596,0.299800306558609,0.10214690864086151
-0.06190669536590576,0.14920927584171295,1.062931776046753
0.36522674560546875,0.6001814603805542,-1.0559978485107422
0.2969440221786499,-0.21089239418506622,-0.7661927342414856
-0.24366611242294312,-0.10787539184093475,0.7978990077972412
0.06524579226970673,-0.004900309257209301,0.7978990077972412
-0.18678486347198486,-0.42441147565841675,0.7362537980079651
0.13058778643608093,0.04331061244010925,0.7362537980079651
-0.38923877477645874,-0.0001997053623199463,-0.33515894412994385
0.030513405799865723,0.5301517248153687,0.06819301843643188
-0.1321902871131897,-0.004328635521233082,0.7365397214889526
-0.05437970161437988,0.0003719627857208252,0.10176242887973785
0.2282482385635376,0.299800306558609,-0.12096673250198364
0.36522674560546875,-0.0001997053623199463,0.23909683525562286
0.021938353776931763,-0.0001997053623199463,0.1883392035961151
-0.6151250004768372,-0.31661003828048706,1.0365397930145264
0.11667712777853012,-0.15342041850090027,0.7371113896369934
-0.20079080760478973,0.299800306558609,0.29949724674224854
0.29256123304367065,0.032353587448596954,0.7362537980079651
0.2107517272233963,0.5301517248153687,-0.0005027651786804199
-0.02059059776365757,0.299800306558609,0.6342105865478516
0.36525872349739075,-0.11646188795566559,-0.421284556388855
0.2540687322616577,-0.17652545869350433,-0.29694610834121704
0.36525872349739075,0.037975013256073,-0.4041344225406647
-0.13177721202373505,0.5998003482818604,-0.6269588470458984
-0.1406700760126114,0.21938525140285492,-0.2953263819217682
-0.5866367220878601,0.5998003482818604,0.15330807864665985
-0.603786826133728,-0.06984828412532806,-0.21501275897026062
-0.2093658745288849,-0.36533883213996887,-0.7661927342414856
0.09952699393033981,-0.516545832157135,-0.6101265549659729
-0.05491943657398224,0.2301517277956009,0.22232165932655334
-0.0034261757973581553,0.2301517277956009,-0.1466919332742691
-0.08065415918827057,-0.516545832157135,-0.35268405079841614
0.06297200918197632,-0.5916885733604431,1.0388264656066895
-0.16607747972011566,0.45821648836135864,-0.5978989005088806
0.5776025056838989,-0.09242929518222809,0.43625378608703613
-0.2952117919921875,-0.3396136462688446,0.7988518476486206
-0.02059059776365757,0.2301517277956009,0.05065841227769852
0.04848968982696533,-0.18548497557640076,-0.596946120262146
-0.36600372195243835,-0.031930819153785706,-0.5729678869247437
0.5282482504844666,-0.21654582023620605,0.445686399936676
0.46822279691696167,-0.2447795867919922,-0.5975177884101868
0.11667712777853012,0.2301517277956009,0.5656100511550903
-0.06743285059928894,0.0032616853713989258,-0.6869843006134033
0.06621146202087402,-0.14260968565940857,1.088752269744873
0.22792091965675354,0.5998003482818604,0.3592430055141449
0.21109811961650848,0.2301517277956009,-0.01799926720559597
-0.28626176714897156,0.5998003482818604,-0.5839882493019104
-0.3123619258403778,0.2301517277956009,0.27377206087112427
0.14249761402606964,0.299800306558609,-0.5071304440498352
0.30551910400390625,0.2301517277956009,0.25662192702293396
-0.1493404060602188,-0.516545832157135,-0.472830206155777
0.5712188482284546,-0.6567637920379639,-0.46619272232055664
-0.07206004112958908,-0.0821235254406929,-0.7661927342414856
-0.0034033088013529778,0.1409710794687271,-0.7661927342414856
0.48537296056747437,0.5998003482818604,0.2741851210594177
-0.3674328625202179,-0.1336406022310257,-0.3441089689731598
0.030897898599505424,0.299800306558609,0.11073149740695953
0.36525872349739075,-0.21946746110916138,-0.6187015175819397
-0.1493404060602188,0.2301517277956009,0.6170604825019836
-0.08921969681978226,-0.34818869829177856,-0.7661927342414856
-0.23509106040000916,0.16679154336452484,-0.7661927342414856
0.013347601518034935,-0.1636056900024414,0.7365397214889526
-0.14892734587192535,-0.7426097393035889,1.0988519191741943
-0.16649053990840912,-0.03921961784362793,0.7978990077972412
0.39952701330184937,-0.0001997053623199463,0.3334987759590149
0.021293828263878822,-0.25138577818870544,0.7362537980079651
0.15964773297309875,-0.022050436586141586,0.7988518476486206
0.021938353776931763,0.5998003482818604,-0.10340353846549988
0.02234189212322235,-0.3137931823730469,0.7988518476486206
-0.07206004112958908,0.20109179615974426,-0.7661927342414856
0.366211473941803,0.14954614639282227,-0.36983415484428406
-0.06743285059928894,0.4323960244655609,-0.1385299265384674
0.2540687322616577,-0.40821415185928345,-0.29694610834121704
0.1510726660490036,0.18394167721271515,0.7978990077972412
-0.3674328625202179,-0.37391388416290283,-0.4899803698062897
-0.6619067192077637,-0.5709178447723389,-0.5970413684844971
-0.226515993475914,-0.4769099950790405,0.7978990077972412
0.366211473941803,0.14954614639282227,-0.5242805480957031
-0.5952118039131165,0.5301517248153687,0.23909683525562286
0.2797938883304596,0.299800306558609,-0.24968796968460083
0.2540687322616577,0.2261500507593155,-0.29103884100914
-0.12320214509963989,-0.6137931942939758,0.003053903579711914
0.06522674113512039,0.2301517277956009,-0.1982375830411911
0.3559466302394867,-0.0003902316093444824,1.0945643186569214
-0.12351994216442108,0.24396713078022003,0.7983754277229309
-0.3674328625202179,-0.37391388416290283,-0.6444267630577087
-0.6543797254562378,-0.8164505362510681,0.4457817077636719
0.005178424529731274,-0.21089239418506622,-0.7661927342414856
0.08205907046794891,0.38952070474624634,0.002101123332977295
0.366211473941803,-0.4511847496032715,-0.5157055258750916
-0.02059059776365757,0.299800306558609,-0.6187015175819397
0.476797878742218,-0.5280425548553467,-1.0661927461624146
-0.06743285059928894,-0.3134944438934326,-0.678409218788147
-0.2710110545158386,-0.4275556802749634,0.7364444136619568
-0.10636982321739197,-0.3137931823730469,0.7978990077972412
0.39097100496292114,0.5301517248153687,-0.026227951049804688
-0.6594294905662537,-0.0010572075843811035,0.6167426109313965
-0.6123619079589844,-0.816545844078064,-0.17283019423484802
0.5797939300537109,0.5525422096252441,1.0978989601135254
-0.39779478311538696,-0.06984828412532806,0.40214693546295166
0.048067089170217514,0.299800306558609,0.4797641634941101
0.366211473941803,0.22681699693202972,-0.4899803698062897
-0.24299916625022888,-0.35743072628974915,0.7362537980079651
-0.3526647090911865,-0.5100668668746948,-0.6358516812324524
-0.6659084558486938,-0.568059504032135,-0.4656209945678711
0.30551910400390625,0.15812118351459503,0.7988518476486206
-0.24376140534877777,0.2301517277956009,-0.1982375830411911
-0.0034261757973581553,0.2301517277956009,0.685756266117096
-0.32093697786331177,0.299800306558609,-0.0008300840854644775
0.06530296057462692,-0.3587646186351776,0.7362537980079651
-0.6674329042434692,-0.1847541332244873,-1.0474228858947754
0.50823974609375,0.5987522602081299,1.0978038311004639
0.5001410841941833,-0.7205051183700562,0.43625378608703613
0.06278148293495178,-0.0680379867553711,-0.4896625280380249
-0.020571541041135788,-0.45975983142852783,0.7978990077972412
-0.3619067072868347,0.23539206385612488,0.7543568015098572
0.366211473941803,-0.3224635124206543,-0.6187015175819397
-0.6674329042434692,-0.2019042670726776,-0.9187015295028687
0.2626437842845917,0.1066708043217659,-0.7661927342414856
0.271218866109848,0.299800306558609,-0.4128047525882721
-0.24366611242294312,-0.23661759495735168,-0.7661927342414856
0.022669225931167603,0.5998003482818604,0.34207382798194885
-0.20037773251533508,-0.30490031838417053,-1.0661927461624146
-0.2776581048965454,-0.25335463881492615,-0.5978989005088806
0.030916955322027206,0.14954614639282227,0.7978990077972412
0.33089789748191833,-0.06984828412532806,0.2741851210594177
-0.11462707817554474,-0.0001997053623199463,0.7711890935897827
0.09063413739204407,-0.21654582023620605,-0.6098086833953857
-0.1493404060602188,0.299800306558609,0.4797641634941101
0.5984684824943542,0.15990905463695526,0.43625378608703613
0.06249561905860901,0.5319620370864868,0.19691428542137146
-0.2609115242958069,-0.516545832157135,-0.5586761236190796
0.09097099304199219,0.2301517277956009,0.38534319400787354
0.2626437842845917,0.299800306558609,-0.5501010417938232
-0.15791547298431396,0.2301517277956009,0.25662192702293396
0.20252305269241333,0.299800306558609,0.6513606905937195
-0.08890189230442047,-0.07318301498889923,-1.0661927461624146
-0.12361522018909454,0.2301517277956009,-0.06090317294001579
-0.0034033088013529778,-0.022050436586141586,-0.29789888858795166
-0.011631041765213013,0.5301517248153687,-0.3265743553638458
0.0657351016998291,-0.02173265814781189,-0.8500058054924011
-0.17506560683250427,-0.056379277259111404,-0.29789888858795166
0.048067089170217514,0.299800306558609,0.2823471128940582
-0.011631041765213013,0.37237057089805603,-0.596946120262146
-0.3674328625202179,-0.11647332459688187,-0.7131226062774658
-0.23309022188186646,0.16879238188266754,0.7362537980079651
0.21614788472652435,-0.30912452936172485,0.7371113896369934
-0.12828385829925537,0.13620713353157043,0.7362537980079651
0.36106646060943604,0.13858911395072937,0.7363491058349609
0.05687418580055237,-0.2447795867919922,-0.46619272232055664
0.36525872349739075,0.23663069307804108,0.7200565338134766
0.056651677936315536,0.299800306558609,-0.1466919332742691
0.14249761402606964,0.2301517277956009,-0.05231858044862747
0.004788219928741455,-0.816545844078064,-0.035533905029296875
0.29657480120658875,-0.0001997053623199463,0.5308967232704163
-0.3529505431652069,-0.4513753056526184,-0.5929763913154602
-0.36181145906448364,0.2368212193250656,-0.6873973608016968
0.6662114858627319,-0.14260968565940857,-0.061259061098098755
0.20252305269241333,0.2301517277956009,-0.2153877168893814
0.050182268023490906,0.11734198778867722,0.7362537980079651
-0.30378684401512146,0.299800306558609,-0.6015514731407166
0.08768051862716675,-0.45846065878868103,0.43625378608703613
-0.43219029903411865,-0.21454495191574097,-0.5990422368049622
0.665735125541687,0.5942741632461548,-0.3615768551826477
-0.24366611242294312,0.11524587124586105,0.7978990077972412
-0.35552307963371277,0.22519724071025848,-0.49283868074417114
0.30523326992988586,-0.4611889719963074,0.7368255257606506
-0.23509106040000916,0.2301517277956009,0.042073819786310196
0.05664215236902237,0.2301517277956009,0.20517154037952423
-0.1062745451927185,-0.35866934061050415,0.7362537980079651
0.022669225931167603,0.2950997054576874,-0.596946120262146
0.6630673408508301,0.5987522602081299,-1.0588562488555908
-0.2780616581439972,0.299800306558609,-0.730272650718689
-0.07085952907800674,0.21957582235336304,0.7362537980079651
-0.30340713262557983,0.252195805311203,1.0978989601135254
-0.05490037798881531,-0.36533883213996887,0.7978990077972412
0.1339225322008133,0.299800306558609,0.18792612850666046
0.06621146202087402,-0.510892391204834,-0.678409218788147
0.014094144105911255,0.08053255081176758,-0.596946120262146
0.366211473941803,0.020824892446398735,-0.627276599407196
-0.028781145811080933,-0.21905440092086792,0.49885183572769165
-0.16649053990840912,0.2301517277956009,-0.1466919332742691
0.3480861485004425,-0.4765254855155945,-0.596946120262146
0.22793996334075928,0.07195748388767242,-0.46619272232055664
0.06522674113512039,0.299800306558609,-0.42137980461120605
-0.05942946672439575,0.5319620370864868,0.19046670198440552
-0.012006004340946674,-0.516545832157135,-0.49855542182922363
-0.37208864092826843,0.08053255081176758,-0.5972319841384888
-0.19221574068069458,0.299800306558609,0.10214690864086151
-0.21794094145298004,0.20109179615974426,0.7978990077972412
-0.30378684401512146,0.24396713078022003,0.7988518476486206
-0.07207909226417542,0.2301517277956009,0.599910318851471
0.3996222913265228,-0.40786969661712646,-0.596946120262146
0.6055191159248352,-0.06984828412532806,0.1024932861328125
-0.4063698351383209,-0.6910640001296997,0.002101123332977295
-0.011631041765213013,0.5998003482818604,0.6080722808837891
0.1510726660490036,0.299800306558609,-0.1295417994260788
0.6312443017959595,-0.2877501845359802,1.0988519191741943
-0.2952117919921875,-0.17652545869350433,0.7988518476486206
0.0643787607550621,0.22824618220329285,0.7319663166999817
0.19394798576831818,0.299800306558609,0.23947179317474365
0.2797938883304596,-0.4511847496032715,-0.7661927342414856
0.3569694757461548,0.23024702072143555,0.6084854006767273
0.6662114858627319,-0.03961363434791565,-0.6269588470458984
0.36525872349739075,0.23663069307804108,0.3167426288127899
0.6662114858627319,-0.7683348655700684,-0.7385299205780029
-0.07488027960062027,-0.28254184126853943,0.7362537980079651
0.014856398105621338,-0.8138779997825623,0.4979943037033081
-0.3674328625202179,-0.3053134083747864,-0.5328556299209595
-0.11494489014148712,0.299800306558609,-0.5071304440498352
-0.03735622763633728,0.5998003482818604,0.11891254782676697
-0.21794094145298004,-0.4426096975803375,-0.7661927342414856
0.07381132990121841,-0.516545832157135,-0.42137980461120605
-0.012006004340946674,0.2301517277956009,0.43679356575012207
-0.5866367220878601,-0.816545844078064,-0.41312259435653687
0.2540687322616577,0.2301517277956009,0.6170604825019836
0.20252305269241333,0.2301517277956009,0.1793510764837265
-0.32057154178619385,-0.1847541332244873,0.002101123332977295
-0.10636982321739197,0.299800306558609,-0.13811686635017395
-0.30378684401512146,0.08094561845064163,0.7978990077972412
-0.28663671016693115,-0.24519266188144684,0.7988518476486206
-0.2609115242958069,0.299800306558609,0.11073149740695953
-0.0634944960474968,0.299800306558609,0.7029063701629639
-0.05942946672439575,0.5989428162574768,0.32563555240631104
0.14249761402606964,-0.4339393675327301,-0.7661927342414856
0.28799399733543396,-0.21654582023620605,-0.27582627534866333
0.2969440221786499,-0.13362154364585876,-0.7661927342414856
0.366211473941803,-0.030644558370113373,-0.6873973608016968
-0.5007908344268799,0.32082489132881165,0.49789899587631226
-0.3674328625202179,-0.1937136948108673,-0.5929763913154602
-0.24376140534877777,0.2301517277956009,0.43679356575012207
-0.1321902871131897,0.299800306558609,0.19659647345542908
-0.18364065885543823,0.299800306558609,-0.6101265549659729
-0.05491943657398224,0.299800306558609,-0.45568007230758667
0.5025230646133423,-0.0001997053623199463,-0.5668381452560425
0.3568741977214813,0.23024702072143555,0.110741026699543
-0.4149448871612549,-0.0001997053623199463,-0.27582627534866333
0.366211473941803,0.22681699693202972,-0.421284556388855
0.366211473941803,0.1066708043217659,-0.6959724426269531
0.3568741977214813,0.20109179615974426,-0.7661927342414856
-0.17506560683250427,0.299800306558609,-0.472830206155777
-0.23474469780921936,-0.3735484778881073,1.0988519191741943
0.013757300563156605,0.17536661028862,-0.29789888858795166
0.12534746527671814,0.299800306558609,-0.5758262872695923
0.6226692199707031,0.5998003482818604,-0.026958823204040527
0.28836897015571594,-0.34818869829177856,0.7988518476486206
0.18537293374538422,-0.4769099950790405,-0.29694610834121704
0.1933763176202774,-0.17626819014549255,0.7372066378593445
-0.35552307963371277,0.22519724071025848,-0.34696730971336365
-0.3295120596885681,-0.13362154364585876,-0.7661927342414856
-0.20079080760478973,0.299800306558609,-0.2582630217075348
-0.16649053990840912,-0.4426096975803375,0.7978990077972412
0.18537293374538422,-0.20226970314979553,-0.29694610834121704
0.22793996334075928,-0.7426097393035889,-0.46619272232055664
-0.21794094145298004,-0.03921961784362793,-0.7661927342414856
0.013728716410696507,-0.19369463622570038,0.7988518476486206
-0.19221574068069458,0.2301517277956009,0.5569397211074829
0.24549365043640137,0.2301517277956009,-0.16384205222129822
0.07348401844501495,-0.0001997053623199463,0.4200565218925476
0.1339225322008133,0.2301517277956009,0.43679356575012207
-0.046315789222717285,-0.09070811420679092,-0.29789888858795166
0.46822279691696167,-0.06984828412532806,-0.266501247882843
0.6226692199707031,0.5998003482818604,0.21333354711532593
0.10810206085443497,0.299800306558609,-0.29265856742858887
0.6662114858627319,-0.536617636680603,-0.20713043212890625
-0.19221574068069458,0.2301517277956009,0.6685107946395874
0.6662114858627319,-0.022463500499725342,-0.17283019423484802
0.6650681495666504,-0.43386930227279663,0.43930280208587646
-0.3594294786453247,0.23196202516555786,0.12218397855758667
0.33991461992263794,-0.21946746110916138,0.7988518476486206
0.3996222913265228,-0.05603288114070892,-1.0661927461624146
0.282271146774292,-0.2815890312194824,0.7365397214889526
-0.30378684401512146,-0.4769099950790405,-0.7661927342414856
0.24549365043640137,-0.09929079562425613,0.7988518476486206
0.09952699393033981,0.24396713078022003,0.7978990077972412
-0.6672422885894775,0.11487090587615967,-0.0027580857276916504
0.6055191159248352,-0.21654582023620605,-0.6355339288711548
0.5282482504844666,-0.06984828412532806,0.25693970918655396
0.20252305269241333,0.13239601254463196,0.7978990077972412
-0.3674328625202179,-0.21946746110916138,-0.6788223385810852
-0.226515993475914,0.299800306558609,-0.12096673250198364
0.45107269287109375,0.3980957567691803,-0.46619272232055664
0.07060045003890991,-0.4245067834854126,0.7362537980079651
-0.08923874795436859,0.299800306558609,-0.3612590730190277
0.07381132990121841,0.299800306558609,0.7200565338134766
0.005156510975211859,0.299800306558609,-0.49855542182922363
-0.5780616998672485,-0.15902893245220184,0.002101123332977295
-0.03808709979057312,0.5998003482818604,0.4707760214805603
-0.440765380859375,0.5998003482818604,0.02531769871711731
-0.3674328625202179,-0.09930986166000366,-0.6015514731407166
-0.20079080760478973,-0.2709178626537323,-0.29694610834121704
-0.23509106040000916,0.299800306558609,-0.5672512054443359
-0.3674328625202179,0.13239601254463196,-0.3612590730190277
-0.02059059776365757,0.23024702072143555,-0.283892959356308
-0.05942946672439575,0.5319620370864868,-0.5382545590400696
-0.20993752777576447,-0.271965891122818,0.7362537980079651
-0.06533673405647278,-0.1383221447467804,-0.4605712294578552
-0.20079080760478973,0.2301517277956009,-0.2754131555557251
-0.37265077233314514,0.3256841003894806,1.0365397930145264
-0.012361913919448853,-0.0001997053623199463,0.050312042236328125
0.3483944237232208,0.2301517277956009,-0.2582630217075348
0.21109811961650848,-0.4167892336845398,0.7988518476486206
0.3602089583873749,0.058364614844322205,0.7395886182785034
-0.2347637414932251,-0.21654582023620605,-0.41312259435653687
-0.06743285059928894,-0.3220313787460327,-1.01312255859375
-0.03295774385333061,-0.11889149248600006,0.7362537980079651
-0.30698102712631226,0.5980852842330933,1.097994327545166
-0.04666218161582947,-0.6910640001296997,0.49885183572769165
0.193630188703537,-0.3821330666542053,1.0978989601135254
-0.24528585374355316,0.04502562806010246,0.7362537980079651
0.665735125541687,0.252195805311203,1.0947548151016235
0.0696190744638443,-0.19469505548477173,0.7368255257606506
-0.5179409384727478,-0.21654582023620605,-0.36167216300964355
0.005124115850776434,-0.4339393675327301,-0.2972319424152374
0.09099956601858139,-0.4167892336845398,0.7988518476486206
-0.06743285059928894,-0.4078916013240814,-0.18140527606010437
-0.12351994216442108,0.037975013256073,-0.29742249846458435
-0.12320214509963989,-0.32205045223236084,-0.596946120262146
-0.28663671016693115,0.2301517277956009,0.6513606905937195
-0.03808709979057312,0.5998003482818604,-0.7471050024032593
0.366211473941803,0.22681699693202972,-0.6444267630577087
0.21109811961650848,-0.516545832157135,-0.3955593407154083
-0.2952117919921875,0.18394167721271515,-0.7661927342414856
-0.011631041765213013,-0.0001997053623199463,-0.9873973727226257
-0.2780616581439972,0.299800306558609,0.3939182162284851
-0.3295120596885681,0.24396713078022003,-0.7661927342414856
-0.08924828469753265,0.2301517277956009,0.47118908166885376
-0.440765380859375,-0.0001997053623199463,-0.24075700342655182
-0.3034138083457947,0.6002767086029053,-0.32659339904785156
0.3051784336566925,-0.23620453476905823,-0.46619272232055664
-0.07206004112958908,0.1066708043217659,0.7978990077972412
-0.14873678982257843,-0.4007752537727356,0.4370160698890686
0.20252305269241333,-0.49406006932258606,0.7988518476486206
0.33948251605033875,-0.0001997053623199463,0.3170604705810547
0.19394798576831818,0.3002767264842987,0.3939182162284851
0.004788219928741455,0.5998003482818604,0.5566219091415405
0.14249761402606964,0.2301517277956009,-0.1982375830411911
-0.3123619258403778,0.299800306558609,-0.3183837831020355
0.2369185835123062,-0.34818869829177856,-0.29694610834121704
-0.2780616581439972,0.299800306558609,0.6599357724189758
0.2708057761192322,0.13208773732185364,0.0024822354316711426
-0.32057154178619385,0.0033569633960723877,-0.5978989005088806
-0.15277044475078583,-0.24262014031410217,0.7362537980079651
-0.3123619258403778,-0.23661759495735168,-0.7661927342414856
0.06429300457239151,-0.014790216460824013,0.7362537980079651
-0.2090194970369339,-0.816545844078064,0.4543567895889282
-0.06181144714355469,-0.3735484778881073,1.0456864833831787
0.2282482385635376,-0.516545832157135,-0.5844013094902039
-0.2691021263599396,0.5998003482818604,-0.8758262991905212
-0.2952117919921875,-0.19369463622570038,-0.29789888858795166
-0.2519138753414154,-0.5709178447723389,0.003053903579711914
0.06554451584815979,-0.40792781114578247,-1.0216976404190063
-0.23509106040000916,-0.03921961784362793,0.7978990077972412
-0.46649056673049927,-0.6396136283874512,0.49789899587631226
-0.2952117919921875,-0.29664304852485657,-0.29694610834121704
0.08205907046794891,-0.7167892456054688,0.002101123332977295
0.33948251605033875,0.5301517248153687,0.3334987759590149
-0.33775025606155396,-0.0001997053623199463,-0.18926851451396942
-0.011986947618424892,-0.10787253826856613,-0.7661927342414856
0.26224976778030396,-0.0001997053623199463,0.050312042236328125
0.24508057534694672,-0.06984828412532806,-0.3780723810195923
0.20461918413639069,0.16879238188266754,0.7362537980079651
0.19394798576831818,0.2301517277956009,-0.08666647225618362
-0.07175177335739136,-0.06984828412532806,-0.0005027651786804199
0.1339225322008133,0.2301517277956009,0.6599357724189758
0.42525219917297363,0.32949525117874146,0.49837541580200195
-0.30378684401512146,-0.02211713045835495,-0.29742249846458435
0.6226692199707031,0.5525422096252441,-1.0661927461624146
0.6398193836212158,-0.0001997053623199463,-0.12064893543720245
-0.010106593370437622,-0.5012121200561523,1.036253809928894
-0.017316371202468872,-0.678296685218811,1.0365397930145264
0.3170478045940399,-0.35219037532806396,0.7367302179336548
0.6629720330238342,-0.00807642936706543,1.0981848239898682
0.19766384363174438,0.058936282992362976,0.7362537980079651
-0.3466621935367584,0.30018141865730286,0.5656100511550903
-0.09474584460258484,-0.4974900782108307,0.7396838665008545
-0.42351996898651123,-0.17690998315811157,-0.46619272232055664
-0.6593342423439026,0.49251675605773926,0.4977084994316101
-0.6123619079589844,-0.785485029220581,1.0982801914215088
0.20252305269241333,0.299800306558609,0.7372066378593445
-0.08890189230442047,0.5998003482818604,-0.10413441061973572
-0.0034033088013529778,-0.45975983142852783,-0.7661927342414856
-0.31502971053123474,0.1985192745923996,0.7362537980079651
0.36573511362075806,-0.40821415185928345,-0.7131226062774658
0.07383038848638535,-0.45975983142852783,-0.7661927342414856
0.366211473941803,-0.15936578810214996,-0.49855542182922363
-0.32917520403862,-0.0001997053623199463,-0.026958823204040527
0.271218866109848,-0.40821415185928345,0.7988518476486206
-0.06190669536590576,0.020507097244262695,1.062931776046753
-0.13209500908851624,0.07237055152654648,-0.7661927342414856
0.366211473941803,-0.42536428570747375,-0.5758262872695923
0.3312442898750305,-0.516545832157135,-0.5415260195732117
-0.13209500908851624,-0.09929079562425613,-0.29789888858795166
-0.226515993475914,0.2301517277956009,0.32531771063804626
-0.05491943657398224,0.299800306558609,0.5569397211074829
0.2969440221786499,-0.4511847496032715,-0.29694610834121704
-0.17465254664421082,0.04623228311538696,0.003053903579711914
-0.6209369897842407,-0.3220599889755249,0.49789899587631226
0.3652172088623047,0.25221484899520874,0.0027680695056915283
-0.5179409384727478,0.09773030877113342,0.002101123332977295
-0.037731193006038666,0.020824892446398735,0.7978990077972412
-0.39779478311538696,0.09773030877113342,0.49885183572769165
-0.046315789222717285,-0.3996390998363495,-0.29789888858795166
0.5712188482284546,-0.06984828412532806,0.40214693546295166
0.20252305269241333,-0.14219661056995392,0.7988518476486206
-0.17506560683250427,0.2301517277956009,0.007749743759632111
-0.02059059776365757,-0.516545832157135,-0.7216976284980774
-0.28663671016693115,0.2301517277956009,-0.0008300840854644775
0.3483944237232208,0.2301517277956009,-0.01799926720559597
0.21109811961650848,0.299800306558609,0.10214690864086151
0.11667712777853012,-0.516545832157135,-0.5071304440498352
0.022669225931167603,0.5998003482818604,0.0931873619556427
0.06621146202087402,-0.2019042670726776,-0.1385299265384674
0.36525872349739075,-0.21946746110916138,-0.6873973608016968
-0.2952117919921875,0.2301517277956009,0.5913352966308594
-0.09779476374387741,0.299800306558609,-0.7131226062774658
-0.01850399747490883,-0.0012797220842912793,0.7365397214889526
-0.2769625782966614,-0.2156882882118225,0.49465954303741455
0.3140941560268402,-0.15078119933605194,-0.29694610834121704
-0.3674328625202179,-0.39106401801109314,-0.7045475244522095
-0.3526647090911865,-0.5100668668746948,-0.6959724426269531
0.20252305269241333,-0.07354845851659775,-0.7661927342414856
0.06621146202087402,-0.2447795867919922,-0.8500058054924011
-0.19221574068069458,0.020824892446398735,-0.7661927342414856
0.21935537457466125,0.4152458906173706,0.002101123332977295
-0.012361913919448853,0.5998003482818604,0.3592430055141449
0.12534746527671814,0.2301517277956009,0.7200565338134766
0.12493440508842468,0.5301517248153687,-0.17209932208061218
0.5626437664031982,-0.21654582023620605,-0.17283019423484802
-0.05942946672439575,0.5319620370864868,0.7826225757598877
0.10915012657642365,0.09904852509498596,0.7362537980079651
-0.3674328625202179,0.00367475813254714,-0.627276599407196
-0.346334844827652,-0.21635520458221436,-0.6030439138412476
-0.12405966222286224,-0.6596221327781677,1.036253809928894
0.6398193836212158,-0.816545844078064,-0.3272765874862671
-0.6552371978759766,-0.2706000804901123,0.003053903579711914
0.1682227998971939,0.2525421977043152,0.7978990077972412
-0.6615256071090698,0.32082489132881165,0.4945642948150635
0.06487756967544556,-0.3710140585899353,1.0407319068908691
-0.11494489014148712,0.16679154336452484,-0.29789888858795166
-0.06190669536590576,-0.39930224418640137,0.0026727914810180664
-0.1297130435705185,0.0782778188586235,0.7364444136619568
0.6660209894180298,-0.46795040369033813,1.0947548151016235
-0.17487505078315735,-0.35866934061050415,0.7362537980079651
-0.3529505431652069,-0.45975983142852783,-0.41270947456359863
0.06316256523132324,-0.1111677885055542,1.0365397930145264
-0.2407124936580658,-0.10407663881778717,0.7362537980079651
-0.24376140534877777,0.299800306558609,-0.3612590730190277
-0.3674328625202179,0.09809573739767075,-0.5328556299209595
0.1592346578836441,-0.0001997053623199463,0.03316190838813782
0.11667712777853012,0.2301517277956009,0.05924300476908684
0.366211473941803,-0.33103856444358826,-0.38698428869247437
0.004788219928741455,0.3552204370498657,-0.46619272232055664
0.28836897015571594,0.299800306558609,-0.49855542182922363
0.2969440221786499,0.299800306558609,0.6771811842918396
0.39097100496292114,0.5301517248153687,0.21406441926956177
0.30551910400390625,0.2009965181350708,-0.2970413863658905
0.1339225322008133,-0.23661759495735168,0.7988518476486206
0.06525532156229019,-0.06496386229991913,-0.7661927342414856
0.4166771471500397,0.5998003482818604,-1.01312255859375
0.06523627042770386,-0.516545832157135,-0.35268405079841614
-0.012006004340946674,0.299800306558609,0.4969142973423004
0.19394798576831818,-0.14219661056995392,-0.29694610834121704
-0.19180268049240112,-0.6739138960838318,0.003053903579711914
-0.08890189230442047,-0.3478042185306549,0.49885183572769165
0.22834351658821106,-0.07353893667459488,-0.29694610834121704
-0.046315789222717285,0.299800306558609,-0.13811686635017395
0.15932993590831757,-0.4765254855155945,-0.5978989005088806
0.09099956601858139,-0.2880679666996002,0.7988518476486206
0.1510726660490036,0.08952068537473679,0.7978990077972412
-0.09779476374387741,-0.27949291467666626,-0.7661927342414856
0.14249761402606964,0.299800306558609,0.36819303035736084
0.05696946382522583,0.5302470326423645,0.07676810026168823
-0.28663671016693115,0.2301517277956009,0.22232165932655334
0.3140941560268402,-0.022050436586141586,-0.7661927342414856
-0.4579154849052429,-0.0001997053623199463,-0.05195315182209015
-0.14892734587192535,0.5182419419288635,-0.46619272232055664
0.5025230646133423,0.2865246534347534,-0.46619272232055664
-0.3674328625202179,-0.3224635124206543,-0.6187015175819397
0.2797938883304596,-0.22804252803325653,0.7988518476486206
-0.32093697786331177,-0.022050436586141586,-0.7661927342414856
0.366211473941803,-0.45975983142852783,-0.6358516812324524
0.4166771471500397,-0.06984828412532806,0.5223217010498047
-0.49221575260162354,-0.02173265814781189,-0.46619272232055664
-0.33341845870018005,-0.4618559181690216,0.7401602864265442
-0.01497869286686182,0.09504683315753937,0.7362537980079651
0.12534746527671814,0.2301517277956009,-0.26683810353279114
-0.30378684401512146,0.30018141865730286,-0.6788223385810852
-0.05942946672439575,0.5319620370864868,0.7139266729354858
0.19061324000358582,-0.060066550970077515,0.7365397214889526
0.12077409774065018,-0.3388514220714569,0.7362537980079651
0.21967318654060364,0.299800306558609,-0.7388477325439453
0.6513480544090271,-0.8144497275352478,-1.065621018409729
-0.6593342423439026,0.09358569979667664,0.4467344880104065
0.1734631210565567,-0.22880476713180542,0.7372066378593445
-0.4500073790550232,-0.006392776966094971,0.49885183572769165
-0.6594294905662537,-0.0680379867553711,0.3621109127998352
-0.6616209149360657,0.5942741632461548,-0.044108957052230835
0.2365245670080185,0.5782673358917236,-1.0661927461624146
0.06525871157646179,0.5525422096252441,0.24845993518829346
-0.3466621935367584,-0.3224635124206543,-0.7661927342414856
-0.07836747169494629,0.1604078859090805,0.7362537980079651
-0.15553352236747742,-0.13570813834667206,0.7362537980079651
-0.06190669536590576,0.5782673358917236,-0.2844012975692749
-0.6594294905662537,-0.0680379867553711,0.5251800417900085
-0.12361522018909454,0.2301517277956009,0.7200565338134766
-0.1406700760126114,0.18394167721271515,0.7978990077972412
0.24549365043640137,0.2301517277956009,0.21374660730361938
-0.11494489014148712,0.2301517277956009,0.4110683500766754
0.3566707372665405,-0.15902893245220184,-1.0661927461624146
0.2365245670080185,-0.1253642737865448,0.49789899587631226
-0.20037773251533508,0.12347455322742462,1.0988519191741943
0.06621146202087402,0.37237057089805603,-0.35300183296203613
-0.14076535403728485,0.299800306558609,0.5656100511550903
0.3140941560268402,-0.40821415185928345,-0.7661927342414856
-0.5350910425186157,-0.0001997053623199463,0.2741851210594177
-0.14076535403728485,-0.516545832157135,-0.5328556299209595
0.39952701330184937,-0.0001997053623199463,0.44505083560943604
-0.0377216674387455,0.2525421977043152,0.7983754277229309
0.06525871157646179,0.2264515459537506,-0.6869843006134033
-0.08066368848085403,0.299800306558609,0.3596179783344269
-0.029165659099817276,-0.516545832157135,-0.42137980461120605
-0.08924828469753265,0.2301517277956009,-0.2582630217075348
0.3996222913265228,-0.4250369668006897,-0.46619272232055664
0.2626437842845917,0.16669625043869019,-0.29789888858795166
0.2797938883304596,-0.03921009227633476,-0.29694610834121704
-0.6619067192077637,-0.17617906630039215,1.088657021522522
-0.6123619079589844,-0.0001997053623199463,0.14546388387680054
-0.09779476374387741,0.299800306558609,0.5140644311904907
-0.17506560683250427,0.299800306558609,0.36819303035736084
0.28836897015571594,0.299800306558609,-0.1295417994260788
-0.10636982321739197,-0.516545832157135,-0.7131226062774658
0.5540687441825867,0.5301517248153687,0.07676810026168823
0.2282482385635376,0.2301517277956009,0.685756266117096
-0.3123619258403778,-0.36533883213996887,-0.7661927342414856
0.142084538936615,0.42382097244262695,-1.0661927461624146
0.3140941560268402,-0.3224635124206543,-0.7661927342414856
0.1510726660490036,0.2301517277956009,0.2823471128940582
-0.23509106040000916,0.299800306558609,0.25662192702293396
0.1510726660490036,-0.3824889361858368,0.7988518476486206
-0.26948660612106323,0.299800306558609,-0.2153877168893814
-0.06266894936561584,0.23415958881378174,-0.6604968905448914
0.0005269289249554276,-0.4641426205635071,0.7365397214889526
0.14249761402606964,-0.516545832157135,-0.7131226062774658
-0.6618114709854126,-0.10821413993835449,0.445686399936676
0.20252305269241333,0.17536661028862,-0.29742249846458435
-0.00342522282153368,0.299800306558609,-0.6702472567558289
-0.2952117919921875,-0.17652545869350433,-0.7661927342414856
0.5626437664031982,0.5998003482818604,0.34207382798194885
0.366211473941803,-0.3567637801170349,-0.5672512054443359
-0.39779478311538696,-0.06984828412532806,0.10176242887973785
-0.23509106040000916,-0.516545832157135,-0.6101265549659729
-0.02915613166987896,0.15812118351459503,0.7978990077972412
-0.23509106040000916,0.299800306558609,-0.009414676576852798
0.06621146202087402,0.09772078692913055,-0.6097134351730347
-0.28663671016693115,-0.4167892336845398,0.7988518476486206
-0.0716564953327179,-0.2963252663612366,1.0988519191741943
0.3312442898750305,0.299800306558609,0.4454638957977295
0.24510915577411652,0.26936498284339905,-0.46619272232055664
-0.0377502515912056,0.2301517277956009,0.2823471128940582
0.21967318654060364,-0.516545832157135,-0.6702472567558289
0.26224976778030396,0.5998003482818604,-0.28366759419441223
0.11667712777853012,0.299800306558609,-0.07807235419750214
0.2969440221786499,-0.0821235254406929,0.7988518476486206
-0.5093659162521362,0.20070922374725342,-0.46619272232055664
0.36525872349739075,-0.1250464767217636,-0.6101265549659729
-0.0377502515912056,0.2301517277956009,0.5569397211074829
-0.1493404060602188,0.299800306558609,-0.18966251611709595
-0.49221575260162354,-0.42502743005752563,1.0978989601135254
0.3569694757461548,0.23024702072143555,0.23947179317474365
-0.28663671016693115,0.299800306558609,-0.5501010417938232
-0.3674328625202179,-0.37391388416290283,-0.3612590730190277
-0.09747695922851562,-0.06984828412532806,0.059617966413497925
-0.5179409384727478,0.5301517248153687,-0.09482847154140472
-0.10636982321739197,0.2301517277956009,0.23947179317474365
-0.06743285059928894,-0.5280425548553467,-0.7471050024032593
0.3140941560268402,0.08952068537473679,-0.7661927342414856
-0.18364065885543823,0.2301517277956009,0.40249329805374146
0.12534746527671814,0.299800306558609,-0.45568007230758667
-0.2093658745288849,0.299800306558609,0.48833921551704407
0.21109811961650848,0.299800306558609,-0.5242805480957031
-0.3674328625202179,-0.004900309257209301,-0.43852993845939636
0.08241497725248337,0.1925167292356491,0.7978990077972412
-0.06190669536590576,0.5525422096252441,0.8913353085517883
0.15964773297309875,-0.516545832157135,-0.33553391695022583
0.6658303737640381,0.5783627033233643,-0.9101265668869019
0.042588572949171066,-0.4974900782108307,0.7396838665008545
0.17679786682128906,-0.4854849874973297,-0.7661927342414856
-0.27768054604530334,-0.19946852326393127,0.7362537980079651
0.06525871157646179,-0.5194674730300903,-0.46219098567962646
0.6055191159248352,0.6002767086029053,1.0946595668792725
0.36249563097953796,0.16383790969848633,-0.29847055673599243
-0.6616209149360657,0.5942741632461548,-0.2664822041988373
-0.35752391815185547,-0.06183873116970062,-0.5242805480957031
0.3312442898750305,0.2301517277956009,-0.1466919332742691
-0.3123619258403778,-0.516545832157135,-0.6015514731407166
-0.05437970161437988,0.5262453556060791,0.008865892887115479
0.06525871157646179,0.5611172914505005,0.9513607025146484
-0.32093697786331177,0.2301517277956009,0.6943312883377075
-0.06190669536590576,-0.04745781421661377,-0.1292240023612976
-0.3529505431652069,-0.4854849874973297,-0.3441089689731598
0.15008792281150818,0.10986879467964172,0.43625378608703613
0.049734462052583694,0.17698633670806885,0.7362537980079651
0.2536875903606415,-0.345806747674942,0.7371113896369934
0.21967318654060364,0.299800306558609,-0.035158924758434296
-0.226515993475914,-0.3396136462688446,-0.29789888858795166
-0.0034033088013529778,0.012249825522303581,-0.7661927342414856
0.16780972480773926,-0.0001997053623199463,0.9599357843399048
-0.3674328625202179,0.14954614639282227,-0.5672512054443359
0.5626437664031982,0.5998003482818604,-0.13779906928539276
0.34806710481643677,-0.06984828412532806,-0.14637413620948792
0.2626437842845917,0.299800306558609,0.4626140296459198
-0.2522411644458771,-0.4854849874973297,-0.7661927342414856
-0.19221574068069458,0.07237055152654648,0.7978990077972412
0.2369185835123062,-0.26234281063079834,0.7988518476486206
