0.09510253369808197,-0.49184805154800415,-0.5890282392501831 
1.1919066905975342,0.9689309000968933,0.6284153461456299 
-0.6029103994369507,0.37554657459259033,1.2269561290740967 
1.1646654605865479,0.08423537015914917,-1.370321273803711 
-0.011864632368087769,0.39618533849716187,0.6087628602981567 
1.1682652235031128,-0.7856215238571167,0.6084259748458862 
0.03250318765640259,-0.5168630480766296,-0.7742127776145935 
-0.5744044780731201,-0.17589250206947327,0.2589084506034851 
0.07681509852409363,0.12593963742256165,0.11803269386291504 
-0.02230381965637207,0.3791462779045105,0.025204837322235107 
-0.5336046814918518,-0.8035228252410889,-1.3962976932525635 
1.1621359586715698,-0.20809543132781982,1.216935157775879 
0.4864024519920349,-0.17503327131271362,-0.6985765695571899 
-1.1556274890899658,0.10991600155830383,0.4675307273864746 
-0.31434860825538635,0.1816089153289795,0.33401623368263245 
0.5308086276054382,-0.191848024725914,-0.42990392446517944 
0.48381760716438293,0.14421069622039795,0.2772962152957916 
-0.17366743087768555,0.12593963742256165,-0.6176734566688538 
-0.7240915894508362,-0.3843427300453186,0.3286099433898926 
-0.1580037623643875,-0.191848024725914,0.22758111357688904 
-0.11359758675098419,-0.49184805154800415,-0.4324498474597931 
-0.2748908996582031,-0.4758925139904022,-0.7612313032150269 
0.2647207975387573,-0.1918480396270752,0.29023581743240356 
0.5959508419036865,-0.18085120618343353,0.3286099433898926 
-0.3145431876182556,-0.2040092796087265,-0.7800502181053162 
0.8275007605552673,0.4232836365699768,0.08929018676280975 
0.11066889762878418,0.4259396493434906,0.18319439888000488 
0.8020660877227783,0.7186234593391418,-0.7480418086051941 
0.10559651255607605,0.09171000123023987,-0.488222599029541 
0.13941140472888947,-0.191848024725914,-0.4767976403236389 
-0.4554189443588257,-0.191848024725914,-0.05418012663722038 
-0.43975529074668884,0.12593963742256165,-0.42990392446517944 
-0.31675833463668823,-0.17518892884254456,0.7310142517089844 
-0.01454317569732666,0.5757271647453308,0.9286099672317505 
0.5717676877975464,-0.14690010249614716,0.3058021664619446 
-0.5491091012954712,0.11515019088983536,0.1649264097213745 
0.4524902403354645,0.12593963742256165,-0.5081250071525574 
-0.5598109364509583,0.10173392295837402,0.4624388515949249 
0.3586055040359497,0.12593963742256165,0.024070121347904205 
0.5912256240844727,0.08606051653623581,0.628220796585083 
0.2802871763706207,-0.191848024725914,0.5718899369239807 
-0.4266764521598816,0.10815198719501495,-0.27077966928482056 
0.23358801007270813,0.1946846842765808,0.36641377210617065 
0.23595881462097168,0.10815198719501495,0.27712777256965637 
-0.20753097534179688,0.4259396493434906,-0.4481135308742523 
0.29595082998275757,0.38362160325050354,0.6171298027038574 
-1.1787824630737305,-0.7926263809204102,-0.788125216960907 
0.4419962763786316,0.6252543926239014,0.6286099553108215 
-0.37971460819244385,-0.1740603744983673,-0.05158552527427673 
-0.3614369034767151,-0.191848024725914,0.3997841775417328 
-0.3953685462474823,-0.3217853307723999,-0.4997027516365051 
0.43682658672332764,0.4081519842147827,-0.19504615664482117 
-0.33020687103271484,0.04104449227452278,-0.7765477895736694 
-0.3145431876182556,0.12593963742256165,0.10236901789903641 
0.07681509852409363,0.025254342705011368,0.6286099553108215 
0.027278155088424683,0.10815198719501495,0.35537803173065186 
0.5717676877975464,-0.11567004770040512,-0.6490007638931274 
-0.34577322006225586,-0.191848024725914,-0.49246132373809814 
0.4522956609725952,0.22941716015338898,0.5002846121788025 
-0.8746963739395142,-0.40000641345977783,0.07362653315067291 
0.8685570955276489,-0.27477484941482544,0.40236902236938477 
-0.2857714891433716,-0.49184805154800415,0.6841205358505249 
-0.22316545248031616,-0.49184805154800415,-0.13507360219955444 
-1.1711939573287964,-0.1856215000152588,-0.11674109101295471 
-0.8362248539924622,-0.20352280139923096,0.625204861164093 
0.04553639888763428,0.12496674060821533,-0.5863460302352905 
0.014228517189621925,-0.191848024725914,-0.28902819752693176 
-0.6771005988121033,0.10815198719501495,-0.13507360219955444 
0.34294185042381287,-0.191848024725914,-0.5551160573959351 
0.4733235836029053,0.7249667644500732,0.211917445063591 
0.611614465713501,-0.1740603744983673,0.07362653315067291 
-0.8771286010742188,-0.3372544050216675,0.32407987117767334 
-0.5714857578277588,0.009600401856005192,-0.5551160573959351 
0.6742691993713379,0.29670950770378113,-0.4964922070503235 
0.12384502589702606,0.22912529110908508,0.6035091876983643 
-0.661436915397644,-0.1740603744983673,-0.5420371890068054 
-0.004049181938171387,-0.49184805154800415,-0.651585578918457 
0.56855708360672,0.009600401856005192,0.4310142397880554 
-1.0397553443908691,0.11919745802879333,1.2276370525360107 
0.43682658672332764,-0.191848024725914,0.4467751979827881 
0.43682658672332764,-0.05301537364721298,0.6276370882987976 
0.56855708360672,0.009600401856005192,-0.3672492504119873 
-0.14156177639961243,0.2183261215686798,0.5505834817886353 
-0.39276427030563354,-0.7918480634689331,-0.8420372009277344 
0.04811149835586548,0.10815198719501495,0.23016789555549622 
0.5752701163291931,-0.05311265215277672,-0.13245956599712372 
-0.43975529074668884,0.12593963742256165,-0.6333370804786682 
-0.17357014119625092,-0.191848024725914,0.4467751979827881 
-0.3016456365585327,0.2813279628753662,0.323161780834198 
-0.2518885135650635,0.12593963742256165,-0.44556760787963867 
-0.4709853231906891,-0.191848024725914,-0.6333370804786682 
-0.7266764640808105,0.3917100131511688,-0.18822258710861206 
0.2646234631538391,0.12593963742256165,0.19625376164913177 
0.2490570992231369,0.12496674060821533,-0.5707796812057495 
0.5020660758018494,0.2156572937965393,-0.4997027516365051 
-0.5708047747612,0.07156432420015335,-0.320258229970932 
-1.1714857816696167,0.6096004247665405,-0.29419785737991333 
0.4524902403354645,-0.191848024725914,0.18059009313583374 
0.17073874175548553,-0.191848024725914,-0.6490007638931274 
-0.43849050998687744,0.22737407684326172,0.47382181882858276 
-0.39276427030563354,0.12593963742256165,-0.05419958755373955 
-0.3796854019165039,0.4249667525291443,0.3397143483161926 
-0.5999916791915894,0.786317765712738,0.6147947907447815 
0.3899328410625458,0.12496674060821533,-0.6803280711174011 
0.5275980234146118,0.12325441837310791,0.5614640712738037 
0.014238246716558933,0.11394380033016205,-0.7550467252731323 
-0.28321585059165955,0.11647333949804306,0.5564208626747131 
-0.48664894700050354,0.16916553676128387,0.313974529504776 
-0.1397552788257599,0.2156572937965393,-0.4997027516365051 
1.1728378534317017,-0.20099329948425293,-1.394643783569336 
0.56855708360672,0.009600401856005192,-0.539452314376831 
0.18640242516994476,0.12593963742256165,-0.007237758953124285 
0.12384502589702606,-0.191848024725914,0.509332537651062 
0.4107661843299866,0.3838162124156952,0.6169351935386658 
-0.43975526094436646,0.3790489733219147,0.6087628602981567 
-0.15780918300151825,0.20237058401107788,0.3736132085323334 
-0.5336399674415588,-0.191848024725914,0.10236901789903641 
0.029843542724847794,0.1440063714981079,0.2769070863723755 
0.4211629033088684,0.12593963742256165,-0.3515855371952057 
-0.14492493867874146,0.10815198719501495,0.32408958673477173 
0.5717676877975464,-0.16256378591060638,-0.27336448431015015 
0.56855708360672,0.009571211412549019,0.2589084506034851 
0.06377518177032471,0.10815198719501495,-0.21329466998577118 
0.2802871763706207,-0.03735169768333435,0.6283181309700012 
0.2913782000541687,0.22834697365760803,0.5155590772628784 
-0.27839332818984985,-0.3653711974620819,-0.39599180221557617 
-0.017108554020524025,0.15048588812351227,0.6286099553108215 
-0.11101274192333221,-0.191848024725914,-0.4142402410507202 
0.4394114017486572,0.08362159132957458,0.31712979078292847 
0.4524902403354645,0.15048588812351227,0.6286099553108215 
0.4524902403354645,0.3070544898509979,0.6286099553108215 
0.5752701163291931,-0.05311265215277672,0.5718899369239807 
0.10526266694068909,0.8147264122962952,-0.16032695770263672 
-0.001429316820576787,-0.191848024725914,-0.6646643877029419 
-0.2988795340061188,-0.191848024725914,-0.6333370804786682 
-0.20489747822284698,0.12593963742256165,-0.27336448431015015 
0.4419962763786316,0.7064816951751709,-0.7634136080741882 
-0.5798527002334595,-0.19213992357254028,0.028609931468963623 
-0.8174898624420166,0.425248920917511,0.32407012581825256 
0.515144944190979,-0.06867903470993042,-0.7997027635574341 
-0.23883885145187378,-0.35301539301872253,-0.4997027516365051 
-0.34840673208236694,-0.1740603744983673,0.08929018676280975 
-0.2544636130332947,-0.17503327131271362,-0.1299039125442505 
0.1550750732421875,-0.191848024725914,-0.320258229970932 
-0.27712857723236084,-0.3372544050216675,-0.7142402529716492 
0.39012742042541504,0.20168954133987427,0.3736132085323334 
-0.5798527002334595,-0.042216189205646515,0.47810256481170654 
-0.5781987905502319,-0.06537117809057236,0.1649264097213745 
0.5717676877975464,-0.11567004770040512,0.13359908759593964 
0.5717676877975464,-0.14690010249614716,0.4623416066169739 
-0.5988795757293701,0.2939464747905731,0.3286099433898926 
-0.5179763436317444,-0.191848024725914,-0.320258229970932 
0.13941140472888947,-0.11567004770040512,0.6286099553108215 
0.4211629033088684,-0.1928209364414215,0.5880401134490967 
-0.3771005868911743,-0.191848024725914,0.5406599640846252 
0.2490570992231369,-0.191848024725914,0.43111154437065125 
-0.3796951472759247,-0.49184805154800415,-0.4637480080127716 
0.42126017808914185,0.4081519842147827,-0.6541801691055298 
0.07683455944061279,0.12496674060821533,-0.28893086314201355 
0.07943885028362274,-0.40000641345977783,-0.4997027516365051 
-0.048416439443826675,-0.06867903470993042,0.6286099553108215 
0.8777023553848267,0.5287361145019531,0.9286099672317505 
-0.001429316820576787,-0.191848024725914,-0.5081250071525574 
0.23771613836288452,-0.17992694675922394,-0.9385907649993896 
0.4054992198944092,0.12593963742256165,0.1649264097213745 
0.8423861265182495,0.46274441480636597,0.7007571458816528 
-0.5988795757293701,-0.07029098272323608,0.1840372383594513 
-0.27469635009765625,0.18432995676994324,-0.3855074644088745 
0.29595082998275757,-0.191848024725914,-0.7116554379463196 
-0.39276427030563354,0.12593963742256165,0.22758111357688904 
-0.2988795340061188,-0.191848024725914,0.27457213401794434 
-0.09536853432655334,0.12593963742256165,-0.5081250071525574 
0.8959508538246155,-0.1918480396270752,-0.8107098340988159 
0.4524902403354645,-0.191848024725914,-0.6333370804786682 
0.3116144835948944,0.12593963742256165,-0.44556760787963867 
-0.2988795340061188,0.12593963742256165,-0.6646643877029419 
-0.3483872711658478,0.10815198719501495,-0.18196731805801392 
0.405596524477005,-0.191848024725914,0.3058021664619446 
0.07685401290655136,0.11746569722890854,0.5249962210655212 
0.4211629033088684,0.12593963742256165,-0.11680562049150467 
-0.48664894700050354,0.2600634694099426,0.6276370882987976 
0.13941140472888947,-0.191848024725914,0.3214658498764038 
-0.3327333331108093,-0.49184805154800415,-0.04109156131744385 
-0.43975529074668884,0.10777562111616135,-0.7621488571166992 
0.06118062138557434,-0.191848024725914,-0.10114195197820663 
-0.2205611616373062,0.12593963742256165,0.008416181430220604 
-0.5750855207443237,-0.13123643398284912,-0.5864433646202087 
-1.1654537916183472,0.6953079700469971,-0.4611339569091797 
1.1464722156524658,-0.7918480634689331,-0.7167959213256836 
-0.43975529074668884,-0.191848024725914,0.27457213401794434 
0.12126019597053528,0.10815198719501495,-0.6359218955039978 
0.2490570992231369,-0.191848024725914,0.1649264097213745 
-0.3145431876182556,-0.191848024725914,-0.3515855371952057 
-0.08227024972438812,0.4259396493434906,-0.43245959281921387 
0.3611708879470825,-0.1740603744983673,-0.3228917121887207 
0.07943885028362274,0.10815198719501495,-0.7767976522445679 
-0.5023126602172852,-0.1918480396270752,-0.17938247323036194 
0.1550750732421875,0.12582290172576904,0.2585192918777466 
0.5149503350257874,0.11715436726808548,0.5249962210655212 
0.3794255256652832,0.12395492941141129,0.5301526188850403 
-0.7867462635040283,-0.1740603744983673,-0.5420371890068054 
-0.2518885135650635,0.12513212859630585,0.211917445063591 
-0.04840671271085739,0.12593963742256165,-0.08550746738910675 
-0.5611730217933655,0.1027262806892395,-0.6490007638931274 
-0.4554189443588257,-0.191848024725914,-0.42990392446517944 
-0.15541893243789673,0.09171000123023987,-0.488222599029541 
-0.5746963620185852,-0.10000638663768768,0.3684568703174591 
0.5522124171257019,0.11017868667840958,-0.4350602924823761 
-0.3614369034767151,-0.191848024725914,0.02408958412706852 
-0.3458705246448517,0.12593963742256165,-0.5237886309623718 
-0.09793393313884735,0.09171000123023987,-0.488222599029541 
0.3586055040359497,0.22873613238334656,0.6286099553108215 
0.22759801149368286,-0.17674557864665985,0.46492642164230347 
0.8679733872413635,-0.29043853282928467,-0.3228917121887207 
-0.048387251794338226,-0.191848024725914,0.49366891384124756 
-0.17366743087768555,-0.10000638663768768,0.6286099553108215 
0.5598009824752808,-0.19019411504268646,-0.5551160573959351 
0.56855708360672,-0.005927063524723053,-0.24203717708587646 
-0.18923382461071014,-0.191848024725914,-0.6803280711174011 
0.2802871763706207,-0.191848024725914,-0.05418012663722038 
0.4394114017486572,-0.17503327131271362,-0.20812499523162842 
0.18718074262142181,0.07219670712947845,0.027637064456939697 
0.24895982444286346,0.27572715282440186,0.6286099553108215 
-0.06407038122415543,0.2600634694099426,0.6286099553108215 
-0.5714857578277588,-0.005927063524723053,-0.1324692964553833 
-0.2413945198059082,0.7442107200622559,-0.3227038085460663 
0.37426918745040894,-0.191848024725914,-0.44547030329704285 
-0.3614369034767151,-0.191848024725914,-0.13244983553886414 
-0.18923382461071014,0.1348416656255722,0.6276370882987976 
0.3116144835948944,-0.11567004770040512,-0.7997027635574341 
-0.11359758675098419,-0.1740603744983673,-0.5577008724212646 
-0.33020687103271484,0.12593963742256165,-0.3515855371952057 
-0.4709853231906891,-0.191848024725914,0.43111154437065125 
0.871378481388092,-0.32159075140953064,-0.4116554260253906 
-0.14234010875225067,-0.191848024725914,0.5563235878944397 
-0.20489747822284698,-0.191848024725914,0.33712950348854065 
0.13941140472888947,0.12496674060821533,-0.6490007638931274 
-0.4892338514328003,-0.17454682290554047,0.418032705783844 
-0.032762497663497925,-0.14690010249614716,-0.7997027635574341 
-0.05094291269779205,-0.2783064842224121,-0.481315016746521 
-0.09536853432655334,0.11635658890008926,0.5409517884254456 
0.4524902403354645,0.08212222903966904,-0.7749911546707153 
-0.8486226201057434,-0.2121182233095169,0.9280262589454651 
-0.07716559618711472,0.214531809091568,0.4587418735027313 
-0.05228857696056366,0.18459570407867432,0.3403400778770447 
0.4681538939476013,0.12593963742256165,0.055378008633852005 
0.837618887424469,0.42009252309799194,-0.025511860847473145 
0.2735188603401184,0.2312236875295639,-0.14556759595870972 
0.21685415506362915,0.1504080444574356,0.5550587773323059 
0.2020660787820816,0.12593963742256165,0.10236901789903641 
0.37426918745040894,0.04092774540185928,0.6276370882987976 
-0.23622483015060425,-0.7918480634689331,-0.17938247323036194 
-0.4240915775299072,0.12593963742256165,0.08670534193515778 
0.2647207975387573,-0.191848024725914,-0.4611339569091797 
-0.48664894700050354,-0.191848024725914,0.5563235878944397 
0.029872728511691093,-0.191848024725914,-0.398576557636261 
0.34552669525146484,0.10815198719501495,-0.2602856755256653 
0.07683455944061279,-0.191848024725914,-0.5864433646202087 
-0.09534907341003418,-0.191848024725914,-0.30459457635879517 
-0.5331535935401917,0.19225242733955383,0.5268447399139404 
-0.5832158327102661,-0.49184805154800415,0.17800524830818176 
0.56855708360672,0.05656222626566887,-0.13249847292900085 
0.0011204779148101807,0.08381620049476624,0.3169351816177368 
0.13941140472888947,0.021693531423807144,-0.78131502866745 
-0.04841643571853638,0.04090827703475952,0.6286099553108215 
0.311614453792572,0.7137881517410278,-0.7561169266700745 
0.43682658672332764,-0.191848024725914,0.055378008633852005 
0.4524902403354645,-0.191848024725914,-0.5237886309623718 
0.4211629033088684,0.12593963742256165,-0.24203717708587646 
-0.5494009852409363,0.578214704990387,-0.7997028231620789 
-0.06406065076589584,0.12593963742256165,-0.6803280711174011 
-0.017118284478783607,0.12496674060821533,0.18059009313583374 
-0.39276427030563354,0.2074296623468399,0.5856078267097473 
0.0011204779148101807,0.18432995676994324,0.9286099672317505 
-0.8714857697486877,0.35656222701072693,-0.33855539560317993 
-0.4452034831047058,0.13077494502067566,0.5200344920158386 
-0.33020687103271484,-0.10000638663768768,-0.7997027635574341 
-0.520561158657074,-0.2783064842224121,-0.481315016746521 
-0.5174898505210876,0.12524890899658203,-0.5551160573959351 
-0.4710825979709625,0.009600401856005192,0.6286099553108215 
-0.43975529074668884,0.12593963742256165,-0.14811351895332336 
0.2854568362236023,0.7259396314620972,-0.14811351895332336 
-0.849303662776947,-0.49184805154800415,-0.3072183132171631 
-0.5611730217933655,0.1027262806892395,0.3527931869029999 
-0.8714857697486877,0.11437852680683136,-0.37507444620132446 
0.34294185042381287,-0.13123643398284912,0.6286099553108215 
0.5659302473068237,0.08464300632476807,0.33712950348854065 
-0.5544928312301636,-0.3086092174053192,0.028609931468963623 
-0.8714857697486877,-0.2747456729412079,0.41793543100357056 
-0.18933111429214478,0.2600634694099426,0.6286099553108215 
0.5752701163291931,-0.05311265215277672,0.3527931869029999 
0.5735188722610474,-0.06877632439136505,0.03971434012055397 
-0.5750855207443237,-0.10000638663768768,-0.33592188358306885 
0.34294185042381287,-0.191848024725914,0.38412052392959595 
0.515144944190979,0.00961985718458891,0.6276370882987976 
-0.47357016801834106,0.10815198719501495,0.2927817106246948 
0.37683457136154175,0.10815198719501495,0.08929018676280975 
0.864623486995697,0.7259396314620972,0.26407814025878906 
0.49948129057884216,-0.191848024725914,0.5249962210655212 
-0.39276427030563354,-0.191848024725914,-0.6959918141365051 
0.23339343070983887,-0.191848024725914,-0.5707796812057495 
0.29595082998275757,0.12593963742256165,-0.06984963268041611 
-0.22046387195587158,0.16617874801158905,0.3026888966560364 
0.3586055040359497,-0.191848024725914,0.509332537651062 
-0.41611382365226746,0.19818711280822754,0.3808126747608185 
-0.8746963739395142,-0.40000641345977783,0.2717926502227783 
0.18114876747131348,0.22961173951625824,0.5028141736984253 
-0.01557137444615364,0.17564505338668823,0.5320984125137329 
0.09767404943704605,-0.20381468534469604,0.6087628602981567 
-0.5714857578277588,-0.005927063524723053,-0.2577008306980133 
0.5717676877975464,-0.08444000035524368,-0.3360191881656647 
-0.5630215406417847,0.04093747213482857,0.5406599640846252 
0.5464722514152527,-0.191848024725914,0.211917445063591 
-0.1580037623643875,0.12593963742256165,-0.4142402410507202 
0.3586055040359497,-0.191848024725914,0.211917445063591 
-0.12926127016544342,-0.49184805154800415,0.5275810956954956 
-0.4240915775299072,0.12593963742256165,-0.320258229970932 
-0.49172136187553406,0.7828250527381897,0.3460801839828491 
-0.34509220719337463,0.08787108212709427,0.6280262470245361 
0.2802871763706207,0.12496674060821533,-0.6646643877029419 
0.49948129057884216,-0.191848024725914,0.3527931869029999 
-0.5023126602172852,-0.191848024725914,-0.5237886309623718 
-0.20489747822284698,0.22474724054336548,0.4630226492881775 
-0.4892338514328003,0.4325650930404663,0.8280122876167297 
-0.2518885135650635,0.11906123161315918,-1.3483338356018066 
-0.7240915894508362,-0.4933074116706848,0.928512692451477 
0.1550750732421875,-0.191848024725914,0.4154478907585144 
-0.07969513535499573,-0.191848024725914,0.3997841775417328 
-0.2988795340061188,0.18181322515010834,0.6276370882987976 
-0.4580037593841553,0.10815198719501495,-0.4011419713497162 
0.04550721496343613,-0.10000638663768768,0.6286099553108215 
0.09246904402971268,0.11914880573749542,0.6286099553108215 
-0.18933111429214478,0.12593963742256165,-0.5237886309623718 
-0.2518885135650635,-0.191848024725914,0.18059009313583374 
0.4054992198944092,-0.10000638663768768,-0.7997027635574341 
-0.2988795340061188,-0.191848024725914,-0.2577008306980133 
-0.4084279239177704,-0.191848024725914,-0.33592188358306885 
-0.5924031138420105,0.2833157777786255,0.6071088910102844 
0.23080861568450928,0.18442726135253906,0.9276371002197266 
-0.21291720867156982,0.4864150285720825,0.1323762834072113 
-0.21006718277931213,0.3790489733219147,0.008762836456298828 
0.5524069666862488,0.10910849273204803,-0.5290423035621643 
0.07943885028362274,0.09599073231220245,-0.4800502061843872 
0.8717676997184753,0.18432995676994324,0.2458004206418991 
-0.14234010875225067,-0.191848024725914,0.11803269386291504 
-0.09534907341003418,-0.191848024725914,-0.6646643877029419 
-0.4554189443588257,-0.191848024725914,0.03971434012055397 
0.18640244007110596,-0.021688014268875122,1.2286100387573242 
-0.2988795340061188,0.12593963742256165,-0.05419958755373955 
-0.2205611616373062,-0.191848024725914,-0.5707796812057495 
-0.12409156560897827,-0.29265671968460083,-0.4888063073158264 
-0.4918186664581299,0.7077464461326599,-1.3621487617492676 
-0.33020687103271484,-0.8035228252410889,1.2252049446105957 
0.1733235865831375,-0.4156700670719147,-0.4997027516365051 
-1.1755719184875488,-0.08278608322143555,-0.3401186764240265 
0.5464722514152527,-0.191848024725914,-0.6959918141365051 
-0.36402174830436707,-0.23029392957687378,-0.47615861892700195 
0.31171178817749023,0.2170613408088684,0.41924217343330383 
0.5020660758018494,0.09190458059310913,0.3169351816177368 
-0.5746963620185852,-0.11567004770040512,0.07104168087244034 
0.5739080309867859,-0.03725440800189972,0.18059009313583374 
0.4054992198944092,0.1254531890153885,-0.5864433646202087 
-0.09276425838470459,0.10815198719501495,-0.8707796931266785 
0.515144944190979,-0.191848024725914,0.10236901789903641 
0.48381760716438293,-0.16256378591060638,-0.7997027635574341 
0.5333934426307678,-0.49184805154800415,0.3710416853427887 
0.723747730255127,-0.731236457824707,-0.19970273971557617 
-0.25705817341804504,-0.1918480396270752,-0.7324498891830444 
0.3116144835948944,0.12593963742256165,0.11803269386291504 
-0.2675521671772003,0.12593963742256165,-0.5707796812057495 
-0.4423401355743408,0.4259396493434906,0.26145437359809875 
-0.8750855326652527,-0.38444000482559204,-0.20812499523162842 
-0.41101276874542236,-0.11821597814559937,0.9286099672317505 
-0.14492493867874146,0.10815198719501495,0.418032705783844 
-0.2466348558664322,0.2098619043827057,0.5586585402488708 
-0.5714857578277588,0.025254342705011368,-0.6959918141365051 
1.1717677116394043,-0.731236457824707,-0.17938247323036194 
-0.5714857578277588,0.04090828821063042,0.211917445063591 
0.01420905813574791,0.021693531423807144,-0.78131502866745 
-0.5304294228553772,0.12296256422996521,-0.9829129576683044 
-0.5336399674415588,-0.11567004770040512,-0.7997027635574341 
0.5600928664207458,0.04093747213482857,0.5563235878944397 
0.09248849749565125,-0.191848024725914,-0.7116554379463196 
-0.28585904836654663,-0.17438142001628876,0.35537803173065186 
-0.5336399674415588,-0.191848024725914,0.3684568703174591 
1.1579525470733643,0.7026387453079224,-0.5393683910369873 
-0.4423401355743408,0.10815198719501495,0.07362653315067291 
0.37426918745040894,-0.191848024725914,0.3422991931438446 
-0.14234010875225067,0.12593963742256165,-0.2107098251581192 
0.48381760716438293,-0.191848024725914,-0.27336448431015015 
0.1994812786579132,0.07904896140098572,0.9087628722190857 
-0.12667642533779144,0.32271817326545715,0.6286099553108215 
0.2020660787820816,0.1974087953567505,0.6286099553108215 
0.016868144273757935,0.096477210521698,-0.4962976574897766 
0.48381760716438293,0.22912529110908508,0.6035091876983643 
-0.5023126602172852,-0.191848024725914,0.211917445063591 
-0.3614369034767151,0.1249862015247345,-0.7256652116775513 
-0.09537824988365173,-0.7782274484634399,1.2286100387573242 
-0.4084279239177704,0.2913908064365387,0.6033145785331726 
0.06821467727422714,0.21404536068439484,0.5381304025650024 
-0.2711939215660095,0.11437852680683136,0.04755282402038574 
-0.5179763436317444,-0.06867903470993042,0.6286099553108215 
-0.06405091285705566,0.13393686711788177,0.27029138803482056 
0.5628169775009155,0.09476601332426071,0.2379911094903946 
-1.1654537916183472,0.6953079700469971,-0.8263735175132751 
0.472823828458786,0.2123914361000061,0.404843270778656 
0.8685570955276489,-0.25909173488616943,-0.33333706855773926 
0.5734215974807739,-0.11557275056838989,-0.7591329216957092 
-0.3925696909427643,0.16600361466407776,0.3023970425128937 
0.24895982444286346,0.14399665594100952,0.2775881290435791 
0.03324868902564049,0.17465269565582275,0.38470426201820374 
-0.5024099946022034,0.12593963742256165,0.24324476718902588 
-0.33799004554748535,0.2123914361000061,0.40931862592697144 
0.37426918745040894,-0.191848024725914,-0.6803280711174011 
-0.8362248539924622,-0.1918480396270752,-0.38291293382644653 
0.18640242516994476,-0.191848024725914,-0.398576557636261 
-0.01709882728755474,0.12593963742256165,-0.28902819752693176 
0.25159329175949097,-0.1740603744983673,-0.7299039363861084 
0.23856312036514282,0.7259396314620972,0.6240701675415039 
0.04552668333053589,-0.7918480634689331,-0.30976423621177673 
0.4864024519920349,0.10815198719501495,-0.5420371890068054 
-0.4554189443588257,0.12593963742256165,0.1649264097213745 
-0.39534908533096313,0.4249667525291443,-0.16630364954471588 
-0.4918186664581299,0.12496674060821533,0.2327507734298706 
-0.23622483015060425,0.12593963742256165,-0.3515855371952057 
-0.4554189443588257,-0.191848024725914,0.13369636237621307 
0.21772976219654083,-0.191848024725914,0.509332537651062 
-0.28321585059165955,-0.191848024725914,0.3684568703174591 
-0.8362248539924622,-0.5434377789497375,1.2286100387573242 
0.2646234631538391,0.7259396314620972,0.02407011389732361 
-0.032733310014009476,-0.191848024725914,-0.5864433646202087 
0.014238246716558933,0.12528780102729797,-0.5081250071525574 
0.5717676877975464,-0.10000638663768768,-0.5237886309623718 
-0.5179763436317444,0.16615928709506989,0.6276370882987976 
0.32727816700935364,0.3070544898509979,0.6033145785331726 
-0.2675521671772003,-0.191848024725914,-0.7116554379463196 
-0.20240998268127441,0.4259396493434906,-0.36984965205192566 
1.1598010063171387,-0.7901941537857056,-0.3515855669975281 
0.17073875665664673,-0.29294553399086,0.6286099553108215 
0.5502665638923645,0.18670690059661865,0.5547669529914856 
0.48381760716438293,0.0073432778008282185,-0.7888063192367554 
0.19938397407531738,-0.17432305216789246,-0.4110717177391052 
-0.37223607301712036,0.124237060546875,0.559728741645813 
0.5717676877975464,-0.11567004770040512,0.22758111357688904 
0.2996898293495178,-0.29552677273750305,0.324426531791687 
-0.5746963620185852,-0.14690010249614716,0.1649264097213745 
0.6117118000984192,0.4810738265514374,0.0321677029132843 
-0.21778178215026855,-0.17530566453933716,-0.4259570240974426 
-0.23880966007709503,0.06893083453178406,0.3037037253379822 
0.21772976219654083,0.368930846452713,0.6037037372589111 
-0.5336399674415588,0.338381826877594,0.6033145785331726 
0.32727816700935364,0.16910715401172638,0.5717926621437073 
0.5582443475723267,0.10274573415517807,0.4518342912197113 
1.171475887298584,-0.17589250206947327,0.38412052392959595 
-0.27148574590682983,0.3409082889556885,-0.09857654571533203 
0.574199914932251,-0.03725440800189972,-0.6176734566688538 
0.3899328410625458,0.12593963742256165,-0.42990392446517944 
0.1550750732421875,-0.191848024725914,-0.5551160573959351 
0.04552667215466499,-0.191848024725914,0.49366891384124756 
-0.3771005868911743,-0.191848024725914,-0.4142402410507202 
-0.6145431995391846,0.10815198719501495,0.40236902236938477 
0.49948129057884216,0.12593963742256165,-0.13245956599712372 
-0.39276427030563354,-0.00605353806167841,0.6286099553108215 
-0.0797145888209343,0.12593963742256165,-0.5864433646202087 
0.014238246716558933,0.12528780102729797,-0.6646643877029419 
0.5646234750747681,-0.4156700670719147,0.9286099672317505 
-0.5714857578277588,-0.005927056074142456,0.9841205477714539 
-0.23363995552062988,0.10815198719501495,0.21451199054718018 
-0.2675521671772003,-0.191848024725914,0.008435644209384918 
-0.07969513535499573,-0.191848024725914,-0.49246132373809814 
0.43682658672332764,0.12593963742256165,-0.0385456420481205 
0.32727816700935364,0.12528780102729797,-0.5237886309623718 
0.07426917552947998,0.10815198719501495,-0.16630364954471588 
-0.2205611616373062,-0.191848024725914,0.5406599640846252 
-0.4240915775299072,0.12593963742256165,-0.539452314376831 
0.18640242516994476,0.12593963742256165,0.18059009313583374 
-0.28321582078933716,0.7259396314620972,-0.2577008306980133 
0.49948129057884216,-0.191848024725914,-0.03852618485689163 
0.56855708360672,0.025254342705011368,-0.4612312614917755 
0.37426918745040894,0.13483193516731262,0.6286099553108215 
0.15765990316867828,-0.14381293952465057,0.5836200714111328 
-0.3614369034767151,0.12593963742256165,-0.44556760787963867 
1.1500720977783203,0.766402542591095,-0.28427430987358093 
0.5735188722610474,-0.06877632439136505,0.44667795300483704 
-0.5611730217933655,0.7026970982551575,0.6867053508758545 
0.5717676877975464,-0.16256378591060638,0.5406599640846252 
0.5214688181877136,0.18699876964092255,0.4735299348831177 
-0.5360302925109863,-0.0949053168296814,0.6872338056564331 
-0.5783933401107788,-0.05311265215277672,-0.6176734566688538 
-0.3145431876182556,0.1344427764415741,0.270388662815094 
-0.06404118984937668,-0.191848024725914,-0.7428854703903198 
-0.5714857578277588,-0.1856214851140976,-0.3777565360069275 
0.3741718828678131,0.23204399645328522,0.5080678462982178 
1.1463749408721924,0.15048587322235107,1.2286100387573242 
0.01678416132926941,-0.3217853307723999,-0.4997027516365051 
-0.5743072032928467,-0.6215907335281372,-0.9359219074249268 
0.56855708360672,0.04090828821063042,0.18059009313583374 
0.3586055040359497,-0.03735169768333435,0.6276370882987976 
0.4681538939476013,0.12593963742256165,-0.4142402410507202 
-0.6771005988121033,0.10815198719501495,-0.35418012738227844 
-0.4709853231906891,-0.191848024725914,-0.7116554379463196 
0.5308086276054382,0.3070544898509979,0.6286099553108215 
1.1308085918426514,-0.1918480396270752,-0.2107098251581192 
-0.4240915775299072,-0.191848024725914,0.3527931869029999 
0.48381760716438293,-0.191848024725914,0.2589084506034851 
0.02985328435897827,0.12513214349746704,-0.7951434850692749 
-0.0014254252891987562,0.1256185919046402,-0.3672492504119873 
0.5203049182891846,-0.7918480634689331,0.19625376164913177 
-0.17625227570533752,-0.1740603744983673,-0.2602856755256653 
-0.3483872711658478,0.10815198719501495,-0.6672492623329163 
-0.109747976064682,0.10350459814071655,0.6278316378593445 
0.4525875151157379,0.07220644503831863,0.6276370882987976 
0.34294185042381287,0.12593963742256165,-0.13245956599712372 
0.880287230014801,0.640927791595459,0.027637064456939697 
0.2672666907310486,0.10815198719501495,-0.5263735055923462 
-0.27712857723236084,0.26274561882019043,-0.3541898727416992 
-0.017108554020524025,-0.05301537364721298,-0.7997027635574341 
0.5672667026519775,-0.7918480634689331,-0.10114195942878723 
-0.520561158657074,0.2626483142375946,0.3286099433898926 
-0.5746963620185852,-0.11567004770040512,-0.007247486617416143 
-0.2858006954193115,-0.3216880261898041,0.3286099433898926 
0.014228522777557373,-0.7918480634689331,0.43625202775001526 
-0.11101274192333221,0.12593963742256165,-0.13245956599712372 
-0.2075115144252777,-0.49184805154800415,0.27712777256965637 
0.21772976219654083,-0.191848024725914,0.3527931869029999 
0.3586055040359497,0.12593963742256165,-0.28902819752693176 
-0.33020687103271484,0.12593963742256165,0.18059009313583374 
0.23339343070983887,-0.191848024725914,-0.30459457635879517 
-0.6796951293945312,-0.7918480634689331,-0.2785341739654541 
0.1733235865831375,-0.1740603744983673,-0.5890282392501831 
0.2020660787820816,-0.191848024725914,-0.05418012663722038 
0.2985706925392151,0.10815198719501495,-0.11940991878509521 
0.29595082998275757,-0.191848024725914,-0.6176734566688538 
-0.1580037623643875,-0.7918480634689331,0.24841448664665222 
-0.5320833921432495,0.1153545007109642,0.5406599640846252 
0.1080840677022934,0.12593963742256165,0.19625376164913177 
-0.1867462396621704,0.1530999094247818,0.3286099433898926 
0.3429418206214905,-0.20809543132781982,0.6169351935386658 
0.07426917552947998,-0.22858162224292755,-0.4759640693664551 
0.2675842046737671,0.3715254068374634,0.02663552761077881 
0.18659698963165283,0.2170613408088684,0.4232310950756073 
0.2765348553657532,-0.32159075140953064,-0.4884171485900879 
0.5735188722610474,-0.08103485405445099,-0.2577008306980133 
-0.18933111429214478,-0.47406038641929626,-0.6959918141365051 
-0.27469635009765625,0.13743622601032257,0.12052023410797119 
-0.2988795340061188,-0.191848024725914,0.5563235878944397 
-0.2688589096069336,-0.21536089479923248,-0.02542787790298462 
-0.46582895517349243,0.20947273075580597,0.5585612654685974 
0.3027058243751526,0.16963918507099152,0.3078871965408325 
0.42252495884895325,0.17159777879714966,0.3121260106563568 
0.014228517189621925,-0.191848024725914,-0.7428854703903198 
0.43682658672332764,-0.13123643398284912,0.6286099553108215 
0.515144944190979,-0.191848024725914,0.43111154437065125 
0.027771268039941788,0.18185214698314667,0.4714868664741516 
0.01420905813574791,0.11555881798267365,0.5704305768013 
0.13873037695884705,0.16164502501487732,0.575295090675354 
0.2646234631538391,0.20733235776424408,0.5852186679840088 
0.06116115674376488,0.1974087953567505,0.6286099553108215 
0.4838176369667053,0.40669262409210205,0.6285126805305481 
-0.2518885135650635,0.3070544898509979,0.6033145785331726 
-0.0013310540234670043,0.22902800142765045,0.6038010716438293 
-0.5627296566963196,-0.19019411504268646,0.5563235878944397 
0.8659302592277527,0.384643018245697,-0.9959918260574341 
-0.8565031290054321,0.45393967628479004,0.5939328074455261 
-0.32495322823524475,0.21025104820728302,0.5587558746337891 
-0.18664893507957458,-0.2589555084705353,-0.4765477776527405 
-0.5750855207443237,-0.13123643398284912,-0.7428854703903198 
0.4537550210952759,0.15022319555282593,0.5432867407798767 
0.47093334794044495,-0.12928755581378937,0.6132935285568237 
0.2802871763706207,0.11712517589330673,0.5564208626747131 
0.5652492046356201,-0.020617837086319923,0.4990198612213135 
0.602803111076355,0.29246100783348083,0.6078872084617615 
-0.07447066158056259,0.21102936565876007,0.5730574727058411 
-0.5712911486625671,0.6252641081809998,0.4576716721057892 
-0.8397693037986755,0.4681050777435303,0.6689432859420776 
-0.874112606048584,0.2687775790691376,0.8563235998153687 
0.17073874175548553,-0.191848024725914,-0.7273191213607788 
-0.3771005868911743,0.3539482057094574,0.6286099553108215 
-0.5746963620185852,-0.11567004770040512,0.4780052602291107 
-0.27148574590682983,0.11437852680683136,-0.8341986536979675 
-0.10842791199684143,0.10815198719501495,0.17800524830818176 
-0.3771005868911743,-0.191848024725914,0.24324476718902588 
-0.28321585059165955,-0.191848024725914,-0.539452314376831 
0.48381760716438293,0.12593963742256165,-0.27336448431015015 
0.4889872670173645,-0.1918480396270752,0.0553780198097229 
0.43682658672332764,0.12593963742256165,0.22758111357688904 
0.45507508516311646,-0.1740603744983673,0.10495385527610779 
-0.2518885135650635,0.12593963742256165,-0.19504615664482117 
0.4707387685775757,-0.17503327131271362,-0.27077966928482056 
0.3586055040359497,-0.7918480634689331,-0.022872239351272583 
-0.3771005868911743,0.15050534904003143,0.6276370882987976 
0.1550750732421875,0.12593963742256165,-0.1011614203453064 
-0.06143689155578613,-0.3373517096042633,-0.4997027516365051 
0.07683455944061279,-0.191848024725914,0.4154478907585144 
0.4733235836029053,0.5626482963562012,1.2286100387573242 
0.4681538939476013,-0.191848024725914,-0.13244983553886414 
0.4524902403354645,0.1254531890153885,-0.6490007638931274 
0.07683455944061279,-0.191848024725914,-0.320258229970932 
0.43682658672332764,-0.191848024725914,-0.7116554379463196 
-0.408427894115448,0.45309990644454956,-0.19970273971557617 
0.48381760716438293,-0.191848024725914,-0.3672492504119873 
-0.33020687103271484,0.12593963742256165,-0.6021069884300232 
0.21772976219654083,0.12496674060821533,-0.4611339569091797 
-0.035376548767089844,-0.35301539301872253,-0.4997027516365051 
0.06118062138557434,-0.191848024725914,-0.4611339569091797 
-0.7580037713050842,0.12593963742256165,0.03971433639526367 
0.24895982444286346,0.12593963742256165,-0.19504615664482117 
-0.48674625158309937,0.12593963742256165,-0.49246132373809814 
-0.4554189443588257,0.12593963742256165,-0.007237758953124285 
0.49948129057884216,0.12593963742256165,-0.5707796812057495 
-0.059935562312603,0.13709880411624908,0.48559385538101196 
-0.12667642533779144,0.04104449227452278,-0.7765477895736694 
1.1717677116394043,-0.16256380081176758,-1.076894998550415 
-0.20240998268127441,-0.1740603744983673,-0.6202582120895386 
0.40540191531181335,0.22163397073745728,0.44794270396232605 
-0.5000749826431274,0.13840249180793762,0.48121583461761475 
-0.1580037623643875,-0.20352280139923096,0.625204861164093 
-0.5493036508560181,0.22873613238334656,0.6276370882987976 
-0.5708047747612,0.07156432420015335,-0.5237886309623718 
0.1550750732421875,-0.191848024725914,0.5718899369239807 
0.27176767587661743,0.13743622601032257,0.3710416853427887 
0.5682651996612549,-0.1856214851140976,-0.6333370804786682 
-0.4736674427986145,-0.3217853307723999,-0.4997027516365051 
0.24895982444286346,-0.16256378591060638,-0.7997027635574341 
-0.5179763436317444,-0.191848024725914,0.2902357876300812 
-0.23622483015060425,-0.191848024725914,0.4154478907585144 
0.2020660787820816,-0.191848024725914,-0.5081250071525574 
-0.4084279239177704,-0.191848024725914,0.08670534193515778 
0.34294185042381287,0.12496674060821533,-0.6333370804786682 
0.10818135738372803,-0.191848024725914,-0.1481037735939026 
-0.20753097534179688,0.24698463082313538,0.3286099433898926 
0.3924885094165802,0.10815198719501495,-0.056755244731903076 
-0.27148574590682983,-0.2434377819299698,-0.30210697650909424 
-0.3014293313026428,0.10815198719501495,0.8406599760055542 
-0.28321585059165955,-0.191848024725914,-0.13244983553886414 
0.23339343070983887,-0.191848024725914,-0.17938247323036194 
-0.2518885135650635,0.22873613238334656,0.6285126805305481 
0.4524902403354645,0.12593963742256165,-0.17938247323036194 
0.2985522150993347,-0.1740603744983673,-0.43245959281921387 
0.49948129057884216,-0.191848024725914,-0.5864433646202087 
-0.5024099946022034,0.12593963742256165,0.11803269386291504 
-0.27469635009765625,0.1530999094247818,0.11544787883758545 
-0.17357014119625092,-0.191848024725914,-0.5237886309623718 
0.37426918745040894,0.12593963742256165,-0.19504615664482117 
-0.3327333331108093,-0.17503327131271362,0.2927817106246948 
-0.032733310014009476,0.12496674060821533,0.10236901789903641 
-0.5701273083686829,-0.7918480634689331,0.11803269386291504 
-0.5714857578277588,0.04090828821063042,-0.17947977781295776 
-0.4554189443588257,-0.191848024725914,-0.13244983553886414 
0.29595082998275757,-0.191848024725914,0.4780052602291107 
0.29595082998275757,-0.191848024725914,0.11803269386291504 
-0.34577322006225586,-0.191848024725914,0.3214658498764038 
0.029843542724847794,0.08787692338228226,0.6286099553108215 
0.5717676877975464,-0.13123643398284912,-0.38291290402412415 
0.4323512315750122,0.2136562019586563,0.5613826513290405 
0.408181369304657,0.6227182149887085,0.30331456661224365 
-0.04837752506136894,0.32271817326545715,0.6033145785331726 
0.07682483643293381,0.04104449227452278,-0.7765477895736694 
-0.5675522089004517,0.13743622601032257,-0.4997027516365051 
0.611614465713501,-0.2589555084705353,-0.4765477776527405 
0.8163123726844788,0.3878136873245239,0.3280262351036072 
-0.27907437086105347,0.2486385852098465,-0.47899332642555237 
0.56855708360672,0.009571211412549019,0.33712950348854065 
0.17073874175548553,0.13483193516731262,0.6286099553108215 
-0.3614369034767151,-0.14690010249614716,0.6286099553108215 
-0.5999916791915894,0.04548090696334839,0.014794766902923584 
-0.3771005868911743,-0.19291821122169495,-0.7587437629699707 
-0.5714857578277588,0.025254342705011368,0.03971434012055397 
-0.5750855207443237,-0.09990908950567245,-0.42990392446517944 
0.268557071685791,-0.25909173488616943,0.3397143483161926 
0.27527010440826416,0.24688735604286194,-0.33853593468666077 
-1.1781988143920898,-0.05311265587806702,-0.5132946968078613 
0.43682658672332764,-0.191848024725914,0.3684568703174591 
0.32727816700935364,0.12593963742256165,0.211917445063591 
0.32727816700935364,0.12593963742256165,-0.38291290402412415 
-0.12667642533779144,-0.191848024725914,0.49366891384124756 
-0.3771005868911743,0.12593963742256165,-0.6490007638931274 
0.3116144835948944,-0.191848024725914,-0.4142402410507202 
-0.2988795340061188,-0.191848024725914,-0.4142402410507202 
0.32727816700935364,-0.191848024725914,-0.49246132373809814 
-0.18923382461071014,-0.191848024725914,0.1649264097213745 
0.23339343070983887,-0.191848024725914,-0.6646643877029419 
-0.4084279239177704,-0.191848024725914,-0.17938247323036194 
0.2020660787820816,-0.08434271067380905,0.6286099553108215 
0.4524902403354645,0.12593963742256165,0.11803269386291504 
-0.8362248539924622,-0.7918480634689331,0.24324476718902588 
-0.2518885135650635,0.12593963742256165,0.08670534193515778 
-0.6927642822265625,0.4259396493434906,0.44926273822784424 
-0.21797633171081543,0.10815198719501495,-0.2864433526992798 
-1.102312684059143,-0.1918480396270752,0.21708711981773376 
-0.4554189443588257,-0.191848024725914,-0.2577008306980133 
-0.14234010875225067,-0.191848024725914,0.2902357876300812 
-0.3145431876182556,-0.191848024725914,0.211917445063591 
0.32727816700935364,-0.191848024725914,0.3214658498764038 
-0.5336399674415588,-0.191848024725914,-0.7273191213607788 
-0.8832158446311951,0.12593963742256165,0.02407011389732361 
-0.03273332118988037,-0.7918480634689331,0.6553780436515808 
0.09248849749565125,-0.191848024725914,-0.5237886309623718 
-0.032733310014009476,-0.191848024725914,-0.42990392446517944 
-0.23622483015060425,0.12593963742256165,-0.06984963268041611 
0.15765990316867828,0.10815198719501495,0.6841205358505249 
-0.4240915775299072,0.05656222626566887,0.6286099553108215 
0.37426918745040894,0.12593963742256165,0.08670534193515778 
0.4681538939476013,-0.191848024725914,-0.44547030329704285 
0.5802872180938721,0.10815198719501495,-0.07241889834403992 
0.11325377225875854,-0.6373517513275146,-0.7997028231620789 
-0.28321585059165955,0.11918772757053375,0.6276370882987976 
-1.1714857816696167,-0.005927056074142456,-0.49246132373809814 
-0.47615498304367065,-0.7918480634689331,-0.08548802137374878 
-0.25448307394981384,0.4259396493434906,-0.3855074644088745 
0.06118062138557434,-0.191848024725914,0.5563235878944397 
-0.3014293313026428,0.10815198719501495,0.2614738345146179 
-0.07710057497024536,0.4259396493434906,0.18319439888000488 
-0.12667642533779144,0.2443998008966446,0.6286099553108215 
0.2490570992231369,-0.1918480396270752,-0.591564416885376 
0.07683455944061279,0.12496674060821533,-0.49246132373809814 
0.4707387685775757,-0.17454682290554047,-0.03601917624473572 
0.3586055040359497,-0.191848024725914,-0.320258229970932 
0.21772976219654083,0.12496674060821533,-0.6490007638931274 
0.5717676877975464,-0.10000638663768768,0.5249962210655212 
-0.47357016801834106,0.10815198719501495,-0.1299039125442505 
-0.17366743087768555,0.12593963742256165,-0.33592188358306885 
-0.43975529074668884,-0.191848024725914,-0.5081250071525574 
-0.34577322006225586,-0.191848024725914,0.4623416066169739 
-0.01454317569732666,0.10815198719501495,-0.33852618932724 
-0.4554189443588257,0.18181322515010834,0.6276370882987976 
0.6742691993713379,-0.1740603744983673,0.2458004206418991 
0.23339343070983887,0.12593963742256165,-0.05419958755373955 
0.567584216594696,-0.005927063524723053,-0.08548801392316818 
-0.4710825979709625,0.32262086868286133,0.6283181309700012 
0.5717676877975464,-0.13123643398284912,-0.5864433646202087 
-0.5714857578277588,0.05656222626566887,0.3997841775417328 
-0.5024099946022034,0.12593963742256165,-0.6176734566688538 
1.1675841808319092,0.07152539491653442,-0.19504615664482117 
0.009938033297657967,0.13465681672096252,0.33712950348854065 
0.4394114017486572,0.10669262707233429,-0.4995081424713135 
-0.12667642533779144,0.12584234774112701,-0.7110717296600342 
-0.5746963620185852,-0.16256378591060638,0.3214658498764038 
1.1678760051727295,0.6715643405914307,-0.0385456383228302 
0.5678760409355164,0.07155460119247437,-0.38291290402412415 
0.1550750732421875,-0.03735169768333435,-0.7997027635574341 
0.09247877448797226,0.13458871841430664,0.270388662815094 
0.5734215974807739,-0.06877632439136505,0.29111137986183167 
-0.3614369034767151,0.2288334220647812,0.4729461669921875 
0.2490570992231369,0.22124481201171875,0.43334922194480896 
-0.14253467321395874,0.21910443902015686,0.4327654540538788 
-0.6016456484794617,-0.47781577706336975,0.623161792755127 
-0.0014546122401952744,0.11681385338306427,0.509332537651062 
-0.12667642533779144,-0.191848024725914,-0.7273191213607788 
-0.03885284438729286,0.17673468589782715,0.4029947519302368 
0.5659302473068237,0.08464300632476807,0.13369636237621307 
-0.5928895473480225,-0.08064568042755127,1.2286100387573242 
1.173907995223999,-0.037254393100738525,-0.4976310133934021 
0.6924399137496948,-0.4742257595062256,-0.21080709993839264 
0.49948129057884216,-0.05301537364721298,0.6276370882987976 
-0.43975529074668884,0.12593963742256165,-0.6959918141365051 
-0.48664894700050354,-0.191848024725914,0.49366891384124756 
0.56855708360672,-0.005927063524723053,-0.3046918511390686 
0.23339343070983887,0.13483193516731262,0.6286099553108215 
-0.23622483015060425,-0.191848024725914,-0.6333370804786682 
-0.23622483015060425,-0.11567004770040512,0.6286099553108215 
0.7212601900100708,0.10815198719501495,-0.6985765695571899 
0.2802871763706207,-0.191848024725914,-0.13244983553886414 
0.2490570992231369,-0.191848024725914,-0.398576557636261 
-0.5988795757293701,-0.49184805154800415,0.10495385527610779 
0.37426918745040894,-0.191848024725914,-0.6176734566688538 
-0.07969513535499573,-0.191848024725914,0.5563235878944397 
0.029853269457817078,-0.14690010249614716,-0.7997027635574341 
-0.01709882728755474,0.12593963742256165,-0.5864433646202087 
0.1994812786579132,0.10815198719501495,0.32408958673477173 
-0.8714857697486877,0.35656222701072693,-0.40116143226623535 
0.07683455944061279,0.12496674060821533,-0.6646643877029419 
0.4394114017486572,0.3252640962600708,0.32851266860961914 
0.04811149835586548,0.4259396493434906,0.16754044592380524 
0.4237477481365204,-0.1740603744983673,-0.3228917121887207 
-0.18933111429214478,0.1974087953567505,0.6285126805305481 
1.1717677116394043,-0.731236457824707,0.48318466544151306 
-0.5743072032928467,-0.021590732038021088,0.211917445063591 
0.9898355603218079,0.12593963742256165,-0.5237886309623718 
0.2802871763706207,0.12593963742256165,-0.13245956599712372 
0.8685570955276489,0.2940729558467865,0.12052023410797119 
-0.10842791199684143,0.10815198719501495,-0.9333370923995972 
-0.2518885135650635,0.12593963742256165,-0.5081250071525574 
0.3586055040359497,-0.191848024725914,0.4467751979827881 
0.4211629033088684,0.22873613238334656,0.6286099553108215 
0.04550721496343613,-0.16256378591060638,0.6286099553108215 
0.29595082998275757,-0.191848024725914,-0.28902819752693176 
0.5599955320358276,0.0566011443734169,0.49396076798439026 
-0.48664894700050354,0.11662899702787399,0.5864834189414978 
-1.1174898147583008,0.7252489328384399,-0.17938247323036194 
0.8598009943962097,-0.4901941418647766,-0.35418012738227844 
-0.18664893507957458,0.09190458059310913,0.3169351816177368 
0.5717676877975464,-0.11567005515098572,-0.20021584630012512 
1.1682652235031128,-0.1856215000152588,0.13369636237621307 
-0.7266764640808105,0.38362160325050354,0.6171298027038574 
0.3899328410625458,0.27572715282440186,0.6033145785331726 
-0.18923382461071014,0.12484999746084213,0.2585192918777466 
1.1526987552642822,0.7099257707595825,-0.10636642575263977 
0.4985083341598511,0.18670690059661865,0.3419940173625946 
0.5511422157287598,0.10806749016046524,0.5822999477386475 
0.5900581479072571,-0.6693601012229919,0.628220796585083 
-0.6118743419647217,-0.20352280139923096,-0.7962977290153503 
-0.5750855207443237,-0.731236457824707,-0.04900074005126953 
0.2646234631538391,-0.17822743952274323,0.6286099553108215 
0.6053326725959778,0.7495032548904419,0.6161568760871887 
0.1550750732421875,0.12519051134586334,-0.7110717296600342 
0.20722244679927826,0.20966732501983643,0.5585612654685974 
0.48381760716438293,0.11662899702787399,0.5864834189414978 
0.48381760716438293,0.12593963742256165,-0.3515855371952057 
0.07880954444408417,0.164592906832695,0.5774354934692383 
0.3911976218223572,0.17914746701717377,0.5920289754867554 
-0.5714857578277588,-0.1856215000152588,-1.2125170230865479 
-0.3352792263031006,0.6819432377815247,-1.3750884532928467 
-0.6927642822265625,-0.24353507161140442,-0.4765477776527405 
-0.14107532799243927,0.15662486851215363,0.5529184937477112 
-0.12677371501922607,0.22747136652469635,0.48929089307785034 
-0.20489747822284698,0.16910715401172638,0.5717926621437073 
-1.117976427078247,-0.7918480634689331,-0.4611339569091797 
-0.5656483769416809,0.09498102962970734,0.008425921201705933 
0.5626224279403687,0.09454711526632309,-0.591599702835083 
-0.48587068915367126,0.19176596403121948,0.37020808458328247 
0.18640242516994476,0.05657195672392845,-0.7765477895736694 
-0.2675521671772003,0.05650385469198227,-0.7765477895736694 
-0.5781987905502319,-0.06537118554115295,-0.27336448431015015 
0.5735188722610474,-0.08103485405445099,-0.6959918141365051 
-1.165745735168457,0.6947553157806396,-1.3116555213928223 
-0.330109566450119,0.09879576414823532,-0.7684727311134338 
-0.11101274192333221,0.18729063868522644,0.3422858715057373 
0.027278155088424683,0.2626483142375946,-0.4997027516365051 
-0.5675522089004517,0.5208556652069092,0.733446478843689 
0.5144639015197754,0.12524889409542084,0.22758111357688904 
0.4211629033088684,-0.03735169768333435,-0.7997027635574341 
0.5628169775009155,0.09476601332426071,0.3945305347442627 
0.2463749647140503,-0.4469001293182373,-0.4997027516365051 
0.29595082998275757,0.22873613238334656,0.6286099553108215 
-0.440144419670105,0.16106128692626953,0.5761707425117493 
0.23339343070983887,-0.191848024725914,-0.7428854703903198 
0.020341932773590088,-0.0835644006729126,-0.18851441144943237 
0.2646234631538391,0.12436354160308838,-0.7255678772926331 
0.14991870522499084,0.21404536068439484,0.5478593707084656 
-0.20240998268127441,0.12177257239818573,-0.4997027516365051 
-0.4736674427986145,0.12177257239818573,-0.4997027516365051 
-0.8711939454078674,-0.48562151193618774,-0.2550320327281952 
0.12510979175567627,0.23048734664916992,0.49337702989578247 
-0.06404119729995728,0.7224664092063904,-0.13704806566238403 
-0.2729451060295105,-0.29034122824668884,-0.4588410258293152 
0.37426918745040894,-0.16256378591060638,-0.7997027635574341 
-0.5783933401107788,-0.05311265215277672,-0.5551160573959351 
0.8741999268531799,-0.3372544050216675,-0.1924613118171692 
0.408181369304657,0.10815198719501495,-0.5577008724212646 
-0.04843589663505554,0.10349486768245697,0.6281235218048096 
-0.3353765606880188,0.12577426433563232,-1.0142402648925781 
-0.28321585059165955,0.12593963742256165,-0.398576557636261 
0.7994812726974487,-0.1740603744983673,-0.7612313032150269 
0.2490570992231369,0.12496674060821533,-0.5081250071525574 
-0.4710825979709625,0.12593963742256165,-0.3672492504119873 
-0.18933111429214478,0.12593963742256165,-0.4612312614917755 
-0.06143689155578613,-0.49184805154800415,-0.5890282392501831 
-0.23622483015060425,-0.191848024725914,-0.24203717708587646 
-0.41101276874542236,0.4259396493434906,-0.14556759595870972 
-0.14234010875225067,0.12593963742256165,-0.5551160573959351 
0.4394114017486572,0.4249667525291443,-0.1299039125442505 
-0.1397552788257599,0.4259396493434906,0.08929018676280975 
0.2802871763706207,-0.191848024725914,-0.5237886309623718 
0.3586055040359497,-0.191848024725914,-0.38291290402412415 
0.515144944190979,-0.191848024725914,0.1649264097213745 
0.49948129057884216,-0.191848024725914,-0.6646643877029419 
0.2020660787820816,-0.191848024725914,0.27457213401794434 
-0.18923382461071014,-0.191848024725914,0.055378008633852005 
-0.3458705246448517,-0.08434271067380905,0.6286099553108215 
-0.14234010875225067,-0.191848024725914,-0.6333370804786682 
-0.2675521671772003,-0.06867903470993042,0.6286099553108215 
-0.12667642533779144,0.12593963742256165,-0.6490007638931274 
-0.39276427030563354,0.12593963742256165,-0.5864433646202087 
0.4681538939476013,0.12593963742256165,0.18059009313583374 
-0.4240915775299072,-0.191848024725914,0.211917445063591 
0.5802872180938721,0.4259396493434906,0.02663552761077881 
1.1464722156524658,-0.1918480396270752,-0.10633111000061035 
0.5713784694671631,-0.021590732038021088,-0.4142402410507202 
0.5717676877975464,-0.13123643398284912,0.02406039461493492 
-0.7110127806663513,-0.7918480634689331,0.5301679372787476 
0.06118062138557434,-0.191848024725914,-0.6646643877029419 
0.611614465713501,0.4259396493434906,-0.24462200701236725 
0.2828914523124695,-0.4156700670719147,0.3286099433898926 
-0.017079368233680725,-0.191848024725914,0.43111154437065125 
-0.43975529074668884,0.12593963742256165,-0.08550746738910675 
-0.5701273083686829,-0.1918480396270752,0.22758108377456665 
0.32727816700935364,0.00961985718458891,0.6276370882987976 
0.04553639888763428,0.12496674060821533,-0.33592188358306885 
0.6742691993713379,0.10815198719501495,-0.38548803329467773 
-0.4084279239177704,-0.191848024725914,-0.007218303624540567 
0.09248849749565125,-0.7918480634689331,0.07104167342185974 
-0.06407038122415543,-0.08434271067380905,-0.7997027635574341 
0.029872728511691093,-0.191848024725914,-0.5551160573959351 
-0.032733310014009476,-0.191848024725914,0.3527931869029999 
-0.04840671271085739,0.12593963742256165,-0.539452314376831 
0.32727816700935364,0.12593963742256165,-0.6228917241096497 
0.029824083670973778,0.12593963742256165,0.211917445063591 
-0.6953685283660889,0.49999362230300903,0.6286099553108215 
0.56855708360672,0.025273805484175682,-0.7429827451705933 
-0.2518885135650635,-0.191848024725914,-0.320258229970932 
0.5717676877975464,-0.14690010249614716,0.18059009313583374 
0.10818135738372803,-0.191848024725914,0.3684568703174591 
-0.1605886071920395,-0.49184805154800415,-0.510709822177887 
0.45507508516311646,-0.1740603744983673,0.4335991144180298 
0.42126020789146423,-0.191848024725914,-0.5707796812057495 
-0.5746963620185852,-0.13123643398284912,-0.27336448431015015 
0.12384502589702606,-0.191848024725914,-0.3672492504119873 
-0.2988795340061188,0.12593963742256165,-0.4767976403236389 
-0.4240915775299072,-0.191848024725914,0.5718899369239807 
0.48381760716438293,-0.191848024725914,-0.7428854703903198 
0.10818135738372803,0.12496674060821533,-0.6020097732543945 
-0.4240915775299072,0.22873613238334656,0.6276370882987976 
0.405596524477005,-0.006034082733094692,0.6276370882987976 
0.10818135738372803,-0.191848024725914,-0.6333370804786682 
-0.23881939053535461,-0.17563647031784058,-1.025567889213562 
-0.27469635009765625,0.21556001901626587,0.16753071546554565 
-0.3014925718307495,-0.17471221089363098,0.24582961201667786 
-0.4084279239177704,0.12593963742256165,-0.4767976403236389 
0.6898355484008789,0.13743622601032257,0.3286099433898926 
-0.23622483015060425,0.12593963742256165,-0.6176734566688538 
0.18640242516994476,-0.7918480634689331,0.1649264097213745 
0.23339343070983887,0.12593963742256165,0.14926274120807648 
0.027278155088424683,0.10815198719501495,0.46492642164230347 
0.12384502589702606,-0.191848024725914,0.19625376164913177 
0.21772976219654083,0.12593963742256165,0.22758111357688904 
0.12642987072467804,0.4249667525291443,-0.11940991878509521 
0.3586055040359497,-0.191848024725914,0.27457213401794434 
0.5308086276054382,-0.191848024725914,0.5718899369239807 
0.15765990316867828,-0.4469001293182373,0.3286099433898926 
-0.9771006107330322,0.7259396314620972,0.21708711981773376 
-0.28321585059165955,0.12593963742256165,0.14926274120807648 
0.17073874175548553,-0.191848024725914,0.4780052602291107 
-0.34577322006225586,-0.191848024725914,-0.6020097732543945 
0.23339343070983887,-0.191848024725914,-0.10114195197820663 
0.56855708360672,0.05656222626566887,-0.5081250071525574 
-0.3458705246448517,0.025254342705011368,0.6286099553108215 
-0.20489747822284698,-0.191848024725914,-0.13244983553886414 
0.09248849749565125,-0.191848024725914,-0.4142402410507202 
1.00559663772583,-0.191848024725914,-0.1481037735939026 
-0.06660658121109009,0.3096295893192291,0.3280262351036072 
0.3899328410625458,-0.191848024725914,0.02408958412706852 
-0.23622483015060425,0.16613982617855072,0.6276370882987976 
0.014140955172479153,0.1256185919046402,0.13369636237621307 
-0.34577322006225586,0.21307246387004852,0.6276370882987976 
0.5177297592163086,0.1530999094247818,0.3286099433898926 
0.21772976219654083,-0.02178531512618065,-0.7997027635574341 
0.10559651255607605,-0.18621188402175903,-0.4561169147491455 
0.2646234631538391,0.9382845759391785,1.2286100387573242 
-0.4292612671852112,0.11558800935745239,0.5707225203514099 
0.007207751274108887,0.4606885313987732,0.6075953841209412 
-0.5179763436317444,0.04090828821063042,0.6286099553108215 
0.34294185042381287,0.12519051134586334,-0.7110717296600342 
0.014238246716558933,0.338381826877594,0.6033145785331726 
0.43682658672332764,0.12519051134586334,-0.7110717296600342 
-0.4710825979709625,0.12593963742256165,0.055378008633852005 
0.18640242516994476,0.2443998008966446,0.6033145785331726 
-0.330109566450119,0.32271817326545715,0.6033145785331726 
0.8275980353355408,0.42325443029403687,-0.19763100147247314 
-0.04587051272392273,0.13743622601032257,-0.4997027516365051 
-0.8362248539924622,0.353948175907135,1.2286100387573242 
-0.17357014119625092,0.3070544898509979,0.6033145785331726 
0.6429418325424194,0.05394819378852844,0.3286099433898926 
1.115144968032837,0.7077367305755615,-1.3622462749481201 
0.4211629033088684,0.021693531423807144,-0.78131502866745 
-0.20985928177833557,0.23087650537490845,0.5176994800567627 
0.5308086276054382,-0.191848024725914,-0.5081250071525574 
0.23080861568450928,0.10815198719501495,-0.6045945882797241 
0.10818135738372803,0.11572420597076416,0.5704305768013 
-0.0640314593911171,0.16572147607803345,0.6038983464241028 
0.56855708360672,0.04090828821063042,0.38412052392959595 
-0.017118284478783607,0.12496674060821533,0.24324476718902588 
-0.330109566450119,0.13516272604465485,0.6038010716438293 
-0.28321585059165955,0.16911688446998596,0.5717926621437073 
-0.03144294023513794,0.6565622091293335,0.29013851284980774 
0.1994812786579132,-0.1740603744983673,-0.2915838360786438 
-0.20240998268127441,-0.1740603744983673,-0.7299039363861084 
-0.5746963620185852,-0.14690010249614716,0.5249962210655212 
-0.5750855207443237,-0.13123643398284912,-0.38291290402412415 
0.5598009824752808,-0.19019411504268646,0.27457213401794434 
0.046129871159791946,0.17349493503570557,0.32438454031944275 
0.14748646318912506,0.19818711280822754,0.3808126747608185 
-0.5179763436317444,-0.191848024725914,-0.24203717708587646 
-0.5746963620185852,-0.13123643398284912,0.22758111357688904 
0.4955896735191345,0.17605365812778473,0.5993257164955139 
-0.4985183775424957,0.16360054910182953,0.5575883388519287 
-0.4554189443588257,0.14420095086097717,0.2772962152957916 
0.025241730734705925,0.18201753497123718,0.5910560488700867 
0.34294185042381287,0.2248445302248001,0.46282801032066345 
-0.4532785415649414,0.21161311864852905,0.417880117893219 
-0.5764475464820862,-0.06877632439136505,0.4310142397880554 
-0.5493036508560181,-0.00605353806167841,0.6286099553108215 
-0.5713884830474854,-0.1856214851140976,-0.31510186195373535 
-1.149303674697876,-0.1918480396270752,-0.16888847947120667 
0.3641510307788849,0.21122395992279053,0.5581720471382141 
0.29595082998275757,0.12582290172576904,0.2585192918777466 
-0.5409367084503174,0.11993685364723206,0.4154478907585144 
-0.5493036508560181,-0.11567004770040512,0.6286099553108215 
-0.017108554020524025,0.12584234774112701,-0.7110717296600342 
-0.03267493471503258,0.18012037873268127,0.46847084164619446 
-0.24901175498962402,-0.18498602509498596,-0.33855539560317993 
0.12374773621559143,0.18179376423358917,0.6286099553108215 
0.029532216489315033,0.12554074823856354,0.45786628127098083 
-1.1711939573287964,-0.7856215238571167,0.20150741934776306 
0.7524902820587158,0.05404549837112427,0.9033145904541016 
0.06120007485151291,0.2443998008966446,0.6033145785331726 
-0.06405091285705566,-0.19330738484859467,-0.7995081543922424 
-0.20753097534179688,0.289986789226532,-0.4995081424713135 
-0.20756632089614868,0.0793408751487732,0.3250102400779724 
-0.5023126602172852,0.214531809091568,0.5968934893608093 
-0.23622483015060425,0.1226220652461052,0.5971853733062744 
-0.5532925724983215,0.19312803447246552,0.5884292721748352 
0.49948129057884216,0.05657195672392845,-0.7765477895736694 
-0.2988795340061188,0.22912529110908508,0.6038010716438293 
0.5203012824058533,-0.20352280139923096,-0.7962976694107056 
-0.017818771302700043,0.16024406254291534,0.2921815812587738 
-0.09805373102426529,0.21326704323291779,0.40532973408699036 
-0.4395606815814972,0.17851509153842926,0.33528101444244385 
0.4211629033088684,0.1226220652461052,0.5971853733062744 
-0.520561158657074,-0.22038592398166656,-0.4753803014755249 
0.5608711838722229,-0.005518449004739523,0.5880401134490967 
-0.5023126602172852,0.09881523251533508,-0.7684727311134338 
-0.40327155590057373,0.22688762843608856,0.5121539831161499 
-0.3612423241138458,0.19390635192394257,0.36670565605163574 
