0.23357795178890228,-0.5006119012832642,0.5179926753044128 
0.1324923038482666,0.635715126991272,-0.8776648044586182 
-0.342711478471756,-0.4218081533908844,-0.576837420463562 
0.15654456615447998,0.6290477514266968,0.6824978590011597 
-0.5883878469467163,0.05308810621500015,0.25616395473480225 
0.2783587574958801,-0.09668917208909988,-0.23939968645572662 
-0.5061902403831482,-0.1425749957561493,0.8795125484466553 
0.33676236867904663,0.43581464886665344,-0.01321641355752945 
-0.38838785886764526,0.253088116645813,-0.6734644174575806 
0.2698897123336792,-0.38210251927375793,-0.6816452741622925 
0.056445054709911346,0.0663626566529274,0.3765849471092224 
0.1783587634563446,-0.04221535474061966,-0.6714949607849121 
-0.2525423765182495,-0.4830976128578186,0.3766844570636749 
0.03227337822318077,0.3405703604221344,-0.31662166118621826 
-0.31811094284057617,-0.29112690687179565,-0.8816453218460083 
0.17855775356292725,-0.17095515131950378,0.6792140007019043 
0.17547288537025452,-0.38648104667663574,0.13300684094429016 
0.013594812713563442,-0.4572242498397827,-0.3546355962753296 
-0.1409088671207428,0.11782075464725494,0.7827964425086975 
-0.20099472999572754,-0.08813106268644333,-0.3546355962753296 
-0.006586872041225433,0.011491738259792328,0.10093583166599274 
-0.3925674259662628,0.04363437741994858,0.4674505889415741 
-0.19280433654785156,-0.38508784770965576,0.6823983788490295 
0.2783587574958801,0.3496260344982147,0.5159029364585876 
-0.07226090133190155,0.1539837270975113,-0.6428248286247253 
0.37835875153541565,0.05219248682260513,-0.04756825789809227 
-0.28687432408332825,-0.10534679889678955,0.3765849471092224 
0.37835875153541565,-0.08256875723600388,0.3326893448829651 
-0.3925674259662628,0.04363437741994858,-0.31362584233283997 
0.17865729331970215,0.421186238527298,-0.396839439868927 
-0.05809473246335983,-0.624196469783783,-0.7771567702293396 
0.2783587574958801,-0.21690070629119873,-0.5656028389930725 
0.1265215426683426,0.4212857186794281,0.2529008984565735 
-0.46987849473953247,-0.19281859695911407,-0.525499165058136 
0.004996902775019407,-0.2855645716190338,0.3765849471092224 
0.37835875153541565,0.07796632498502731,-0.34539133310317993 
-0.5435075759887695,-0.6166334748268127,0.5361144542694092 
0.16809849441051483,0.23807209730148315,0.7824978828430176 
-0.10657691955566406,-0.18256875872612,0.7824978828430176 
0.2783587574958801,0.3581841289997101,-0.7543787360191345 
0.17059674859046936,-0.2713446617126465,0.6824978590011597 
0.1783587634563446,0.352621853351593,-0.09650964289903641 
0.1783587634563446,-0.2885604202747345,-0.14795777201652527 
-0.4241025745868683,-0.3914462625980377,-0.7433328628540039 
0.02761617675423622,0.33579373359680176,0.13039010763168335 
0.06510266661643982,-0.13957922160625458,-0.7816452980041504 
-0.4799292981624603,-0.3112388849258423,0.43012288212776184 
-0.2095528244972229,0.1539837270975113,0.2927951216697693 
0.37835875153541565,-0.16237713396549225,0.5987867116928101 
0.05654456466436386,0.02346465177834034,-0.3546355962753296 
0.27786117792129517,-0.4865805506706238,-0.5052980780601501 
-0.2118520438671112,0.24980419874191284,-0.8815457820892334 
-0.07321973145008087,0.6141207814216614,-0.21063002943992615 
-0.126768559217453,0.253983736038208,-0.3308415710926056 
-0.26110050082206726,-0.3456703722476959,-0.3546355962753296 
-0.38987013697624207,0.04062862694263458,0.7827964425086975 
0.2783587574958801,0.315294086933136,0.25846317410469055 
0.024451671168208122,0.32385218143463135,0.5845668315887451 
0.1265215426683426,0.4212857186794281,-0.414055198431015 
0.24731071293354034,-0.242575004696846,-0.024810142815113068 
0.23944920301437378,0.16950775682926178,-0.19650964438915253 
-0.012179017998278141,-0.524196445941925,0.4557971954345703 
-0.2095528244972229,0.1539837270975113,0.5416767597198486 
-0.3799293041229248,-0.00524728000164032,0.6674506068229675 
-0.5420148968696594,0.04262835904955864,-0.8294010758399963 
0.24731071293354034,-0.42289233207702637,0.2755793631076813 
0.20799270272254944,-0.13401690125465393,-0.25463560223579407 
0.36960160732269287,0.6348194479942322,0.4607624113559723 
-0.26110050082206726,0.15448130667209625,-0.4969389736652374 
0.37835875153541565,0.5697380900382996,0.8218945860862732 
0.37835875153541565,0.166372612118721,0.40135321021080017 
0.11655082553625107,0.31360238790512085,-0.5655032992362976 
0.07366078346967697,0.11149173974990845,0.14680972695350647 
0.025208450853824615,0.43581464886665344,0.45889249444007874 
-0.43276020884513855,-0.04520121589303017,-0.3546355962753296 
0.2783587574958801,-0.2855645716190338,0.45589667558670044 
0.04788694530725479,0.3067359924316406,-0.7816452980041504 
-0.32976436614990234,0.11149173974990845,-0.0333980992436409 
0.1478869467973709,0.09770873188972473,0.8824979066848755 
0.0792529284954071,-0.2455708384513855,-0.8816453218460083 
0.2783587574958801,0.13507628440856934,0.6017825603485107 
0.12520845234394073,0.31360238790512085,-0.07629809528589249 
0.37597042322158813,-0.1597907543182373,-0.8810482025146484 
-0.10359106212854385,0.253983736038208,-0.2879515290260315 
0.2165508270263672,-0.4218081533908844,0.6330400109291077 
0.03932884335517883,-0.524196445941925,-0.5569452047348022 
-0.41554445028305054,0.08352862298488617,0.3765849471092224 
-0.19243662059307098,-0.524196445941925,0.5760087370872498 
0.2783587574958801,-0.03662320598959923,-0.4539494216442108 
0.03376654535531998,0.6358146667480469,-0.2251797616481781 
0.04788694530725479,-0.3284546136856079,0.7824978828430176 
0.05654456466436386,0.31360238790512085,0.37001708149909973 
-0.17522089183330536,-0.524196445941925,-0.4196174740791321 
-0.015154920518398285,0.08913072198629379,-0.8816453218460083 
-0.30399054288864136,-0.42289233207702637,0.7824978828430176 
0.019157111644744873,-0.18813106417655945,0.2765849530696869 
-0.4798297584056854,-0.3284546136856079,-0.36996057629585266 
0.24731071293354034,-0.03662320598959923,-0.03338814899325371 
-0.342711478471756,-0.4218081533908844,0.3329092264175415 
0.08221888542175293,0.09212654083967209,-0.7816452980041504 
0.11098852008581161,0.6358146667480469,-0.7942730188369751 
0.019157111644744873,0.253983736038208,-0.51961749792099 
-0.09243661910295486,-0.377006471157074,0.2765849530696869 
0.2783587574958801,0.36674222350120544,-0.376727432012558 
0.1508827656507492,-0.14823684096336365,0.3765849471092224 
0.20243041217327118,0.1539837270975113,-0.6256090998649597 
-0.4799292981624603,-0.3284546136856079,0.6188987493515015 
0.12804408371448517,0.4338243305683136,0.06402546912431717 
0.2783587574958801,0.34106793999671936,0.06101970374584198 
0.2783587574958801,-0.23401691019535065,0.6361144781112671 
0.08221888542175293,0.1539837270975113,0.6274568438529968 
-0.4498763978481293,0.1539837270975113,-0.3939431607723236 
-0.5688833594322205,-0.1995750367641449,0.28434696793556213 
0.12520845234394073,0.11149173974990845,-0.06773003935813904 
-0.23532666265964508,-0.0537891760468483,0.7824978828430176 
-0.10657691955566406,-0.25123265385627747,-0.3546355962753296 
0.2783587574958801,-0.3113384246826172,-0.4110593795776367 
-0.32976436614990234,-0.524196445941925,-0.6170510053634644 
0.2788563072681427,-0.3971185088157654,-0.660040557384491 
-0.4799292981624603,-0.36278656125068665,-0.5741609334945679 
0.08221888542175293,0.1539837270975113,-0.48828136920928955 
0.2783587574958801,0.1865244209766388,0.43012288212776184 
0.026660853996872902,0.358283668756485,0.7589133381843567 
-0.46689310669898987,-0.0196363627910614,-0.5569452047348022 
-0.19243662059307098,-0.36278656125068665,-0.7816452980041504 
-0.4212062656879425,0.011491738259792328,0.04680972546339035 
-0.39543241262435913,-0.04220540449023247,-0.4546355903148651 
-0.046510953456163406,0.1539837270975113,0.49012911319732666 
-0.5054936408996582,-0.11690070480108261,-0.8775652647018433 
0.06809849292039871,-0.4238978922367096,-0.4788171947002411 
-0.1894408017396927,0.05428227037191391,0.27258357405662537 
0.14731070399284363,-0.14520122110843658,0.03825163096189499 
0.2783587574958801,0.3753998577594757,-0.5827190279960632 
0.19387231767177582,-0.21690070629119873,0.7824978828430176 
-0.321206271648407,0.1539837270975113,0.6790045499801636 
0.11655082553625107,-0.44866615533828735,0.3765849471092224 
0.37835875153541565,-0.44567036628723145,0.2211354374885559 
-0.5925674438476562,0.03507628291845322,-0.14197611808776855 
0.20243041217327118,0.07496056705713272,0.7824978828430176 
0.2783587574958801,-0.0537891760468483,-0.6170510053634644 
-0.012179017998278141,-0.524196445941925,0.6188987493515015 
0.21098852157592773,0.21229825913906097,-0.7816452980041504 
-0.0020685079507529736,-0.5006119012832642,-0.7349737286567688 
0.02664095349609852,0.22085636854171753,0.014129242859780788 
0.10799270868301392,0.45262184739112854,0.016308574005961418 
0.2508827745914459,0.253983736038208,-0.4338373839855194 
-0.5721672773361206,0.053585685789585114,-0.8347747325897217 
0.17806020379066467,-0.5863815546035767,0.5715410709381104 
0.16809849441051483,0.3391771614551544,0.6532306671142578 
0.1766565889120102,0.31360238790512085,-0.2565159201622009 
0.37835875153541565,0.6126281023025513,0.6245605945587158 
-0.09800886362791061,-0.40567660331726074,0.3765849471092224 
-0.3465924859046936,0.0033108294010162354,0.6285619139671326 
-0.278216689825058,-0.04520121589303017,-0.7816452980041504 
0.3498980700969696,-0.38060981035232544,-0.22257158160209656 
0.2783587574958801,0.29807835817337036,-0.11063002794981003 
0.21954664587974548,0.535814642906189,-0.07629809528589249 
-0.3383224904537201,-0.3456703722476959,0.3765849471092224 
-0.17522089183330536,-0.33701273798942566,0.7824978828430176 
-0.12932509183883667,-0.20524728298187256,-0.4546355903148651 
0.1337665468454361,0.1539837270975113,0.4815710186958313 
0.03932884335517883,0.15219248831272125,0.7827964425086975 
0.2783587574958801,0.06637261062860489,-0.3338373899459839 
0.1759704351425171,-0.20524728298187256,-0.6810481548309326 
0.24731071293354034,-0.242575004696846,-0.1792939156293869 
0.18521469831466675,-0.524196445941925,-0.63426673412323 
-0.3376258909702301,-0.494840145111084,-0.36767178773880005 
-0.3383224904537201,-0.16535305976867676,-0.3546355962753296 
-0.18387851119041443,0.023449724540114403,0.3765849471092224 
0.1783587634563446,0.5697380900382996,0.32413122057914734 
-0.13160440325737,0.15358568727970123,-0.7810481786727905 
0.1337665468454361,-0.3026807904243469,-0.7816452980041504 
0.14232465624809265,0.535814642906189,0.25846317410469055 
0.21944712102413177,0.1539837270975113,0.19835740327835083 
0.0534990020096302,0.0541827455163002,0.42712703347206116 
-0.3555382192134857,0.15428227186203003,0.524461030960083 
-0.31941503286361694,-0.48210251331329346,-0.7816452980041504 
0.19387231767177582,-0.09668917208909988,-0.3546355962753296 
0.1337665468454361,0.31360238790512085,0.4902286231517792 
-0.2525423765182495,-0.21690070629119873,0.7824978828430176 
0.1337665468454361,0.31360238790512085,0.249905064702034 
-0.3640963137149811,0.1539837270975113,-0.27373161911964417 
-0.3125486373901367,-0.524196445941925,0.49878671765327454 
0.2783587574958801,-0.36278656125068665,0.5760087370872498 
0.2783587574958801,0.3324103057384491,0.7562265396118164 
-0.4799292981624603,-0.242575004696846,-0.6599410176277161 
-0.44390562176704407,-0.40567660331726074,0.7317463159561157 
-0.3383224904537201,0.1539837270975113,-0.6428248286247253 
0.2783587574958801,-0.02804519794881344,0.6446725726127625 
0.1783587634563446,-0.196689173579216,0.44424325227737427 
-0.18687433004379272,-0.624196469783783,0.7790045738220215 
-0.3812125325202942,-0.20834259688854218,0.3765849471092224 
-0.0348973348736763,-0.2653530538082123,0.6824978590011597 
0.13233308494091034,0.413801372051239,-0.2792939245700836 
-0.10659682005643845,-0.524196445941925,-0.5483871102333069 
0.1337665468454361,0.3406698703765869,-0.4110593795776367 
-0.34987640380859375,0.05477983504533768,0.6304526329040527 
-0.37415754795074463,-0.38200297951698303,-0.5513828992843628 
0.14731070399284363,0.13204067945480347,-0.053520090878009796 
0.1508827656507492,0.1539837270975113,0.31846940517425537 
-0.22374290227890015,-0.3142347037792206,-0.25463560223579407 
0.15954038500785828,-0.2855645716190338,0.3765849471092224 
-0.05509394034743309,0.1539837270975113,0.6361144781112671 
-0.5784366130828857,-0.29112690687179565,-0.2660795748233795 
0.06510266661643982,0.1539837270975113,-0.6428248286247253 
0.019177012145519257,-0.09112689644098282,-0.6816452741622925 
0.1508827656507492,0.4011737108230591,-0.7816452980041504 
-0.5799292922019958,0.12346962839365005,0.3815710246562958 
0.23944920301437378,0.4011737108230591,0.36145898699760437 
-0.3095528185367584,0.21149173378944397,-0.0020719245076179504 
0.26960161328315735,0.5348194241523743,-0.3345339894294739 
0.09943460673093796,-0.524196445941925,0.5331186652183533 
0.2788563072681427,-0.19978448748588562,-0.33373787999153137 
0.05954038351774216,0.06337679922580719,-0.6816452741622925 
-0.3784365952014923,-0.06795933097600937,0.5815918445587158 
0.15954038500785828,0.535814642906189,0.6962202787399292 
-0.22676855325698853,0.1539837270975113,0.06100975349545479 
0.37308454513549805,-0.5871776342391968,0.2906162738800049 
-0.4799292981624603,-0.4314504563808441,0.5245605707168579 
0.14232465624809265,0.508150041103363,-0.5827190279960632 
0.24731071293354034,-0.1996849924325943,0.10391969978809357 
0.2783587574958801,0.08353857696056366,-0.5398290157318115 
-0.10657691955566406,0.0062966919504106045,-0.3546355962753296 
0.013574913144111633,0.1539837270975113,-0.3252792954444885 
-0.4640963077545166,0.05398372560739517,0.17557936906814575 
0.05954038351774216,0.21360239386558533,0.2211354374885559 
0.067998968064785,0.4361131489276886,-0.09650964289903641 
0.2783587574958801,-0.4400085508823395,-0.3681693375110626 
0.1766565889120102,0.23807209730148315,0.016308574005961418 
0.2783587574958801,0.06637261062860489,0.4815710186958313 
-0.006576918065547943,-0.13662320375442505,0.8824979066848755 
0.24731071293354034,-0.3542284667491913,-0.09347401559352875 
0.12661109864711761,0.6290477514266968,-0.33939969539642334 
0.024451671168208122,0.3496260344982147,0.0009129393729381263 
0.12804408371448517,0.4338243305683136,-0.7428248524665833 
-0.20099472999572754,0.1539837270975113,-0.6513829231262207 
0.15954038500785828,0.4182898998260498,0.7547338008880615 
0.2783587574958801,-0.3026807904243469,0.30991131067276 
0.23944920301437378,0.40973180532455444,-0.059132128953933716 
0.19387231767177582,0.0062867398373782635,0.3765849471092224 
0.11655082553625107,0.11149173974990845,-0.19650964438915253 
-0.3125486373901367,0.1539837270975113,0.40434902906417847 
0.2783587574958801,0.25518831610679626,0.6446725726127625 
0.2783587574958801,0.2466302067041397,-0.3338373899459839 
-0.4799292981624603,0.04063858091831207,-0.44539132714271545 
-0.5799292922019958,-0.299685001373291,0.761888325214386 
0.0267802681773901,0.5141207575798035,0.4815710186958313 
-0.47265440225601196,0.05398372560739517,-0.04496196657419205 
-0.3125486373901367,-0.3026807904243469,-0.7816452980041504 
-0.5782375931739807,-0.5738428831100464,-0.26568153500556946 
0.23944920301437378,0.289520263671875,-0.48828136920928955 
0.2783587574958801,0.19508253037929535,0.30135321617126465 
0.37835875153541565,0.07796632498502731,0.023691952228546143 
-0.2580947279930115,-0.624196469783783,0.5472390651702881 
0.35387855768203735,-0.48856040835380554,-0.8816453218460083 
0.12660114467144012,0.6290477514266968,0.761888325214386 
0.026660853996872902,0.31788143515586853,-0.6599410176277161 
-0.07347846031188965,0.6212857365608215,-0.2852855622768402 
0.24731071293354034,-0.13957922160625458,-0.10207192599773407 
0.1783587634563446,0.08652441948652267,0.6647846102714539 
-0.13234078884124756,0.1539837270975113,-0.5312709212303162 
0.12621399760246277,-0.39095914363861084,0.6824978590011597 
-0.2525423765182495,-0.524196445941925,-0.5140551924705505 
-0.04355494678020477,-0.17096510529518127,0.47658494114875793 
-0.2726544141769409,-0.06794938445091248,-0.8816453218460083 
0.013594812713563442,-0.3112388849258423,-0.3546355962753296 
-0.4799292981624603,-0.18256875872612,0.47301292419433594 
0.19387231767177582,0.34017232060432434,-0.6684991717338562 
0.14232465624809265,0.535814642906189,0.4386809766292572 
-0.10657691955566406,-0.44856664538383484,-0.7816452980041504 
0.2508827745914459,0.02042704075574875,0.8824979066848755 
-0.20099472999572754,0.1539837270975113,0.6704464554786682 
-0.3611004948616028,0.2435348927974701,0.8827964663505554 
0.14232465624809265,0.508150041103363,-0.4626070261001587 
-0.18377900123596191,0.10144094377756119,-0.3532423973083496 
-0.20099472999572754,0.11149173974990845,0.1811416745185852 
0.2783587574958801,-0.3542284667491913,-0.5483871102333069 
0.2783587574958801,0.3925160765647888,0.6275563836097717 
0.1766565889120102,-0.18256875872612,-0.7816452980041504 
0.37835875153541565,0.3551883101463318,0.055467359721660614 
0.022172823548316956,-0.010869276709854603,-0.7816452980041504 
-0.126768559217453,0.1663825511932373,-0.8816453218460083 
0.1937728077173233,0.1539837270975113,0.6875626444816589 
0.1759704351425171,0.38695380091667175,-0.6810481548309326 
0.022172823548316956,-0.4572242498397827,0.7824978828430176 
-0.4799292981624603,-0.08813106268644333,-0.4539494216442108 
-0.30399054288864136,0.04061867669224739,0.3765849471092224 
0.2783587574958801,0.2637464106082916,-0.6170510053634644 
-0.22376279532909393,-0.624196469783783,0.7704464793205261 
0.07366078346967697,-0.4142346978187561,-0.7816452980041504 
0.03233308717608452,0.19508253037929535,-0.7533836364746094 
-0.5688833594322205,-0.5171205997467041,0.28434696793556213 
0.1783587634563446,-0.565782368183136,0.04680972546339035 
-0.08083294332027435,0.11149173974990845,-0.27373161911964417 
0.24731071293354034,0.04062862694263458,0.05244169756770134 
0.09641889482736588,0.011491738259792328,-0.03898029774427414 
-0.4799292981624603,-0.3971185088157654,-0.4625075161457062 
0.11655082553625107,-0.40567660331726074,-0.3546355962753296 
0.03376654535531998,-0.4241964519023895,-0.5882813930511475 
0.37835875153541565,0.3955118954181671,-0.7084929347038269 
0.37895581126213074,0.3980783522129059,0.30434903502464294 
0.2783587574958801,-0.19112689793109894,-0.6771567463874817 
-0.3640963137149811,-0.27690693736076355,-0.3546355962753296 
-0.38838785886764526,0.05308810621500015,0.3308194577693939 
0.03233308717608452,0.3138013780117035,-0.48828136920928955 
-0.3555382192134857,-0.13957922160625458,0.7824978828430176 
0.14232465624809265,-0.4143342077732086,0.7824978828430176 
-0.07195591926574707,0.4338243305683136,0.10094776749610901 
0.23944920301437378,0.4182898998260498,-0.47116515040397644 
0.12510892748832703,0.5361131429672241,0.10391969978809357 
-0.37265440821647644,0.1539837270975113,-0.4797232747077942 
0.13233308494091034,0.3182899057865143,-0.6814461946487427 
-0.5670921206474304,0.21149173378944397,0.15846318006515503 
-0.5799292922019958,-0.07653037458658218,-0.759941041469574 
-0.13793295621871948,-0.624196469783783,-0.3282751142978668 
0.2783587574958801,-0.17391115427017212,0.4644547998905182 
0.2783587574958801,0.07495062053203583,0.6962202787399292 
-0.1151648759841919,0.11149173974990845,-0.16217771172523499 
0.2783587574958801,0.06637261062860489,-0.6599410176277161 
-0.3799293041229248,-0.031021110713481903,-0.7513829469680786 
0.04232465475797653,0.41272762417793274,-0.6816452741622925 
0.030750833451747894,0.11149173974990845,0.25846317410469055 
0.23944920301437378,0.42684802412986755,0.12113542854785919 
-0.16366398334503174,-0.1855645775794983,0.6824978590011597 
0.16809849441051483,0.023423850536346436,-0.35423752665519714 
0.07067491859197617,0.1921265423297882,-0.8816453218460083 
0.16591963171958923,-0.39026254415512085,-0.6265151500701904 
-0.3640963137149811,-0.38856041431427,-0.3546355962753296 
0.2783587574958801,-0.40567660331726074,0.4644547998905182 
0.062086962163448334,0.166372612118721,0.6824978590011597 
0.10799270868301392,0.1539837270975113,0.04384378343820572 
0.2783587574958801,0.3324103057384491,-0.222183957695961 
0.2783587574958801,0.06637261062860489,0.17258356511592865 
-0.03794289752840996,0.15468034148216248,-0.0849059596657753 
0.26960161328315735,0.5348194241523743,0.6354178786277771 
0.24731071293354034,-0.29412269592285156,-0.2908478081226349 
0.1766565889120102,0.31360238790512085,0.37001708149909973 
-0.28688475489616394,-0.3921533226966858,0.6798110604286194 
0.02479996345937252,0.3176824152469635,0.47301292419433594 
0.2783587574958801,-0.20824310183525085,0.36145898699760437 
0.2783587574958801,-0.16535305976867676,-0.47116515040397644 
-0.38987013697624207,-0.02804519794881344,0.3765849471092224 
0.004996902775019407,-0.4314504563808441,0.3765849471092224 
-0.3353266716003418,-0.29112690687179565,-0.25463560223579407 
0.090876504778862,-0.12246300280094147,-0.3546355962753296 
0.04491104185581207,-0.09112689644098282,0.2765849530696869 
0.15944087505340576,-0.524196445941925,0.6361144781112671 
0.24731071293354034,-0.062367189675569534,0.2498055398464203 
0.14731070399284363,-0.22246301174163818,0.12668776512145996 
0.2783587574958801,0.22085636854171753,0.5416767597198486 
-0.41554445028305054,0.11149173974990845,0.02668776549398899 
-0.029335035011172295,0.0062867398373782635,0.3765849471092224 
0.23944920301437378,0.43550562858581543,-0.6857149004936218 
0.0325818732380867,0.33808255195617676,0.25915974378585815 
-0.2696585953235626,0.15428227186203003,-0.38528555631637573 
0.18521469831466675,0.1539837270975113,-0.5054970979690552 
0.01655082404613495,0.6358146667480469,-0.15913212299346924 
0.24731071293354034,0.06637261062860489,-0.05055411532521248 
0.2783587574958801,-0.27690693736076355,0.7391102910041809 
0.026531489565968513,0.25518831610679626,0.7733427286148071 
-0.2095528244972229,-0.38856041431427,0.3765849471092224 
0.2783587574958801,-0.12246300280094147,0.6017825603485107 
0.2783587574958801,0.16940821707248688,-0.6942729949951172 
-0.4640963077545166,-0.23701274394989014,0.8824979066848755 
0.07366078346967697,-0.524196445941925,-0.6685986518859863 
-0.4799292981624603,-0.29412269592285156,-0.4968394339084625 
0.1478869467973709,-0.27401065826416016,0.47658494114875793 
-0.21515491604804993,-0.19412270188331604,-0.8816453218460083 
-0.029344985261559486,0.1539837270975113,-0.5226132869720459 
-0.4241025745868683,0.05779459699988365,-0.3546355962753296 
-0.02374289184808731,0.25448131561279297,0.49579092860221863 
0.18521469831466675,0.10071449726819992,-0.7816452980041504 
-0.30459803342819214,-0.40877196192741394,-0.6307941675186157 
-0.23832249641418457,-0.2395792305469513,-0.8816453218460083 
-0.3162201941013336,-0.3927503824234009,-0.6553738713264465 
0.2594408690929413,-0.4241964519023895,0.5301228761672974 
-0.2287588119506836,-0.4913572072982788,0.7760295867919922 
0.13665242493152618,0.3434562385082245,0.019741768017411232 
0.07366078346967697,0.31360238790512085,0.6790045499801636 
0.35766005516052246,-0.5844907760620117,-0.12407470494508743 
0.14232465624809265,0.28096213936805725,-0.7538811564445496 
0.24731071293354034,-0.27690693736076355,0.21547360718250275 
0.2783587574958801,-0.38000229001045227,0.02668776549398899 
0.0535089485347271,0.0033108294010162354,-0.8816453218460083 
-0.19243662059307098,-0.1396787166595459,0.3765849471092224 
0.01358486246317625,-0.25123265385627747,-0.7816452980041504 
-0.4069863557815552,0.15497887134552002,0.6274568438529968 
0.23944920301437378,0.4011737108230591,-0.2822897136211395 
-0.5591310858726501,-0.38556456565856934,0.8074651956558228 
0.23944920301437378,0.45262184739112854,0.45589667558670044 
0.2783587574958801,0.46973806619644165,0.009519807063043118 
0.37825921177864075,-0.5850878357887268,-0.7040148377418518 
0.18521469831466675,0.34017232060432434,-0.16207818686962128 
-0.4783370792865753,0.0010921688517555594,0.5884478092193604 
0.14232465624809265,-0.3026807904243469,0.7824978828430176 
-0.003571153851225972,-0.1996849924325943,-0.3546355962753296 
0.24731071293354034,0.0062966919504106045,-0.24795778095722198 
-0.029335035011172295,-0.12246300280094147,0.7824978828430176 
-0.19243662059307098,-0.09668917208909988,-0.7816452980041504 
0.1937728077173233,0.1539837270975113,0.10391969978809357 
-0.2696585953235626,-0.21690070629119873,0.3765849471092224 
0.2783587574958801,-0.1567949503660202,0.6962202787399292 
-0.4383224844932556,-0.624196469783783,0.49312493205070496 
0.12510892748832703,0.1539837270975113,0.22413122653961182 
-0.21821044385433197,0.15448130667209625,0.43002334237098694 
0.1736607849597931,-0.4241964519023895,-0.5025013089179993 
0.1367623507976532,0.43651118874549866,0.6792140007019043 
-0.08084288984537125,-0.524196445941925,0.550234854221344 
0.18521469831466675,-0.33701273798942566,-0.3546355962753296 
0.18521469831466675,-0.38000229001045227,0.3765849471092224 
0.20243041217327118,0.508150041103363,0.17258356511592865 
-0.06367791444063187,-0.524196445941925,-0.63426673412323 
0.2783587574958801,0.23807209730148315,0.009519807063043118 
0.1766565889120102,0.1539837270975113,0.5931249260902405 
-0.4799292981624603,-0.29412269592285156,0.5245605707168579 
-0.09800886362791061,-0.29412269592285156,0.3765849471092224 
-0.278216689825058,0.04920663684606552,0.7824978828430176 
0.20243041217327118,0.11149173974990845,-0.2651735246181488 
-0.05508000776171684,-0.3971185088157654,0.7824978828430176 
0.22810475528240204,0.10142103582620621,0.3742961585521698 
0.1478869467973709,0.253983736038208,0.3129071593284607 
0.2783587574958801,0.2724040448665619,-0.7114887237548828 
-0.32976436614990234,-0.04521116614341736,0.7824978828430176 
0.10799270868301392,0.08353857696056366,0.7824978828430176 
-0.3095528185367584,-0.09370330721139908,-0.4546355903148651 
-0.30399054288864136,0.11149173974990845,-0.19650964438915253 
0.08782098442316055,-0.4241964519023895,0.613336443901062 
-0.4799292981624603,-0.36278656125068665,-0.6684991717338562 
-0.4782375693321228,0.0005647498765029013,0.39011868834495544 
0.16809849441051483,0.508150041103363,0.3528013527393341 
0.02147575467824936,-0.39683037996292114,0.4954923689365387 
-0.28687432408332825,-0.524196445941925,-0.7029306292533875 
0.12520845234394073,0.1865244209766388,-0.7538811564445496 
-0.4799292981624603,-0.4314504563808441,0.6275563836097717 
0.23944920301437378,0.42684802412986755,0.550234854221344 
0.37895581126213074,-0.15382897853851318,-0.01918814331293106 
0.2783587574958801,-0.12246300280094147,-0.38528555631637573 
0.21954664587974548,0.508150041103363,-0.4110593795776367 
0.11655082553625107,0.315294086933136,0.7824978828430176 
-0.43773582577705383,-0.2919333875179291,-0.7334810495376587 
-0.30698636174201965,-0.4241964519023895,-0.6656028628349304 
0.17865729331970215,-0.07654231786727905,0.6733427047729492 
-0.28687432408332825,0.1539837270975113,0.5932244658470154 
-0.34688058495521545,-0.524196445941925,-0.4539494216442108 
-0.1151648759841919,0.11149173974990845,0.284137487411499 
-0.13233084976673126,0.11149173974990845,0.10391969978809357 
0.20243041217327118,0.11149173974990845,-0.1364038735628128 
0.19387231767177582,0.34017232060432434,-0.34239548444747925 
0.2783587574958801,0.19508253037929535,-0.5569452047348022 
0.1783587634563446,-0.42845460772514343,-0.2792939245700836 
0.1766565889120102,0.535814642906189,0.018119707703590393 
0.06209690868854523,-0.03361744433641434,-0.4546355903148651 
0.23457306623458862,0.342660129070282,0.1640254706144333 
-0.2752209007740021,-0.21123889088630676,-0.4546355903148651 
0.27766212821006775,0.5279530882835388,-0.14565856754779816 
0.090876504778862,0.508150041103363,-0.7029306292533875 
0.056445054709911346,0.508150041103363,0.2670212686061859 
0.1783587634563446,-0.46278655529022217,0.31547361612319946 
0.013574913144111633,0.1539837270975113,0.6961207389831543 
-0.3670921325683594,0.05398372560739517,-0.3995054364204407 
0.03932884335517883,0.3404708504676819,-0.09347401559352875 
-0.4799292981624603,-0.08813106268644333,0.47301292419433594 
0.2783587574958801,-0.38856041431427,0.3528013527393341 
-0.3911742568016052,0.04960516840219498,0.23638173937797546 
0.06510266661643982,0.1539837270975113,-0.1192876547574997 
0.37835875153541565,-0.4971185028553009,0.761888325214386 
-0.2954324185848236,0.11149173974990845,0.23268933594226837 
-0.1722400188446045,-0.23701274394989014,-0.4546355903148651 
-0.1666627824306488,0.1539837270975113,-0.44539132714271545 
0.1937728077173233,0.3396747410297394,0.5674505829811096 
-0.5069863796234131,0.011491738259792328,0.2211354374885559 
0.090876504778862,0.11149173974990845,-0.2822897136211395 
0.03932884335517883,0.508150041103363,0.5760087370872498 
-0.05794498324394226,0.1533866673707962,0.7827964425086975 
-0.332760214805603,0.0549788698554039,-0.7428248524665833 
-0.3782375752925873,-0.31401485204696655,0.2901186943054199 
-0.5045980215072632,0.21982097625732422,-0.8810482025146484 
-0.252442866563797,-0.4743404984474182,-0.3546355962753296 
-0.4498763978481293,0.11149173974990845,-0.1364038735628128 
-0.42976436018943787,0.05398372560739517,0.16958776116371155 
-0.01216906402260065,0.11149173974990845,0.1811416745185852 
-0.32976436614990234,-0.4400085508823395,0.3765849471092224 
0.24532045423984528,0.535814642906189,-0.23939968645572662 
0.01358486246317625,-0.242575004696846,0.7824978828430176 
-0.03234078735113144,0.253983736038208,0.6931249499320984 
-0.446880578994751,0.25497886538505554,0.8648841977119446 
-0.5896815657615662,0.013750679790973663,-0.5940530896186829 
-0.12374289333820343,-0.13102111220359802,-0.3546355962753296 
0.03236294537782669,0.4440637528896332,0.7825974225997925 
-0.4383224844932556,-0.11944729089736938,-0.4546355903148651 
0.2783587574958801,0.014872710220515728,0.5674505829811096 
-0.20099472999572754,-0.524196445941925,-0.5999348163604736 
-0.01778111606836319,-0.2284546196460724,0.47658494114875793 
0.03932884335517883,0.1539837270975113,0.550234854221344 
0.2783587574958801,-0.12246300280094147,-0.5483871102333069 
0.1783587634563446,0.12345569580793381,0.2957909405231476 
0.20243041217327118,0.31360238790512085,-0.03347771242260933 
0.21944712102413177,0.1539837270975113,0.5159029364585876 
-0.4737594723701477,-0.2018742561340332,0.5587929487228394 
0.2783587574958801,-0.40567660331726074,-0.47116515040397644 
-0.3984282612800598,-0.524196445941925,0.5159029364585876 
-0.2095528244972229,0.1539837270975113,-0.02482009120285511 
0.16510266065597534,-0.4166334569454193,0.4963879883289337 
0.1783587634563446,0.25219249725341797,-0.4509536027908325 
0.07366078346967697,-0.524196445941925,0.6532306671142578 
0.2783587574958801,-0.27690693736076355,-0.6942729949951172 
0.2783587574958801,-0.2683488428592682,0.05243174359202385 
-0.11821044236421585,0.25497886538505554,-0.8714950084686279 
-0.1865549385547638,-0.4216090738773346,-0.6312917470932007 
0.12452132999897003,0.5440637469291687,0.09285637736320496 
0.23944920301437378,0.3925160765647888,0.2670212686061859 
0.17855775356292725,-0.09968499094247818,0.8792140483856201 
0.23944920301437378,0.25518831610679626,-0.222183957695961 
-0.4796307384967804,-0.4740419387817383,-0.5655032992362976 
0.23944920301437378,0.2637464106082916,0.47301292419433594 
-0.2666627764701843,-0.5743405222892761,0.2765849530696869 
0.1937728077173233,0.1539837270975113,-0.7114887237548828 
0.20243041217327118,-0.23401691019535065,-0.3546355962753296 
-0.3555382192134857,0.1539837270975113,-0.376727432012558 
0.09943460673093796,-0.31989651918411255,-0.3546355962753296 
0.2783587574958801,0.07495062053203583,-0.4196174740791321 
-0.2726544141769409,-0.4241964519023895,0.587562620639801 
-0.17651408910751343,-0.3921533226966858,-0.4583175480365753 
0.18521469831466675,0.508150041103363,0.6188987493515015 
-0.4799292981624603,-0.053779229521751404,0.6618883013725281 
0.2783587574958801,0.45262184739112854,-0.376727432012558 
0.1322733759880066,0.4405703544616699,-0.30250129103660583 
-0.2696585953235626,0.1539837270975113,-0.5912771821022034 
0.1508827656507492,0.0062966919504106045,0.7824978828430176 
-0.2726544141769409,0.04621082544326782,-0.6816452741622925 
-0.2580748498439789,0.13204067945480347,0.6824978590011597 
-0.278216689825058,0.1539837270975113,-0.29950544238090515 
0.24731071293354034,-0.19112689793109894,-0.24795778095722198 
-0.15807484090328217,-0.10524728149175644,0.7824978828430176 
0.24232465028762817,0.42904773354530334,0.8824979066848755 
0.2783587574958801,0.16940821707248688,0.1382516324520111 
0.10799270868301392,0.3391771614551544,0.5760087370872498 
0.23029401898384094,-0.5166334509849548,-0.4368332326412201 
0.37835875153541565,0.25219249725341797,-0.8776648044586182 
0.12510892748832703,-0.524196445941925,-0.5741609334945679 
0.2783587574958801,-0.12246300280094147,0.12113542854785919 
0.24731071293354034,-0.4314504563808441,-0.03338814899325371 
0.2783587574958801,-0.27690693736076355,-0.5054970979690552 
0.14232465624809265,0.1539837270975113,-0.42827510833740234 
-0.4420148730278015,0.054212138056755066,-0.7294010519981384 
0.1478869467973709,0.21149173378944397,-0.13339810073375702 
0.11655082553625107,0.1539837270975113,-0.5656028389930725 
-0.5925674438476562,0.03507628291845322,-0.04755830392241478 
0.37835875153541565,0.0891207680106163,-0.46816933155059814 
-0.01520468294620514,0.05428227037191391,-0.24239549040794373 
0.09943460673093796,-0.2254588007926941,-0.7816452980041504 
0.2783587574958801,-0.20824310183525085,0.5416767597198486 
0.08221888542175293,0.508150041103363,-0.1792939156293869 
0.04788694530725479,0.1539837270975113,-0.40250128507614136 
0.1337665468454361,0.16711942851543427,0.7522460222244263 
0.10799270868301392,0.34017232060432434,-0.20506775379180908 
-0.41554445028305054,0.11149173974990845,-0.222183957695961 
-0.23532666265964508,0.09203696995973587,0.3766844570636749 
0.14532044529914856,0.43581464886665344,0.5472390651702881 
0.2783587574958801,-0.23401691019535065,-0.10207192599773407 
-0.006586872041225433,-0.025049380958080292,0.47658494114875793 
-0.4640963077545166,-0.6240969300270081,0.3047471046447754 
0.11655082553625107,0.34017232060432434,-0.3080635666847229 
0.10243041068315506,0.254680335521698,-0.1505640745162964 
-0.3799293041229248,-0.31690070033073425,-0.545391321182251 
-0.5155444741249084,0.05398372560739517,0.03226001560688019 
0.2783587574958801,-0.04521116614341736,0.06101970374584198 
0.35387855768203735,0.3182899057865143,0.6824978590011597 
-0.5925674438476562,0.03507628291845322,0.761888325214386 
0.2783587574958801,0.46973806619644165,0.30991131067276 
-0.13234078884124756,0.1539837270975113,-0.09349391609430313 
-0.45276227593421936,-0.18824101984500885,-0.7155687808990479 
0.2780601978302002,-0.48638156056404114,0.5857610106468201 
0.10799270868301392,0.34017232060432434,-0.6428248286247253 
0.10243041068315506,0.2496260404586792,0.6824978590011597 
0.20243041217327118,0.3925160765647888,0.016308574005961418 
-0.1666627824306488,0.11149173974990845,-0.27373161911964417 
-0.5464929938316345,-0.5912576913833618,0.8238848447799683 
0.2783587574958801,-0.02804519794881344,-0.7543787360191345 
0.21098852157592773,0.535814642906189,-0.5398290157318115 
0.2783587574958801,-0.2254588007926941,-0.4110593795776367 
0.319546639919281,0.6358146667480469,0.18423700332641602 
-0.4799292981624603,-0.2683488428592682,-0.5827190279960632 
0.15944087505340576,-0.524196445941925,-0.7114887237548828 
0.23944920301437378,0.2637464106082916,-0.4110593795776367 
-0.43276020884513855,0.1539837270975113,0.49878671765327454 
0.08221888542175293,0.2724040448665619,-0.015465882606804371 
0.16809849441051483,0.11149173974990845,0.009518811479210854 
0.3780601918697357,-0.5863815546035767,0.3252258896827698 
0.21098852157592773,0.3391771614551544,0.4644547998905182 
-0.21821044385433197,-0.40567660331726074,0.7824978828430176 
-0.0005653947591781616,-0.102301225066185,0.2765849530696869 
-0.003591057611629367,0.1539837270975113,-0.6857149004936218 
-0.321206271648407,-0.2683488428592682,0.7824978828430176 
0.2783587574958801,0.17796632647514343,0.6704464554786682 
0.2783587574958801,-0.3113384246826172,-0.6170510053634644 
0.3394491970539093,0.36374640464782715,0.21856895089149475 
-0.4069863557815552,0.1539837270975113,0.18979929387569427 
-0.4345514178276062,-0.010879230685532093,0.7396078109741211 
0.03227337822318077,0.3405703604221344,-0.5827190279960632 
0.12581592798233032,-0.4240969121456146,-0.4569452106952667 
0.21098852157592773,0.34017232060432434,-0.5569452047348022 
0.17766213417053223,0.6279531121253967,0.25477075576782227 
0.1766565889120102,0.1539837270975113,0.40434902906417847 
0.1783587634563446,0.44962602853775024,0.07518985867500305 
0.23944920301437378,0.4611799418926239,0.6532306671142578 
0.1783587634563446,0.18353858590126038,-0.1565159261226654 
-0.3984282612800598,-0.29412269592285156,0.3765849471092224 
0.1783587634563446,0.2925160825252533,-0.04496196657419205 
0.2783587574958801,-0.31989651918411255,-0.024810142815113068 
-0.12075702846050262,0.05398372560739517,-0.10765711218118668 
-0.0035811038687825203,-0.4314504563808441,-0.7816452980041504 
-0.3799293041229248,0.046220771968364716,-0.5341671705245972 
-0.32976436614990234,-0.37990278005599976,-0.7816452980041504 
0.10799270868301392,0.508150041103363,0.6361144781112671 
0.1508827656507492,-0.37990278005599976,-0.7816452980041504 
0.08221888542175293,-0.062367189675569534,-0.7816452980041504 
0.23944920301437378,0.4611799418926239,-0.11918814480304718 
0.13944920897483826,0.32085636258125305,-0.23640388250350952 
0.17117297649383545,-0.3925513029098511,-0.6725896000862122 
0.23835456371307373,0.34902894496917725,0.6875626444816589 
-0.14092876017093658,0.1539837270975113,-0.7029306292533875 
-0.38987013697624207,0.1539837270975113,0.3528013527393341 
-0.4799292981624603,-0.09668917208909988,-0.5483871102333069 
0.22820425033569336,-0.13102111220359802,0.7824978828430176 
0.11655082553625107,0.508150041103363,0.18979929387569427 
0.15954038500785828,0.31360238790512085,-0.4797232747077942 
0.20243041217327118,-0.4572242498397827,0.3765849471092224 
0.23944920301437378,0.17796632647514343,-0.2822897136211395 
0.1766565889120102,0.508150041103363,0.5073448419570923 
-0.2696585953235626,-0.2683488428592682,-0.3546355962753296 
-0.28687432408332825,0.11149173974990845,-0.11063002794981003 
-0.17522089183330536,-0.524196445941925,-0.5054970979690552 
-0.14948686957359314,0.07496056705713272,-0.7816452980041504 
-0.12074707448482513,0.05478883534669876,0.8824979066848755 
0.24731071293354034,0.014877686277031898,0.24124744534492493 
-0.13234078884124756,0.1539837270975113,0.47301292419433594 
-0.037922993302345276,0.1539837270975113,0.4129071533679962 
0.05654456466436386,-0.08813106268644333,0.7824978828430176 
-0.3413183093070984,-0.4971185028553009,-0.4546355903148651 
0.2783587574958801,-0.18256875872612,-0.7543787360191345 
-0.30399054288864136,-0.2254588007926941,-0.7816452980041504 
0.37835875153541565,-0.19412270188331604,0.43311867117881775 
-0.23532666265964508,-0.29412269592285156,-0.7816452980041504 
-0.4069863557815552,-0.46578237414360046,0.3765849471092224 
-0.3347504436969757,-0.2825687527656555,0.6394088268280029 
0.1783587634563446,0.02641867846250534,-0.036403872072696686 
0.2783587574958801,-0.3113384246826172,0.6361144781112671 
0.14731070399284363,-0.3056766092777252,-0.2792939245700836 
0.2783587574958801,0.0062867398373782635,-0.5398290157318115 
0.03932884335517883,0.1539837270975113,-0.5656028389930725 
0.25766006112098694,-0.4844907820224762,-0.3012966811656952 
0.11954664438962936,-0.4241964519023895,0.6047783493995667 
0.05654456466436386,0.31360238790512085,0.06102965772151947 
0.12820425629615784,0.40673598647117615,-0.6816452741622925 
0.022162873297929764,0.11149173974990845,-0.24795778095722198 
0.2373594492673874,-0.29412269592285156,0.3742961585521698 
-0.22676855325698853,-0.13957922160625458,0.7824978828430176 
-0.029344985261559486,-0.524196445941925,-0.5226132869720459 
-0.03790309280157089,-0.028035247698426247,-0.3546355962753296 
-0.37265440821647644,0.15468034148216248,-0.7114887237548828 
-0.5799292922019958,0.15780454874038696,-0.6912772059440613 
-0.1696586012840271,0.046220771968364716,-0.4546355903148651 
0.2783587574958801,0.315294086933136,-0.29950544238090515 
0.18521469831466675,-0.4400085508823395,-0.3546355962753296 
0.11655082553625107,0.508150041103363,-0.24795778095722198 
0.2783587574958801,0.2637464106082916,0.7218945622444153 
0.022152923047542572,-0.524196445941925,0.524461030960083 
-0.1409088671207428,-0.2683488428592682,0.7824978828430176 
0.21944712102413177,0.1539837270975113,-0.40250128507614136 
0.090876504778862,0.3925160765647888,0.7824978828430176 
-0.315544456243515,-0.4164344370365143,-0.4738415479660034 
0.24731071293354034,-0.04520121589303017,-0.18785202503204346 
0.1508827656507492,0.508150041103363,-0.12784576416015625 
0.06510266661643982,0.508150041103363,-0.3080635666847229 
0.09943460673093796,0.535814642906189,0.026697717607021332 
-0.3524428606033325,-0.3314504623413086,-0.8816453218460083 
0.1783587634563446,-0.29112690687179565,-0.06473422050476074 
0.21098852157592773,0.11149173974990845,0.30135321617126465 
-0.5498763918876648,-0.022463001310825348,-0.2542375326156616 
0.07366078346967697,0.33947572112083435,0.18979929387569427 
-0.2525423765182495,0.1539837270975113,0.14680972695350647 
0.090876504778862,0.09207677841186523,-0.3546355962753296 
-0.0348973348736763,0.4361131489276886,0.5214652419090271 
-0.28687432408332825,0.15468034148216248,-0.7114887237548828 
0.12232256680727005,0.1078595221042633,0.3692209720611572 
0.09077698737382889,0.19508253037929535,-0.015465882606804371 
0.03932884335517883,0.508150041103363,0.06959771364927292 
-0.28687432408332825,0.1539837270975113,0.2927951216697693 
0.07366078346967697,0.1539837270975113,0.30135321617126465 
-0.47843658924102783,0.0948730930685997,-0.6793460845947266 
-0.2666627764701843,-0.5743405222892761,-0.25463560223579407 
0.2783587574958801,0.10929250717163086,0.24124744534492493 
-0.2696585953235626,0.11149173974990845,0.009518811479210854 
0.2783587574958801,-0.0537891760468483,0.40434902906417847 
0.2783587574958801,0.19508253037929535,0.21547360718250275 
-0.32976436614990234,0.15428227186203003,-0.5398290157318115 
0.2783587574958801,0.15219248831272125,-0.6170510053634644 
0.09943460673093796,0.4611799418926239,0.7547338008880615 
0.21098852157592773,-0.3284546136856079,-0.7816452980041504 
-0.4898701310157776,-0.4370127320289612,-0.8816453218460083 
0.20243041217327118,-0.2254588007926941,0.3765849471092224 
0.09943460673093796,0.508150041103363,-0.40250128507614136 
-0.17821669578552246,-0.624196469783783,-0.30250129103660583 
0.23944920301437378,0.4611799418926239,-0.5311713814735413 
0.1761694848537445,0.015014499425888062,0.6822988390922546 
0.2783587574958801,0.3581841289997101,-0.4539494216442108 
0.23944920301437378,0.23807209730148315,-0.059132128953933716 
0.24731071293354034,-0.36278656125068665,-0.3251797556877136 
-0.05809473246335983,0.05398372560739517,0.135255828499794 
-0.2954324185848236,-0.2855645716190338,0.3765849471092224 
0.1766565889120102,-0.07957296073436737,0.3765849471092224 
-0.21821044385433197,-0.524196445941925,0.6446725726127625 
0.16809849441051483,-0.16535305976867676,-0.3546355962753296 
-0.012159113772213459,-0.37990278005599976,-0.3546355962753296 
0.19387231767177582,0.09207677841186523,-0.3546355962753296 
0.2788563072681427,0.09207677841186523,0.10391969978809357 
0.24731071293354034,-0.0022912684362381697,0.32712703943252563 
-0.41554445028305054,0.1539837270975113,0.4214652478694916 
-0.3555382192134857,-0.1396787166595459,0.3765849471092224 
-0.41554445028305054,0.1539837270975113,-0.5656028389930725 
0.07366078346967697,0.34017232060432434,-0.7114887237548828 
-0.321902871131897,-0.5006119012832642,0.7388117909431458 
0.23944920301437378,0.22085636854171753,0.3785752058029175 
-0.45276227593421936,-0.454338401556015,-0.7155687808990479 
0.21098852157592773,-0.524196445941925,0.5845668315887451 
0.16510266065597534,0.43581464886665344,-0.47416093945503235 
-0.046500999480485916,-0.3456703722476959,0.3765849471092224 
-0.13234078884124756,-0.03663315623998642,0.3765849471092224 
-0.4069863557815552,-0.524196445941925,-0.6599410176277161 
0.09943460673093796,0.4440637528896332,-0.7538811564445496 
0.2783587574958801,0.014872710220515728,0.11247780174016953 
-0.4390295147895813,0.08353857696056366,0.7360253930091858 
0.17766213417053223,0.4279530942440033,-0.6207433938980103 
0.2783587574958801,0.3753998577594757,-0.6771567463874817 
-0.15624378621578217,-0.49533772468566895,0.7501562237739563 
0.20243041217327118,0.4783957004547119,0.7547338008880615 
0.23676235973834991,0.42684802412986755,-0.7816452980041504 
0.21098852157592773,0.16940821707248688,0.7824978828430176 
0.2783587574958801,0.45262184739112854,0.3957909345626831 
0.16809849441051483,0.11149173974990845,0.15546736121177673 
-0.1666627824306488,0.1539837270975113,-0.18795153498649597 
0.20243041217327118,0.4783957004547119,-0.015465882606804371 
0.09077698737382889,0.5361131429672241,0.32712703943252563 
-0.2095528244972229,-0.0022912684362381697,-0.7816452980041504 
0.15954038500785828,0.508150041103363,-0.6513829231262207 
-0.19243662059307098,-0.37990278005599976,-0.3546355962753296 
0.2783587574958801,-0.2254588007926941,0.2927951216697693 
-0.5799292922019958,-0.22246301174163818,0.5361144542694092 
-0.22375284135341644,-0.10834259539842606,0.47658494114875793 
0.18521469831466675,0.508150041103363,-0.2651735246181488 
0.345320463180542,0.6358146667480469,-0.09905123710632324 
0.20243041217327118,0.34017232060432434,-0.42817559838294983 
0.1337665468454361,0.15428227186203003,-0.1364038735628128 
0.11098852008581161,-0.38556456565856934,0.6827964186668396 
0.2783587574958801,-0.13957922160625458,-0.6170510053634644 
-0.5327602028846741,-0.35979074239730835,-0.25463560223579407 
0.15644505620002747,-0.624196469783783,-0.38828137516975403 
-0.39543241262435913,-0.624196469783783,0.3301228880882263 
0.04788694530725479,-0.3284546136856079,-0.7816452980041504 
0.03366703540086746,-0.04823683947324753,0.8829954862594604 
0.24731071293354034,-0.07095514982938766,-0.31662166118621826 
-0.4799292981624603,-0.010859326459467411,-0.3938436508178711 
0.2165508270263672,0.23947572708129883,0.44424325227737427 
-0.4855019748210907,0.10796898603439331,0.49590083956718445 
-0.4581359624862671,-0.49235230684280396,0.5511305332183838 
-0.5246001482009888,-0.23701274394989014,0.8476684093475342 
0.14731070399284363,-0.06535305827856064,0.27258357405662537 
0.24731071293354034,-0.2855645716190338,0.1382516324520111 
0.2783587574958801,-0.12246300280094147,-0.16217771172523499 
-0.06367692351341248,0.1539837270975113,0.7133364677429199 
-0.03794289752840996,0.15428227186203003,0.10391969978809357 
-0.30549365282058716,-0.3572242558002472,-0.6775652170181274 
0.23944920301437378,0.22941447794437408,0.10391969978809357 
-0.4069863557815552,0.11149173974990845,-0.3080635666847229 
-0.4176342189311981,-0.11957712471485138,-0.7483084797859192 
-0.4898701310157776,-0.5228923559188843,0.8827964663505554 
0.2783587574958801,0.10929250717163086,0.4214652478694916 
-0.055110856890678406,0.15418274700641632,0.25836366415023804 
0.2783587574958801,0.38395798206329346,0.19835740327835083 
0.2783587574958801,-0.4572242498397827,0.32712703943252563 
0.34731072187423706,-0.22246301174163818,0.38423699140548706 
-0.13232089579105377,-0.13102111220359802,-0.7816452980041504 
0.21098852157592773,-0.02804519794881344,0.7824978828430176 
-0.00912349671125412,0.41360238194465637,0.3301228880882263 
-0.30399054288864136,-0.42289233207702637,-0.3546355962753296 
-0.2696585953235626,-0.524196445941925,-0.5827190279960632 
-0.14948686957359314,-0.23401691019535065,-0.7816452980041504 
0.2783587574958801,0.315294086933136,0.5760087370872498 
-0.4799292981624603,-0.371344655752182,0.5588924884796143 
-0.012159113772213459,-0.1567949503660202,-0.7816452980041504 
0.2783587574958801,-0.13957922160625458,0.5245605707168579 
0.11655082553625107,-0.20834259688854218,0.3765849471092224 
0.19387231767177582,0.31360238790512085,0.28423699736595154 
0.1783587634563446,-0.23102110624313354,-0.19950544834136963 
0.37835875153541565,0.000704549252986908,0.6416767835617065 
0.24731071293354034,-0.17391115427017212,-0.04197610914707184 
0.09943460673093796,0.22941447794437408,0.7830950021743774 
0.23944920301437378,0.42684802412986755,-0.6170510053634644 
0.09077698737382889,-0.524196445941925,0.4644547998905182 
0.2783587574958801,-0.0022912684362381697,-0.6685986518859863 
0.16809849441051483,-0.524196445941925,0.49878671765327454 
0.24731071293354034,-0.4314504563808441,0.09536159038543701 
-0.1121690645813942,0.0033108294010162354,0.47658494114875793 
-0.03790309280157089,-0.2597907483577728,-0.3546355962753296 
-0.22676855325698853,-0.524196445941925,-0.6685986518859863 
0.13932883739471436,0.17495062947273254,0.6827964186668396 
0.2783587574958801,-0.019457237794995308,0.7133364677429199 
-0.14649105072021484,0.08054276555776596,-0.6816452741622925 
-0.22375284135341644,0.21149173378944397,0.31547361612319946 
-0.06367692351341248,0.1539837270975113,0.5674505829811096 
-0.1151549220085144,0.07496056705713272,-0.3546355962753296 
-0.20099472999572754,-0.524196445941925,0.5073448419570923 
0.15954038500785828,0.3391771614551544,0.7218945622444153 
0.20243041217327118,-0.2597907483577728,-0.7816452980041504 
-0.037913039326667786,-0.19112689793109894,0.7824978828430176 
0.06510266661643982,-0.04519126936793327,-0.3539389669895172 
-0.4799292981624603,-0.04520121589303017,0.5331186652183533 
0.08221888542175293,0.38395798206329346,-0.015465882606804371 
0.2337665557861328,0.06338675320148468,-0.4546355903148651 
0.08221888542175293,-0.46578237414360046,-0.3546355962753296 
0.21954664587974548,0.31360238790512085,0.08678358793258667 
-0.15808476507663727,-0.33701273798942566,0.3765849471092224 
0.2783587574958801,-0.4314504563808441,0.7218945622444153 
-0.252442866563797,-0.13102111220359802,-0.7816452980041504 
-0.3096523582935333,0.05448130518198013,-0.20806357264518738 
0.13932883739471436,0.4404708445072174,-0.3479577898979187 
-0.17821669578552246,0.253983736038208,-0.15057402849197388 
0.16809849441051483,0.1539837270975113,-0.21362584829330444 
-0.09800886362791061,0.1539837270975113,-0.2222834676504135 
-0.08387850970029831,0.253983736038208,0.029693521559238434 
-0.4799292981624603,-0.46578237414360046,-0.4625075161457062 
-0.4799292981624603,-0.371344655752182,0.4902286231517792 
-0.029335035011172295,0.07495062053203583,0.3765849471092224 
-0.0837789997458458,-0.3314504623413086,-0.8816453218460083 
0.09943460673093796,0.535814642906189,-0.6341671943664551 
-0.4799292981624603,0.04921658709645271,-0.5140551924705505 
-0.2954324185848236,0.08354853093624115,-0.7816452980041504 
-0.4799292981624603,0.09206683188676834,0.6103406548500061 
0.24731071293354034,-0.3284546136856079,0.06101970374584198 
0.37835875153541565,-0.15123265981674194,-0.33939969539642334 
0.1783587634563446,0.20929250121116638,0.09235383570194244 
-0.01260644942522049,-0.38508784770965576,0.6823983788490295 
0.22830377519130707,-0.4949396550655365,-0.36588054895401 
0.12510892748832703,0.1539837270975113,-0.6942729949951172 
0.1783587634563446,-0.380908340215683,0.35788694024086 
0.23457306623458862,0.3436552584171295,-0.08489600569009781 
-0.06366100162267685,0.15448130667209625,-0.15361960232257843 
0.23944920301437378,0.22941447794437408,0.25846317410469055 
-0.3799293041229248,-0.36578238010406494,0.5301228761672974 
-0.2954324185848236,0.11149173974990845,0.34424325823783875 
0.23835456371307373,0.289520263671875,0.02608073689043522 
-0.40619024634361267,-0.07957296073436737,0.7795125246047974 
0.11098852008581161,0.4041695296764374,-0.8816453218460083 
-0.47923269867897034,0.1014309898018837,-0.3641888201236725 
-0.15436451137065887,0.05428227037191391,-0.8776648044586182 
-0.17522089183330536,-0.18256875872612,0.7830950021743774 
0.21098852157592773,0.535814642906189,-0.14496196806430817 
-0.43276020884513855,-0.16535305976867676,0.3765849471092224 
-0.4799292981624603,-0.25123265385627747,0.6188987493515015 
0.24731071293354034,0.08353857696056366,-0.19650964438915253 
-0.38987013697624207,-0.38856041431427,0.3765849471092224 
0.2783587574958801,0.32385218143463135,-0.5398290157318115 
-0.08941095322370529,-0.07095514982938766,-0.3546355962753296 
0.022152923047542572,0.1539837270975113,0.34424325823783875 
-0.12376279383897781,0.1539837270975113,-0.5999348163604736 
-0.26110050082206726,-0.010879230685532093,0.3765849471092224 
-0.029344985261559486,0.1539837270975113,-0.376727432012558 
-0.15809473395347595,0.1539837270975113,0.3356851637363434 
0.090876504778862,0.34017232060432434,-0.4625075161457062 
0.2783587574958801,0.3581841289997101,0.30991131067276 
-0.43276020884513855,0.1539837270975113,0.30135321617126465 
0.2783587574958801,-0.3456703722476959,0.7047783732414246 
-0.321206271648407,0.1539837270975113,-0.4368332326412201 
0.07366078346967697,-0.2597907483577728,0.3765849471092224 
0.21098852157592773,0.508150041103363,-0.608492910861969 
0.23944920301437378,0.2466302067041397,-0.5398290157318115 
0.2783587574958801,0.45262184739112854,-0.29950544238090515 
-0.0005653947591781616,0.4081500470638275,0.8047783970832825 
-0.01778111606836319,0.43581464886665344,-0.3711651563644409 
0.21954664587974548,0.535814642906189,0.550234854221344 
0.22900037467479706,0.22941447794437408,0.7522460222244263 
0.090876504778862,0.31360238790512085,-0.3681693375110626 
0.019157111644744873,-0.624196469783783,0.3557972013950348 
0.16960161924362183,0.6348194479942322,0.3319927453994751 
0.004996902775019407,0.11149173974990845,-0.11063002794981003 
0.09159252047538757,-0.3943425416946411,0.49081525206565857 
0.1782592236995697,-0.5850878357887268,-0.16330170631408691 
0.09943460673093796,0.3391771614551544,0.10391969978809357 
0.1783587634563446,-0.21989652514457703,-0.6543787121772766 
-0.4728638529777527,-0.3456703722476959,0.6846767663955688 
0.16960161924362183,0.43481943011283875,0.6211979389190674 
-0.08084288984537125,0.1539837270975113,0.04384378343820572 
-0.32976436614990234,0.11149173974990845,-0.3338373899459839 
0.18521469831466675,0.1539837270975113,0.25846317410469055 
0.1508827656507492,0.11149173974990845,0.07818567007780075 
-0.3640963137149811,0.11149173974990845,0.21547360718250275 
-0.49783116579055786,0.21786056458950043,0.8829954862594604 
0.18521469831466675,0.3391771614551544,0.20691551268100739 
0.12520845234394073,0.3493275046348572,-0.7509952783584595 
-0.21821044385433197,0.15448130667209625,0.36145898699760437 
0.2783587574958801,0.3581841289997101,0.43012288212776184 
-0.2954324185848236,-0.3284546136856079,0.7825974225997925 
0.09943460673093796,0.535814642906189,0.49878671765327454 
-0.26110050082206726,-0.13102111220359802,-0.3546355962753296 
0.09943460673093796,0.31360238790512085,-0.1364038735628128 
0.2783587574958801,-0.33701273798942566,-0.4797232747077942 
-0.2525423765182495,-0.524196445941925,0.550234854221344 
-0.4799292981624603,-0.1567949503660202,-0.47116515040397644 
0.20243041217327118,-0.38856041431427,0.7824978828430176 
0.10799270868301392,0.1539837270975113,0.5416767597198486 
0.37835875153541565,-0.09112689644098282,-0.053520090878009796 
-0.055077020078897476,0.1539837270975113,-0.31662166118621826 
-0.003591057611629367,-0.524196445941925,-0.608492910861969 
0.1783587634563446,-0.10229127109050751,0.3730129301548004 
-0.0636749342083931,0.1539837270975113,-0.7114887237548828 
-0.05507602542638779,-0.2683488428592682,-0.7816452980041504 
0.019167058169841766,0.011491738259792328,0.04084797576069832 
-0.2696585953235626,-0.4143342077732086,0.3765849471092224 
-0.2095528244972229,0.1539837270975113,-0.5656028389930725 
-0.47117215394973755,-0.01467067003250122,-0.49196332693099976 
0.11655082553625107,0.508150041103363,-0.5226132869720459 
0.12820425629615784,-0.3485666513442993,-0.6816452741622925 
0.23944920301437378,0.289520263671875,-0.16217771172523499 
0.2783587574958801,0.4354061186313629,0.06959771364927292 
0.23944920301437378,0.4011737108230591,-0.20506775379180908 
0.23944920301437378,0.2466302067041397,0.5932244658470154 
0.2783587574958801,0.4182898998260498,0.49878671765327454 
-0.3983287215232849,-0.4572242498397827,-0.35423752665519714 
0.16163015365600586,-0.48767518997192383,0.7812042236328125 
0.22810475528240204,0.11149173974990845,0.05243174359202385 
0.2783587574958801,0.3753998577594757,0.12969352304935455 
-0.060671158134937286,0.05398372560739517,0.21247780323028564 
-0.3640963137149811,0.1539837270975113,0.0009258760837838054 
0.1783587634563446,0.5611799359321594,-0.16773003339767456 
0.17517432570457458,0.43272969126701355,-0.5317580699920654 
0.2783587574958801,0.13507628440856934,0.3528013527393341 
0.37835875153541565,-0.5743405222892761,-0.33683323860168457 
0.19387231767177582,0.289520263671875,0.7547338008880615 
0.23546868562698364,-0.5006119012832642,-0.6658123135566711 
0.23944920301437378,0.40973180532455444,-0.40250128507614136 
0.23944920301437378,0.2037401646375656,-0.48828136920928955 
0.2783587574958801,0.2466302067041397,-0.4625075161457062 
0.1508827656507492,0.3396747410297394,0.4214652478694916 
0.2783587574958801,0.06637261062860489,-0.11063002794981003 
0.24731071293354034,-0.29412269592285156,-0.1364038735628128 
0.37835875153541565,-0.022463001310825348,0.3069155216217041 
0.14731070399284363,-0.3056766092777252,0.2811416685581207 
-0.4799292981624603,-0.42289233207702637,-0.40250128507614136 
0.13932883739471436,0.21149173378944397,-0.07073580473661423 
0.2788563072681427,0.023413898423314095,0.0009577202145010233 
0.03932884335517883,0.1539837270975113,0.04385373741388321 
-0.28687432408332825,0.11149173974990845,0.08676367998123169 
-0.3614198863506317,-0.38267868757247925,0.47738105058670044 
-0.5327602028846741,0.253983736038208,-0.07929391413927078 
0.2783587574958801,-0.4572242498397827,0.5245605707168579 
-0.4847058951854706,0.10980002582073212,0.38574013113975525 
0.23944920301437378,0.2037401646375656,-0.6341671943664551 
0.1783587634563446,0.11487270891666412,0.03226996213197708 
0.24731071293354034,-0.36278656125068665,0.2927951216697693 
0.2783587574958801,-0.25123265385627747,-0.63426673412323 
-0.04355494678020477,-0.4241964519023895,0.49312493205070496 
-0.4799292981624603,-0.14823684096336365,-0.5912771821022034 
0.1783587634563446,-0.025049380958080292,0.5188987255096436 
0.022162873297929764,-0.371344655752182,0.3765849471092224 
-0.10659682005643845,-0.524196445941925,0.6103406548500061 
0.1783587634563446,-0.5228923559188843,-0.22784575819969177 
0.1783587634563446,0.03762286528944969,0.4845668375492096 
0.2783587574958801,-0.12246300280094147,-0.6771567463874817 
-0.4799292981624603,-0.33701273798942566,-0.44539132714271545 
-0.22676855325698853,0.1539837270975113,0.6103406548500061 
-0.34688058495521545,-0.524196445941925,-0.6771567463874817 
0.2783587574958801,-0.38856041431427,-0.4110593795776367 
0.08221888542175293,-0.2254588007926941,0.7824978828430176 
0.2783587574958801,-0.21690070629119873,0.7133364677429199 
0.1783587634563446,0.352621853351593,0.06402546912431717 
0.09943460673093796,-0.0022912684362381697,-0.7816452980041504 
-0.17522089183330536,-0.02804519794881344,0.7824978828430176 
-0.20099472999572754,0.10068464279174805,0.7824978828430176 
0.022172823548316956,0.08354853093624115,-0.3546355962753296 
0.1766565889120102,0.023462660610675812,-0.7816452980041504 
0.24731071293354034,-0.09668917208909988,-0.05055411532521248 
-0.06363712251186371,-0.18256875872612,-0.3546355962753296 
0.1937728077173233,0.5361131429672241,-0.34239548444747925 
0.06510266661643982,0.1539837270975113,-0.7114887237548828 
0.090876504778862,0.508150041103363,-0.11063002794981003 
0.2783587574958801,0.40973180532455444,-0.007646162528544664 
-0.38987013697624207,0.1539837270975113,0.7133364677429199 
0.15654456615447998,-0.2885604202747345,-0.4546355903148651 
0.2783587574958801,-0.3456703722476959,0.4815710186958313 
0.2783587574958801,0.49551188945770264,0.5845668315887451 
0.1766565889120102,0.0663626566529274,0.3765849471092224 
0.02805403433740139,0.4783957004547119,-0.7536821961402893 
0.20243041217327118,0.36674222350120544,-0.7816452980041504 
0.3224324882030487,-0.6218081712722778,0.29917436838150024 
-0.4039905369281769,0.25418275594711304,0.5901291370391846 
-0.37265440821647644,-0.524196445941925,-0.5140551924705505 
0.19387231767177582,0.535814642906189,0.40434902906417847 
-0.1409088671207428,-0.1996849924325943,-0.3546355962753296 
0.37766212224960327,0.6279531121253967,0.048729389905929565 
-0.4643057584762573,-0.4884713292121887,0.48555150628089905 
-0.3640963137149811,0.11149173974990845,-0.08489600569009781 
-0.4799292981624603,-0.028025293722748756,0.44723907113075256 
0.1783587634563446,0.11229825764894485,-0.6629368662834167 
0.22810475528240204,-0.14823684096336365,-0.3546355962753296 
0.030760783702135086,0.05779459699988365,-0.7816452980041504 
-0.3640963137149811,0.1539837270975113,0.4557971954345703 
0.23944920301437378,0.21229825913906097,-0.376727432012558 
0.24731071293354034,-0.1567949503660202,0.3356851637363434 
-0.30399054288864136,-0.21690070629119873,-0.3546355962753296 
0.090876504778862,0.2466302067041397,-0.7538811564445496 
0.1736607849597931,-0.08256875723600388,-0.4546355903148651 
0.21944712102413177,0.1539837270975113,-0.5569452047348022 
-0.08639524132013321,0.24363437294960022,-0.6816452741622925 
0.03932884335517883,0.1547798365354538,0.21547360718250275 
-0.5925674438476562,0.04363437741994858,-0.33683323860168457 
-0.09810885041952133,-0.6218081712722778,0.29917436838150024 
-0.04355494678020477,-0.4241964519023895,0.6218945384025574 
-0.278216689825058,0.1539837270975113,-0.15361960232257843 
0.10799270868301392,0.508150041103363,0.3785752058029175 
0.14232465624809265,0.11149173974990845,0.2755793631076813 
0.10799270868301392,0.1539837270975113,-0.23939968645572662 
0.1783587634563446,0.4324102997779846,0.5446725487709045 
0.16510266065597534,0.4081500470638275,-0.14198605716228485 
