-0.43444201350212097,-0.14525997638702393,0.2997838258743286 
0.5535979866981506,-0.20571939647197723,-0.030688077211380005 
0.7631216049194336,0.047835588455200195,0.07710492610931396 
0.31883004307746887,-0.0006587803363800049,0.018181979656219482 
-0.6138522624969482,0.23207080364227295,-0.052752166986465454 
-0.2328709065914154,-0.09733434021472931,0.011783599853515625 
0.3493172824382782,-0.19255264103412628,-0.2163999080657959 
-0.021895766258239746,-0.4780077636241913,-0.6216882467269897 
0.5509851574897766,-0.1481398344039917,0.5473331809043884 
-0.6667867302894592,0.17783957719802856,-0.1043432354927063 
0.7452186942100525,0.6010831594467163,0.29348286986351013 
-0.6745399236679077,0.49676257371902466,-0.3306163549423218 
0.2672329545021057,-0.4933268129825592,0.3623141646385193 
0.451987087726593,0.10576353967189789,-0.309949666261673 
-0.6419219374656677,-0.195388063788414,-0.07188975811004639 
0.4531539976596832,0.1450861245393753,0.349331259727478 
0.4630247950553894,0.1450861245393753,-0.3512038290500641 
-0.8592783808708191,-0.18917131423950195,-0.0547843873500824 
0.3291846811771393,-0.3601970970630646,-0.07452595233917236 
-0.3723084330558777,-0.19091323018074036,0.47591522336006165 
-0.3005090653896332,0.18766595423221588,0.31362226605415344 
-0.40501925349235535,0.21358729898929596,0.07013732194900513 
0.7919540405273438,-0.16162419319152832,0.3281381130218506 
0.6629564762115479,-0.17183366417884827,-0.3279784321784973 
-0.3640168011188507,0.6139538884162903,-0.2686433494091034 
0.3079954981803894,-0.1923590898513794,0.10362625867128372 
0.06055431067943573,-0.1729135662317276,-0.040849149227142334 
-0.6094974875450134,0.351894348859787,0.23840683698654175 
0.7342777252197266,0.1741178333759308,-0.051344987004995346 
0.21509402990341187,-0.0702710822224617,0.37139537930488586 
-0.9229545593261719,0.051803261041641235,-0.07113891839981079 
-0.419533371925354,-0.41291671991348267,0.1004270613193512 
-0.04250824451446533,-0.4933268129825592,-0.320290744304657 
-0.6416316032409668,0.11257059872150421,-0.10288594663143158 
0.5977376699447632,0.613276481628418,-0.5372059941291809 
0.5874797701835632,0.6146312952041626,0.5276884436607361 
0.6197960376739502,0.24418102204799652,0.18656016886234283 
-0.07405207306146622,-0.19079136848449707,-0.1858198493719101 
0.18412688374519348,0.32624396681785583,0.00037596424226649106 
1.1947262287139893,-0.45290499925613403,-0.5053678750991821 
0.5254486799240112,0.3891516923904419,-0.672687292098999 
0.5558294653892517,-0.1923590898513794,0.1345934122800827 
-0.5741755962371826,-0.23910585045814514,0.0287187397480011 
0.5913392305374146,-0.2988143861293793,-0.237666517496109 
-0.7245655655860901,-0.19502033293247223,0.15530270338058472 
-0.8790141940116882,-0.18128833174705505,-0.11324059218168259 
-0.5110856890678406,0.06853917986154556,0.3716856837272644 
-0.22889751195907593,-0.19333650171756744,0.19652773439884186 
0.1428050994873047,-0.19332680106163025,-0.09257001429796219 
0.6694402098655701,0.032733410596847534,0.37129858136177063 
-0.6982434391975403,-0.054932668805122375,-0.25075411796569824 
0.10739211738109589,-0.021948665380477905,-0.4546591639518738 
0.5816677212715149,0.25908395648002625,-0.19278745353221893 
0.5454748868942261,-0.195388063788414,-0.11314381659030914 
0.43108993768692017,-0.06957432627677917,-0.37955811619758606 
-0.23981915414333344,0.11232471466064453,0.5690102577209473 
0.19474852085113525,0.0003089606761932373,-0.06166662275791168 
0.44221875071525574,-0.04986179620027542,0.26862311363220215 
-0.7654091715812683,0.4427635669708252,0.465947687625885 
0.948731005191803,-0.2672666013240814,-0.07249370217323303 
-0.4967634081840515,-0.08446759730577469,-0.3686228096485138 
0.8915327787399292,0.05334591120481491,-0.1339498609304428 
-0.11257144808769226,-0.12733377516269684,0.07266482710838318 
0.2524481415748596,0.13695721328258514,0.3525247275829315 
-0.5284079909324646,-0.19332680106163025,0.09329096972942352 
0.22535189986228943,-0.12445393204689026,-0.35623598098754883 
-0.46647366881370544,-0.19079136848449707,-0.1858198493719101 
-0.10506761819124222,0.11653825640678406,0.3548472821712494 
0.05678018927574158,-0.0400451123714447,-0.19637376070022583 
-0.2805739641189575,0.0017662515165284276,0.37333083152770996 
-0.9010783433914185,0.05499105155467987,0.1345934122800827 
-0.4773178696632385,0.23980292677879333,-0.07452595233917236 
-0.9023420214653015,-0.5602933168411255,0.6586214303970337 
-0.6095999479293823,-0.06103900820016861,0.25188148021698 
-0.022524667903780937,0.1250542402267456,-0.3503328561782837 
-0.8494018316268921,0.07773255556821823,-0.24756062030792236 
0.14618641138076782,-0.5585514307022095,-0.6667841672897339 
1.1774040460586548,0.1307695060968399,-0.1551487296819687 
0.6101188063621521,-0.14205682277679443,0.3507828414440155 
-0.3934047818183899,-0.2073645293712616,0.056492388248443604 
0.09122543036937714,0.32585689425468445,0.15501238405704498 
0.36013248562812805,0.3209272027015686,0.6719759702682495 
-0.9674641489982605,-0.10011955350637436,0.02102137729525566 
0.3827947974205017,-0.10168908536434174,-0.025462359189987183 
0.08087078481912613,-0.19024944305419922,-0.26778605580329895 
1.1149858236312866,-0.3919577896595001,-0.6556553840637207 
0.574210524559021,0.29129549860954285,0.009557783603668213 
-0.2502802610397339,0.6240181922912598,-0.41324061155319214 
-0.883659303188324,-0.11497991532087326,0.3488473892211914 
0.15576687455177307,-0.011013388633728027,-0.04937654733657837 
-0.7642421722412109,0.0976676493883133,0.031327635049819946 
0.13245046138763428,-0.1923590898513794,0.11398090422153473 
0.306253582239151,-0.1822560578584671,0.27355852723121643 
-0.4773178696632385,-0.49235910177230835,0.24873244762420654 
-0.07357218861579895,-0.2672666013240814,-0.07549366354942322 
0.7315680384635925,-0.19117847084999084,-0.17546521127223969 
-0.8245313763618469,-0.18543018400669098,-0.2751407325267792 
0.0699298083782196,0.10461194813251495,-0.35123854875564575 
0.6819238662719727,0.1956980675458908,0.3312348425388336 
0.17415934801101685,0.23479409515857697,-0.31210780143737793 
-1.0344362258911133,0.3478299081325531,-0.6716227531433105 
0.9032422304153442,-0.12225720286369324,-0.040922604501247406 
0.5557270050048828,-0.14378507435321808,0.3800428509712219 
0.7211166620254517,-0.19146879017353058,0.16594766080379486 
0.5303783416748047,-0.004717497620731592,-0.27310851216316223 
-0.9521741271018982,-0.05332624912261963,-0.20052923262119293 
0.753347635269165,0.5842447280883789,-0.579108476638794 
0.6054736971855164,0.2553098499774933,0.03133730962872505 
-0.2702193260192871,-0.15077601373195648,0.34575068950653076 
-0.8171766400337219,-0.19121716916561127,0.03135666623711586 
-0.13599605858325958,0.23179414868354797,-0.29536616802215576 
-0.29092860221862793,-0.19165265560150146,-0.16520734131336212 
-0.5383754968643188,0.11905433982610703,0.010705445893108845 
-0.6578893661499023,-0.20774589478969574,-0.2237546145915985 
-0.06716188788414001,-0.1747368425130844,-0.33736535906791687 
0.04931727051734924,0.3223787844181061,0.07429853081703186 
-0.38383007049560547,-0.195388063788414,0.12433554232120514 
0.48354053497314453,-0.15311789512634277,-0.2698182761669159 
0.7995990514755249,0.15621493756771088,-0.20914198458194733 
0.01805981993675232,0.020244061946868896,-0.39256036281585693 
0.008576124906539917,0.018115073442459106,-0.2273409068584442 
-0.6872113943099976,0.10376431047916412,-0.24756062030792236 
-0.07406175136566162,-0.19247521460056305,0.21714022755622864 
0.018253356218338013,0.486311137676239,-0.621494710445404 
0.5145077109336853,0.01231443602591753,0.3742985427379608 
0.44221875071525574,-0.19162362813949585,0.2377527505159378 
-0.48708611726760864,-0.19332680106163025,-0.040941961109638214 
0.010426223278045654,-0.06404465436935425,0.05263294279575348 
-0.1876724809408188,-0.18716241419315338,-0.2682698965072632 
-0.7529198527336121,-0.07120010256767273,0.27162307500839233 
-0.5602460503578186,-0.009875460527837276,-0.2704956531524658 
0.7210199236869812,0.18650469183921814,0.0898071676492691 
-0.787661075592041,0.0907968282699585,-0.11324059218168259 
-0.5448592901229858,-0.21481026709079742,0.2284626066684723 
0.06983301043510437,0.17787829041481018,0.6790404319763184 
-0.20702123641967773,-0.17842957377433777,-0.4234984517097473 
-0.8267571330070496,-0.1865720897912979,0.24801062047481537 
0.651155948638916,-0.34333935379981995,-0.5728182196617126 
0.5662809014320374,-0.08076121658086777,-0.3801387548446655 
-0.15032407641410828,0.00553467869758606,-0.019764214754104614 
0.881274938583374,-0.018652714788913727,-0.24833481013774872 
0.21509402990341187,-0.19298811256885529,-0.20614203810691833 
0.10690826177597046,-0.020884186029434204,0.27971893548965454 
-0.4293130934238434,0.1556342989206314,0.3140093684196472 
0.582828938961029,-0.03708785027265549,0.27268755435943604 
0.16283121705055237,-0.4933268129825592,-0.2583370804786682 
-0.15709812939167023,0.6248891353607178,-0.5058517456054688 
0.7844057679176331,0.09505480527877808,0.3595891296863556 
0.4953467845916748,0.2867608368396759,0.11398090422153473 
-0.5765038132667542,0.1157640814781189,0.268719881772995 
0.8971512913703918,-0.4933268129825592,0.3106861114501953 
-0.2914471924304962,-0.4933268129825592,0.23840683698654175 
-0.34734687209129333,0.2109881043434143,0.1653670221567154 
-1.0582423210144043,-0.38018059730529785,-0.669203519821167 
0.8627971410751343,-0.055818989872932434,0.012073904275894165 
-0.6263415813446045,-0.08075153082609177,-0.3650422692298889 
-0.2007424682378769,-0.23891231417655945,-0.68178391456604 
-0.7216623425483704,-0.21471349895000458,0.32049310207366943 
-0.6268254518508911,-0.02404293604195118,0.3856208920478821 
0.13786399364471436,0.0015670061111450195,0.16285665333271027 
-0.4956021308898926,-0.20542335510253906,-0.3244946300983429 
0.592403769493103,0.2604638338088989,0.4859795570373535 
-0.28052160143852234,0.6142442226409912,0.5664941072463989 
-0.06268132477998734,0.31443771719932556,-0.17488455772399902 
0.3443818986415863,-0.172123983502388,-0.3594294488430023 
-0.40444257855415344,-0.02919122390449047,0.37129858136177063 
0.18412688374519348,-0.18954302370548248,0.23804306983947754 
-0.5602460503578186,-0.14059555530548096,0.3472990393638611 
0.04931727051734924,-0.23629945516586304,-0.07249370217323303 
-0.053938835859298706,-0.4933268129825592,-0.320290744304657 
-0.22948387265205383,0.19337832927703857,0.06433096528053284 
-0.23286518454551697,0.25976136326789856,0.23755919933319092 
-0.9319486618041992,-0.005975537933409214,0.24210751056671143 
0.3458334803581238,0.20653654634952545,0.3109126389026642 
-0.4761451482772827,-0.2982337474822998,0.07429853081703186 
0.5601842403411865,-0.22651971876621246,0.27655842900276184 
0.7333099842071533,0.18031124770641327,0.2205272614955902 
-0.7874675989151001,0.08944200724363327,0.2483009248971939 
-0.05441126227378845,-0.1345916986465454,-0.034462183713912964 
-0.2702193260192871,-0.19332680106163025,0.08296536654233932 
0.848469078540802,0.1568923443555832,-0.08624110370874405 
-0.7453715801239014,-0.19291070103645325,-0.13385309278964996 
-0.41537386178970337,-0.256911963224411,-0.07452595233917236 
-0.1567053496837616,-0.1818496286869049,0.30375149846076965 
-0.0071863532066345215,-0.06752845644950867,0.1773725152015686 
0.7547934651374817,-0.056761667132377625,0.37139537930488586 
0.5619261264801025,0.24040687084197998,-0.3086239993572235 
-0.05336214601993561,0.2163105607032776,0.3045256435871124 
0.5696679353713989,0.12737677991390228,0.3602665364742279 
-0.5690523386001587,0.11644148826599121,-0.23701241612434387 
1.1917264461517334,-0.4222378432750702,0.5783971548080444 
0.6177638173103333,-0.19090750813484192,-0.20643235743045807 
0.3705161511898041,0.6275019645690918,-0.2686530351638794 
-0.672985851764679,-0.195388063788414,0.04169195145368576 
-0.890046238899231,-0.17584006488323212,0.12433554232120514 
0.7423098087310791,0.10599008202552795,-0.36678415536880493 
0.7827606797218323,-0.18229477107524872,-0.2883017957210541 
0.6897624731063843,0.2152460664510727,-0.18156187236309052 
0.5632809996604919,-0.23251962661743164,-0.3197528123855591 
1.1540818214416504,0.36621665954589844,-0.1437295824289322 
0.473772257566452,-0.256911963224411,0.671298623085022 
-0.04307524487376213,-0.1820528358221054,0.3279445767402649 
1.0004074573516846,0.22946763038635254,-0.6754937171936035 
-0.15660856664180756,-0.195388063788414,0.10362625867128372 
-0.32237961888313293,-0.07059043645858765,-0.3731711208820343 
-0.6527604460716248,0.10840938985347748,0.062333498150110245 
0.504352331161499,0.026921361684799194,-0.1656969040632248 
0.18403011560440063,-0.01889464259147644,-0.3754936754703522 
0.2771163284778595,0.016373157501220703,-0.15485841035842896 
0.5770226120948792,0.1336669623851776,-0.3596230149269104 
-0.9737542867660522,-0.11537668108940125,-0.09256033599376678 
0.6421504616737366,0.23953592777252197,-0.07593484222888947 
-0.23576834797859192,0.10647393763065338,0.3598794639110565 
-1.1493051052093506,0.34386223554611206,-0.6559456586837769 
0.3912254571914673,-0.13894645869731903,-0.03107517957687378 
0.3694401979446411,-0.4901139736175537,0.5685263872146606 
-0.5025697350502014,-0.04986179620027542,0.3168157637119293 
0.32831770181655884,-0.06884852796792984,0.2900097966194153 
-0.5694394707679749,-0.14279229938983917,-0.27010858058929443 
-1.2186908721923828,-0.4668499231338501,-0.5159160494804382 
-0.5693426728248596,0.11798985302448273,0.1345934122800827 
-0.7326033115386963,0.4624083638191223,0.3623238205909729 
0.6111832857131958,-0.08628690987825394,-0.27939873933792114 
-0.17818881571292877,0.18785950541496277,0.313041627407074 
-0.4380282759666443,0.5997283458709717,0.4336256980895996 
0.8299855589866638,-0.1852947175502777,-0.09256033599376678 
0.49389517307281494,0.04308805242180824,-0.3731711208820343 
0.11522497236728668,-0.1312376707792282,-0.3524618446826935 
0.20272256433963776,0.6104700565338135,0.22810056805610657 
-0.8580203652381897,-0.4642951190471649,-0.7089769244194031 
0.7738633155822754,0.20778095722198486,0.07884681224822998 
0.1014833003282547,-0.19284294545650482,0.010647381655871868 
-0.16696321964263916,0.0017662515165284276,0.37129858136177063 
-0.8144727349281311,-0.40213534235954285,0.5229465961456299 
-0.48708611726760864,0.022378765046596527,-0.3754936754703522 
-0.3494758903980255,0.09969987720251083,0.3590084910392761 
-1.0210816860198975,0.08606068789958954,-0.010172337293624878 
-0.3425082564353943,-0.19011397659778595,0.2685263454914093 
0.8445013761520386,-0.18190768361091614,0.041682276874780655 
0.597640872001648,0.2707797586917877,-0.07549366354942322 
0.648730993270874,-0.195388063788414,-0.08221536874771118 
0.8442168235778809,0.576696515083313,-0.39256036281585693 
-0.6407549977302551,-0.2885565161705017,-0.26895302534103394 
0.01883970946073532,0.11692535877227783,0.3559117913246155 
-0.569729745388031,-0.19470098614692688,-0.16482023894786835 
0.03952963277697563,-0.19253328442573547,0.16594766080379486 
-0.2867673933506012,0.23866496980190277,0.010686091147363186 
-0.9110515713691711,0.3223787844181061,-0.07549366354942322 
0.8925972580909729,-0.019049478694796562,-0.05126756802201271 
0.4407728910446167,-0.16033315658569336,0.05039572715759277 
0.21470697224140167,0.32730844616889954,-0.10278917104005814 
-0.9513031244277954,-0.039555542171001434,0.134399875998497 
-0.46221569180488586,0.1336669623851776,-0.3098820149898529 
-0.4157649576663971,0.17063401639461517,-0.12349845468997955 
-0.7864997982978821,0.09292580932378769,0.1449480652809143 
0.4318641126155853,-0.19332680106163025,-0.13385309278964996 
-0.4658930003643036,-0.11154352873563766,-0.2738827168941498 
0.36992982029914856,0.3099862039089203,0.15530270338058472 
0.2160617709159851,0.22018146514892578,0.30394503474235535 
-0.6522766351699829,-0.18996880948543549,0.22778519988059998 
0.855823814868927,0.09205485880374908,0.00035467438283376396 
0.2976408302783966,-0.19332680106163025,-0.123595230281353 
-0.25996145606040955,0.032733410596847534,-0.3745259642601013 
-0.07406175136566162,-0.07966768741607666,-0.3742356300354004 
0.04984556883573532,-0.1923494040966034,-0.15475592017173767 
0.40089693665504456,-0.1925623118877411,0.14504483342170715 
-0.13589927554130554,0.13627982139587402,-0.3409459590911865 
-0.14684027433395386,0.1411048024892807,0.03975078463554382 
-0.2823101878166199,-0.5530353784561157,0.027568906545639038 
0.3730265200138092,-0.22177788615226746,0.3477829098701477 
-0.9216907620429993,-0.0003627402475103736,-0.27833423018455505 
-0.40792638063430786,-0.13889236748218536,-0.3505264222621918 
0.4834437668323517,-0.15283726155757904,-0.3800419867038727 
-0.6213094592094421,-0.1929977983236313,0.1345934122800827 
-1.180465817451477,0.37182945013046265,-0.45456236600875854 
-0.9124006628990173,-0.17016920447349548,-0.020271386951208115 
0.7935023903846741,0.02247554063796997,-0.36184877157211304 
-0.38383007049560547,-0.1923590898513794,-0.13385309278964996 
-0.5800843834877014,-0.19332680106163025,0.010686091147363186 
-0.3573087453842163,0.40453851222991943,-0.6529457569122314 
0.8620229363441467,-0.5221650004386902,0.675653338432312 
-0.6471476554870605,-0.17677874863147736,0.39694327116012573 
0.8151794075965881,-0.18092060089111328,0.21762409806251526 
-0.012127446010708809,0.2113751620054245,-0.30610787868499756 
0.8939520716667175,-0.08998361974954605,-0.1304660588502884 
0.7003105878829956,-0.19332680106163025,0.07263975590467453 
0.2769315838813782,-0.18664953112602234,-0.27852776646614075 
-0.16696321964263916,-0.19470098614692688,-0.16482023894786835 
0.2775740623474121,0.3223787844181061,-0.6720098853111267 
-0.1251518726348877,-0.4933268129825592,0.3313373327255249 
-0.4542803466320038,0.14624737203121185,-0.04007100686430931 
-0.23586513102054596,-0.13134412467479706,-0.35284894704818726 
-0.9152070879936218,-0.16363704204559326,0.271816611289978 
0.5790491104125977,-0.43636661767959595,-0.6029144525527954 
0.21563199162483215,-0.49538809061050415,-0.39254099130630493 
0.5660873651504517,-0.13246667385101318,0.26862311363220215 
-0.9413356184959412,-0.01949463039636612,-0.11324059218168259 
-0.3120984137058258,-0.49083977937698364,-0.5576249361038208 
0.8090827465057373,0.15611815452575684,0.16101226210594177 
-0.053400855511426926,-0.008588392287492752,0.37333083152770996 
-0.7912417054176331,-0.1564178317785263,0.34187978506088257 
0.02488797903060913,-0.16055968403816223,-0.34055885672569275 
0.4333156943321228,-0.24906770884990692,-0.27504396438598633 
0.505223274230957,0.6155022382736206,-0.5742697715759277 
-0.5810521245002747,0.005540372338145971,0.310138463973999 
-0.19793035089969635,-0.08640304207801819,0.3729437291622162 
0.43902525305747986,-0.0061690788716077805,-0.2896566092967987 
-1.1741756200790405,0.3749261498451233,-0.2583370804786682 
-0.8746594786643982,0.07260362058877945,0.22207564115524292 
-0.8340150713920593,-0.13004738092422485,-0.3507199287414551 
0.89317786693573,-0.0900997444987297,0.045127369463443756 
-0.7266945242881775,-0.14247295260429382,-0.24330265820026398 
-0.38383007049560547,-0.19212684035301208,-0.2267545610666275 
1.1479852199554443,-0.3887255787849426,0.6518473625183105 
0.7791800498962402,0.1595052033662796,-0.3023337721824646 
-0.37299156188964844,-0.11451540887355804,0.3611375093460083 
0.582828938961029,-0.047355394810438156,0.3654922544956207 
-0.5970195531845093,0.09602251648902893,0.3592020571231842 
-0.6524643898010254,0.19805823266506195,0.02253672480583191 
-0.6877920031547546,-0.12901189923286438,0.29707416892051697 
0.7004073858261108,-0.1447567641735077,0.3458474576473236 
-0.6903080940246582,0.10444172471761703,-0.020271386951208115 
0.8715009093284607,0.08547434210777283,-0.21572250127792358 
0.24606117606163025,-0.1508050411939621,0.34575068950653076 
-0.8604339361190796,-0.028726719319820404,0.35929879546165466 
-0.6707600951194763,-0.003362683579325676,0.310138463973999 
0.07157492637634277,-0.0008523166179656982,-0.020054519176483154 
-0.12529303133487701,0.29876062273979187,-0.23691564798355103 
0.8748879432678223,0.05808776244521141,0.2426881194114685 
-1.2682383060455322,-0.4338698983192444,0.4036262631416321 
0.2563190460205078,-0.19178813695907593,0.17620553076267242 
0.6281184554100037,-0.191517174243927,0.18656016886234283 
0.38067153096199036,0.30408307909965515,-0.20633557438850403 
-1.024565577507019,-0.4933268129825592,-0.3306163549423218 
-0.1147972047328949,0.11057311296463013,0.5174305438995361 
0.7938894629478455,-0.18843014538288116,0.11398090422153473 
0.16690140962600708,-0.18465600907802582,-0.30455952882766724 
-0.25996145606040955,-0.1923590898513794,-0.0822444036602974 
0.4008001685142517,0.21476221084594727,-0.3098820149898529 
0.4628312289714813,0.22124597430229187,0.3059772551059723 
0.4840301275253296,-0.49235910177230835,-0.2583564519882202 
0.17308911681175232,0.039803504943847656,0.5819777250289917 
0.8937642574310303,-0.4625435471534729,-0.679171085357666 
-0.6967918276786804,0.10444172471761703,0.25846201181411743 
-0.7014369368553162,-0.13179895281791687,-0.3260429799556732 
-0.9285674095153809,0.041158318519592285,0.5731714367866516 
0.235609769821167,0.16308575868606567,-0.3304945230484009 
-0.36612072587013245,0.19327875971794128,0.25875234603881836 
-0.9429807066917419,-0.08518370985984802,0.2950419783592224 
0.6693434119224548,-0.0705033466219902,0.3742985427379608 
-0.4846668243408203,0.12486068904399872,-0.22791582345962524 
0.8153729438781738,-0.1827012151479721,-0.1963680237531662 
0.4011929929256439,-0.02233576774597168,0.02137547731399536 
0.6400214433670044,0.23111674189567566,-0.24881866574287415 
-0.8070155382156372,-0.1923881322145462,0.1345934122800827 
0.2565125823020935,0.24872931838035583,-0.29623711109161377 
-0.4995698034763336,-0.2104555368423462,0.30026766657829285 
-0.42515188455581665,-0.03954586759209633,-0.3754936754703522 
0.3127373456954956,-0.09901731461286545,-0.33001068234443665 
-0.21912351250648499,0.24505196511745453,-0.30243054032325745 
-1.0150818824768066,0.40173211693763733,-0.45456236600875854 
-0.34715336561203003,0.21069775521755219,0.06231413781642914 
-0.7694678902626038,0.09292580932378769,-0.22685131430625916 
0.6786336302757263,0.21940727531909943,-0.0030633253045380116 
-0.487080454826355,-0.21259021759033203,-0.019849568605422974 
0.2733509838581085,0.32285693287849426,-0.003072034567594528 
-1.095596432685852,0.3870227038860321,0.6401379108428955 
-0.033326297998428345,0.3121209144592285,0.07129856944084167 
0.08028441667556763,0.10700221359729767,-0.23772457242012024 
0.5041530728340149,-0.19383969902992249,-0.18543276190757751 
0.8248623609542847,-0.4933268129825592,-0.3306163549423218 
-0.5593751072883606,-0.19332680106163025,-0.0822444036602974 
-0.507886528968811,0.10994410514831543,0.24873244762420654 
0.5615333318710327,0.2810279428958893,-0.038139551877975464 
-0.14635069668293,-0.1516856700181961,-0.34723615646362305 
0.05851063132286072,0.6145344972610474,-0.320290744304657 
0.597640872001648,-0.3785935044288635,0.6713954210281372 
0.5218623876571655,0.28085774183273315,0.017585959285497665 
0.15239126980304718,-0.005400598049163818,0.3519982099533081 
0.43254151940345764,0.01270152535289526,0.3680083155632019 
0.6372150778770447,0.23092319071292877,0.2657199501991272 
0.506094217300415,0.02043759822845459,0.5183982849121094 
0.6763110756874084,0.12031238526105881,0.36316969990730286 
-0.8291764855384827,-0.03913941979408264,-0.3673647940158844 
0.359671950340271,0.10337723046541214,0.3673309087753296 
-0.6323415040969849,0.11063514649868011,-0.18552953004837036 
-0.24530614912509918,0.6205344200134277,-0.511464536190033 
-0.7969512343406677,-0.0786709263920784,0.37139537930488586 
0.7961152791976929,0.014249887317419052,0.359976202249527 
0.38018766045570374,0.13569919764995575,-0.3508167266845703 
-0.10444256663322449,-0.19323575496673584,-0.660106897354126 
-0.49831172823905945,0.117699533700943,0.2896227240562439 
-0.5909286141395569,-0.48822689056396484,-0.5476573705673218 
-0.43202269077301025,0.09050650149583817,0.3619116544723511 
-0.476731538772583,-0.19197200238704681,0.1554962545633316 
-0.5646975636482239,-0.044703830033540726,-0.4028802514076233 
0.4318641126155853,-0.0911642387509346,-0.2698182761669159 
-0.4559311866760254,-0.038883864879608154,-0.012312740087509155 
-0.11537386476993561,-0.19332680106163025,0.00036241611815057695 
-0.5186396837234497,-0.49538809061050415,-0.2789592742919922 
-0.021895766258239746,0.10581190884113312,0.47591522336006165 
0.3389626443386078,0.2654709219932556,-0.2870437502861023 
0.5076369047164917,-0.005588449537754059,0.28236478567123413 
0.13245046138763428,-0.18993979692459106,-0.20643235743045807 
-0.6570184230804443,0.0021533402614295483,-0.2887856364250183 
0.6576340198516846,0.23024578392505646,0.11049709469079971 
0.8022118806838989,0.15737619996070862,0.310138463973999 
0.4634176194667816,-0.16575241088867188,-0.051881223917007446 
0.7821800708770752,0.1612471044063568,0.0107151223346591 
-0.9565288424491882,-0.04092003405094147,-0.030606672167778015 
-0.6115354299545288,0.11257059872150421,-0.02028106153011322 
-0.632631778717041,-0.0980505645275116,-0.24146394431591034 
0.7454065680503845,-0.1314215362071991,-0.35284894704818726 
0.7157942056655884,0.17518232762813568,-0.24446390569210052 
0.36992982029914856,-0.13246667385101318,0.26862311363220215 
0.4318641126155853,-0.19047203660011292,-0.21669022738933563 
0.1118379458785057,-0.19290101528167725,0.20678560435771942 
0.48354053497314453,-0.19221392273902893,0.16594766080379486 
-0.23980948328971863,-0.49538809061050415,0.3829944133758545 
0.12160623073577881,0.3121209144592285,-0.07549366354942322 
-1.0452748537063599,-0.4953009784221649,-0.2273312211036682 
-0.15719491243362427,0.26048317551612854,0.671298623085022 
-0.2586066424846649,0.2510518431663513,-0.0615835040807724 
0.48354053497314453,-0.13246667385101318,0.26862311363220215 
0.5087013840675354,0.2792125940322876,-0.21330319344997406 
-0.29795029759407043,0.6219860315322876,0.29004746675491333 
-0.5496068000793457,0.11382468044757843,0.5790745615959167 
0.19497109949588776,0.10916025936603546,0.04237505793571472 
0.3493172824382782,-0.13246667385101318,-0.2698182761669159 
0.2872862219810486,0.26295486092567444,0.2859453558921814 
-0.7766290903091431,-0.18927204608917236,-0.20623882114887238 
-0.4875757396221161,-0.22788026928901672,-0.07355821132659912 
-0.7149850726127625,-0.028997676447033882,-0.33001068234443665 
0.5182818174362183,-0.15564365684986115,0.3738146722316742 
0.5173141360282898,0.27872875332832336,0.18752789497375488 
0.5840813517570496,-0.21520307660102844,0.3752235770225525 
0.8574689030647278,0.05170078203082085,-0.0650286003947258 
0.6693434119224548,0.13086055219173431,-0.3594294488430023 
-0.03190384432673454,-0.10750328004360199,0.3643309772014618 
-0.21225839853286743,0.6224698424339294,0.5333980321884155 
0.2682163119316101,-0.030754953622817993,-0.17227743566036224 
-0.7166301608085632,-0.04277806356549263,0.3583310842514038 
-0.4892151355743408,-0.04274902865290642,-0.29623711109161377 
0.7486968040466309,0.1693759709596634,-0.1543688178062439 
-0.3395083546638489,0.21321386098861694,-0.19559384882450104 
-0.8426278233528137,0.08479693531990051,-0.050396621227264404 
-0.7243719696998596,0.10337723046541214,0.10362625867128372 
0.860178530216217,0.06311992555856705,0.3270736336708069 
0.6177638173103333,-0.195388063788414,0.08299439400434494 
-0.5768908858299255,-0.14277294278144836,0.23310768604278564 
-0.0843680128455162,-0.195388063788414,0.12433554232120514 
0.48363733291625977,0.2227943241596222,-0.30997878313064575 
-0.35418471693992615,0.009889423847198486,0.04160088300704956 
-0.4326033294200897,0.15640848875045776,0.2390107959508896 
-0.5333433747291565,-0.0030723686795681715,0.36897605657577515 
0.41163870692253113,0.3035992383956909,0.09330064803361893 
0.576732337474823,-0.029452510178089142,-0.3266236186027527 
0.7106652855873108,-0.19121716916561127,-0.24727031588554382 
0.44348251819610596,-0.08988286554813385,0.01836410164833069 
-0.5072148442268372,0.12147367000579834,0.09331032633781433 
-0.7588229179382324,-0.07635807245969772,-0.2887856364250183 
-0.42795827984809875,-0.17436911165714264,-0.28801146149635315 
-1.267077088356018,0.17800410091876984,-0.47594907879829407 
0.38018766045570374,-0.04886504262685776,0.37139537930488586 
-1.2041749954223633,-0.4442439079284668,-0.6305912733078003 
-0.7555326819419861,-0.19204941391944885,0.2273980975151062 
-0.5284079909324646,-0.19212684035301208,-0.2267545610666275 
1.1574689149856567,0.4363766312599182,-0.5676892995834351 
0.16341760754585266,0.32885682582855225,0.07265910506248474 
0.0439094603061676,-0.049819111824035645,-0.48040062189102173 
-0.2707999646663666,0.24611645936965942,0.17562489211559296 
-0.6153095364570618,-0.10233563929796219,0.3783629834651947 
1.2027583122253418,-0.4314892888069153,-0.09389182925224304 
0.39461249113082886,-0.21375149488449097,0.6714920997619629 
-0.9510185718536377,0.042513132095336914,0.0014403462409973145 
-0.7561190128326416,0.10461194813251495,0.1868561953306198 
0.28718945384025574,0.3194698989391327,-0.1647234708070755 
0.5454748868942261,-0.19050104916095734,0.207172691822052 
0.4315738081932068,-0.16151773929595947,0.37845975160598755 
-0.672985851764679,-0.19530096650123596,-0.14420773088932037 
0.40148329734802246,0.02546977996826172,-0.36157384514808655 
0.05039319396018982,-0.339545875787735,-0.6715260148048401 
-0.3322503864765167,-0.049890827387571335,0.37420177459716797 
0.2974473237991333,0.31917956471443176,0.15510915219783783 
-0.1567053496837616,-0.18985269963741302,0.20707590878009796 
0.20473940670490265,-0.19332680106163025,-0.13385309278964996 
-0.3528629243373871,-0.19332680106163025,0.05198853090405464 
0.5977376699447632,0.4272800087928772,-0.05923590064048767 
-0.3528629243373871,0.02247554063796997,0.37129858136177063 
-0.0017824814422056079,-0.19204941391944885,0.2273980975151062 
-0.336212158203125,-0.228460893034935,0.07110503315925598 
-0.6159812211990356,-0.2644602060317993,0.09308378398418427 
0.6693434119224548,-0.19332680106163025,0.00036241611815057695 
0.588823139667511,-0.46588218212127686,-0.4338530898094177 
-0.897981584072113,-0.17695292830467224,0.05196917802095413 
0.5867966413497925,-0.17355622351169586,-0.26991501450538635 
1.0313745737075806,0.10487322509288788,-0.40288597345352173 
-0.6240190863609314,-0.1755594164133072,-0.3708485960960388 
0.34008124470710754,0.02576008439064026,-0.19647052884101868 
-1.2216907739639282,-0.3163108229637146,0.6226221323013306 
0.03953931853175163,-0.16597895324230194,0.33665409684181213 
0.7211166620254517,0.032733410596847534,-0.3725905120372772 
0.5971512794494629,0.032733410596847534,0.37420177459716797 
-0.3325609564781189,0.6196634769439697,0.19711406528949738 
0.08087078481912613,0.268083781003952,0.2842034697532654 
0.628607988357544,0.10821187496185303,-0.12379448115825653 
-0.4487643241882324,-0.08544498682022095,0.36162135004997253 
0.740858256816864,-0.1848689168691635,0.2782035768032074 
0.5660873651504517,0.04308805242180824,-0.3754936754703522 
0.1118379458785057,-0.018884966149926186,-0.3745259642601013 
-0.1827370971441269,0.27998679876327515,0.18646340072155 
0.8169270157814026,-0.5491644740104675,-0.6760743260383606 
-0.15611901879310608,0.3223787844181061,0.07420176267623901 
-0.6108580231666565,0.11334477365016937,-0.2990435063838959 
-0.2526010274887085,-0.5438420176506042,-0.6597198247909546 
-0.2977026700973511,0.23189090192317963,0.24791382253170013 
0.3730265200138092,-0.0360427089035511,-0.35584887862205505 
0.6840528845787048,0.21514931321144104,0.17794743180274963 
-0.3009929358959198,0.21553640067577362,-0.314430296421051 
0.8904682993888855,-0.08203860372304916,-0.20527109503746033 
0.5259325504302979,0.01966342329978943,-0.5065291523933411 
-0.6935983896255493,0.022378765046596527,0.3742985427379608 
0.27324849367141724,-0.03791612386703491,-0.06340852379798889 
0.7904113531112671,0.38992589712142944,0.07275015115737915 
-0.16696321964263916,0.07211975008249283,0.3731372654438019 
-0.34301719069480896,-0.15597839653491974,0.03665408492088318 
0.13797219097614288,-0.010239243507385254,0.20744934678077698 
0.19292744994163513,0.0370938777923584,-0.009398132562637329 
0.6249249577522278,-0.09597769379615784,0.279558390378952 
0.33948126435279846,-0.20388072729110718,-0.06475195288658142 
0.5254486799240112,0.10461194813251495,-0.18601910769939423 
0.13186410069465637,0.00011542439460754395,0.48626989126205444 
-0.3632175624370575,-0.1786077320575714,0.33384770154953003 
0.2666737139225006,0.032733410596847534,-0.37268728017807007 
0.9281184673309326,0.25012853741645813,-0.6754937171936035 
0.5145077109336853,-0.0911642387509346,-0.2698182761669159 
0.4111548066139221,-0.164372518658638,-0.37607431411743164 
0.2775875926017761,-0.49538809061050415,-0.4234984517097473 
0.277028352022171,-0.1929977983236313,0.04162421077489853 
-0.6414380669593811,0.10976419597864151,0.2996870279312134 
-0.5382786989212036,-0.040242623537778854,0.25846201181411743 
-0.3064121901988983,0.2322780042886734,0.11398090422153473 
0.8893070220947266,-0.008365816436707973,-0.16482023894786835 
0.6335376501083374,-0.10970195382833481,-0.34036532044410706 
0.6699298620223999,-0.40147921442985535,-0.08023551106452942 
0.1531597375869751,0.32779231667518616,-0.13365955650806427 
-0.1355179101228714,-0.3882126808166504,-0.6737517714500427 
0.5507916212081909,-0.15510743856430054,0.13527654111385345 
-0.5783424973487854,0.11450605094432831,-0.14333677291870117 
-0.8373053073883057,-0.18776239454746246,-0.17488455772399902 
0.7389227747917175,0.1700533777475357,0.2883646786212921 
-0.384435772895813,0.4755694270133972,-0.620623767375946 
-0.6950556635856628,0.48621436953544617,0.42423880100250244 
-0.4956989288330078,-0.1521211415529251,-0.3856547474861145 
0.8986939787864685,-0.15591461956501007,0.07265910506248474 
-0.5531817078590393,-0.2162618488073349,0.3445894122123718 
0.3618009090423584,-0.20135891437530518,-0.28201159834861755 
0.8887263536453247,0.03331403806805611,0.00036241611815057695 
-0.4123722314834595,0.10862800478935242,0.08891114592552185 
0.10381156206130981,-0.024464786052703857,0.05302003026008606 
-0.9193682670593262,-0.16886276006698608,0.18578599393367767 
-0.7683123350143433,-0.38210636377334595,0.5688166618347168 
-0.7839837670326233,-0.13341505825519562,0.27917128801345825 
-0.5320795774459839,0.3835389018058777,-0.20668968558311462 
0.6158283352851868,0.19898831844329834,-0.3225592076778412 
0.6080865859985352,0.19666577875614166,0.325622022151947 
0.3858972489833832,-0.22951968014240265,-0.36746156215667725 
-0.7445006370544434,0.10037727653980255,0.196430966258049 
-0.1153545156121254,-0.15092116594314575,0.3460410237312317 
-0.33166977763175964,0.08421629667282104,-0.3686228096485138 
0.7347615361213684,0.045797668397426605,0.3704276382923126 
-0.6024330854415894,-0.30307239294052124,-0.041816890239715576 
-0.2497035712003708,-0.18084317445755005,-0.3109464943408966 
-0.06757229566574097,-0.12849503755569458,0.03210577368736267 
0.4059291183948517,-0.0053949011489748955,0.310138463973999 
0.23570656776428223,-0.06019708514213562,-0.3727840483188629 
0.4731859266757965,-0.195388063788414,-0.07188975811004639 
0.26726198196411133,0.10461194813251495,0.29006585478782654 
1.179436206817627,0.23981259763240814,0.5590426921844482 
-0.5796005725860596,0.11682858318090439,0.06232381984591484 
0.3183501362800598,-0.19332680106163025,-0.009963192977011204 
0.1112515926361084,0.10461194813251495,0.30039146542549133 
0.3499230146408081,-0.06685106456279755,0.0003758668899536133 
-0.032752539962530136,-0.19461388885974884,0.16556057333946228 
0.8961778879165649,-0.09862054884433746,0.11049709469079971 
0.007894755341112614,0.318405419588089,-0.16511055827140808 
-0.521929919719696,0.5671160817146301,-0.2583274245262146 
-0.5284079909324646,0.11595763266086578,-0.2887856364250183 
0.5740169882774353,-0.26736336946487427,0.011407911777496338 
-0.7972472906112671,-0.2080419361591339,-0.06455838680267334 
0.21405461430549622,0.007566899061203003,-0.12389124929904938 
0.42160624265670776,0.08286149054765701,0.3731372654438019 
0.5537915825843811,-0.14397862553596497,-0.2857140004634857 
0.6075059175491333,-0.195388063788414,-0.13385309278964996 
0.5248623490333557,-0.19332680106163025,0.06231413781642914 
-0.5593751072883606,-0.19197200238704681,0.1554962545633316 
-0.549020528793335,0.04308805242180824,-0.372493714094162 
-0.22899429500102997,-0.19226230680942535,-0.14430449903011322 
0.04986492544412613,0.0017662515165284276,-0.372493714094162 
-0.2702193260192871,-0.0702710822224617,0.37139537930488586 
-0.26048004627227783,0.25011885166168213,0.07371786236763 
-0.6006969213485718,-0.195388063788414,0.07266878336668015 
-0.8077954649925232,-0.4933268129825592,-0.268662691116333 
-0.6218900680541992,0.11131255328655243,0.21733377873897552 
0.4634176194667816,-0.4933268129825592,-0.320290744304657 
-0.039556603878736496,0.27418044209480286,0.27771973609924316 
0.16409501433372498,0.06370055675506592,-0.3754936754703522 
-0.5181500911712646,0.11731243878602982,0.2275916486978531 
-0.08528734743595123,0.10115145146846771,-0.3619455397129059 
0.8468239903450012,-0.1710595041513443,-0.25830236077308655 
0.8636623024940491,-0.1770690679550171,-0.020271386951208115 
-0.969109296798706,-0.14012137055397034,-0.030606672167778015 
0.359671950340271,-0.19162362813949585,0.2377527505159378 
-0.9655343890190125,-0.5459709763526917,0.6629761457443237 
-0.46066731214523315,0.142279714345932,-0.16394929587841034 
0.44221875071525574,0.08228085935115814,-0.3729775846004486 
-0.8543372750282288,-0.1841915100812912,0.18936657905578613 
0.6074091792106628,-0.19118814170360565,0.24801062047481537 
0.24606117606163025,0.07347457110881805,0.37420177459716797 
-0.02263498678803444,0.31356680393218994,0.21733377873897552 
0.4720246195793152,0.29227685928344727,-0.08308631926774979 
-0.5214403867721558,-0.10148114711046219,-0.3048498332500458 
0.681252121925354,0.6080507636070251,0.20744934678077698 
-0.7072432637214661,0.10453848540782928,-0.08222504705190659 
0.7214126586914062,0.04560983180999756,0.6196221709251404 
0.277028352022171,-0.1602984070777893,-0.34355881810188293 
-0.48708611726760864,-0.18859463930130005,0.2379463016986847 
-0.6327228546142578,-0.2829437255859375,-0.12466543912887573 
-0.19793035089969635,0.1864079087972641,-0.31684961915016174 
0.21022242307662964,0.011244237422943115,-0.20670904219150543 
0.2913563847541809,-0.40990036725997925,-0.6612681150436401 
-0.07399401068687439,0.24660031497478485,-0.2924630045890808 
0.21112637221813202,0.28859952092170715,0.27849388122558594 
0.44270262122154236,0.29401877522468567,-0.2165934443473816 
0.8691783547401428,0.1136351004242897,0.1957535594701767 
-0.6457017660140991,-0.09607630968093872,0.04189121723175049 
0.5248623490333557,0.16415026783943176,0.3344283103942871 
-0.37182456254959106,-0.36081644892692566,0.11107200384140015 
-0.9362066984176636,-0.1658628284931183,-0.07878962904214859 
0.7479225993156433,-0.028900908306241035,-0.3712356686592102 
0.7502451539039612,0.17266623675823212,0.1449480652809143 
0.6897624731063843,0.21543961763381958,-0.10975678265094757 
-0.662636935710907,0.500052809715271,-0.39255067706108093 
0.1008969247341156,0.478569358587265,0.02358981966972351 
-0.7249525785446167,0.09757088869810104,-0.31984958052635193 
0.5455716252326965,0.1790532022714615,-0.3294300436973572 
-0.7874675989151001,-0.1476115584373474,-0.30910784006118774 
-0.2604607045650482,-0.49538809061050415,0.3210407495498657 
0.5256365537643433,0.09863537549972534,-0.36871960759162903 
-0.10156445950269699,0.1790532022714615,0.31991246342658997 
-0.2805739641189575,-0.19332680106163025,0.010686091147363186 
-0.7044426202774048,0.10461194813251495,0.26941269636154175 
-0.23934893310070038,0.15853749215602875,0.3249446153640747 
-0.46647366881370544,-0.19332680106163025,0.08296536654233932 
-0.7544682025909424,0.09824829548597336,-0.03059699572622776 
0.24606117606163025,-0.19076234102249146,0.2583652436733246 
-0.43531864881515503,0.5984703302383423,0.12492190301418304 
0.33780136704444885,-0.12146366387605667,0.3226220905780792 
0.7921475768089294,0.1588277965784073,0.2272045761346817 
-1.205820083618164,0.33650752902030945,0.5798487067222595 
0.6352795958518982,0.23934240639209747,-0.1625944823026657 
0.2982272207736969,0.1096344143152237,0.1039222925901413 
-0.672985851764679,-0.04986179620027542,0.26862311363220215 
0.29484984278678894,0.6221795082092285,-0.2480017989873886 
0.7935023903846741,0.15795683860778809,0.08297503739595413 
-0.4761451482772827,-0.29833054542541504,-0.07268726825714111 
-0.7339524626731873,0.09902247041463852,0.3098481595516205 
-0.8677886724472046,-0.16429510712623596,0.3145900070667267 
-0.849982500076294,0.07966800034046173,0.16556057333946228 
-0.1469370424747467,0.022856920957565308,-0.11373014748096466 
0.20047569274902344,-0.029980778694152832,-0.010764390230178833 
-0.672985851764679,0.02247554063796997,-0.372493714094162 
0.7243101596832275,0.17924675345420837,0.023769713938236237 
-0.21912923455238342,-0.49538809061050415,0.20745903253555298 
-0.5070212483406067,0.12118333578109741,-0.061573825776576996 
0.6914132833480835,0.0065991878509521484,0.3313469886779785 
0.5034699440002441,-0.15491388738155365,-0.05720368027687073 
0.20473940670490265,-0.18081414699554443,0.31110620498657227 
-0.5765038132667542,-0.0015240064822137356,-0.3303009867668152 
-0.7474038004875183,-0.11324769258499146,0.34158948063850403 
-0.8395311236381531,0.07918412983417511,0.27936485409736633 
1.1562108993530273,-0.4490147829055786,0.6205898523330688 
0.8629849553108215,0.13782820105552673,0.138270765542984 
0.889694094657898,-0.03952650725841522,0.010705445893108845 
0.008620546199381351,0.17402103543281555,0.3233962655067444 
0.8885328769683838,0.021507814526557922,0.18568922579288483 
0.4720246195793152,0.29227685928344727,0.05114661157131195 
-0.5795037746429443,0.11653825640678406,-0.08223472535610199 
0.004608452320098877,0.46115031838417053,0.6320090293884277 
-0.5281119346618652,-0.26842787861824036,0.06258904933929443 
0.07941347360610962,0.005921751260757446,-0.08305330574512482 
-0.9524644017219543,-0.0717710629105568,0.22681747376918793 
-0.7143076658248901,-0.19298811256885529,-0.20614203810691833 
0.8883392810821533,0.03331403806805611,0.11398090422153473 
-0.4773178696632385,0.3121209144592285,-0.07249370217323303 
-0.7625002861022949,-0.18798498809337616,-0.2710763216018677 
-0.9556578993797302,-0.04915536195039749,0.05200788378715515 
-0.21863964200019836,-0.19255264103412628,-0.2163999080657959 
0.4988248944282532,0.38286149501800537,-0.061751991510391235 
-0.6749212741851807,-0.18841078877449036,-0.34055885672569275 
0.5297009348869324,0.27843841910362244,-0.1513688862323761 
0.2011588215827942,0.16289222240447998,0.333363801240921 
0.6212475895881653,0.09669993817806244,0.37158891558647156 
-0.2908318340778351,0.0830550342798233,0.36858895421028137 
-0.2304401993751526,0.2072003185749054,-0.7180734872817993 
0.6054736971855164,0.2553098499774933,-0.03061635047197342 
0.16341760754585266,-0.10073599219322205,0.3647180497646332 
-0.17731785774230957,-0.1377020627260208,0.3488473892211914 
-0.41024893522262573,0.1642470508813858,-0.3102690875530243 
-0.20828500390052795,-0.1929977983236313,0.1345934122800827 
-0.672985851764679,-0.195388063788414,0.10362625867128372 
0.7416324019432068,0.13734431564807892,0.3555246889591217 
-0.9213094711303711,0.34299129247665405,0.07429853081703186 
0.4015800952911377,0.02817937731742859,-0.21703463792800903 
0.67969810962677,-0.195388063788414,-0.13385309278964996 
0.17430053651332855,-0.3292202651500702,-0.07452595233917236 
0.6384730935096741,-0.018865615129470825,0.37129858136177063 
-0.6416316032409668,0.1116996482014656,0.12423877418041229 
-0.6360188126564026,-0.12901189923286438,0.26649412512779236 
-0.0012832581996917725,0.4373443126678467,-0.03349447250366211 
0.8737266659736633,0.10144177824258804,-0.10288594663143158 
-0.8472729325294495,-0.18733659386634827,0.08297503739595413 
0.3802844285964966,-0.19229134917259216,-0.16520734131336212 
-0.8070155382156372,-0.1923881322145462,-0.12349845468997955 
0.6461237668991089,0.6114377975463867,0.1418570578098297 
-0.5484398603439331,-0.24355165660381317,0.2807196378707886 
-0.5477624535560608,0.1138286292552948,0.33065420389175415 
0.7517935037612915,-0.19095589220523834,0.21704347431659698 
-0.18729111552238464,0.5122461318969727,-0.6093981266021729 
-1.2279810905456543,-0.4573662281036377,0.02243998646736145 
0.5184810757637024,-0.4793044924736023,-0.6340751051902771 
0.3802844285964966,-0.03953619301319122,0.26862311363220215 
-0.13831859827041626,0.2999218702316284,-0.009950613602995872 
0.7307939529418945,-0.1790432184934616,-0.31704315543174744 
-0.6936951279640198,-0.1880817413330078,0.27036502957344055 
-0.923723042011261,0.03621721640229225,0.08299439400434494 
-0.74498450756073,0.051894329488277435,0.36771801114082336 
0.9177638292312622,0.3922484219074249,-0.07181629538536072 
1.1406304836273193,0.4184737205505371,0.03578314185142517 
0.0563930869102478,-0.039174169301986694,-0.4234984517097473 
-0.9200456738471985,-0.17066273093223572,-0.1543688178062439 
-0.04307524487376213,-0.18767529726028442,0.2690102159976959 
0.7617610692977905,-0.11394251137971878,0.36055684089660645 
0.6832786798477173,0.21969760954380035,0.05886904522776604 
-0.5794069766998291,-0.04661024734377861,0.3598794639110565 
-0.39469361305236816,-0.2672666013240814,0.07129856944084167 
0.8178890347480774,0.15727944672107697,-0.036442045122385025 
0.18354052305221558,0.10764092206954956,0.4036262631416321 
-0.5180533528327942,-0.195388063788414,-0.12349845468997955 
0.8867966532707214,-0.4933268129825592,-0.37191879749298096 
-0.3011864721775055,-0.008530329912900925,-0.372493714094162 
0.2872862219810486,-0.19332680106163025,-0.061593178659677505 
0.39567121863365173,0.28685760498046875,-0.28752759099006653 
-0.520569384098053,-0.031378280371427536,-0.3645583987236023 
-0.4732477366924286,0.13434436917304993,0.031366340816020966 
-0.29092860221862793,-0.18857529759407043,0.23804306983947754 
-0.5383754968643188,0.11963498592376709,-0.18543276190757751 
0.29773762822151184,0.10318367928266525,0.3667502701282501 
0.1014833003282547,0.32324403524398804,-0.1649170219898224 
0.018955834209918976,0.16076324880123138,-0.33039775490760803 
1.1161471605300903,-0.44566643238067627,-0.6333009600639343 
0.5921191573143005,0.2585033178329468,-0.12011142075061798 
0.24557732045650482,0.32517948746681213,0.09330064803361893 
0.38425782322883606,0.213229238986969,-0.6733646988868713 
0.8337653875350952,0.5718579292297363,-0.568850576877594 
0.5609583854675293,0.26905152201652527,0.06576891988515854 
-0.8530791997909546,-0.1835334450006485,-0.01339087076485157 
0.025816993787884712,0.32198598980903625,0.1759152114391327 
0.8040505647659302,-0.18692049384117126,-0.04093228280544281 
0.5907642841339111,-0.2001299113035202,0.33084774017333984 
0.7312777638435364,0.16018259525299072,-0.3507199287414551 
-0.3944750130176544,0.18505309522151947,0.18588276207447052 
0.23260414600372314,0.04851299524307251,0.02049309015274048 
0.17377224564552307,-0.18919463455677032,-0.24765737354755402 
-0.025681287050247192,0.5125364661216736,0.010235220193862915 
-0.105038583278656,-0.18618501722812653,0.2790745496749878 
-0.30796054005622864,0.13424760103225708,0.33965402841567993 
0.02239125408232212,0.2609226107597351,0.28710663318634033 
-0.18816205859184265,-0.4829431474208832,-0.6198495626449585 
-0.5082850456237793,-0.48222702741622925,0.62823486328125 
0.3939293324947357,0.23498764634132385,0.29920318722724915 
0.8149858117103577,-0.03952650725841522,0.35687950253486633 
1.1606624126434326,-0.1938163936138153,0.5799455046653748 
-0.3218957781791687,0.22163303196430206,-0.03059699572622776 
0.42160624265670776,-0.17355622351169586,-0.26991501450538635 
0.17377224564552307,-0.1458503007888794,-0.3466555178165436 
-1.1690466403961182,0.36670053005218506,0.00047263503074645996 
-0.6947653293609619,0.4856337606906891,0.3210213780403137 
0.1983291059732437,0.5454390645027161,-0.010667592287063599 
0.5886353254318237,0.25201958417892456,-0.2594636380672455 
0.6510534882545471,-0.1887107640504837,-0.2754310667514801 
0.5558294653892517,0.07386165112257004,0.37139537930488586 
-0.49744081497192383,-0.18241088092327118,-0.2728182077407837 
-0.8769819736480713,-0.1762271374464035,-0.2568507790565491 
-0.22899429500102997,0.20963329076766968,0.3031708300113678 
0.5352169871330261,-0.22535847127437592,-0.27165693044662476 
-0.3115411400794983,-0.195388063788414,-0.11314381659030914 
0.487513929605484,-0.18984872102737427,0.05997619032859802 
0.6236669421195984,-0.08350954949855804,0.344492644071579 
0.1118379458785057,-0.19506871700286865,-0.15456236898899078 
-0.9321421980857849,0.0044758799485862255,-0.16317510604858398 
-0.4958924353122711,-0.14966312050819397,-0.319559246301651 
-0.3746366798877716,-0.18216896057128906,-0.30291441082954407 
0.7927281856536865,-0.19101394712924957,-0.13385309278964996 
-0.1256704479455948,-0.10027148574590683,-0.36833250522613525 
0.14270833134651184,0.3252762258052826,0.12443231791257858 
-0.923723042011261,0.03612044081091881,-0.11324059218168259 
0.67969810962677,-0.19133329391479492,-0.19607771933078766 
-0.5783424973487854,-0.0877191424369812,-0.2693344056606293 
0.432353675365448,0.625856876373291,-0.2789786458015442 
0.753347635269165,-0.29339513182640076,0.5793648958206177 
-0.13599605858325958,-0.1923590898513794,-0.11324059218168259 
0.5454806089401245,0.6248891353607178,0.24875178933143616 
0.22544869780540466,-0.195388063788414,-0.08221536874771118 
0.22592857480049133,0.3017662763595581,-0.6745259761810303 
-0.2945092022418976,-0.1385052651166916,-0.3497522175312042 
0.5154753923416138,-0.058097124099731445,-0.3785903751850128 
-0.2709217965602875,0.6224698424339294,0.23841650784015656 
0.4318641126155853,-0.11181739717721939,0.26862311363220215 
-0.40501925349235535,-0.49538809061050415,0.3726688027381897 
-0.022409509867429733,-0.03954586759209633,-0.3721066415309906 
0.5294106602668762,0.27911582589149475,-0.03748719021677971 
0.22496484220027924,0.32643750309944153,0.04166292026638985 
-0.3632175624370575,-0.19284294545650482,-0.07189943641424179 
0.21509402990341187,-0.00855935737490654,0.37333083152770996 
0.29106032848358154,-0.17865613102912903,0.32871875166893005 
0.40148329734802246,0.12167291343212128,0.033267050981521606 
-0.6316640973091125,-0.195388063788414,-0.00993416178971529 
-0.5289943218231201,0.28113439679145813,0.6738146543502808 
-0.6362124085426331,-0.025755804032087326,-0.36388099193573 
-0.44576436281204224,-0.18865269422531128,-0.2373027354478836 
-0.9266319274902344,-0.34295225143432617,0.05592319369316101 
0.6900527477264404,-0.1305505782365799,-0.3563327491283417 
0.16341760754585266,-0.19136233627796173,0.18646340072155 
1.1888232231140137,-0.46588218212127686,0.22809089720249176 
1.16733980178833,-0.3919287323951721,-0.6338815689086914 
-0.693791925907135,-0.22458428144454956,-0.2631409466266632 
0.35996225476264954,-0.20581045746803284,0.29639679193496704 
0.15364931523799896,-0.3499101996421814,0.6740082502365112 
-0.27031606435775757,0.08634529262781143,-0.36620351672172546 
-0.5957615375518799,-0.17871418595314026,0.3653954565525055 
0.00856248289346695,-0.18778175115585327,0.28826791048049927 
-0.5064349174499512,0.3898290991783142,-0.4648202657699585 
0.5746943950653076,-0.3498618006706238,0.007053166627883911 
-0.180505633354187,-0.187139093875885,0.04942801594734192 
-0.12013110518455505,-0.11639851331710815,-0.030881613492965698 
0.5440175533294678,-0.26175057888031006,-0.04752644896507263 
0.47299233078956604,0.008443541824817657,-0.3301074504852295 
0.7832445502281189,0.15873101353645325,-0.11324059218168259 
-0.5339239835739136,-0.094609335064888,0.3335573673248291 
-0.23925216495990753,0.05315237492322922,0.37139537930488586 
0.8523399829864502,0.0907968282699585,-0.1580461710691452 
-0.8065317273139954,0.09040972590446472,-0.009955451823771 
-0.6218957901000977,0.16936233639717102,0.05184733867645264 
0.6491180658340454,-0.17315946519374847,0.3292025923728943 
-0.4139416515827179,0.6056314706802368,-0.42340168356895447 
-0.45224812626838684,0.15050537884235382,0.11388412863016129 
0.890371561050415,-0.08973200619220734,0.16556057333946228 
0.009462466463446617,0.04308805242180824,0.3759436309337616 
0.48276636004447937,0.007475823163986206,0.33084774017333984 
0.9900527596473694,-0.21626757085323334,-0.6754937171936035 
-0.15709812939167023,0.6118248701095581,0.021762549877166748 
0.7306971549987793,-0.008617420680820942,0.3740082085132599 
0.6918914318084717,0.20227858424186707,0.278687447309494 
0.5201147794723511,0.11621494591236115,-0.13918127119541168 
0.2982214689254761,-0.13051187992095947,-0.2887856364250183 
-1.2419161796569824,0.24863824248313904,0.0466330349445343 
0.6054736971855164,-0.16557249426841736,-0.3197528123855591 
1.1281468868255615,-0.4753949046134949,-0.01695781946182251 
-0.27747154235839844,-0.5151005983352661,-0.6977513432502747 
0.31883397698402405,0.3054378926753998,0.2702682614326477 
-0.6720181703567505,0.10657071322202682,-0.298946738243103 
-1.229626178741455,-0.42988288402557373,0.6214607954025269 
-0.04358416795730591,0.00021219253540039062,0.022149622440338135 
-1.259915828704834,-0.3686356544494629,0.1765015572309494 
-0.6205352544784546,-0.14967280626296997,-0.24852833151817322 
-0.3219798505306244,0.6163731813430786,-0.5162063837051392 
0.61234450340271,-0.15235339105129242,0.2866227626800537 
-1.2444323301315308,-0.45898231863975525,0.3210310637950897 
0.3843545913696289,0.43444114923477173,0.6507828235626221 
-0.7048239707946777,0.10279658436775208,0.05198853090405464 
0.886790931224823,0.037572022527456284,-0.19781960546970367 
0.773476243019104,0.2610251009464264,0.6789436340332031 
-0.23469817638397217,-0.5288422703742981,0.0028919577598571777 
-0.680921196937561,-0.2352292388677597,0.29320329427719116 
0.509566605091095,0.26047348976135254,-0.06213909387588501 
1.0523741245269775,-0.4918268620967865,0.3623335063457489 
0.7625352144241333,-0.18638823926448822,-0.23720596730709076 
0.1428050994873047,-0.18445278704166412,0.29446133971214294 
0.845474898815155,-0.5047459602355957,-0.6802355051040649 
-0.3742496073246002,0.19618192315101624,-0.14420773088932037 
-0.23980948328971863,-0.48993980884552,-0.5064323544502258 
0.5327008962631226,-0.0038465464022010565,-0.34036532044410706 
-0.25996145606040955,-0.1925623118877411,0.14504483342170715 
0.12152089178562164,-0.015852004289627075,-0.19637376070022583 
0.3802844285964966,-0.19332680106163025,-0.10288594663143158 
-0.22899429500102997,-0.19332680106163025,-0.03059699572622776 
0.49389517307281494,-0.060187410563230515,0.26862311363220215 
0.05648985505104065,-0.039464473724365234,-0.3099438548088074 
-0.36312079429626465,-0.01885593868792057,-0.37346145510673523 
-0.755823016166687,-0.1923687607049942,-0.08223472535610199 
0.4217030107975006,0.17140817642211914,-0.33126869797706604 
-0.14635069668293,-0.19197200238704681,0.1554962545633316 
-0.7555326819419861,-0.19508805871009827,0.021031055599451065 
0.28738296031951904,-0.19004623591899872,-0.22704486548900604 
-0.4355064928531647,0.032733410596847534,-0.3754936754703522 
0.3183501362800598,-0.12214106321334839,0.26862311363220215 
0.028607994318008423,0.10700221359729767,0.3519498407840729 
0.42025142908096313,-0.10802876204252243,0.37391144037246704 
-0.5799875855445862,-0.1917010396718979,-0.23701241612434387 
-0.7044426202774048,-0.2672666013240814,0.07129856944084167 
0.8895973563194275,-0.0705033466219902,-0.061573825776576996 
0.49389517307281494,-0.19007524847984314,0.21743056178092957 
0.8463400602340698,-0.1790335327386856,0.10362625867128372 
0.5967584848403931,0.1822427362203598,0.05563288927078247 
0.8910489678382874,0.0010888479882851243,-0.11324059218168259 
0.28738296031951904,-0.08065476268529892,-0.3721066415309906 
-1.0775967836380005,0.3924419581890106,-0.20668968558311462 
-1.189562439918518,0.3161853551864624,0.05126667022705078 
-1.2547869682312012,-0.4295925498008728,0.5675586462020874 
0.7190844416618347,0.17189206182956696,-0.29855966567993164 
-0.18757572770118713,0.12108657509088516,-0.35517147183418274 
0.39489707350730896,-0.24035818874835968,-0.3093981444835663 
-0.45902219414711,-0.08181603252887726,-0.31626901030540466 
-0.818725049495697,-0.17612069845199585,0.29852578043937683 
-0.8627621531486511,0.3592490553855896,0.073330819606781 
0.15422993898391724,0.4848595857620239,-0.01810765266418457 
-0.2495100349187851,0.17914998531341553,-0.3193657100200653 
0.483250230550766,-0.10069341212511063,-0.3801387548446655 
0.6747627258300781,0.21553640067577362,0.2312690019607544 
0.042349666357040405,0.1376790702342987,0.6604601144790649 
0.67969810962677,-0.18991075456142426,0.21743056178092957 
0.889694094657898,-0.049852121621370316,0.09332000464200974 
-0.1760598123073578,0.2796964645385742,0.24336552619934082 
0.5691783428192139,-0.1933325231075287,0.25220656394958496 
0.5663776993751526,-0.020752672106027603,0.323880136013031 
0.0653814971446991,0.2577735483646393,0.021944671869277954 
0.6209573149681091,0.15176339447498322,0.34855708479881287 
-0.3528629243373871,-0.18942689895629883,0.21743056178092957 
0.007329493761062622,-0.06143179535865784,0.3623335063457489 
0.8258300423622131,0.20711322128772736,0.07865327596664429 
-0.415571391582489,0.17034371197223663,-0.17546521127223969 
-0.1256801337003708,-0.19036559760570526,-0.19607771933078766 
-0.4525384306907654,0.150892436504364,-0.09256033599376678 
0.7322511672973633,-0.03007754683494568,-0.0036999881267547607 
0.18464550375938416,-0.4829431474208832,-0.6198495626449585 
-0.6005033254623413,-0.1925913542509079,0.22768843173980713 
0.6853109002113342,0.21563316881656647,-0.058148086071014404 
-1.0869836807250977,-0.2486863136291504,-0.6627197265625 
-1.2497549057006836,-0.45937907695770264,0.44494807720184326 
-0.18816205859184265,-0.27762123942375183,0.07429853081703186 
0.3188590705394745,-0.49235910177230835,-0.18601910769939423 
-0.5079889893531799,0.11828016489744186,0.1449480652809143 
0.13245046138763428,-0.195388063788414,0.052017565816640854 
-0.6322447061538696,0.10986097157001495,-0.23720596730709076 
-0.3425082564353943,-0.19470098614692688,-0.16482023894786835 
-0.4773178696632385,-0.4933268129825592,0.3519885540008545 
0.09112865477800369,-0.04984244704246521,0.37129858136177063 
-0.6626312136650085,-0.19461388885974884,0.16556057333946228 
0.21509402990341187,0.022378765046596527,-0.3754936754703522 
0.41125160455703735,-0.16345319151878357,0.26862311363220215 
0.21509402990341187,-0.18659144639968872,-0.27852776646614075 
0.3183501362800598,0.022378765046596527,-0.3727840483188629 
0.46292802691459656,-0.195388063788414,-0.00993416178971529 
-0.19851671159267426,0.6280826330184937,-0.4131438136100769 
-0.022417249158024788,-0.04984244704246521,0.37129858136177063 
0.8986939787864685,-0.15591461956501007,0.021031055599451065 
-0.20828500390052795,-0.1923590898513794,-0.09257001429796219 
0.16341760754585266,-0.19229134917259216,-0.16520734131336212 
-0.021895766258239746,-0.49538809061050415,-0.17566446959972382 
0.3705161511898041,0.1066732108592987,-0.3306163549423218 
0.3183501362800598,-0.19426549971103668,-0.17517489194869995 
0.5351202487945557,-0.15311789512634277,-0.2698182761669159 
0.2666737139225006,-0.19470098614692688,-0.16482023894786835 
0.14270833134651184,0.3259536325931549,-0.030606672167778015 
-0.41479721665382385,-0.1786077320575714,0.33384770154953003 
-0.5180533528327942,-0.19376230239868164,0.18617308139801025 
-0.5214460492134094,0.5661483407020569,0.45549625158309937 
0.7116386890411377,0.003599226474761963,0.24874211847782135 
-0.5072205066680908,0.5648903250694275,0.586429238319397 
-0.6690181493759155,-0.06040031090378761,-0.34481683373451233 
-0.6217875480651855,-0.38034510612487793,0.04158946871757507 
0.42160624265670776,-0.22535847127437592,0.270461767911911 
-0.9639803767204285,-0.08988684415817261,0.155883327126503 
-0.3824695348739624,0.4076352119445801,-0.4957874119281769 
-0.21476875245571136,0.27030953764915466,-0.0822444036602974 
0.4875081777572632,-0.19651061296463013,0.37333083152770996 
0.5463400483131409,0.3177337050437927,0.051073163747787476 
-0.1911562979221344,-0.1742529720067978,-0.33755889534950256 
-0.47615087032318115,-0.1325150579214096,0.2669779658317566 
-0.5702136754989624,-0.0842643678188324,0.22923678159713745 
-0.9366962313652039,-0.5472290515899658,0.051858752965927124 
-0.40879735350608826,-0.08766108006238937,-0.37113893032073975 
0.1456114947795868,0.25782591104507446,0.2976548373699188 
-0.9580772519111633,-0.11107514798641205,-0.22772227227687836 
-0.754081130027771,0.0964096188545227,-0.2782374620437622 
0.3380917012691498,0.31656673550605774,0.03135666623711586 
0.2671894133090973,-0.22033201158046722,-0.6703647375106812 
-0.6432710289955139,-0.3273041844367981,-0.10269810259342194 
-0.7210817337036133,-0.07056140899658203,0.3163318634033203 
-0.5633485317230225,0.20681323111057281,-0.6713324785232544 
-0.7025982141494751,-0.09372870624065399,-0.21881921589374542 
-0.16018915176391602,0.14469902217388153,0.3318154513835907 
-1.2382389307022095,-0.4050365686416626,-0.6290429830551147 
0.3370271921157837,0.2561807930469513,0.28952595591545105 
0.33780136704444885,-0.14309227466583252,-0.3188818693161011 
0.5147979855537415,0.14682802557945251,-0.3524618446826935 
0.6067317724227905,0.25260019302368164,0.10023922473192215 
0.1450251340866089,0.00021219253540039062,-0.16211633384227753 
0.7267294526100159,0.17644034326076508,-0.10985355079174042 
0.8602753281593323,-0.17422395944595337,-0.17575551569461823 
-0.41411980986595154,0.1741178333759308,-0.05127725005149841 
0.01889777183532715,-0.18646565079689026,-0.29662421345710754 
0.8573721051216125,0.05199110135436058,0.04858214408159256 
0.4731859266757965,0.04308805242180824,0.3742985427379608 
-0.5901486873626709,0.07124879211187363,-0.36988088488578796 
0.566673755645752,0.2604638338088989,0.07371786236763 
1.1715977191925049,0.23983195424079895,0.6184608936309814 
-0.6517927050590515,0.11073192209005356,0.010705445893108845 
-0.922561764717102,0.032733410596847534,-0.009967065416276455 
-0.16783416271209717,0.2700192332267761,-0.28733405470848083 
0.25012561678886414,0.32217952609062195,0.169721782207489 
-1.1659499406814575,-0.3765806555747986,-0.06223583221435547 
0.5457708835601807,0.6169538497924805,0.5573007464408875 
