0.32779547572135925,0.8944379091262817,-0.15590359270572662 
-0.6689966917037964,-0.6872473955154419,-0.983095109462738 
0.20757383108139038,-0.2722346782684326,0.5679125785827637 
-0.06807538866996765,0.11026886105537415,0.408454954624176 
0.288644015789032,-0.21331894397735596,-0.11482670903205872 
-0.06881240010261536,0.25279730558395386,-0.3912941813468933 
-0.5476678609848022,-0.872603178024292,-0.2427223175764084 
0.8870778679847717,-0.12088058888912201,0.7175238132476807 
0.6208362579345703,-0.8680890798568726,-0.7430170774459839 
-0.3645746409893036,0.49761438369750977,0.7043092846870422 
-0.6422803997993469,-0.18166474997997284,0.15970616042613983 
0.020250411704182625,0.07891492545604706,-0.6645779013633728 
0.16256530582904816,-0.18862566351890564,0.506608784198761 
0.07781019061803818,0.5095906853675842,-0.37208065390586853 
-0.0707470178604126,0.34740984439849854,0.11226172745227814 
0.4517460763454437,0.38678789138793945,-0.024326739832758904 
0.7050386667251587,0.0695495456457138,-0.3849358558654785 
0.0759676918387413,0.2888588607311249,0.5819671154022217 
-0.3311332166194916,0.16575206816196442,0.34925904870033264 
0.23396602272987366,-0.6867867708206177,-0.006211221218109131 
-0.6712076663970947,0.9395792484283447,0.6022752523422241 
0.10001234710216522,-0.572603166103363,0.3417969048023224 
-0.07848554849624634,-0.2844763994216919,-0.28083616495132446 
-0.2886635661125183,-0.240952730178833,0.28910133242607117 
0.272562712430954,-0.15840859711170197,-0.4794985353946686 
0.22650013864040375,-0.572603166103363,-0.02966078370809555 
0.5863408446311951,-0.19166576862335205,0.2626614272594452 
0.31982287764549255,0.4127672016620636,0.30992162227630615 
-0.312868595123291,-0.5964120626449585,-0.3467056155204773 
-0.2400214970111847,0.16571521759033203,0.7039408087730408 
0.05306914448738098,-0.8698394298553467,0.7130096554756165 
0.5889203548431396,0.05512821674346924,0.009827728383243084 
-0.07360291481018066,-0.6185221076011658,0.15178340673446655 
-0.31418222188949585,0.3238663971424103,-0.4385949969291687 
-0.0987660363316536,0.6018078923225403,0.5073457956314087 
0.41443538665771484,0.38043123483657837,-0.43214625120162964 
-0.625789999961853,0.6790493726730347,0.3730955719947815 
-0.06667885184288025,0.4104640781879425,-0.664946436882019 
0.2654690742492676,-0.3135473430156708,0.2060966193675995 
0.2097647488117218,-0.6621894240379333,0.9535483717918396 
-0.026711225509643555,-0.8716819286346436,-0.03873136639595032 
0.29743650555610657,0.08671792596578598,0.49076327681541443 
-0.19699905812740326,0.6236415505409241,-0.43868714570999146 
-0.2961256802082062,-0.22483082115650177,-0.42219671607017517 
0.47058022022247314,0.7554211616516113,0.20715060830116272 
-0.3533115088939667,0.226254403591156,0.9742765426635742 
0.5290390849113464,-0.1976539045572281,-0.34564074873924255 
0.580393373966217,-0.16600346565246582,-0.7900007963180542 
0.17615923285484314,-0.25869226455688477,-0.5050578117370605 
-0.33748987317085266,-0.03919868916273117,0.09683622419834137 
-0.6510322690010071,-0.039515674114227295,-0.41349637508392334 
-0.07446342706680298,0.613047182559967,-0.1639699935913086 
-0.05863633379340172,-0.38991907238960266,0.20738637447357178 
0.1992311030626297,-0.325247198343277,-0.24292124807834625 
-0.2262948453426361,0.6412374973297119,0.06423314660787582 
0.2812739610671997,0.05131968855857849,-0.09270575642585754 
0.2889203429222107,0.023866385221481323,-0.5430133938789368 
-0.2920721769332886,-0.06342761218547821,0.4905790090560913 
-0.3119712173938751,0.4298103153705597,0.44691169261932373 
-0.674524188041687,-0.6584122776985168,0.8051347732543945 
-0.026410963386297226,-0.572603166103363,-0.13237108290195465 
0.10761812329292297,-0.4491039514541626,0.7513337135314941 
-0.3239474892616272,0.3945264220237732,-0.1956610381603241 
-0.2402978539466858,-0.16605499386787415,-0.6904650926589966 
0.6239685416221619,-0.8714976906776428,0.7520706653594971 
0.10673747211694717,0.30765238404273987,-0.5227052569389343 
-0.11589210480451584,0.42428281903266907,0.6749213933944702 
0.10618472844362259,0.45901399850845337,0.4124568998813629 
-0.07793277502059937,-0.6475415229797363,0.39683622121810913 
0.028818046674132347,-0.37066489458084106,0.4445164203643799 
-0.030211985111236572,0.31561577320098877,-0.6531950235366821 
0.7164621353149414,-0.7840709090232849,-0.23247799277305603 
0.12378062307834625,-0.572603166103363,-0.30630335211753845 
0.5889203548431396,-0.016075288876891136,-0.21141444146633148 
-0.05084800720214844,0.34510672092437744,0.2312982678413391 
0.5892888903617859,0.039310336112976074,0.2390774041414261 
-0.45305538177490234,-0.7017110586166382,-0.36125969886779785 
0.08619358390569687,0.06039777770638466,0.5594885945320129 
-0.44540899991989136,0.3214305639266968,-0.021493077278137207 
0.19674372673034668,0.44952505826950073,0.1310146450996399 
0.3521588146686554,0.4077003002166748,-0.2192450761795044 
-0.3106023073196411,-0.2726031541824341,-0.20316378772258759 
0.5739445686340332,-0.872603178024292,0.5074785351753235 
0.8888283371925354,-0.46614712476730347,-0.2901686131954193 
-0.16890089213848114,-0.3859576880931854,-0.5274957418441772 
-0.3308568596839905,-0.0946580171585083,-0.1639699935913086 
0.08508807420730591,-0.2881207764148712,-0.4562830328941345 
-0.18944479525089264,0.11072573065757751,-0.6938737034797668 
0.28364911675453186,0.8838434815406799,-0.8485924005508423 
0.39490488171577454,0.27163147926330566,0.45925644040107727 
-0.0707470178604126,-0.871958315372467,0.5418411493301392 
-0.12126298993825912,-0.572603166103363,-0.3853466808795929 
-0.6422803997993469,-0.12634360790252686,-0.21900010108947754 
-0.3621794283390045,0.2719999849796295,0.5786506533622742 
-0.31768298149108887,-0.5147486329078674,-0.1388198435306549 
-0.36816754937171936,-0.40769919753074646,-0.4774717688560486 
-0.3802359402179718,0.5607200860977173,-0.3774239420890808 
0.08462745696306229,-0.0791810005903244,-0.5550411343574524 
-0.37295806407928467,0.007692989893257618,0.6736316084861755 
0.34861573576927185,0.25758785009384155,0.9358603358268738 
0.42355576157569885,-0.2267654538154602,0.12051238119602203 
0.8655206561088562,-0.323721706867218,0.7253544330596924 
0.012810468673706055,-0.679416835308075,0.9807252883911133 
0.7311100363731384,0.2762783169746399,-0.7529665231704712 
0.11543785035610199,0.9071511626243591,-0.953891396522522 
0.2738524377346039,-0.3867867887020111,-0.0685744360089302 
-0.15314748883247375,-0.39295920729637146,0.38122648000717163 
0.5889203548431396,0.25265371799468994,-0.005932117812335491 
-0.3006398379802704,0.45707938075065613,0.24700015783309937 
-0.05076884478330612,0.18145939707756042,0.6773166656494141 
0.15505163371562958,-0.872603178024292,-0.06884536147117615 
-0.03564736247062683,-0.3499773442745209,0.009368866682052612 
0.30453014373779297,-0.4793725609779358,-0.24973851442337036 
-0.24794425070285797,-0.4095417261123657,0.21530912816524506 
0.12313574552536011,-0.43202024698257446,0.1900668442249298 
-0.24702300131320953,-0.40447482466697693,-0.3379022479057312 
-0.05798224359750748,-0.10304141044616699,-0.6691842079162598 
0.23820003867149353,0.42686229944229126,-0.4073646068572998 
-0.3112342357635498,-0.19212639331817627,-0.0013341526500880718 
-0.2944674491882324,0.1473178267478943,-0.48134106397628784 
0.04037975147366524,-0.22731821238994598,0.6504160761833191 
-0.1852070391178131,-0.19746965169906616,0.6844102740287781 
-0.37959104776382446,-0.22943708300590515,-0.582770824432373 
-0.2718967795372009,0.11043092608451843,0.5347990989685059 
-0.6368449926376343,0.5052737593650818,0.0022642910480499268 
0.8706796169281006,0.10170122981071472,-0.4711557626724243 
-0.38032805919647217,0.569103479385376,0.12051238119602203 
0.27952367067337036,0.5675779581069946,-0.7112338542938232 
-0.2235310822725296,0.6149817705154419,0.6506003737449646 
0.35491710901260376,0.28172463178634644,-0.33035174012184143 
0.24170076847076416,0.35509684681892395,0.4891050159931183 
-0.0697336494922638,0.33948707580566406,-0.23551058769226074 
0.14957566559314728,-0.26849815249443054,0.34953543543815613 
-0.27945104241371155,0.46647611260414124,-0.5359712243080139 
0.06841342896223068,-0.42547938227653503,-0.18239504098892212 
0.288644015789032,-0.1500566154718399,0.15178340673446655 
0.3575020730495453,-0.2300819456577301,-0.3376258909702301 
-0.3277246057987213,0.5535343289375305,-0.04606826975941658 
-0.6723132133483887,-0.6873395442962646,0.6338741779327393 
0.31284356117248535,0.8904765248298645,0.6496275663375854 
0.11281774193048477,0.13430055975914001,-0.5291540026664734 
0.22876262664794922,0.05472832918167114,0.09163659811019897 
-0.6372135281562805,0.5836077928543091,0.23082676529884338 
-0.2744762897491455,0.4104640781879425,-0.6946107149124146 
0.43092578649520874,0.39111775159835815,0.1441885381937027 
-0.06739743053913116,-0.5456104874610901,0.37735721468925476 
0.4310179352760315,0.19709303975105286,-0.45259803533554077 
-0.2718967795372009,0.33943554759025574,0.7025589346885681 
-0.17654727399349213,-0.572603166103363,-0.22725996375083923 
0.38449472188949585,-0.22823944687843323,0.2864297330379486 
0.5892888903617859,0.18156996369361877,0.14428065717220306 
-0.29041391611099243,-0.2237253040075302,0.5473281145095825 
0.07348030805587769,0.5282920598983765,-0.2034916877746582 
0.08862943947315216,0.29719075560569763,0.9980447888374329 
-0.27263379096984863,-0.10313353687524796,-0.5432491302490234 
-0.2168980836868286,-0.33160385489463806,-0.6719479560852051 
0.2333672046661377,0.9046638011932373,-0.6456407308578491 
-0.27143070101737976,-0.023762285709381104,-0.9598795771598816 
-0.24858911335468292,0.635433554649353,0.40481048822402954 
0.1626059114933014,-0.03159290552139282,-0.3836477994918823 
-0.6349104046821594,0.6025855541229248,0.5627535581588745 
-0.08069655299186707,-0.6182457208633423,-0.006395429372787476 
0.3991832435131073,0.770437479019165,-0.04526135325431824 
0.11480388045310974,-0.2726031541824341,-0.36144396662712097 
-0.0430985689163208,-0.3631512522697449,0.7950010299682617 
-0.06475889682769775,0.23675665259361267,-0.4136805534362793 
-0.23992934823036194,0.6385658383369446,-0.2904578149318695 
-0.443290114402771,-0.14077210426330566,-0.21181434392929077 
0.2015342265367508,0.20496973395347595,0.5105701684951782 
-0.15254323184490204,-0.2726031541824341,-0.17948763072490692 
0.7522067427635193,0.41557061672210693,0.7536368370056152 
0.5259473919868469,0.29184746742248535,-0.20151644945144653 
0.2453857809305191,-0.4983503222465515,0.34363943338394165 
0.012360721826553345,0.12225604057312012,-0.27432122826576233 
0.8578741550445557,-0.4802422523498535,0.7113513946533203 
0.5883675813674927,-0.06342761218547821,-0.393177330493927 
0.2653769254684448,0.29982176423072815,-0.4852102994918823 
0.24833378195762634,-0.43331000208854675,0.07234015315771103 
-0.37738004326820374,0.3278277814388275,-0.5751244425773621 
-0.6585865020751953,0.4106796979904175,-0.4171813726425171 
0.21494218707084656,0.9168243408203125,0.32296109199523926 
-0.1687166392803192,-0.572603166103363,-0.06918246299028397 
0.1384800374507904,-0.27251100540161133,-0.052642256021499634 
0.07477006316184998,-0.08443213254213333,0.5880473852157593 
0.07348030805587769,0.4422471821308136,-0.5742031931877136 
0.5886440277099609,-0.10304141044616699,0.14428065717220306 
-0.6268954873085022,0.17208480834960938,-0.014870941638946533 
0.21102312207221985,-0.25431087613105774,-0.38543882966041565 
-0.23200659453868866,-0.3943410813808441,0.5077143311500549 
-0.5986130833625793,-0.5194875597953796,0.44418853521347046 
-0.29538866877555847,-0.4170038402080536,-0.029623934999108315 
-0.22924284636974335,0.6397634148597717,-0.14508435130119324 
-0.1844700425863266,-0.4030008018016815,-0.20358382165431976 
0.06868980824947357,-0.3335384726524353,-0.3181874752044678 
-0.34228038787841797,0.11043092608451843,0.21540126204490662 
0.27293121814727783,-0.2402157038450241,0.4283945560455322 
0.32855090498924255,0.7027255296707153,0.95566725730896 
0.5706796050071716,0.35638660192489624,-0.1033516675233841 
0.24975627660751343,-0.6786798238754272,-0.14845240116119385 
0.17905570566654205,-0.572603166103363,-0.16406212747097015 
-0.09275402128696442,0.1438133418560028,0.07025265693664551 
-0.2877423167228699,0.48499324917793274,-0.298380583524704 
-0.29115092754364014,-0.23560945689678192,-0.22725996375083923 
-0.37378719449043274,0.48195311427116394,0.5652003884315491 
0.37694045901298523,-0.5246981382369995,0.30310437083244324 
-0.6738792657852173,-0.1500566154718399,0.9658010005950928 
0.33548417687416077,-0.3239574432373047,0.06458321213722229 
0.5883675813674927,0.18944664299488068,-0.2825350761413574 
0.3421485722064972,0.8771184086799622,0.19822537899017334 
-0.6797752976417542,-0.41087207198143005,0.2944961190223694 
0.4290832579135895,-0.1697400063276291,-0.44043752551078796 
-0.6226577758789062,-0.01565524935722351,0.11964261531829834 
-0.34228038787841797,0.015615754760801792,-0.029651572927832603 
0.5892888903617859,0.2527458071708679,0.30227524042129517 
0.013101503252983093,-0.572603166103363,0.2311546504497528 
0.22944815456867218,-0.506825864315033,-0.36130204796791077 
-0.07968318462371826,0.47365641593933105,-0.2985241413116455 
-0.09690511226654053,-0.37978532910346985,0.5085434317588806 
-0.01123422384262085,0.10787361860275269,0.7175238132476807 
-0.20611944794654846,-0.023261047899723053,-0.6935051679611206 
-0.2882029414176941,0.6504499912261963,0.18361808359622955 
-0.2236638218164444,-0.872603178024292,0.25453054904937744 
0.05910878628492355,-0.34100061655044556,0.5709121227264404 
0.08425894379615784,0.44740623235702515,0.5430903434753418 
-0.011118193157017231,-0.5060888528823853,-0.3578934073448181 
0.48131823539733887,0.3703896403312683,-0.3193851113319397 
0.33428654074668884,-0.24463774263858795,-0.19455555081367493 
-0.32099947333335876,0.055109795182943344,0.4264599084854126 
-0.2281779646873474,-0.04035574197769165,0.5721503496170044 
-0.0853157714009285,0.052852727472782135,0.682107150554657 
0.32138901948928833,-0.572603166103363,0.08099070191383362 
0.28376132249832153,0.05399131774902344,-0.22433415055274963 
0.36450356245040894,-0.4748584032058716,-0.13439783453941345 
0.026514921337366104,-0.46702778339385986,0.30586811900138855 
-0.11962315440177917,-0.21727654337882996,-0.6701975464820862 
0.1982177197933197,-0.4427988827228546,-0.18488241732120514 
-0.6483606100082397,0.3625183701515198,0.3203539550304413 
-0.1621757596731186,0.26785433292388916,0.6906747817993164 
-0.3251451253890991,-0.26472100615501404,-0.6941500902175903 
-0.12176046520471573,0.6216148138046265,0.15211130678653717 
0.3595288097858429,-0.47918829321861267,0.18269683420658112 
0.07412518560886383,-0.2057609260082245,-0.5743874311447144 
-0.38193479180336,0.2909371256828308,0.33410996198654175 
0.4523909389972687,0.3798784911632538,0.2923257350921631 
-0.3191569745540619,-0.41681960225105286,-0.21933721005916595 
-0.3754454255104065,-0.3079276978969574,0.6245290040969849 
-0.3216443657875061,0.4092664122581482,-0.06918246299028397 
-0.6650352478027344,0.3234573006629944,0.39141178131103516 
-0.27079129219055176,-0.28498852252960205,-0.07706838101148605 
-0.2711597979068756,0.5230409502983093,0.06518203020095825 
0.4789230227470398,0.376838356256485,-0.18764616549015045 
0.8888283371925354,-0.3951186537742615,-0.40077218413352966 
-0.3335284888744354,0.5434005856513977,0.3897019624710083 
-0.3525468707084656,-0.7119369506835938,-0.45005911588668823 
0.06399141997098923,0.16572442650794983,0.6247131824493408 
-0.24020574986934662,0.48950740694999695,0.6870819330215454 
0.7182125449180603,-0.30538877844810486,0.15990132093429565 
0.10194697231054306,0.47301697731018066,0.05197128653526306 
-0.2711597979068756,0.5230409502983093,-0.16406212747097015 
-0.3708391487598419,-0.31585046648979187,0.23133890330791473 
-0.27263379096984863,0.3529779613018036,0.547051727771759 
0.07555857300758362,0.09093353152275085,0.12839454412460327 
-0.24720723927021027,-0.5157619714736938,0.2806258499622345 
-0.27100691199302673,-0.0635712742805481,-0.24343335628509521 
0.2970679998397827,0.42400646209716797,-0.10869492590427399 
-0.27539753913879395,0.5117095708847046,-0.41694560647010803 
-0.5994422435760498,0.3076930046081543,-0.1706545352935791 
-0.32965922355651855,0.346897691488266,-0.30630335211753845 
-0.06538910418748856,0.5297660827636719,-0.6529701352119446 
-0.33905598521232605,0.2680386006832123,-0.1956610381603241 
0.2340673804283142,-0.2726031541824341,-0.5747044086456299 
0.17080503702163696,-0.872603178024292,-0.21900931000709534 
-0.07903829216957092,-0.41087207198143005,-0.8984321355819702 
-0.2864525318145752,-0.28121137619018555,-0.5286933183670044 
-0.2714361548423767,-0.572603166103363,0.17578746378421783 
-0.06825965642929077,0.3581885099411011,-0.006119072437286377 
0.14999565482139587,-0.2534411549568176,0.4623371958732605 
-0.3777485489845276,0.44233933091163635,-0.606262743473053 
-0.2871895432472229,-0.10304141044616699,0.7045857310295105 
-0.6748005151748657,0.09563186764717102,0.34580981731414795 
-0.2874659299850464,-0.39351192116737366,-0.5986163020133972 
-0.04200398921966553,0.37881359457969666,0.04906386137008667 
0.5208805203437805,0.7335875034332275,0.06860530376434326 
-0.23734985291957855,-0.5722346901893616,-0.41408970952033997 
0.3945363759994507,0.08669950067996979,-0.4642057418823242 
-0.1045699194073677,-0.47135767340660095,0.2773093283176422 
0.029853612184524536,0.007457226514816284,-0.25852176547050476 
-0.30349570512771606,0.629445493221283,-0.6302152872085571 
0.29679161310195923,0.4234536588191986,0.18361808359622955 
0.13345375657081604,0.44915661215782166,-0.45361143350601196 
0.5370539426803589,-0.2059451788663864,0.12834301590919495 
-0.05895501375198364,-0.12151798605918884,0.4836180806159973 
0.4945327341556549,-0.2606620490550995,0.813702404499054 
-0.09482308477163315,-0.3718625605106354,-0.6150146126747131 
0.5892888903617859,-0.07135036587715149,0.27067631483078003 
0.3517295718193054,0.26826345920562744,-0.954444169998169 
-0.2641582787036896,-0.4131346046924591,0.08089857548475266 
0.5182603597640991,-0.21009080111980438,-0.06912719458341599 
-0.2742920517921448,0.260576456785202,-0.5251926183700562 
-0.547852098941803,0.5131320357322693,-0.4001381993293762 
-0.32486873865127563,0.38678789138793945,0.3417969048023224 
-0.07903829216957092,-0.6397109031677246,0.2703484296798706 
-0.2802801728248596,0.520922064781189,0.5132418274879456 
0.6687413454055786,-0.2726031541824341,-0.5588589310646057 
0.09992022067308426,-0.4630663990974426,-0.28907594084739685 
0.34921082854270935,0.403186172246933,-0.3323747217655182 
-0.09871076047420502,0.6099149584770203,0.3810422122478485 
0.1393497735261917,-0.46905454993247986,0.30946099758148193 
-0.25614336133003235,0.5210141539573669,-0.6822659373283386 
-0.3290143609046936,-0.11022715270519257,0.1837102174758911 
-0.04269776493310928,-0.3832860589027405,0.3336898982524872 
-0.28239905834198,-0.5216580033302307,-0.24909363687038422 
0.4730270206928253,-0.21423643827438354,-0.22320646047592163 
0.05262317880988121,-0.572603166103363,-0.21141444146633148 
0.5892888903617859,0.05511900782585144,0.1284351348876953 
0.5886440277099609,0.039255060255527496,-0.10077217221260071 
-0.0430985689163208,-0.16472464799880981,-0.07041148841381073 
0.5048507452011108,0.14906445145606995,0.31290102005004883 
0.028449546545743942,0.5900158882141113,-0.29036569595336914 
-0.07412257045507431,-0.2529290020465851,0.6639584898948669 
0.13828487694263458,0.9110203981399536,-0.8430649042129517 
-0.18211539089679718,-0.27646151185035706,-0.22731149196624756 
0.5889203548431396,0.07884122431278229,-0.27461227774620056 
-0.24857446551322937,0.25224459171295166,-0.33039945363998413 
-0.010302037000656128,-0.2726031541824341,0.1359378844499588 
-0.3308568596839905,-0.0946580171585083,-0.0533645823597908 
0.5892888903617859,0.07091846317052841,0.3733958303928375 
0.3522731065750122,0.32611802220344543,0.9588916301727295 
0.48408201336860657,-0.20695854723453522,0.3336898982524872 
-0.17848190665245056,-0.5063652396202087,-0.31542372703552246 
0.3231615722179413,0.8838434815406799,-0.7457808256149292 
-0.050123970955610275,-0.572603166103363,-0.005951463710516691 
-0.27134403586387634,-0.4042906165122986,0.4053632616996765 
0.22650013864040375,-0.572603166103363,-0.26678165793418884 
-0.35757315158843994,-0.3049796521663666,0.4053632616996765 
-0.04191187024116516,-0.3001376688480377,-0.10044427216053009 
-0.3654959201812744,0.07873988151550293,0.5820592641830444 
0.3204677700996399,-0.05532059818506241,-0.4766426682472229 
0.16656729578971863,0.9245628118515015,-0.3735676407814026 
-0.2739235460758209,-0.27301225066185,-0.3273078501224518 
-0.28783443570137024,-0.26066747307777405,0.693254292011261 
-0.015300674363970757,0.5998733043670654,0.2428545355796814 
-0.042280375957489014,0.37091848254203796,-0.1874103844165802 
0.5892888903617859,0.14996181428432465,0.24700015783309937 
-0.6658644080162048,0.2556532621383667,0.05680239200592041 
-0.19681480526924133,-0.3221149742603302,0.673907995223999 
0.04892352223396301,0.9405925869941711,-0.016334056854248047 
-0.01123422384262085,0.10787361860275269,-0.41201144456863403 
-0.37305018305778503,0.543308436870575,-0.4885268211364746 
-0.6019296050071716,0.4894558787345886,0.16920599341392517 
-0.28405728936195374,0.5444139838218689,0.17062844336032867 
-0.32836949825286865,0.12623867392539978,-0.36876416206359863 
-0.0584336593747139,0.14987891912460327,-0.6751723289489746 
0.3279705047607422,0.8954512476921082,-0.4323710799217224 
0.06307016313076019,0.16572442650794983,-0.6206342577934265 
0.17905570566654205,-0.20566880702972412,-0.4969101548194885 
0.21802464127540588,0.4396677017211914,0.2626614272594452 
0.28928887844085693,-0.3397514522075653,-0.2427038848400116 
-0.06818971037864685,0.31400904059410095,0.6743686199188232 
-0.035370975732803345,0.35575467348098755,0.01379084587097168 
-0.08272331953048706,-0.2687339186668396,0.0509985089302063 
-0.2252814620733261,-0.468686044216156,-0.11606493592262268 
0.003977358341217041,-0.08725491166114807,0.18578851222991943 
0.19391003251075745,0.3472883701324463,-0.9812525510787964 
0.5886440277099609,-0.1583164930343628,-0.26678165793418884 
-0.3645746409893036,-0.42289984226226807,-0.10860279947519302 
-0.22574210166931152,0.625484049320221,0.5067009329795837 
-0.31114208698272705,0.6458437442779541,-0.393177330493927 
0.3455258011817932,-0.3104150593280792,-0.05279340595006943 
-0.6682596802711487,0.3523845672607422,0.12867090106010437 
0.2846311032772064,-0.2455589771270752,0.31065863370895386 
-0.34228038787841797,0.007692989893257618,-0.1482166051864624 
-0.17673152685165405,0.4424314498901367,-0.6784888505935669 
-0.14494837820529938,0.6232730746269226,-0.2509361505508423 
-0.16079388558864594,-0.572603166103363,0.3338741660118103 
-0.07830128073692322,-0.6081119775772095,-0.7093913555145264 
0.33557629585266113,-0.4555121660232544,0.00967387855052948 
0.022258739918470383,0.2535749673843384,0.6648797988891602 
0.0366671085357666,-0.15039372444152832,-0.6531543731689453 
-0.6699179410934448,0.9551483988761902,0.21502730250358582 
-0.06954941153526306,0.671218752861023,-0.40105950832366943 
-0.15333174169063568,-0.09484227001667023,0.686713457107544 
-0.24057422578334808,0.6440933346748352,-0.03750063106417656 
0.288644015789032,0.4578108787536621,0.25454896688461304 
0.48620089888572693,0.2287011593580246,0.44027867913246155 
-0.3245002031326294,0.22897754609584808,-0.40091583132743835 
-0.11213339120149612,-0.46500101685523987,-0.24144725501537323 
0.14358752965927124,0.32847267389297485,0.5160976648330688 
-0.3224734961986542,-0.5693787932395935,0.3440079391002655 
0.08674632757902145,-0.28240904211997986,0.4917766749858856 
-0.3748926818370819,-0.35168716311454773,-0.5626875758171082 
0.4061441421508789,-0.23441185057163239,0.017166415229439735 
-0.3429252505302429,-0.3999607264995575,0.5944961309432983 
0.19007012248039246,-0.18568140268325806,-0.14135876297950745 
0.33677393198013306,-0.22741031646728516,-0.44052964448928833 
0.32765352725982666,-0.5240532755851746,-0.3384550213813782 
0.4123571217060089,-0.14487919211387634,0.8326802253723145 
-0.24039000272750854,-0.3984867036342621,-0.4560987949371338 
0.8889203667640686,0.5605764389038086,-0.4323710799217224 
-0.29492807388305664,0.007600869983434677,0.5647397041320801 
-0.6432015895843506,-0.1132267415523529,-0.06931689381599426 
0.47569864988327026,0.2996375262737274,-0.43343600630760193 
0.14653553068637848,0.45477625727653503,-0.3219645917415619 
-0.33721351623535156,0.28360775113105774,0.10466685891151428 
-0.12260256707668304,-0.02828732132911682,-0.047288089990615845 
0.16210468113422394,0.22077840566635132,-0.5151509642601013 
-0.2864525318145752,0.3635723292827606,-0.5521852374076843 
-0.3092995882034302,-0.08977539092302322,-0.4492815434932709 
-0.0033114254474639893,0.31561577320098877,-0.40769243240356445 
-0.048428867012262344,0.4994569420814514,0.6573254466056824 
-0.28700530529022217,0.0866718664765358,-0.5606607794761658 
-0.1375783532857895,-0.3902875781059265,-0.40091583132743835 
0.005348324775695801,-0.2613639235496521,0.24669992923736572 
-0.2719889283180237,-0.27909255027770996,0.4498596787452698 
0.18485958874225616,0.43598267436027527,0.47519412636756897 
0.15984216332435608,0.4393029510974884,0.9905827045440674 
0.18826821446418762,-0.10672640800476074,-0.5043723583221436 
0.15961730480194092,-0.08949900418519974,0.5160976648330688 
-0.3734186887741089,0.5571272373199463,0.24718442559242249 
0.47035539150238037,-0.21552617847919464,0.20720212161540985 
0.2556116580963135,-0.36108389496803284,-0.16231174767017365 
0.5730233192443848,0.051585182547569275,0.00972643494606018 
-0.2482428103685379,0.07112658023834229,-0.34679776430130005 
0.7209762930870056,-0.8712213039398193,0.6776335835456848 
-0.06798329949378967,0.6235900521278381,0.41545647382736206 
0.07946844398975372,0.5117095708847046,0.16786469519138336 
-0.34228038787841797,0.2132241427898407,0.22323189675807953 
0.005390629172325134,-0.4524720311164856,-0.25231799483299255 
0.35179030895233154,0.25237730145454407,-0.4677986204624176 
-0.2737392783164978,0.5349250435829163,0.2996957302093506 
-0.30404844880104065,-0.49779757857322693,0.10798335820436478 
0.8154966235160828,-0.4188869297504425,-0.7256975173950195 
-0.015471965074539185,0.12501981854438782,-0.6695011854171753 
-0.037489861249923706,0.2608013153076172,-0.5430133938789368 
0.04919612407684326,-0.3687302768230438,-0.4165771007537842 
-0.16917726397514343,-0.3992237150669098,0.2704920768737793 
0.2205120176076889,-0.3898269236087799,0.15413804352283478 
0.18338558077812195,0.37868088483810425,-0.49709445238113403 
-0.14457985758781433,-0.45864439010620117,0.19052746891975403 
-0.31648534536361694,0.223634272813797,0.7132453918457031 
0.31724339723587036,0.4033704102039337,-0.4571121633052826 
-0.6072728633880615,0.3977545201778412,1.013706088066101 
0.8878148794174194,0.5748558044433594,0.7094167470932007 
0.06399141997098923,0.535662055015564,-0.5274957418441772 
0.11802828311920166,0.6939736604690552,-0.4139460623264313 
0.49126774072647095,-0.10442328453063965,0.4364094138145447 
-0.6693651676177979,-0.458224356174469,-1.0005989074707031 
-0.06835177540779114,0.3641766309738159,0.42042025923728943 
0.1079351082444191,-0.572603166103363,0.20747850835323334 
-0.09838832914829254,0.6039267778396606,-0.47194430232048035 
-0.20869895815849304,0.33151280879974365,-0.6901887059211731 
0.29664796590805054,-0.6237732172012329,0.9455335140228271 
-0.27484479546546936,0.632393479347229,-0.5298910140991211 
0.28928887844085693,0.03169703483581543,-0.037902235984802246 
-0.34228038787841797,0.1262395977973938,-0.04546024650335312 
-0.25614336133003235,-0.406777948141098,0.3100137412548065 
0.07633619010448456,-0.572603166103363,0.049373358488082886 
0.6687413454055786,-0.2726031541824341,-0.09252150356769562 
0.32138901948928833,-0.572603166103363,-0.04546945542097092 
0.03354951739311218,0.04983478784561157,-0.11113078892230988 
0.07808656245470047,0.5176055431365967,-0.09552104026079178 
-0.19469593465328217,-0.45081377029418945,0.00980008952319622 
-0.30966809391975403,0.18958483636379242,0.5688853859901428 
0.2976207137107849,-0.572603166103363,0.3181207478046417 
0.08223219960927963,-0.19673267006874084,0.5539610981941223 
-0.07738003134727478,0.25298160314559937,-0.29833996295928955 
-0.6681675910949707,-0.12234708666801453,-0.27172330021858215 
-0.13794685900211334,0.5208299160003662,0.6683804988861084 
0.1386127769947052,-0.27310439944267273,-0.3130284547805786 
0.1875312179327011,-0.5725110173225403,0.3719218373298645 
0.14289113879203796,-0.8494797945022583,0.72332763671875 
-0.18493066728115082,-0.3837466835975647,0.5865733623504639 
-0.30156105756759644,-0.19056028127670288,-0.5497900247573853 
0.5892888903617859,0.28434476256370544,0.14428065717220306 
-0.07931464910507202,0.2605358362197876,0.20780640840530396 
0.2783259153366089,0.04772680997848511,-0.000672757625579834 
0.37638771533966064,-0.22243556380271912,0.40527111291885376 
-0.3239474892616272,0.3945264220237732,0.1837102174758911 
0.2623368203639984,-0.16835811734199524,0.4847751557826996 
-0.01886591501533985,-0.15813224017620087,0.6635900139808655 
-0.37535330653190613,0.5615492463111877,0.6245290040969849 
-0.3031271994113922,0.45173609256744385,0.017774440348148346 
0.1903870850801468,-0.4676726758480072,-0.2793106734752655 
-0.3006398379802704,0.45707938075065613,0.12051238119602203 
0.5107061862945557,-0.2118411660194397,0.04145059734582901 
-0.3254214823246002,-0.07135036587715149,0.39688774943351746 
0.20250701904296875,0.33930113911628723,0.14175266027450562 
-0.3783934414386749,-0.2270418107509613,0.5683326125144958 
-0.32606634497642517,-0.13454818725585938,0.2785990834236145 
-0.03922933340072632,0.12677016854286194,-0.019753605127334595 
-0.011868149042129517,0.11267504096031189,0.7362251877784729 
0.3679122030735016,0.1419285088777542,0.4728910028934479 
-0.055144790560007095,0.3084815442562103,-0.669736921787262 
0.30746346712112427,0.9002417922019958,-0.2559330463409424 
-0.289400577545166,-0.016075288876891136,-0.5595552921295166 
0.1866505742073059,-0.872603178024292,0.14386063814163208 
0.22616302967071533,-0.2726031541824341,-0.12421254813671112 
0.21857737004756927,-0.572603166103363,0.06518203020095825 
-0.16143876314163208,-0.3974733054637909,-0.2902735769748688 
-0.20538245141506195,0.3981192708015442,0.6894771456718445 
-0.34228038787841797,0.2132241427898407,-0.12444832175970078 
0.1159093976020813,-0.27241891622543335,0.3809815049171448 
-0.0499267578125,0.856113851070404,0.16753681004047394 
0.5892888903617859,-0.1108720526099205,0.3655651807785034 
0.005206379573792219,-0.572603166103363,0.3338741660118103 
0.09876319766044617,0.9350650906562805,-0.10845915973186493 
0.06445204466581345,0.5515997409820557,0.2469080239534378 
-0.25559064745903015,-0.572603166103363,-0.16406212747097015 
0.28698569536209106,0.052056699991226196,0.2835223376750946 
0.07845506072044373,0.509774923324585,0.33120253682136536 
-0.2167138308286667,-0.4676726758480072,0.13184377551078796 
-0.07120764255523682,-0.3792731463909149,0.3892928957939148 
-0.1844700425863266,-0.572603166103363,0.15211130678653717 
-0.30985233187675476,-0.30682218074798584,0.1680489480495453 
-0.3607975244522095,-0.41230544447898865,0.43650156259536743 
0.09218170493841171,-0.572603166103363,-0.13237108290195465 
0.5892888903617859,-0.10294928401708603,-0.1956610381603241 
0.4781344532966614,-0.5563375949859619,0.7521628141403198 
0.07753381878137589,-0.3119811713695526,0.37330371141433716 
0.2883675694465637,-0.3318287134170532,-0.3296423852443695 
0.07172992825508118,0.04720545932650566,-0.5971423387527466 
-0.237851083278656,0.007457226514816284,-0.30294620990753174 
0.44667917490005493,-0.21552617847919464,-0.3059348165988922 
-0.3198939561843872,0.6345123052597046,0.618080198764801 
0.012465838342905045,0.10253580659627914,0.6693938970565796 
-0.2793589234352112,-0.30147892236709595,-0.17198489606380463 
-0.6682596802711487,0.9607679843902588,-0.0846908837556839 
-0.289400577545166,-0.13740406930446625,0.555435061454773 
0.8265517354011536,-0.3159831762313843,-0.7310407757759094 
0.33585265278816223,-0.023629553616046906,0.4788791537284851 
-0.37351077795028687,-0.024090174585580826,0.5815986394882202 
-0.16415099799633026,-0.0784955620765686,0.08084706962108612 
0.0192701518535614,-0.6094938516616821,-0.4346742331981659 
-0.22141221165657043,-0.4805701673030853,-0.20155705511569977 
0.3679122030735016,0.40733179450035095,-0.045441821217536926 
0.3160403072834015,-0.1259399652481079,-0.11481580138206482 
0.157999649643898,-0.11819052696228027,-0.9861352443695068 
0.4058677554130554,-0.5053518414497375,-0.2030310481786728 
0.26521027088165283,0.08668483793735504,-0.35877400636672974 
0.2656534016132355,0.9075196981430054,-0.34546947479248047 
0.3547382950782776,0.41064828634262085,0.09923147410154343 
0.004427075386047363,-0.2923070192337036,0.4102973937988281 
0.2880913019180298,0.13403713703155518,-0.09879696369171143 
0.19462484121322632,0.0709368884563446,-0.5104526281356812 
0.8341980576515198,0.652885913848877,-0.10100796818733215 
0.5883675813674927,-0.06342761218547821,-0.2825350761413574 
-0.39851731061935425,0.8951749205589294,-0.8983399868011475 
-0.1454089879989624,0.6058614253997803,0.5787427425384521 
-0.0032783460337668657,0.46564701199531555,-0.6504827737808228 
0.4114873707294464,-0.4821362793445587,-0.06364574283361435 
0.1600264012813568,-0.4349167048931122,-0.3783966898918152 
-0.03142901882529259,0.007785116787999868,-0.6701053977012634 
-0.6760903596878052,0.37882280349731445,-0.33767735958099365 
-0.3408984839916229,0.2524694502353668,0.009866420179605484 
-0.6320545077323914,-0.047346293926239014,0.04142838716506958 
0.513009250164032,0.20502501726150513,-0.43233048915863037 
-0.27051490545272827,0.2684992253780365,0.5408793091773987 
0.036814507097005844,-0.572603166103363,-0.3379022479057312 
-0.38042017817497253,0.569656252861023,0.017774440348148346 
-0.128181591629982,-0.4440886080265045,-0.13163408637046814 
0.5892888903617859,-0.015983162447810173,0.33396628499031067 
-0.17949528992176056,0.6252076625823975,0.3552471995353699 
0.3362211585044861,-0.11068779975175858,0.472522497177124 
0.41618576645851135,-0.572603166103363,-0.1482166051864624 
-0.27788490056991577,0.4419708251953125,0.5410636067390442 
0.23730096220970154,0.9077960848808289,0.0509985089302063 
-0.6073650121688843,0.2566666007041931,0.3900299072265625 
-0.23766684532165527,0.24957293272018433,0.10287585854530334 
0.35252732038497925,-0.14228671789169312,-0.4621790051460266 
0.2882239520549774,-0.4587365388870239,-0.1639699935913086 
-0.2877423167228699,0.48499324917793274,-0.07707758992910385 
0.028011083602905273,0.4104401469230652,-1.0052971839904785 
0.028596946969628334,-0.06333548575639725,0.6636821031570435 
0.4461670517921448,0.7612249851226807,-0.47180065512657166 
0.509324312210083,0.3725084662437439,0.03349098563194275 
-0.3242238461971283,-0.15011733770370483,-0.2351827472448349 
0.4787387251853943,-0.20262867212295532,0.42019540071487427 
-0.3490976393222809,0.37950998544692993,0.5689774751663208 
0.5892888903617859,-0.02390591986477375,0.16795681416988373 
-0.30404844880104065,0.44455036520957947,-0.46024441719055176 
0.5888283252716064,0.06300491839647293,-0.18773828446865082 
0.8892889022827148,-0.07102246582508087,0.3731048107147217 
-0.29465168714523315,0.18948350846767426,-0.561674177646637 
-0.028185218572616577,0.1831398457288742,0.3276502788066864 
-0.3738792836666107,-0.3005576729774475,-0.6382300853729248 
0.1477331668138504,-0.49825823307037354,-0.35927528142929077 
0.2572699189186096,-0.24113695323467255,-0.45619091391563416 
-0.30377209186553955,0.6522003412246704,-0.23499849438667297 
-0.06448253989219666,-0.05555638670921326,0.39417552947998047 
-0.28801867365837097,-0.37241530418395996,-0.6778439283370972 
0.020099252462387085,0.03906702995300293,0.17150911688804626 
-0.33140963315963745,-0.29152941703796387,0.5238361954689026 
-0.027068793773651123,0.13082367181777954,0.39674410223960876 
0.4784623086452484,-0.2163553088903427,-0.14020173251628876 
0.09112772345542908,0.09784290194511414,0.5151249170303345 
0.5071132779121399,0.37075814604759216,0.16510094702243805 
-0.010243003256618977,0.590844988822937,0.43723854422569275 
-0.2150040566921234,0.19346877932548523,0.01488545536994934 
0.06749217957258224,0.5465328097343445,0.09151139110326767 
-0.14462047815322876,-0.872603178024292,0.3098562955856323 
0.5415165424346924,0.5050802826881409,-0.7971866130828857 
0.42226603627204895,0.387985497713089,-0.26650527119636536 
0.1542225331068039,0.8365833163261414,-0.964301586151123 
0.04375153407454491,-0.37775856256484985,-0.24319761991500854 
-0.29796820878982544,0.4629753828048706,0.3346111476421356 
-0.1189175546169281,-0.8717740178108215,-0.6662768125534058 
-0.08212824165821075,-0.3761003017425537,-0.535234272480011 
0.26095494627952576,-0.5456104874610901,0.4089561402797699 
-0.18511492013931274,-0.38208845257759094,-0.606262743473053 
-0.36485105752944946,0.4733854830265045,-0.703178346157074 
-0.07383697479963303,-0.572603166103363,0.30227524042129517 
0.2206631600856781,-0.1132267415523529,-0.17248612642288208 
-0.16097813844680786,0.6304587721824646,0.0019169430015608668 
-0.3524363338947296,-0.08853715658187866,0.0725557953119278 
-0.0655180811882019,-0.47614815831184387,-0.3076852262020111 
-0.2954808175563812,-0.3999607264995575,-0.51948082447052 
0.08573294430971146,0.20521846413612366,-0.5554096698760986 
-0.38963645696640015,-0.2726031541824341,-0.3770868182182312 
0.10922485589981079,-0.14624810218811035,-0.5202178359031677 
-0.1771000325679779,0.6214305758476257,0.43650156259536743 
-0.31924909353256226,-0.41534557938575745,0.2625693082809448 
-0.2400214970111847,-0.24519047141075134,-0.6842005252838135 
-0.16641351580619812,0.6240100860595703,-0.3273078501224518 
-0.08042016625404358,-0.6091253161430359,-0.19598892331123352 
-0.27281802892684937,-0.4760560691356659,0.03340807557106018 
-0.08042016625404358,0.26164138317108154,0.6260435581207275 
-0.2793589234352112,0.292543888092041,-0.702533483505249 
0.07734956592321396,0.36320382356643677,-0.5710709095001221 
0.36049067974090576,-0.872603178024292,0.44418853521347046 
-0.34065350890159607,0.3074275255203247,0.40669363737106323 
0.6605421900749207,0.4578016996383667,-0.770654559135437 
0.6605421900749207,-0.28438425064086914,-0.1706545352935791 
0.28928887844085693,-0.08677586913108826,-0.49566105008125305 
0.49490123987197876,-0.2726031541824341,-0.09252150356769562 
0.5892888903617859,0.14996181428432465,0.3260435163974762 
-0.1687166392803192,-0.572603166103363,0.009856287389993668 
0.09177258610725403,0.6917626857757568,0.0416126549243927 
-0.3311332166194916,0.4224402904510498,0.7057833075523376 
-0.07535329461097717,0.5375452041625977,0.34829723834991455 
-0.3741556704044342,0.3080208897590637,-0.6542599201202393 
-0.3255136013031006,-0.30755919218063354,-0.2354591190814972 
-0.3305805027484894,0.3390670418739319,-0.14029385149478912 
0.29743650555610657,-0.3429352343082428,0.13064613938331604 
-0.30202168226242065,0.6467649340629578,0.3430866599082947 
-0.03397819399833679,-0.2726031541824341,-0.6379022598266602 
-0.24803638458251953,0.260576456785202,0.7031116485595703 
0.3820994794368744,-0.22971343994140625,-0.25480538606643677 
-0.33491039276123047,-0.5280146598815918,0.18785585463047028 
0.45537954568862915,-0.872603178024292,-0.01347815990447998 
-0.06621823459863663,0.6061378121376038,0.3101058900356293 
0.40807875990867615,-0.22814732789993286,-0.17189277708530426 
0.20973338186740875,-0.26112812757492065,0.2950894832611084 
-0.29262492060661316,-0.48499220609664917,-0.06907191872596741 
0.35137027502059937,0.1760571002960205,0.34221696853637695 
0.3141111433506012,-0.3640318810939789,-0.005708253942430019 
0.30406951904296875,-0.49475744366645813,0.2925099730491638 
-0.42965561151504517,0.9134156703948975,-0.10100796818733215 
0.5892888903617859,0.12622208893299103,0.041487447917461395 
0.38320496678352356,0.06314311176538467,0.47040361166000366 
-0.21606896817684174,-0.572603166103363,-0.3299795091152191 
-0.22233347594738007,-0.4825969338417053,0.21300600469112396 
-0.06475889682769775,0.35302942991256714,-0.7484524250030518 
0.01621907949447632,0.04836076498031616,0.06547307968139648 
-0.2717125117778778,0.5229488611221313,0.43650156259536743 
-0.27991166710853577,-0.4141479730606079,-0.1165255680680275 
-0.42258960008621216,-0.12041246891021729,0.3070870041847229 
0.7982692122459412,-0.8711291551589966,-0.5778366923332214 
-0.011099767871201038,-0.36744052171707153,0.5548823475837708 
0.3278599679470062,0.8868836164474487,-0.06931689381599426 
0.08462745696306229,-0.4981660842895508,0.35451018810272217 
0.3743094503879547,0.8130913972854614,0.76902174949646 
-0.5951123237609863,-0.2726031541824341,-0.03724643588066101 
-0.12153936922550201,-0.31621891260147095,-0.6600637435913086 
0.32831138372421265,-0.6583201289176941,-0.9220160841941833 
0.26427143812179565,-0.43404701352119446,-0.007199760060757399 
0.5415165424346924,0.7394834756851196,-0.35332775115966797 
-0.17590239644050598,-0.49724483489990234,0.3001563549041748 
-0.039979152381420135,-0.4825969338417053,0.34465280175209045 
-0.6163932085037231,-0.4809792637825012,-0.21900010108947754 
-0.24604101479053497,0.15494954586029053,0.3461783528327942 
0.439861923456192,-0.572603166103363,0.30227524042129517 
0.06997954845428467,0.2920832335948944,-0.5965895652770996 
-0.29695481061935425,-0.1714903712272644,-0.47599780559539795 
-0.3696415424346924,-0.41046297550201416,-0.298380583524704 
-0.3178672194480896,0.4196765720844269,-0.26678165793418884 
-0.2543967664241791,0.07489281892776489,-0.3458765149116516 
-0.37222105264663696,0.007692989893257618,-0.6776596903800964 
0.2866172194480896,0.11404599249362946,0.041704803705215454 
-0.011142075061798096,0.9542271494865417,-0.4323710799217224 
-0.3233947157859802,0.5447825193405151,-0.32758423686027527 
0.02837584912776947,-0.3749026358127594,0.35736605525016785 
-0.3287380039691925,0.3547283411026001,0.0019583995454013348 
-0.0037021206226199865,0.5793293714523315,0.5864812731742859 
-0.3782091736793518,0.15267030894756317,0.5855600237846375 
0.07545554637908936,0.37098297476768494,1.0019140243530273 
0.13898128271102905,-0.2662871181964874,-0.4088385999202728 
-0.25586700439453125,-0.40871256589889526,-0.258766770362854 
-0.05019766837358475,-0.5724189281463623,-0.36139416694641113 
-0.31473496556282043,0.18087901175022125,-0.7100877165794373 
-0.12956346571445465,-0.02390591986477375,0.6868976354598999 
-0.32606634497642517,-0.3043347895145416,0.3024595081806183 
0.07605981081724167,-0.44924765825271606,0.2528040409088135 
0.10378947854042053,0.24123018980026245,0.5315746665000916 
0.5889203548431396,0.039255060255527496,-0.3379022479057312 
-0.28626832365989685,-0.2462959885597229,0.21272963285446167 
0.14690403640270233,0.4556974768638611,0.3101058900356293 
0.47827813029289246,0.039384033530950546,-0.4438461661338806 
0.5411480665206909,0.4340241849422455,0.8031080961227417 
0.5883675813674927,0.2684992253780365,-0.298380583524704 
-0.19248493015766144,-0.3943410813808441,0.4445164203643799 
-0.5944674611091614,0.13385291397571564,0.18523576855659485 
0.10986974090337753,-0.22916071116924286,-0.5110053420066833 
0.2022712379693985,0.2841604948043823,0.5053190588951111 
0.28698569536209106,0.1052941083908081,-0.3928494155406952 
-0.03813472390174866,0.5758692026138306,0.48371022939682007 
0.16085553169250488,0.3256683349609375,-0.2198844999074936 
-0.37433990836143494,0.22040991485118866,-0.6552732586860657 
0.2631659507751465,-0.4504452645778656,0.15754668414592743 
-0.32763248682022095,-0.08452426642179489,-0.3743837773799896 
0.43415015935897827,-0.5379641652107239,-0.2635572552680969 
-0.1887999176979065,-0.4040141701698303,0.1687859445810318 
-0.5979682207107544,0.16297537088394165,0.09715321660041809 
0.17601557075977325,-0.4965999722480774,0.36805257201194763 
0.02156233787536621,0.8398998379707336,-0.535274863243103 
0.31282514333724976,-0.6771136522293091,-0.03781011700630188 
0.0039664506912231445,0.21317261457443237,-1.0029940605163574 
-0.3780249357223511,0.24482305347919464,-0.5805598497390747 
-0.0898943841457367,-0.14339220523834229,0.6743686199188232 
0.08444320410490036,0.5012072920799255,-0.024372803047299385 
-0.3051539361476898,-0.06628347933292389,0.5633578300476074 
-0.31666961312294006,0.06828369200229645,-0.4332517683506012 
0.8892889022827148,-0.47406989336013794,0.49163299798965454 
-0.3756296634674072,-0.3630185127258301,-0.24301336705684662 
-0.6589550375938416,0.336631178855896,-0.9773833155632019 
-0.29944220185279846,0.3632959723472595,0.474549263715744 
0.281683087348938,0.42538827657699585,-0.22725996375083923 
-0.5967705845832825,0.3414216637611389,0.15934854745864868 
-0.11488793045282364,-0.498073935508728,0.3444685637950897 
0.28928887844085693,0.1180073618888855,-0.21899089217185974 
0.29144835472106934,0.03206930309534073,-0.48714491724967957 
-0.6422803997993469,0.3630141317844391,0.20715060830116272 
0.28928887844085693,0.43415313959121704,-0.5193372368812561 
0.5889203548431396,0.20523689687252045,-0.3536556661128998 
0.28928887844085693,-0.06309971213340759,-0.10044427216053009 
-0.33721351623535156,0.28360775113105774,-0.26678165793418884 
0.0687413215637207,-0.2726031541824341,-0.2901437282562256 
-0.15360812842845917,0.3471740782260895,0.6843181848526001 
-0.3431270718574524,0.520962655544281,-0.9715794324874878 
0.22263088822364807,0.4424314498901367,-0.1586267501115799 
0.3757428228855133,-0.2636154890060425,0.0764673575758934 
0.26638853549957275,-0.07932466268539429,0.10573175549507141 
0.41821253299713135,0.3946184813976288,0.0678536593914032 
0.3392612934112549,-0.5390695929527283,0.3671313226222992 
-0.3023901879787445,-0.4028165638446808,0.4926057457923889 
-0.42974773049354553,-0.36324337124824524,-0.3816210627555847 
-0.30349570512771606,-0.2088010609149933,-0.3431533873081207 
0.41572514176368713,0.38476112484931946,-0.353563517332077 
0.37611132860183716,0.3238663971424103,-0.45545390248298645 
-0.14504048228263855,0.6252998113632202,-0.172077015042305 
-0.5718046426773071,-0.6918537020683289,0.3023267984390259 
-0.11556966602802277,-0.39609143137931824,-0.18377690017223358 
-0.026844872161746025,-0.4501689076423645,0.23760341107845306 
0.28131458163261414,-0.2427951991558075,-0.3614862859249115 
-0.2944674491882324,0.023538511246442795,0.4852357804775238 
0.08757545053958893,0.47228002548217773,-0.5038195848464966 
-0.3226577341556549,0.14204828441143036,0.4196426272392273 
-0.11374557763338089,-0.3761923909187317,0.5865733623504639 
0.14745678007602692,-0.572603166103363,-0.06127813085913658 
-0.6422803997993469,-0.27646151185035706,0.34147825837135315 
0.3545301854610443,0.614930272102356,0.9470996260643005 
0.5883675813674927,-0.1108720526099205,0.07310479134321213 
-0.07240527868270874,-0.22117722034454346,0.3814622759819031 
-0.21606896817684174,-0.572603166103363,0.2390774041414261 
0.08379832655191422,0.3762856423854828,0.5508288145065308 
0.013801653869450092,-0.3792325258255005,0.2871667146682739 
-0.2897690534591675,-0.2926349341869354,-0.4007315933704376 
0.18329346179962158,0.30765238404273987,-0.5043723583221436 
0.5261831283569336,-0.20262867212295532,-0.2745201587677002 
-0.22878222167491913,-0.5375956296920776,0.35202279686927795 
0.40024811029434204,-0.2283315807580948,0.20738637447357178 
0.5608628392219543,-0.6088489294052124,-0.5112302303314209 
0.21857737004756927,-0.572603166103363,0.13635790348052979 
0.12599164247512817,-0.32755032181739807,-0.26899266242980957 
0.21765989065170288,0.9132314920425415,-0.07686024904251099 
-0.168849378824234,0.16371238231658936,0.4915408492088318 
-0.036844998598098755,-0.16585607826709747,0.0022642910480499268 
0.48693791031837463,0.3772990107536316,-0.10869492590427399 
-0.37305018305778503,-0.24519047141075134,0.6577861309051514 
-0.5562355518341064,0.3000575304031372,-0.3740667700767517 
-0.35222989320755005,0.1097584217786789,-0.5758614540100098 
-0.32689547538757324,-0.12791520357131958,0.3490748107433319 
-0.3693651556968689,-0.41737234592437744,0.10466685891151428 
0.26049432158470154,-0.5534411668777466,-0.4057984948158264 
0.2883675694465637,0.4104125201702118,-0.037902235984802246 
0.22650013864040375,-0.572603166103363,0.27067631483078003 
-0.2643425166606903,0.6356178522109985,-0.45619091391563416 
-0.25605127215385437,-0.1976539045572281,0.6945440173149109 
0.49808505177497864,0.3704817295074463,0.2350238859653473 
-0.3401615023612976,-0.5346476435661316,-0.20257043838500977 
-0.3265269696712494,0.3725084662437439,0.2633984386920929 
0.220747709274292,0.11155860126018524,-0.116116464138031 
0.19462484121322632,-0.4615923762321472,0.26201656460762024 
0.12954390048980713,-0.8011140823364258,-0.43043649196624756 
0.20586411654949188,-0.42317619919776917,-0.11790744215250015 
0.4477846920490265,-0.572603166103363,0.2311546504497528 
-0.1934467852115631,0.16582030057907104,0.2256786823272705 
-0.3320544958114624,0.28434476256370544,-0.3376258909702301 
0.44948357343673706,-0.31331154704093933,0.8230991959571838 
0.16418296098709106,0.0692841112613678,0.11402300000190735 
0.07587556540966034,-0.30332139134407043,-0.535326361656189 
0.26036161184310913,-0.15014873445034027,-0.12403923273086548 
0.0198228657245636,-0.7556042671203613,0.21561691164970398 
-0.040462810546159744,0.40475228428840637,0.6654325127601624 
0.07163780182600021,-0.015983162447810173,0.6009449362754822 
0.08444320410490036,-0.2957671582698822,-0.3772396743297577 
-0.33472612500190735,-0.0485033318400383,-0.3153315782546997 
-0.22417597472667694,-0.40944957733154297,-0.03752826899290085 
0.25791478157043457,0.015615754760801792,0.4985017478466034 
0.4544582962989807,0.2526021897792816,-0.8162564635276794 
0.4233715236186981,0.2050618678331375,0.4571375846862793 
0.36874133348464966,-0.572603166103363,-0.39326944947242737 
0.5188131332397461,-0.20428691804409027,0.27058419585227966 
0.33548417687416077,-0.4641719460487366,0.11977538466453552 
0.34386754035949707,-0.19829878211021423,0.46109896898269653 
-0.37728792428970337,-0.03975144773721695,-0.6220160722732544 
-0.33601588010787964,-0.06757322698831558,-0.5664646625518799 
-0.3019295930862427,0.2421514242887497,-0.46531128883361816 
-0.23983722925186157,-0.572603166103363,-0.013852113857865334 
0.46293380856513977,0.4103756546974182,0.8218094706535339 
-0.12937922775745392,-0.3073749244213104,0.6652482748031616 
-0.04288017377257347,-0.3814435601234436,-0.3771475553512573 
0.23405441641807556,-0.2510864734649658,0.37330371141433716 
0.11563301086425781,-0.518658459186554,0.6495354175567627 
-0.3081940710544586,0.6559774875640869,-0.03429467976093292 
-0.26425039768218994,0.6281556487083435,0.5628051161766052 
-0.043098509311676025,-0.00013764778850600123,0.6755662560462952 
-0.6422803997993469,-0.1500473916530609,-0.1399659514427185 
0.1467197835445404,0.46315959095954895,-0.029623934999108315 
-0.24011363089084625,0.039337970316410065,-0.6994933485984802 
0.2818673551082611,-0.572603166103363,0.025660350918769836 
0.11539724469184875,-0.37775856256484985,0.23023340106010437 
-0.20897531509399414,-0.13427181541919708,0.6919645667076111 
0.5889203548431396,0.22114689648151398,-0.07706838101148605 
0.07666409015655518,-0.2726031541824341,-0.16364210844039917 
-0.37295806407928467,-0.3873395621776581,-0.17981553077697754 
0.2565329372882843,-0.48471584916114807,-0.30326318740844727 
0.01236450020223856,0.17353664338588715,-0.6648542881011963 
0.42023926973342896,-0.4965999722480774,0.13396264612674713 
-0.3345418870449066,0.5545477271080017,0.06518203020095825 
0.4189901351928711,0.15809273719787598,-0.08709707856178284 
0.5468192100524902,0.3560180962085724,-0.2849303185939789 
0.272799551486969,0.8805270791053772,-0.9300310015678406 
0.40024811029434204,-0.09502652287483215,-0.45517754554748535 
0.07633619010448456,-0.572603166103363,0.2785990834236145 
-0.4528711438179016,-0.2726031541824341,-0.006303340196609497 
0.1069217249751091,0.3866036534309387,-0.5151509642601013 
-0.3736029267311096,0.6162715554237366,0.36547309160232544 
-0.3338969945907593,-0.31281033158302307,0.033629175275564194 
-0.6758139133453369,0.9075196981430054,0.2624533176422119 
0.5883675813674927,-0.04767420515418053,-0.1482166051864624 
-0.3112342357635498,-0.2919900417327881,-0.464297890663147 
-0.34228038787841797,0.0788135901093483,0.001963926712051034 
0.5883675813674927,-0.11879481375217438,-0.03754669800400734 
-0.37572181224823,-0.18199265003204346,-0.6297546029090881 
-0.5691330432891846,0.34759408235549927,-0.184830904006958 
0.5418444871902466,0.36172986030578613,-0.17087939381599426 
0.3379715383052826,-0.2899633049964905,0.12631626427173615 
0.4523909389972687,-0.22252769768238068,-0.02958708629012108 
-0.18483853340148926,0.20522768795490265,0.6954652667045593 
-0.3756296634674072,0.6075196862220764,0.1758795827627182 
0.29365935921669006,-0.3751790523529053,0.05689077079296112 
0.0011105835437774658,-0.2714976668357849,0.3996921181678772 
-0.31372159719467163,-0.18678314983844757,0.2014903724193573 
-0.29032179713249207,0.47955790162086487,0.1837102174758911 
-0.17885039746761322,-0.5410042405128479,-0.3949277102947235 
0.01981198787689209,0.22147482633590698,-0.7988448143005371 
0.04481096938252449,-0.47725367546081543,-0.3371652364730835 
-0.22187283635139465,-0.5001007318496704,-0.2651233971118927 
0.12313574552536011,-0.2946617007255554,0.2948130965232849 
0.004764178767800331,-0.40797555446624756,-0.18580365180969238 
-0.3750438392162323,0.3019000291824341,0.14414790272712708 
-0.011326313018798828,0.11026886105537415,-0.39875632524490356 
0.28670936822891235,0.051043301820755005,-0.1584831029176712 
-0.3736029267311096,-0.3796931803226471,0.24700015783309937 
-0.09631551057100296,-0.5039699673652649,-0.3587225377559662 
0.5184446573257446,0.2999138832092285,0.4264599084854126 
-0.46926939487457275,-0.2685295343399048,-0.3895437717437744 
0.5149438977241516,0.36292746663093567,0.30715787410736084 
0.4710924029350281,0.369099885225296,-0.39308518171310425 
-0.37526118755340576,-0.1575794667005539,0.640374481678009 
-0.35094013810157776,-0.39913156628608704,-0.6142776012420654 
-0.32993561029434204,-0.10239654034376144,0.11258962005376816 
-0.45305538177490234,0.28448837995529175,0.3641427755355835 
0.06735944747924805,0.01298472285270691,0.3131589889526367 
-0.319341242313385,-0.1266254335641861,0.43143466114997864 
-0.2624078691005707,-0.41129207611083984,-0.1872776597738266 
-0.07093128561973572,0.32373368740081787,-0.3144618272781372 
0.24907079339027405,-0.08691951632499695,-0.4913826882839203 
-0.19294555485248566,-0.4060409367084503,0.0572039969265461 
-0.02605542540550232,-0.872603178024292,0.19922783970832825 
-0.29479363560676575,-0.872603178024292,0.3335646986961365 
-0.029290705919265747,0.31561577320098877,0.06482818722724915 
0.5466755628585815,0.07868087291717529,-0.7814331650733948 
-0.28689849376678467,-0.2726031541824341,0.23872187733650208 
-0.2319144755601883,-0.572603166103363,-0.26678165793418884 
-0.2319144755601883,-0.572603166103363,-0.08499113470315933 
-0.30269795656204224,-0.2726031541824341,0.4679568409919739 
0.23340953886508942,0.4386543035507202,0.19937148690223694 
-0.05140075087547302,0.00800997018814087,0.39905816316604614 
-0.3746163249015808,0.3080208897590637,0.6526271104812622 
-0.2944674491882324,0.29217538237571716,0.4852357804775238 
-0.3420040011405945,0.41092464327812195,-0.5619505047798157 
-0.0751451626420021,-0.3890899121761322,0.2776778042316437 
0.40761813521385193,-0.21819782257080078,-0.3772396743297577 
-0.2731865346431732,0.528476357460022,0.3709084689617157 
-0.3219207227230072,-0.1651337593793869,-0.41639286279678345 
0.5154045820236206,0.17080973088741302,0.43769916892051697 
0.0729275569319725,0.5051686763763428,0.5702672600746155 
-0.05901404470205307,0.6005181670188904,-0.40985196828842163 
-0.29695481061935425,0.37389037013053894,-0.47599780559539795 
0.37021535634994507,-0.5079313516616821,-0.2583061456680298 
-0.27788490056991577,0.5063663125038147,-0.0059413299895823 
-0.026996880769729614,0.5894631147384644,0.4996994137763977 
0.12295149266719818,-0.4418776333332062,-0.21878445148468018 
0.44944295287132263,0.30230912566185,0.4431345462799072 
0.25354433059692383,0.18350832164287567,0.7206560373306274 
0.30480650067329407,0.41212230920791626,-0.37834519147872925 
-0.30533820390701294,0.5453352332115173,0.24442067742347717 
0.2497156709432602,-0.46140816807746887,-0.21878445148468018 
-0.33573952317237854,-0.05366234481334686,-0.00397537974640727 
0.021991576999425888,-0.5126296877861023,0.3571818172931671 
0.07071655988693237,-0.3218385577201843,0.43650156259536743 
0.06749217957258224,0.5054450035095215,-0.5845211744308472 
0.36583393812179565,0.8520603775978088,0.3256511390209198 
-0.24785210192203522,-0.4105550944805145,0.1441885381937027 
0.36463630199432373,-0.5846199989318848,0.9013134241104126 
0.2970164716243744,0.898307204246521,-0.5271678566932678 
0.5261831283569336,0.36827072501182556,-0.029623934999108315 
-0.16079388558864594,-0.3866025507450104,0.5077143311500549 
-0.07129979133605957,-0.7030007839202881,0.2624441087245941 
0.012327651493251324,0.1893545389175415,0.6684726476669312 
-0.030580490827560425,0.6390670537948608,-0.14788870513439178 
-0.37424778938293457,0.4971538186073303,-0.6394277811050415 
-0.28709742426872253,0.07617881894111633,-0.49737080931663513 
0.12245026230812073,-0.3867352604866028,0.15354469418525696 
-0.026895463466644287,0.17208480834960938,-0.4093398153781891 
-0.3736029267311096,-0.3717704117298126,-0.4248683750629425 
0.06426779180765152,0.07883200794458389,0.6248053312301636 
0.0658339262008667,0.23690029978752136,0.617619514465332 
-0.3018374443054199,-0.3070985674858093,0.10475897789001465 
0.2896979749202728,-0.572603166103363,0.13635790348052979 
0.37666410207748413,-0.572603166103363,-0.3299795091152191 
-0.042280375957489014,0.48156073689460754,0.12018448114395142 
0.06546542793512344,0.5362148880958557,-0.4484524130821228 
0.0885373204946518,0.5650906562805176,-0.9939658641815186 
0.3128213882446289,0.33934345841407776,-0.46945688128471375 
-0.24840489029884338,0.6364469528198242,-0.353563517332077 
-0.058829791843891144,0.2446388304233551,0.6762111186981201 
0.6371424198150635,-0.2726031541824341,0.19130508601665497 
-0.3774721622467041,0.3791414797306061,-0.6140933036804199 
0.10760720074176788,-0.872603178024292,-0.21110497415065765 
0.8886440396308899,0.38672715425491333,-0.11628979444503784 
-0.3327914774417877,0.3158515393733978,0.3336898982524872 
-0.16917726397514343,-0.3908402919769287,-0.45619091391563416 
-0.17654727399349213,-0.572603166103363,-0.13237108290195465 
0.12378062307834625,-0.572603166103363,-0.1956610381603241 
-0.3420040011405945,0.5404525995254517,0.45271557569503784 
0.2093648761510849,0.42944180965423584,-0.4640215337276459 
0.4155409038066864,0.3920390009880066,-0.20339955389499664 
0.3129135072231293,0.4160836935043335,0.24681590497493744 
-0.14817273616790771,0.036767683923244476,0.6900299191474915 
0.32083627581596375,0.40834516286849976,0.3732115924358368 
-0.3188805878162384,-0.572603166103363,-0.25885891914367676 
-0.0035362967755645514,0.40254124999046326,-0.6563788056373596 
0.11797674745321274,-0.2685902416706085,0.43650156259536743 
0.2855117917060852,0.32353851199150085,-0.11795896291732788 
-0.28451791405677795,-0.2992679476737976,0.2550150454044342 
0.5883675813674927,0.10250817239284515,-0.10077217221260071 
-0.21662171185016632,-0.3989473283290863,-0.39308518171310425 
0.4019469916820526,0.7731091380119324,0.4151691198348999 
-0.6112342476844788,0.10787361860275269,0.05432590842247009 
-0.2730022966861725,-0.2914372682571411,-0.2668737769126892 
0.5660733580589294,0.039301127195358276,0.4270126521587372 
-0.5936383008956909,-0.5301740765571594,-0.3559993803501129 
-0.37710365653038025,0.5840277671813965,-0.4406217634677887 
0.573351263999939,0.11822379380464554,0.4251701533794403 
-0.32965922355651855,0.346897691488266,-0.06917325407266617 
-0.22417597472667694,-0.06434884667396545,0.6984133124351501 
-0.04301738739013672,0.4656875729560852,0.4182201623916626 
0.42180541157722473,-0.5106950998306274,0.19863447546958923 
-0.6779327988624573,-0.6475415229797363,-0.3928494155406952 
0.1844910830259323,-0.4427988827228546,0.19660773873329163 
-0.36107388138771057,-0.3011104166507721,0.46773195266723633 
0.3903907537460327,0.3965531587600708,0.2776778042316437 
0.5892888903617859,0.3080208897590637,0.03358311578631401 
-0.23932510614395142,0.21354112029075623,-0.32551687955856323 
-0.2955729365348816,0.4736618995666504,-0.6929524540901184 
0.37353184819221497,-0.5038778781890869,0.24423642456531525 
-0.3191569745540619,0.16839605569839478,-0.4279085099697113 
0.0834704339504242,-0.1074228286743164,0.17555168271064758 
0.08296920359134674,-0.015983162447810173,-0.5606607794761658 
-0.009496791288256645,0.3328946828842163,0.6648797988891602 
-0.042367033660411835,-0.3558327555656433,-0.6446788907051086 
-0.08643969148397446,0.46951624751091003,-0.6624590158462524 
-0.21606896817684174,0.6230888366699219,-0.511742353439331 
-0.3761824369430542,0.5917662382125854,0.4445164203643799 
0.17417307198047638,0.4421550929546356,0.4087718725204468 
-0.29566508531570435,-0.4065937399864197,-0.4088385999202728 
-0.23246723413467407,-0.38991907238960266,-0.5667409896850586 
-0.05811499059200287,0.06383782625198364,0.1821034848690033 
-0.35702040791511536,-0.16679200530052185,-0.5647143125534058 
-0.31114208698272705,-0.41709598898887634,0.1441885381937027 
-0.11351527273654938,-0.39406466484069824,-0.2509361505508423 
0.1776738315820694,0.37849661707878113,0.502371072769165 
0.11554089188575745,-0.8297649621963501,0.32555902004241943 
-0.02873799204826355,0.05472832918167114,0.056986644864082336 
-0.019114652648568153,-0.36615079641342163,-0.5824944376945496 
-0.23477035760879517,-0.08747225999832153,-0.6945185661315918 
-0.31666961312294006,-0.008152532391250134,0.43705427646636963 
0.28928887844085693,-0.007732480764389038,0.24664464592933655 
0.06574179977178574,0.371218740940094,0.6096968054771423 
-0.042280375957489014,0.5132241249084473,0.42843514680862427 
0.3532220125198364,0.864313006401062,0.2678719758987427 
-0.5899533033370972,0.325391948223114,0.37114429473876953 
