-0.25091832876205444,-0.3028602600097656,0.32085540890693665 
0.2751404941082001,0.7905826568603516,-1.1654459238052368 
0.2749868631362915,0.7823560237884521,1.1756181716918945 
0.2892357110977173,-0.7169195413589478,-1.1655449867248535 
-0.03005814179778099,0.2916576862335205,0.0029214255046099424 
0.28026774525642395,-0.6976910829544067,0.5751224756240845 
0.038615066558122635,-0.15842609107494354,-0.3512343466281891 
0.0379311703145504,-0.1392967849969864,0.3666597008705139 
0.0024775341153144836,0.042610008269548416,-0.7710878849029541 
0.03327273949980736,0.3203020691871643,0.45289021730422974 
-0.3207373321056366,0.18810471892356873,-0.10227882862091064 
-0.02753564901649952,0.04273885488510132,0.7975150346755981 
-0.02472275123000145,-0.2348441779613495,0.012496980838477612 
-0.01145811378955841,-0.45151078701019287,0.5198923349380493 
-0.31547725200653076,-0.7542860507965088,-0.8235962986946106 
-0.3287973999977112,0.46716853976249695,-0.6129757165908813 
-0.010754394344985485,-0.425839900970459,-0.21723011136054993 
0.03357008844614029,0.29155856370925903,-0.6193419694900513 
-0.3288806676864624,0.788104772567749,-0.07685966789722443 
0.035314518958330154,0.11919660121202469,0.23265543580055237 
0.038515955209732056,-0.19668470323085785,0.6538965106010437 
-0.0228801928460598,-0.41682034730911255,0.23265543580055237 
-0.025112275034189224,-0.19658558070659637,-0.6288570165634155 
0.036186736077070236,0.03304535523056984,-0.07365129142999649 
-0.027827048674225807,0.07144272327423096,0.5197932124137878 
0.33239060640335083,0.5819443464279175,1.0289270877838135 
0.2711193561553955,0.788104772567749,-0.4502279758453369 
0.03598850592970848,0.052174657583236694,-0.5235962867736816 
0.27498188614845276,0.19078081846237183,0.9155388474464417 
0.27938857674598694,-0.46794119477272034,-1.1699061393737793 
-0.3195023536682129,0.5532999634742737,-1.1695096492767334 
0.2747063636779785,0.12264284491539001,0.5644180178642273 
0.03734638914465904,-0.08180975914001465,0.14652401208877563 
-0.020737314596772194,0.4881047308444977,-0.6320287585258484 
0.28268614411354065,-0.915249764919281,0.13678789138793945 
0.27459731698036194,-0.46784210205078125,-0.46935731172561646 
-0.26652905344963074,0.0011727511882781982,0.12102851271629333 
0.044284477829933167,-0.412558376789093,-0.013398944400250912 
0.033371854573488235,0.3106878697872162,0.18478262424468994 
0.3406865894794464,-0.6671634912490845,-0.9863440990447998 
-0.024432340636849403,-0.26358771324157715,0.49114882946014404 
0.03494779393076897,-0.37796705961227417,0.6921551823616028 
0.2792636752128601,0.1882038414478302,-0.26197779178619385 
0.3364741802215576,-0.29567834734916687,0.044412195682525635 
-0.023655276745557785,-0.34020403027534485,-0.37997785210609436 
-0.03025141730904579,0.3107869625091553,-0.44697996973991394 
-0.3207363486289978,0.7882038354873657,0.11136078834533691 
-0.324626624584198,0.05554163455963135,0.4943968653678894 
-0.028408857062458992,0.12890993058681488,0.06993742287158966 
0.2809585630893707,-0.09774456918239594,0.575221598148346 
0.2934679388999939,-0.31366389989852905,0.47883570194244385 
0.036672405898571014,-0.014837374910712242,0.6538965106010437 
-0.028797391802072525,0.167168527841568,0.38578900694847107 
-0.030834216624498367,0.3681749105453491,-0.7533462047576904 
0.040062155574560165,-0.34981825947761536,0.3666597008705139 
-0.3294753432273865,-0.06582936644554138,0.8868944644927979 
-0.027148108929395676,0.004460425581783056,0.3284010589122772 
0.037643734365701675,-0.11055326461791992,-0.5044670104980469 
-0.028602132573723793,0.14803922176361084,-0.6479863524436951 
0.039576489478349686,-0.30194544792175293,-0.5332105159759521 
-0.028894523158669472,0.1767827421426773,-0.10235515981912613 
0.037643734365701675,-0.11055326461791992,0.5197932124137878 
-0.026662440970540047,-0.04342230036854744,-0.638471245765686 
0.03259875252842903,0.3873041868209839,-0.3033615052700043 
-0.03054281696677208,0.33943137526512146,0.3187868595123291 
-0.023923879489302635,-0.31374016404151917,-0.11335697770118713 
-0.026275889948010445,-0.08171064406633377,-0.006650164257735014 
0.0351162888109684,0.13832589983940125,0.7017694115638733 
-0.02753564901649952,0.04273885488510132,-0.3895920515060425 
-0.02414689026772976,-0.2911418080329895,-0.7908118963241577 
0.01701778918504715,0.4251663386821747,0.7368562817573547 
0.03453150764107704,0.19581292569637299,-0.5044670104980469 
0.03996303677558899,-0.3403031527996063,0.10826539993286133 
0.028009703382849693,0.41773268580436707,-0.5172529220581055 
-0.022899024188518524,0.33943137526512146,0.8452887535095215 
0.03305468335747719,0.3585606813430786,0.5867953300476074 
0.028098907321691513,-0.12968258559703827,-0.7383797764778137 
0.2758362889289856,0.017580360174179077,0.04589894413948059 
-0.026081625372171402,-0.10083995014429092,0.7496422529220581 
-0.02421032264828682,-0.2782568037509918,0.764806866645813 
-0.2675003707408905,0.09681928157806396,-0.3545021712779999 
0.02547234483063221,0.2340715378522873,-0.7362983226776123 
0.2372991442680359,-0.3124745488166809,0.2556472718715668 
-0.3215451240539551,-0.33387747406959534,-0.5699060559272766 
-0.02937919832766056,0.22465555369853973,0.26139897108078003 
-0.31856173276901245,0.41919660568237305,-0.5695096254348755 
-0.030931349843740463,0.37778910994529724,0.0986512079834938 
-0.024819882586598396,-0.22532910108566284,-0.4374648630619049 
0.03996303677558899,-0.3403031527996063,0.5677651166915894 
-0.019418084993958473,-0.4514116942882538,0.1114371120929718 
-0.027439508587121964,0.03318411484360695,0.1656533032655716 
-0.024626607075333595,-0.2444583773612976,0.33801528811454773 
-0.26371416449546814,0.3234737813472748,0.35079821944236755 
-0.026081625372171402,-0.10083995014429092,0.26139897108078003 
0.03657328709959984,-0.005252900067716837,0.4336618185043335 
0.27481043338775635,0.24700315296649933,0.575023353099823 
0.034828852862119675,0.167168527841568,-0.2077150195837021 
0.03765364736318588,-0.06273001432418823,-0.15022797882556915 
-0.2658550441265106,0.5341706275939941,-0.21092337369918823 
0.03542354702949524,0.172818124294281,0.4876798093318939 
0.033857520669698715,0.26281505823135376,-0.3512343466281891 
-0.019418084993958473,-0.4514116942882538,0.38905981183052063 
0.038218606263399124,-0.16794118285179138,-0.0640767365694046 
-0.3194181025028229,-0.15141168236732483,-0.038547515869140625 
0.2681042551994324,0.7821577787399292,-0.574717104434967 
-0.027827048674225807,0.07144272327423096,-0.17897149920463562 
-0.026469165459275246,-0.06253178417682648,-0.33210501074790955 
-0.3224976062774658,-0.7451674342155457,1.0687716007232666 
0.2382011115550995,-0.31495237350463867,-0.22869479656219482 
-0.015477251261472702,-0.45428603887557983,-0.10235515981912613 
-0.026081625372171402,-0.10083995014429092,0.6155388355255127 
-0.32540270686149597,-0.46784210205078125,-0.19173461198806763 
0.28125789761543274,0.6680757999420166,-1.1656441688537598 
0.039090823382139206,-0.2540726065635681,-0.7054733633995056 
-0.02481195330619812,0.49048349261283875,-0.7437319755554199 
0.33511629700660706,-0.1616741120815277,-0.10872134566307068 
-0.3194181025028229,-0.7514116764068604,-1.0596895217895508 
-0.2602252960205078,-0.6210747361183167,-0.05773036181926727 
-0.031122643500566483,0.396918386220932,0.5006639361381531 
0.037901438772678375,-0.12016747891902924,-0.2459736168384552 
-0.024126073345541954,-0.2865825295448303,0.6503283977508545 
0.03598850592970848,0.052174657583236694,-0.6672148108482361 
-0.031023526564240456,0.3873041868209839,-0.19810080528259277 
0.032499637454748154,0.3968192934989929,-0.6576005816459656 
0.33667242527008057,0.28516262769699097,0.5422696471214294 
-0.027827048674225807,0.07144272327423096,0.644282341003418 
-0.02249760553240776,-0.4451674222946167,-0.6479863524436951 
-0.26488372683525085,0.4383259117603302,0.28377628326416016 
0.036860719323158264,-0.033966679126024246,-0.4278506636619568 
0.033857520669698715,0.26281505823135376,0.3571445941925049 
0.27110549807548523,0.47678273916244507,0.46565330028533936 
0.33560195565223694,-0.20953699946403503,0.6380152702331543 
-0.030155273154377937,0.30117276310920715,-0.2747170925140381 
0.33266815543174744,0.7059379816055298,0.5517847537994385 
0.2774716913700104,-0.5914391875267029,0.5712569952011108 
-0.3224976062774658,-0.7451674342155457,0.9251530766487122 
0.00044566389988176525,-0.5033482909202576,0.02130141481757164 
-0.2675003707408905,0.09681928157806396,-0.708721399307251 
-0.026178758591413498,-0.09122573584318161,0.4336618185043335 
0.03657328709959984,-0.005252900067716837,0.5485367178916931 
-0.02405768446624279,-0.300458699464798,-0.636092483997345 
-0.26127591729164124,-0.07211923599243164,-0.756594181060791 
0.34062713384628296,-0.06726258993148804,-0.6033614873886108 
-0.33044570684432983,0.6299163103103638,0.19764485955238342 
0.33137965202331543,0.7126778364181519,0.6571446061134338 
-0.030639950186014175,0.3490455746650696,0.6825409531593323 
0.039189938455820084,-0.26368680596351624,-0.33210501074790955 
0.33996304869651794,-0.04030314087867737,0.1115134209394455 
-0.02520841546356678,-0.18697138130664825,0.5581508874893188 
-0.028602132573723793,0.14803922176361084,-0.7724754810333252 
-0.02986387349665165,0.2724292576313019,-0.5427256226539612 
0.03831772133708,-0.1775553971529007,0.2709140479564667 
-0.2565976679325104,-0.9164391160011292,-0.3830375373363495 
0.039576489478349686,-0.30194544792175293,-0.025808211416006088 
0.27653801441192627,-0.659333348274231,0.7432760000228882 
0.039090823382139206,-0.2540726065635681,0.41453251242637634 
0.27411264181137085,-0.41996926069259644,-0.7278506755828857 
0.2715911567211151,-0.17109008133411407,-0.24272561073303223 
-0.02957247383892536,0.2436857521533966,0.45279112458229065 
0.037732940167188644,-0.12016747891902924,-0.6288570165634155 
-0.2658550441265106,-0.06582936644554138,0.2550624907016754 
-0.26439806818962097,-0.20953699946403503,-0.022589892148971558 
-0.029282066971063614,0.21504133939743042,0.7782865762710571 
0.020090367645025253,-0.18707048892974854,0.7555891275405884 
-0.32355913519859314,-0.0498182475566864,-0.2683509290218353 
-0.029282066971063614,0.21504133939743042,-0.4278506636619568 
0.2776619791984558,-0.19988316297531128,0.5757171511650085 
-0.2638925611972809,-0.3339765965938568,-0.4219265580177307 
-0.02520841546356678,-0.18697138130664825,-0.2747170925140381 
-0.024918006733059883,-0.21571488678455353,-0.5332105159759521 
0.03900161758065224,-0.24455751478672028,-0.17897149920463562 
-0.029282066971063614,0.21504133939743042,0.6826400756835938 
-0.030931349843740463,0.37778910994529724,-0.5809842348098755 
-0.02772991731762886,0.061858247965574265,0.41453251242637634 
-0.02435106597840786,-0.2716160714626312,0.10104979574680328 
-0.026662440970540047,-0.04342230036854744,0.07951197773218155 
-0.2619697153568268,0.15118812024593353,-0.25878629088401794 
-0.026954833418130875,-0.014688699506223202,-0.5427256226539612 
0.036097534000873566,0.0904233530163765,0.12739470601081848 
0.03489823266863823,0.15140914916992188,0.6091954708099365 
-0.029475342482328415,0.23417064547538757,-0.19810080528259277 
-0.3288806676864624,0.788104772567749,0.8198923468589783 
0.26819348335266113,0.16392052173614502,-0.3545219898223877 
-0.030639950186014175,0.3490455746650696,-0.3608485460281372 
-0.32365527749061584,-0.6402040719985962,-0.12473249435424805 
0.02731589414179325,-0.3797511160373688,-0.5811824202537537 
0.02287551574409008,0.4211026132106781,0.15930992364883423 
0.27518805861473083,0.7904834747314453,-0.23311138153076172 
-0.32675957679748535,0.2661423683166504,-0.3928103446960449 
0.0347297377884388,0.17668361961841583,0.30927178263664246 
0.037643734365701675,-0.11055326461791992,0.6825409531593323 
-0.027632782235741615,0.052293598651885986,-0.006647191010415554 
-0.2646854817867279,-0.18080341815948486,-0.43109869956970215 
-0.02520841546356678,-0.18697138130664825,0.4432760179042816 
-0.02705196477472782,-0.005114138126373291,0.7208986878395081 
0.03375840559601784,0.2724292576313019,0.5294073820114136 
-0.26284193992614746,-0.36268046498298645,0.6187868714332581 
0.032668132334947586,0.40593793988227844,0.041213732212781906 
-0.3288806676864624,0.788104772567749,-0.17260530591011047 
-0.31145811080932617,-0.15151077508926392,-0.7278506755828857 
-0.026178758591413498,-0.09122573584318161,-0.8012189865112305 
-0.02957247383892536,0.2436857521533966,-0.6672148108482361 
0.03327273949980736,0.3203020691871643,-0.7147902250289917 
-0.029961006715893745,0.2820434868335724,0.12739470601081848 
-0.02772991731762886,0.061858247965574265,-0.6002126336097717 
-0.024819882586598396,-0.22532910108566284,-0.10235515981912613 
-0.023462001234292984,-0.359333336353302,0.29965758323669434 
0.03444230183959007,0.2054271399974823,-0.6001135110855103 
-0.029087798669934273,0.19591204822063446,0.0029214255046099424 
-0.026759574189782143,-0.03385765105485916,-0.2077150195837021 
0.03866462782025337,-0.3721192479133606,-0.09281033277511597 
0.03375840559601784,0.2724292576313019,0.6346681118011475 
-0.026081625372171402,-0.10083995014429092,-0.5714691281318665 
0.034957703202962875,0.14496664702892303,-0.7086450457572937 
0.03327273949980736,0.3203020691871643,0.06036285683512688 
0.02287551574409008,0.4211026132106781,0.6474540829658508 
0.03317362442612648,0.32981714606285095,-0.5235962867736816 
0.004182321950793266,-0.20629891753196716,-0.7721781730651855 
-0.3196103870868683,0.18215778470039368,0.009271770715713501 
0.03900161758065224,-0.24455751478672028,0.5677651166915894 
0.03938816860318184,-0.2828161120414734,-0.4278506636619568 
-0.2673318684101105,0.10593792796134949,0.15928712487220764 
-0.028408857062458992,0.12890993058681488,0.7879008054733276 
-0.029961006715893745,0.2820434868335724,-0.7820897102355957 
-0.027924181893467903,0.08102720230817795,0.2805282473564148 
0.03831772133708,-0.1775553971529007,0.18478262424468994 
-0.26575595140457153,-0.0754435807466507,0.5039119720458984 
-0.2640115022659302,0.35217466950416565,0.4112844467163086 
0.03657328709959984,-0.005252900067716837,-0.34171923995018005 
-0.028699267655611038,0.15755431354045868,0.5485367178916931 
0.27994561195373535,-0.6266251802444458,-0.568617582321167 
0.012636879459023476,-0.5823433995246887,0.09814570844173431 
-0.26575595140457153,0.5245564579963684,0.02528291940689087 
0.3333718776702881,0.6106878519058228,-0.028986841440200806 
-0.007196144666522741,-0.3658749461174011,0.7975150346755981 
0.27663514018058777,-0.06894752383232117,-0.44373196363449097 
-0.027439508587121964,0.03318411484360695,-0.3033615052700043 
-0.3209415078163147,0.18840208649635315,0.39849853515625 
-0.26565682888031006,-0.08495867252349854,0.15938623249530792 
-0.32646918296813965,0.23746822774410248,0.23902159929275513 
-0.02802131697535515,0.09060176461935043,-0.45659416913986206 
-0.02656630054116249,-0.05297704413533211,0.19439683854579926 
-0.027924181893467903,0.08102720230817795,-0.09281033277511597 
-0.32588738203048706,0.18003076314926147,-0.38324570655822754 
0.03900161758065224,-0.24455751478672028,-0.6097277402877808 
-0.030348550528287888,0.3203020691871643,0.5485367178916931 
-0.03132086992263794,0.41604772210121155,0.8166443109512329 
-0.03054281696677208,0.33943137526512146,-0.6672148108482361 
-0.028118448331952095,0.10017631947994232,-0.2555878162384033 
-0.03025141730904579,0.3107869625091553,0.3954032063484192 
0.03647417202591896,0.00432166364043951,-0.590598464012146 
-0.030931349843740463,0.37778910994529724,-0.006654128897935152 
-0.02355913259088993,-0.34981825947761536,-0.5044670104980469 
0.33560195565223694,0.3904630243778229,0.17201954126358032 
-0.030737081542611122,0.3585606813430786,0.23265543580055237 
-0.02802131697535515,0.09060176461935043,-0.7054733633995056 
0.036771517246961594,-0.02440202608704567,-0.016233647242188454 
-0.32549983263015747,0.14177215099334717,0.018786847591400146 
0.028009703382849693,0.41773268580436707,0.44961944222450256 
-0.010397578589618206,-0.4452665150165558,0.30927178263664246 
0.035314518958330154,0.11919660121202469,-0.590598464012146 
-0.03122175671160221,0.4065326154232025,0.5868944525718689 
0.033857520669698715,0.26281505823135376,-0.44697996973991394 
0.039090823382139206,-0.2540726065635681,0.14652401208877563 
0.3358002007007599,-0.2286861389875412,0.8964095711708069 
0.038704272359609604,-0.215814009308815,-0.48533767461776733 
0.2724643647670746,-0.25726115703582764,-0.5490918159484863 
0.038436662405729294,-0.37360596656799316,0.49114882946014404 
-0.018310964107513428,0.4350779056549072,-0.8004261255264282 
-0.030348550528287888,0.3203020691871643,0.7591572999954224 
0.00611507473513484,-0.5551856756210327,-0.04894178360700607 
0.04004232957959175,-0.2828161120414734,0.0507982075214386 
0.039090823382139206,-0.2540726065635681,0.2901424765586853 
-0.012349163182079792,-0.037138376384973526,0.8002902269363403 
0.33637505769729614,0.31390514969825745,-0.4789715111255646 
-0.02705196477472782,-0.005114138126373291,-0.4661092460155487 
-0.025790225714445114,-0.1295834630727768,0.18478262424468994 
-0.025984490290284157,-0.11045416444540024,-0.6767298579216003 
-0.33142000436782837,0.12556281685829163,-0.05123433470726013 
-0.031023526564240456,0.3873041868209839,-0.45659416913986206 
-0.32549983263015747,0.14177215099334717,0.28378617763519287 
0.2849390506744385,-0.27647867798805237,0.5712569952011108 
-0.3248198926448822,0.07467091083526611,-0.6512343883514404 
0.276828408241272,-0.08807685971260071,-0.44071289896965027 
0.033371854573488235,0.3106878697872162,-0.0640767365694046 
-0.029669607058167458,0.2532999515533447,-0.08324567973613739 
-0.02336486615240574,-0.3689475357532501,0.6155388355255127 
-0.022783057764172554,-0.42643457651138306,0.03163916990160942 
-0.020941492170095444,0.4884020984172821,0.775114893913269 
0.0379311703145504,-0.1392967849969864,0.4432760179042816 
0.27644088864326477,-0.0498182475566864,0.2550624907016754 
-0.32627591490745544,-0.38171064853668213,0.6571446061134338 
0.33637505769729614,0.31390514969825745,0.42739471793174744 
0.03938816860318184,-0.2828161120414734,0.6921551823616028 
0.03928905352950096,-0.27330100536346436,-0.10235515981912613 
-0.027148108929395676,0.004460425581783056,-0.7054733633995056 
-0.2627527415752411,-0.3722451329231262,-0.24920180439949036 
-0.031419988721609116,0.4255628287792206,-0.6863440871238708 
-0.02405768446624279,-0.300458699464798,0.5700448155403137 
-0.023655276745557785,-0.34020403027534485,0.7208986878395081 
0.3345315158367157,-0.10418708622455597,0.11453250050544739 
-0.02336486615240574,-0.3689475357532501,0.5390216112136841 
-0.02405768446624279,-0.300458699464798,-0.7127088308334351 
0.038129404187202454,-0.15842609107494354,0.5868944525718689 
-0.26255449652671814,-0.3914240002632141,-0.3545219898223877 
-0.03122175671160221,0.4065326154232025,0.4050174057483673 
0.034828852862119675,0.167168527841568,0.12739470601081848 
-0.014604042284190655,-0.24158406257629395,-0.8461183309555054 
-0.026954833418130875,-0.014688699506223202,0.4815346300601959 
0.038605157285928726,-0.20629891753196716,0.089046910405159 
-0.26168230175971985,-0.47755539417266846,-0.3767298460006714 
-0.2671138346195221,0.05856066942214966,0.07315570116043091 
-0.025499815121293068,-0.1582278609275818,0.7017694115638733 
-0.028311723843216896,0.11929571628570557,-0.37036362290382385 
-0.026954833418130875,-0.014688699506223202,0.5964095592498779 
0.038129404187202454,-0.15842609107494354,-0.4278506636619568 
0.03608762100338936,0.042610008269548416,-0.4278506636619568 
0.03880338743329048,-0.22542820870876312,0.49114882946014404 
-0.023462001234292984,-0.359333336353302,-0.2459736168384552 
-0.023923879489302635,-0.31374016404151917,0.36527207493782043 
-0.031291138380765915,-0.5703504085540771,0.01238002348691225 
0.33308443427085876,0.639431357383728,0.05714458227157593 
0.03489823266863823,0.15140914916992188,-0.28106051683425903 
0.037247274070978165,-0.07224511355161667,0.3954032063484192 
0.03831772133708,-0.1775553971529007,-0.5809842348098755 
-0.26129573583602905,-0.5158140063285828,-0.5459736585617065 
0.035314518958330154,0.11919660121202469,0.5390216112136841 
-0.023267732933163643,-0.37846264243125916,0.0986512079834938 
-0.26372408866882324,-0.2765500247478485,0.6667588353157043 
-0.027632782235741615,0.052293598651885986,0.06993742287158966 
0.32820793986320496,0.7180300354957581,0.2453649640083313 
-0.02412012778222561,-0.2865825295448303,0.2769601047039032 
-0.024918006733059883,-0.21571488678455353,0.6251530647277832 
0.03560195490717888,0.09046300500631332,-0.2077150195837021 
-0.02957247383892536,0.2436857521533966,-0.3225899040699005 
-0.02685770019888878,-0.024283088743686676,0.4050174057483673 
0.037247274070978165,-0.07224511355161667,0.5964095592498779 
0.039576489478349686,-0.30194544792175293,0.49114882946014404 
0.031092196702957153,-0.059498850256204605,0.7384421229362488 
-0.02421032264828682,-0.2782568037509918,-0.49881744384765625 
0.018811779096722603,0.42139995098114014,-0.7413531541824341 
-0.01662600040435791,0.21494224667549133,-0.8008224964141846 
-0.026275889948010445,-0.08171064406633377,-0.49485278129577637 
0.030071308836340904,-0.474208265542984,-0.04504654183983803 
0.036771517246961594,-0.02440202608704567,-0.5139821171760559 
-0.2627527415752411,-0.3722451329231262,-0.0033614933490753174 
-0.031122643500566483,0.396918386220932,-0.2747170925140381 
0.33843666315078735,-0.6736059784889221,-0.12473249435424805 
0.3328861892223358,0.6585606932640076,1.020700454711914 
-0.029087798669934273,0.19591204822063446,-0.5714691281318665 
-0.02520841546356678,-0.18697138130664825,0.24226965010166168 
-0.01775096170604229,0.2724292576313019,0.8713561296463013 
0.3396756052970886,-0.6115596294403076,-0.5555878281593323 
-0.02821558341383934,0.1097508892416954,0.7112844586372375 
0.03787170350551605,-0.10103818029165268,0.23265543580055237 
-0.02569309063255787,-0.13909855484962463,-0.33210501074790955 
0.27023327350616455,-0.03708586096763611,0.028401046991348267 
0.035215407609939575,0.12871168553829193,-0.48523858189582825 
-0.2651711702346802,-0.14224745333194733,-0.24922162294387817 
0.2713978886604309,0.4480392336845398,0.561398983001709 
0.33317363262176514,0.029817134141921997,-0.6895920634269714 
-0.2659442722797394,-0.05631425976753235,0.5901424884796143 
-0.030155273154377937,0.30117276310920715,0.6155388355255127 
-0.029087798669934273,0.19591204822063446,0.0986512079834938 
-0.02588735893368721,-0.11996925622224808,0.8166443109512329 
-0.026662440970540047,-0.04342230036854744,-0.3991071581840515 
-0.0228801928460598,-0.41682034730911255,0.6921551823616028 
-0.32608163356781006,-0.4008399546146393,0.11141429841518402 
-0.26216796040534973,-0.4296826124191284,-0.46935731172561646 
-0.02685770019888878,-0.024283088743686676,-0.7820897102355957 
0.03574071452021599,0.10965177416801453,0.4049183130264282 
0.27391839027404785,0.19916006922721863,0.03489711880683899 
-0.02336486615240574,-0.3689475357532501,-0.6479863524436951 
0.03373858332633972,0.33943137526512146,0.6538965106010437 
-0.028797391802072525,0.167168527841568,0.46240532398223877 
0.03453150764107704,0.19581292569637299,0.6634116768836975 
-0.025790225714445114,-0.1295834630727768,0.49114882946014404 
0.2714940309524536,-0.16157498955726624,0.14015783369541168 
0.033857520669698715,0.26281505823135376,0.02205469459295273 
0.037158068269491196,-0.06268046051263809,-0.5714691281318665 
0.03453150764107704,0.19581292569637299,-0.3704627752304077 
-0.02472275123000145,-0.2348441779613495,-0.6863440871238708 
0.03744550421833992,-0.09142397344112396,-0.3895920515060425 
-0.03025141730904579,0.3107869625091553,-0.6001135110855103 
0.039576489478349686,-0.30194544792175293,0.6251530647277832 
-0.02391892299056053,-0.31423574686050415,-0.190468892455101 
0.3360876441001892,-0.25738999247550964,0.5805282592773438 
-0.32588738203048706,-0.41996926069259644,0.35077840089797974 
0.2719787061214447,0.39060178399086,-0.09608808159828186 
0.03695983812212944,-0.04354124143719673,0.49114882946014404 
-0.029961006715893745,0.2820434868335724,0.22314034402370453 
0.038704272359609604,-0.215814009308815,0.34753039479255676 
-0.028894523158669472,0.1767827421426773,-0.48533767461776733 
-0.02472275123000145,-0.2348441779613495,0.7112844586372375 
-0.02414689026772976,-0.2911418080329895,-0.33081650733947754 
0.0425400473177433,-0.4522046148777008,0.04237338528037071 
-0.02435106597840786,-0.2716160714626312,-0.05211348086595535 
0.03987383469939232,-0.3306889235973358,-0.6288570165634155 
0.03444230183959007,0.2054271399974823,0.5677651166915894 
-0.022783057764172554,-0.42643457651138306,0.45289021730422974 
-0.03122175671160221,0.4065326154232025,0.2805282473564148 
0.271153062582016,0.4862978458404541,-0.5654458999633789 
-0.026469165459275246,-0.06253178417682648,-0.7246026992797852 
0.033371854573488235,0.3106878697872162,-0.3033615052700043 
-0.029961006715893745,0.2820434868335724,-0.15022797882556915 
-0.028991656377911568,0.18629783391952515,-0.2459736168384552 
-0.031122643500566483,0.396918386220932,-0.11196936666965485 
-0.030834216624498367,0.3681749105453491,0.1656533032655716 
-0.030445681884884834,0.3299162983894348,0.4815346300601959 
-0.027342375367879868,0.023610543459653854,0.23265543580055237 
-0.026081625372171402,-0.10083995014429092,0.11778051406145096 
-0.028505992144346237,0.13842502236366272,0.6347672343254089 
0.040488351136446,-0.359333336353302,-0.3895920515060425 
0.032668132334947586,0.40593793988227844,-0.590598464012146 
0.03705895319581032,-0.05310589075088501,-0.21723011136054993 
-0.0237771887332201,-0.3282110393047333,-0.5681983232498169 
-0.02472275123000145,-0.2348441779613495,-0.19810080528259277 
-0.025402681902050972,-0.1678420752286911,-0.7246026992797852 
0.03880338743329048,-0.22542820870876312,-0.006654128897935152 
0.2715911567211151,0.42890995740890503,0.3029303550720215 
-0.02336486615240574,-0.3689475357532501,-0.8107341527938843 
-0.029475342482328415,0.23417064547538757,0.5198923349380493 
0.27892670035362244,-0.4008399546146393,-0.5700051784515381 
0.02569039911031723,0.20215632021427155,0.7423076629638672 
-0.027827048674225807,0.07144272327423096,0.34753039479255676 
0.03424407169222832,0.22455643117427826,-0.6672148108482361 
-0.03160830959677696,0.44469210505485535,-0.5809842348098755 
0.03996303677558899,-0.3403031527996063,0.4336618185043335 
0.03900161758065224,-0.24455751478672028,0.2135261446237564 
-0.33190566301345825,0.773435652256012,-0.7661092281341553 
-0.26527026295661926,0.4766836166381836,0.21675433218479156 
-0.02405768446624279,-0.300458699464798,-0.43508610129356384 
0.33333221077919006,-0.2191016674041748,-1.0274770259857178 
-0.01660221256315708,-0.23494330048561096,0.8351789116859436 
-0.02772991731762886,0.061858247965574265,-0.5331113934516907 
0.033857520669698715,0.26281505823135376,-0.5332105159759521 
0.017047522589564323,0.4251663386821747,-0.220401793718338 
-0.02435106597840786,-0.2716160714626312,0.4265254735946655 
-0.2596900761127472,-0.06726258993148804,0.5901424884796143 
0.036860719323158264,-0.033966679126024246,-0.6479863524436951 
-0.031419988721609116,0.4255628287792206,0.6826400756835938 
-0.031419988721609116,0.4255628287792206,0.05078829452395439 
-0.023267732933163643,-0.37846264243125916,0.3666597008705139 
-0.026954833418130875,-0.014688699506223202,-0.016233647242188454 
0.27916258573532104,-0.8901734948158264,0.19605900347232819 
0.03313397616147995,-0.32117384672164917,-0.7340186834335327 
-0.01145811378955841,-0.45151078701019287,0.1752675175666809 
0.038515955209732056,-0.19668470323085785,-0.12158358097076416 
-0.030445681884884834,0.3299162983894348,-0.5139821171760559 
-0.32317161560058594,-0.08807685971260071,-0.003460615873336792 
-0.0263720341026783,-0.07210634648799896,0.673025906085968 
-0.030348550528287888,0.3203020691871643,0.06993742287158966 
0.03395663946866989,0.2532999515533447,0.45289021730422974 
-0.022783057764172554,-0.42643457651138306,-0.5809842348098755 
0.03880338743329048,-0.22542820870876312,-0.3991071581840515 
-0.02986387349665165,0.2724292576313019,0.8070300817489624 
0.03938816860318184,-0.2828161120414734,0.34753039479255676 
-0.028894523158669472,0.1767827421426773,-0.7150875926017761 
-0.028505992144346237,0.13842502236366272,0.3284010589122772 
0.33308443427085876,0.639431357383728,-0.17260530591011047 
0.27450019121170044,-0.45822787284851074,0.6858881711959839 
-0.02957247383892536,0.2436857521533966,-0.48533767461776733 
-0.32966962456703186,0.5532999634742737,-0.2300824075937271 
-0.028118448331952095,0.10017631947994232,0.5772802829742432 
0.03608762100338936,0.042610008269548416,0.18478262424468994 
-0.02986387349665165,0.2724292576313019,0.7112844586372375 
0.03278707340359688,0.3681749105453491,-0.4661092460155487 
-0.02802131697535515,0.09060176461935043,0.12739470601081848 
-0.025499815121293068,-0.1582278609275818,-0.8012189865112305 
-0.25934314727783203,-0.6671634912490845,-0.24917207658290863 
0.010892443358898163,0.08093798905611038,0.7654015421867371 
-0.008286415599286556,-0.41632479429244995,-0.7054733633995056 
0.33843666315078735,-0.6736059784889221,0.9251530766487122 
-0.019842298701405525,0.33933225274086,-0.8099411725997925 
-0.01738126017153263,0.09057202190160751,-0.8103376626968384 
0.2892753481864929,-0.7452665567398071,1.1357736587524414 
-0.3317074179649353,0.7543063163757324,0.16240531206130981 
0.03967560455203056,-0.31155964732170105,0.1752675175666809 
0.034828852862119675,0.15775255858898163,-0.6479863524436951 
-0.031509190797805786,0.4351770281791687,0.34753039479255676 
-0.02520841546356678,-0.18697138130664825,0.7974158525466919 
-0.3316083252429962,0.1446920931339264,-0.12473249435424805 
-0.0036478072870522738,-0.39749282598495483,-0.3705618679523468 
-0.023074457421898842,-0.3976910710334778,-0.4661092460155487 
0.028703512623906136,-0.31155964732170105,0.7452811002731323 
0.2727547585964203,-0.2859640419483185,-0.43109869956970215 
0.036771517246961594,-0.02440202608704567,0.1752675175666809 
0.03598850592970848,0.052174657583236694,0.5198923349380493 
0.03589930012822151,0.06174921989440918,0.002917461097240448 
0.03375840559601784,0.2724292576313019,-0.11196936666965485 
-0.2549325227737427,-0.2409130334854126,0.3024536073207855 
0.2726576328277588,-0.276389479637146,-0.36408665776252747 
-0.024432340636849403,-0.26358771324157715,-0.5714691281318665 
0.03841683641076088,-0.18716961145401,0.4050174057483673 
-0.025402681902050972,-0.1678420752286911,-0.5714691281318665 
0.27023327350616455,0.5629141330718994,-0.08959203958511353 
-0.2662416100502014,-0.027570754289627075,-0.5364585518836975 
0.03308441862463951,0.33943137526512146,-0.131098672747612 
-0.01001102663576603,-0.4064132273197174,-0.06409655511379242 
0.03298530355095863,0.3490455746650696,-0.016233647242188454 
-0.028894523158669472,0.1767827421426773,0.7304137945175171 
0.038218606263399124,-0.16794118285179138,-0.2842321991920471 
0.29980143904685974,0.7372584342956543,0.2997279465198517 
0.03278707340359688,0.3681749105453491,0.29965758323669434 
0.27518805861473083,0.1904834806919098,-0.6417192220687866 
0.03657328709959984,-0.005252900067716837,-0.12148445844650269 
0.3345315158367157,0.49581295251846313,0.3029254078865051 
-0.02753564901649952,0.04273885488510132,-0.2363594025373459 
0.2731423079967499,-0.32428309321403503,0.015767812728881836 
-0.02705196477472782,-0.005114138126373291,-0.3512343466281891 
0.27343371510505676,-0.35297706723213196,0.1497720330953598 
-0.029475342482328415,0.23417064547538757,0.18478262424468994 
-0.02753564901649952,0.04273885488510132,-0.6576005816459656 
0.03269786760210991,0.37768998742103577,0.5006639361381531 
-0.34638646245002747,-0.31475406885147095,0.4296743869781494 
-0.03132086992263794,0.41604772210121155,-0.5235962867736816 
-0.02414689026772976,-0.2911418080329895,0.04256170615553856 
0.015154414810240269,0.009879074059426785,0.7602475881576538 
-0.3168609142303467,-0.4136258661746979,0.575221598148346 
0.27540215849876404,0.7160477638244629,0.5757171511650085 
0.26858994364738464,0.12556281685829163,-0.5586069226264954 
0.01702769845724106,0.4251663386821747,-0.45976588129997253 
-0.019418084993958473,-0.4514116942882538,-0.022606778889894485 
-0.25951164960861206,-0.659333348274231,-0.21398210525512695 
-0.024819882586598396,-0.22532910108566284,0.13690979778766632 
0.27518805861473083,0.7904834747314453,-0.5172301530838013 
-0.2941228151321411,-0.31633996963500977,-0.31622374057769775 
0.035502839833498,0.10004747658967972,0.06036285683512688 
0.2699398994445801,0.010786950588226318,-0.5654458999633789 
0.01891089230775833,-0.3909512162208557,0.4050174057483673 
0.008394732140004635,-0.3994751572608948,0.5772802829742432 
0.03298530355095863,0.3490455746650696,-0.6097277402877808 
0.0379311703145504,-0.1392967849969864,0.13690979778766632 
-0.3286992907524109,0.45755434036254883,-0.11823642253875732 
-0.025499815121293068,-0.1582278609275818,0.6347672343254089 
-0.024626607075333595,-0.2444583773612976,0.5485367178916931 
-0.03005814179778099,0.2916576862335205,-0.2077150195837021 
-0.02705196477472782,-0.005114138126373291,0.6538965106010437 
0.037732940167188644,-0.12016747891902924,0.30927178263664246 
0.33589932322502136,-0.23825079202651978,-0.44071289896965027 
-0.028505992144346237,0.13842502236366272,-0.05450216680765152 
-0.02821558341383934,0.1097508892416954,0.45289021730422974 
-0.02937919832766056,0.22465555369853973,-0.14061377942562103 
-0.02957247383892536,0.2436857521533966,-0.2555878162384033 
0.038218606263399124,-0.16794118285179138,0.5294073820114136 
-0.029669607058167458,0.2532999515533447,0.38578900694847107 
-0.02355913259088993,-0.34981825947761536,0.23265543580055237 
0.03880338743329048,-0.22542820870876312,-0.5427256226539612 
-0.02588735893368721,-0.11996925622224808,0.5485367178916931 
-0.02918493188917637,0.2054271399974823,-0.3704627752304077 
0.03444230183959007,0.2054271399974823,-0.4278506636619568 
-0.025305550545454025,-0.17735716700553894,0.041213732212781906 
0.3313697278499603,0.7126778364181519,0.39864128828048706 
-0.019418084993958473,-0.4514116942882538,-0.16618558764457703 
0.3386646509170532,-0.6721192598342896,0.054026395082473755 
-0.023923879489302635,-0.31374016404151917,0.8151575922966003 
-0.02918493188917637,0.2054271399974823,0.3284010589122772 
-0.3194181025028229,-0.7514116764068604,-1.1171766519546509 
-0.019418084993958473,-0.4514116942882538,-0.28106051683425903 
-0.031419988721609116,0.4255628287792206,-0.40872135758399963 
-0.26439806818962097,-0.20953699946403503,-0.37366122007369995 
-0.030445681884884834,0.3299162983894348,-0.04493751376867294 
0.27333757281303406,-0.3434223234653473,0.4369097948074341 
0.03560195490717888,0.09046300500631332,-0.26510289311408997 
-0.021782981231808662,0.1468498557806015,0.8426125645637512 
0.004886041861027479,0.3713465929031372,0.7688706517219543 
0.33379805088043213,0.3234618902206421,-1.027576208114624 
-0.00943615660071373,-0.39749282598495483,0.15603910386562347 
0.020476918667554855,-0.24455751478672028,0.7558864951133728 
-0.33150920271873474,0.13517701625823975,-0.19173461198806763 
-0.0009122190531343222,-0.3998715877532959,-0.5236954689025879 
0.003478600177913904,-0.40353888273239136,0.7400280237197876 
0.03516584634780884,-0.13285428285598755,0.7339819669723511 
0.016482561826705933,-0.26368680596351624,-0.755824089050293 
0.034828852862119675,0.167168527841568,0.2039119303226471 
-0.02753564901649952,0.04273885488510132,0.5677651166915894 
0.036860719323158264,-0.033966679126024246,0.0986412838101387 
-0.030348550528287888,0.3203020691871643,-0.7246026992797852 
0.2694571912288666,0.039431363344192505,-0.46935731172561646 
-0.024432340636849403,-0.26358771324157715,-0.15022797882556915 
0.03938816860318184,-0.2828161120414734,-0.6576005816459656 
0.33880341053009033,-0.5254282355308533,1.0017694234848022 
-0.03005814179778099,0.2916576862335205,0.2805282473564148 
-0.025595959275960922,-0.14871276915073395,-0.4757234752178192 
0.03347096964716911,0.30117276310920715,0.5772802829742432 
0.03967560455203056,-0.31155964732170105,-0.4757234752178192 
-0.03025141730904579,0.3107869625091553,0.1752675175666809 
-0.025790225714445114,-0.1295834630727768,-0.6193419694900513 
0.03560195490717888,0.09046300500631332,-0.37997785210609436 
0.03734638914465904,-0.08180975914001465,-0.45659416913986206 
0.03880338743329048,-0.22542820870876312,-0.0736612007021904 
-0.26206883788108826,0.16070322692394257,0.1880306452512741 
0.036860719323158264,-0.03399641066789627,-0.07365129142999649 
-0.32714810967445374,-0.29553958773612976,0.34121373295783997 
-0.02937919832766056,0.22465555369853973,-0.7437319755554199 
0.034828852862119675,0.167168527841568,-0.5523397922515869 
0.03405575081706047,0.2436857521533966,-0.18848659098148346 
-0.2622670829296112,-0.4201675057411194,0.29334190487861633 
-0.02753564901649952,0.04273885488510132,0.4720195531845093 
-0.26295095682144165,-0.31594353914260864,-0.16487430036067963 
0.3111006021499634,-0.3818097710609436,-0.4607798457145691 
0.016720440238714218,-0.5414085984230042,0.0578354112803936 
-0.005223745014518499,0.44112393260002136,-0.3001897931098938 
-0.005421976093202829,0.4409257173538208,-0.16618558764457703 
-0.024626607075333595,-0.2444583773612976,-0.2938464283943176 
0.2711193561553955,0.18810471892356873,-0.5107341408729553 
0.03489823266863823,0.15140914916992188,-0.3385475277900696 
-0.02421032264828682,-0.2782568037509918,-0.38394245505332947 
0.03541363775730133,0.1096220389008522,0.644282341003418 
0.03977471962571144,-0.3210747241973877,-0.33210501074790955 
-0.02520841546356678,-0.18697138130664825,-0.3991071581840515 
0.03298530355095863,0.3490455746650696,0.23265543580055237 
0.036186736077070236,0.03304535523056984,-0.3033615052700043 
0.03554248437285423,0.1288108080625534,0.1656533032655716 
0.03967560455203056,-0.31155964732170105,-0.1407128870487213 
-0.26178139448165894,-0.46794119477272034,-0.5077150464057922 
-0.025595959275960922,-0.14871276915073395,-0.2363594025373459 
-0.029766742140054703,0.26291415095329285,0.6538965106010437 
-0.2671138346195221,0.05856066942214966,0.11453250050544739 
-0.030834216624498367,0.3681749105453491,0.6251530647277832 
0.03647417202591896,0.00432166364043951,-0.4661092460155487 
-0.028991656377911568,0.18629783391952515,0.22314034402370453 
0.005649232305586338,0.2564716339111328,0.7694653272628784 
-0.03132086992263794,0.41604772210121155,0.7591572999954224 
0.003984090872108936,-0.38292285799980164,-0.1887839287519455 
0.005649232305586338,0.43359115719795227,-0.09918347001075745 
-0.023923879489302635,-0.31374016404151917,0.4705328047275543 
-0.005392241757363081,0.4409257173538208,0.2263120412826538 
-0.02414689026772976,-0.2911418080329895,0.22442884743213654 
-0.26332759857177734,-0.31483739614486694,1.0112844705581665 
0.010000406764447689,0.1574552059173584,0.764806866645813 
0.023906318470835686,0.3668863773345947,-0.7365956902503967 
-0.02414689026772976,-0.2911418080329895,0.15742672979831696 
0.013211747631430626,0.2819443345069885,-0.7527514696121216 
-0.2493324875831604,-0.3099966049194336,0.3723459243774414 
-0.02412012778222561,-0.2865825295448303,0.707815408706665 
0.03541363775730133,0.1096220389008522,-0.6671156287193298 
0.011140232905745506,0.42932918667793274,0.29965758323669434 
0.03589930012822151,0.06174921989440918,0.42414674162864685 
-0.027245240285992622,0.014035980217158794,-0.18848659098148346 
0.03948728367686272,-0.2924303412437439,0.5485367178916931 
-0.023268725723028183,-0.37846264243125916,-0.4182364344596863 
-0.02501513995230198,-0.2061006724834442,-0.03538277745246887 
-0.029475342482328415,0.23417064547538757,-0.03536295145750046 
-0.027148108929395676,0.004460425581783056,-0.590598464012146 
0.035800185054540634,0.07131387293338776,-0.6193419694900513 
0.035502839833498,0.10004747658967972,-0.5427256226539612 
-0.028991656377911568,0.18629783391952515,-0.17897149920463562 
-0.028991656377911568,0.18629783391952515,0.6060237288475037 
-0.02355913259088993,-0.34981825947761536,0.6634116768836975 
0.03269786760210991,0.37768998742103577,-0.3608485460281372 
0.03405575081706047,0.2436857521533966,0.15603910386562347 
-0.02501513995230198,-0.2061006724834442,0.49114882946014404 
0.033371854573488235,0.3106878697872162,-0.5714691281318665 
-0.024819882586598396,-0.22532910108566284,0.2901424765586853 
-0.3283117413520813,-0.1807042956352234,-0.5077150464057922 
0.27324044704437256,0.2661423683166504,-0.05773036181926727 
0.0351162888109684,0.13832589983940125,0.3571445941925049 
0.03608762100338936,0.042610008269548416,-0.3608485460281372 
-0.02753564901649952,0.04273885488510132,-0.48523858189582825 
-0.026081625372171402,-0.10083995014429092,-0.131098672747612 
0.03246990218758583,-0.18716961145401,-0.7336221933364868 
0.2746944725513458,-0.4773571789264679,0.46565330028533936 
-0.028699267655611038,0.15755431354045868,0.6825409531593323 
-0.030931349843740463,0.37778910994529724,0.45289021730422974 
-0.028118448331952095,0.10017631947994232,-0.3225899040699005 
-0.002527801552787423,-0.4080981910228729,-0.7815940976142883 
0.005956490524113178,0.18619871139526367,-0.7647445201873779 
-0.005392241757363081,0.4408265948295593,-0.644814670085907 
0.3398738503456116,-0.03068891167640686,0.973025918006897 
-0.024819882586598396,-0.22532910108566284,0.4050174057483673 
-0.02802230790257454,0.09060176461935043,0.8261594176292419 
-0.019365552812814713,0.16706940531730652,-0.819555401802063 
0.015015652403235435,-0.38470694422721863,0.2232394516468048 
-0.029088791459798813,0.19591204822063446,0.8261594176292419 
0.0237972903996706,-0.38688746094703674,-0.7431372404098511 
-0.322844535112381,-0.9161417484283447,-0.26837074756622314 
-0.031023526564240456,0.3873041868209839,-0.82034832239151 
0.27498188614845276,0.19078081846237183,0.526159405708313 
-0.0001985871058423072,0.43725845217704773,0.4974922239780426 
0.0028343491721898317,-0.40324151515960693,0.644282341003418 
-0.031509190797805786,0.4351770281791687,-0.22684431076049805 
-0.019386369735002518,-0.005242988001555204,-0.829070508480072 
-0.024432340636849403,-0.26358771324157715,0.6060237288475037 
0.023063836619257927,-0.38460779190063477,-0.638669490814209 
-0.031419988721609116,0.4255628287792206,-0.7533462047576904 
0.03866462782025337,-0.3721192479133606,-0.15022797882556915 
0.003746213624253869,-0.14564017951488495,0.7777909636497498 
0.2886727452278137,-0.04991734027862549,1.1643189191818237 
0.03489823266863823,0.15140914916992188,0.4368335008621216 
0.03259875252842903,0.3873041868209839,0.19439683854579926 
-0.02472275123000145,-0.2348441779613495,-0.7437319755554199 
-0.02249760553240776,-0.4451674222946167,0.5677651166915894 
-0.3199414312839508,0.18215778470039368,0.19764485955238342 
-0.026701096445322037,-0.5758017301559448,0.06959052383899689 
-0.023267732933163643,-0.37846264243125916,-0.5714691281318665 
-0.2829723060131073,0.12516632676124573,-0.6448909044265747 
-0.03122175671160221,0.4065326154232025,-0.0640767365694046 
-0.026662440970540047,-0.04342230036854744,0.3187868595123291 
0.03483876585960388,0.21494224667549133,0.3667588233947754 
0.039090823382139206,-0.2540726065635681,0.6347672343254089 
0.038129404187202454,-0.15842609107494354,0.6921551823616028 
0.03783205524086952,-0.12968258559703827,-0.6863440871238708 
0.27003899216651917,-0.017956525087356567,0.791148841381073 
-0.02588735893368721,-0.11996925622224808,-0.7342169284820557 
0.038704272359609604,-0.215814009308815,-0.34171923995018005 
-0.023655276745557785,-0.34020403027534485,-0.2938464283943176 
-0.025112275034189224,-0.19658558070659637,-0.48533767461776733 
-0.030639950186014175,0.3490455746650696,-0.26510289311408997 
0.033599819988012314,0.3203020691871643,0.5197932124137878 
0.033857520669698715,0.26281505823135376,0.6825409531593323 
0.034343186765909195,0.21504133939743042,0.6156379580497742 
-0.029669607058167458,0.2532999515533447,-0.6193419694900513 
-0.028505992144346237,0.13842502236366272,-0.6001135110855103 
0.03375840559601784,0.2724292576313019,0.4050174057483673 
-0.03025141730904579,0.3107869625091553,-0.3225899040699005 
0.03803028538823128,-0.14881189167499542,0.6347672343254089 
0.03977471962571144,-0.3210747241973877,-0.5809842348098755 
0.03841683641076088,-0.18716961145401,-0.6288570165634155 
-0.02452947571873665,-0.25397348403930664,-0.6193419694900513 
-0.0263720341026783,-0.07210634648799896,-0.44697996973991394 
0.036672405898571014,-0.014837374910712242,0.5964095592498779 
-0.02802131697535515,0.09060176461935043,-0.6479863524436951 
0.2718815505504608,0.40017634630203247,-0.4628612995147705 
0.03695983812212944,-0.04354124143719673,-0.37997785210609436 
0.03647417202591896,0.00432166364043951,0.4815346300601959 
0.03541363775730133,0.1096220389008522,0.2805282473564148 
0.03589930012822151,0.06174921989440918,-0.4757234752178192 
-0.028991656377911568,0.18629783391952515,-0.04494742676615715 
0.039189938455820084,-0.26368680596351624,0.09866111725568771 
-0.26284193992614746,0.23731955885887146,0.7432760000228882 
0.03608762100338936,0.042610008269548416,0.6634116768836975 
-0.028311723843216896,0.11929571628570557,0.4050174057483673 
-0.029087798669934273,0.19591204822063446,-0.638471245765686 
0.038218606263399124,-0.16794118285179138,-0.49485278129577637 
0.03357008844614029,0.29155856370925903,0.13690979778766632 
0.039189938455820084,-0.26368680596351624,-0.49485278129577637 
-0.02753564901649952,0.04273885488510132,0.7112844586372375 
0.034343186765909195,0.21504133939743042,-0.3225899040699005 
0.03395663946866989,0.2532999515533447,-0.3991071581840515 
-0.025499815121293068,-0.1582278609275818,-0.5235962867736816 
-0.028408857062458992,0.12890993058681488,-0.11196936666965485 
0.03831772133708,-0.1775553971529007,-0.016223737969994545 
-0.3313208818435669,0.7160477638244629,0.9347672462463379 
-0.024918006733059883,-0.21571488678455353,0.08906672894954681 
0.2724643647670746,0.3427388668060303,-0.1822195053100586 
-0.02802131697535515,0.09060176461935043,-0.04494742676615715 
0.037326566874980927,-0.014857196249067783,0.30927178263664246 
0.03457115218043327,0.22465555369853973,0.5197932124137878 
-0.030737081542611122,0.3585606813430786,-0.3129757046699524 
-0.02957247383892536,0.2436857521533966,0.012489051558077335 
0.3334709703922272,0.0011727511882781982,0.018786847591400146 
0.04082534462213516,-0.3594324588775635,0.002928363624960184 
0.013717240653932095,-0.39085209369659424,0.3382135033607483 
-0.33189576864242554,0.7821577787399292,0.8676660656929016 
-0.02888064831495285,0.4881047308444977,-0.6958591341972351 
0.034828852862119675,0.167168527841568,-0.131098672747612 
-0.02472275123000145,-0.2348441779613495,0.7879008054733276 
0.009296685457229614,-0.3984839916229248,0.5199914574623108 
-0.3285059928894043,0.4384250342845917,0.4943968653678894 
-0.030834216624498367,0.3681749105453491,0.5581508874893188 
0.03278707340359688,0.3681749105453491,-0.5523397922515869 
-0.030834216624498367,0.3681749105453491,-0.6288570165634155 
0.27062082290649414,-0.07534445822238922,-0.23311138153076172 
-0.030931349843740463,0.37778910994529724,0.7208986878395081 
0.03938816860318184,-0.2828161120414734,-0.21723011136054993 
0.03803028538823128,-0.14881189167499542,0.22314034402370453 
-0.030931349843740463,0.37778910994529724,0.3666597008705139 
0.3325987756252289,0.6873041987419128,-0.4884865880012512 
0.038515955209732056,-0.19668470323085785,0.45279112458229065 
0.2727547585964203,-0.2859640419483185,0.21989232301712036 
-0.03054281696677208,0.33943137526512146,0.022064605727791786 
-0.26003697514533997,-0.04030314087867737,0.24548792839050293 
0.03781222924590111,-0.06271018832921982,0.26139897108078003 
-0.02405768446624279,-0.300458699464798,-0.013864786364138126 
0.27382126450538635,0.20877426862716675,-0.6704627871513367 
-0.026662440970540047,-0.04342230036854744,0.7496422529220581 
-0.027632782235741615,0.052293598651885986,-0.7342169284820557 
0.037247274070978165,-0.07224511355161667,0.19439683854579926 
0.3327672481536865,-0.9155470728874207,-0.42971107363700867 
0.03890250250697136,-0.23494330048561096,-0.6576005816459656 
0.034343186765909195,0.21504133939743042,-0.5523397922515869 
-0.029961006715893745,0.2820434868335724,-0.04494742676615715 
-0.02569309063255787,-0.13909855484962463,0.4432760179042816 
-0.02472275123000145,-0.2348441779613495,0.24226965010166168 
0.039576489478349686,-0.30194544792175293,0.4050174057483673 
0.023073747754096985,0.42139995098114014,0.599581241607666 
0.034343186765909195,0.21504133939743042,0.2517847716808319 
0.03357008844614029,0.29155856370925903,-0.6672148108482361 
0.037247274070978165,-0.07224511355161667,0.5485367178916931 
-0.02802131697535515,0.09060176461935043,-0.40872135758399963 
-0.015477251261472702,-0.45428603887557983,-0.4757234752178192 
-0.019610367715358734,0.48215779662132263,0.3571445941925049 
-0.023923879489302635,-0.31374016404151917,0.317399263381958 
0.038704272359609604,-0.215814009308815,-0.2938464283943176 
-0.32608163356781006,-0.4008399546146393,0.609271764755249 
0.03317362442612648,0.32981714606285095,-0.4374648630619049 
-0.3273423910140991,-0.276389479637146,0.5805282592773438 
-0.02336585707962513,-0.3689475357532501,-0.6958591341972351 
0.037247274070978165,-0.07224511355161667,0.644282341003418 
0.037247274070978165,-0.07224511355161667,-0.6767298579216003 
-0.32666245102882385,-0.3434223234653473,0.3220745325088501 
-0.3290878236293793,0.4959120750427246,0.35078829526901245 
-0.2675003707408905,0.09681928157806396,0.29335877299308777 
-0.26614248752593994,-0.037184953689575195,0.5326554775238037 
0.03831772133708,-0.1775553971529007,0.3187868595123291 
-0.025595959275960922,-0.14871276915073395,0.27101317048072815 
0.039189938455820084,-0.26368680596351624,0.46240532398223877 
-0.02520841546356678,-0.18697138130664825,0.7400280237197876 
-0.023171592503786087,-0.38807687163352966,0.4815346300601959 
-0.031122643500566483,0.396918386220932,0.2039119303226471 
-0.030834216624498367,0.3681749105453491,-0.7054733633995056 
0.038000550121068954,-0.12968258559703827,-0.3129757046699524 
-0.02986387349665165,0.2724292576313019,-0.7342169284820557 
0.27343371510505676,-0.35297706723213196,-0.3449276089668274 
0.035215407609939575,0.12871168553829193,-0.17897149920463562 
-0.026469165459275246,-0.06253178417682648,-0.5427256226539612 
-0.026469165459275246,-0.06253178417682648,0.4815346300601959 
0.2729480564594269,-0.30511415004730225,0.4943968653678894 
0.036771517246961594,-0.02440202608704567,-0.2938464283943176 
0.03560195490717888,0.09046300500631332,-0.4374648630619049 
-0.028408857062458992,0.12890993058681488,-0.48523858189582825 
0.33744552731513977,0.208576038479805,0.19764485955238342 
0.27459731698036194,-0.46784210205078125,0.23591336607933044 
-0.028505992144346237,0.13842502236366272,0.12739470601081848 
0.03978463262319565,-0.27320191264152527,-0.5714691281318665 
-0.015477251261472702,-0.45428603887557983,0.26139897108078003 
0.03940799459815025,-0.18707048892974854,0.13690979778766632 
-0.02918493188917637,0.2054271399974823,0.42414674162864685 
-0.030639950186014175,0.3490455746650696,-0.41833558678627014 
-0.02986387349665165,0.2724292576313019,0.5485367178916931 
-0.2610975205898285,-0.5349433422088623,-0.24921171367168427 
-0.025499815121293068,-0.1582278609275818,-0.6576005816459656 
-0.030931349843740463,0.37778910994529724,0.05077838525176048 
0.033857520669698715,0.26281505823135376,-0.5809842348098755 
-0.02753564901649952,0.04273885488510132,-0.4374648630619049 
0.2352771908044815,-0.3113842010498047,0.3033367395401001 
0.03298530355095863,0.3490455746650696,-0.6767298579216003 
0.03444230183959007,0.2054271399974823,0.0507982075214386 
0.03278707340359688,0.3681749105453491,0.06991760432720184 
-0.030737081542611122,0.3585606813430786,0.7974158525466919 
-0.023462001234292984,-0.359333336353302,-0.10235515981912613 
0.01692858152091503,-0.4070079028606415,0.05740921571850777 
0.033371854573488235,0.3106878697872162,0.6921551823616028 
-0.01888979785144329,-0.005223165266215801,0.834881603717804 
-0.26012617349624634,-0.03068891167640686,0.018786847591400146 
0.005332062020897865,-0.5102863311767578,-0.029475485906004906 
0.34430432319641113,-0.8058261275291443,-0.26367267966270447 
0.02790067531168461,-0.3805440664291382,0.13076463341712952 
-0.0237771887332201,-0.3282110393047333,0.13066552579402924 
-0.00756287295371294,-0.3972946107387543,0.2709140479564667 
-0.29444989562034607,0.13339293003082275,-0.3513205647468567 
-0.0001985871058423072,0.43725845217704773,0.3922315239906311 
0.035304609686136246,0.15943752229213715,0.25376707315444946 
-0.3288806676864624,0.788104772567749,0.2933439016342163 
-0.0237771887332201,-0.3282110393047333,0.4081891179084778 
-0.02472275123000145,-0.2348441779613495,0.45289021730422974 
-0.3194181025028229,-0.7514116764068604,1.024070382118225 
0.009167835116386414,0.32981714606285095,-0.7577072978019714 
0.275081992149353,0.08428512513637543,-0.5107341408729553 
-0.020737314596772194,0.4881047308444977,-0.584255039691925 
-0.005392241757363081,0.4409257173538208,0.5709367990493774 
-0.031509190797805786,0.4351770281791687,0.5294073820114136 
-0.00037699370295740664,-0.08498145639896393,0.7826476693153381 
0.3347991406917572,-0.1040879637002945,-1.0149885416030884 
-0.01562592387199402,0.4524231255054474,-0.7214309573173523 
0.03436300903558731,-0.5858123898506165,-0.033122941851615906 
-0.3120795786380768,0.014012187719345093,-0.5522634983062744 
-0.32297733426094055,-0.10720613598823547,1.1166443824768066 
-0.32435107231140137,-0.5716160535812378,0.2000236213207245 
-0.03180653974413872,0.463920533657074,0.2709140479564667 
-0.015648718923330307,0.4524231255054474,-0.5012953281402588 
-0.023923879489302635,-0.31374016404151917,0.5280197858810425 
0.03996303677558899,-0.3403031527996063,0.5198923349380493 
-3.5446487345325295e-07,0.4374566674232483,-0.5458973050117493 
-0.022685926407575607,-0.4359496831893921,-0.37997785210609436 
0.011249260045588017,0.42923009395599365,0.6921551823616028 
0.005470823962241411,0.43329381942749023,-0.3864203691482544 
-0.3316083252429962,0.7446920871734619,-0.4215835928916931 
-0.02637302502989769,-0.07210634648799896,0.8357736468315125 
0.3484770655632019,-0.15537631511688232,0.29392868280410767 
-0.32336488366127014,-0.6689475774765015,-0.5586069226264954 
0.01530308648943901,-0.014004804193973541,-0.7545355558395386 
-0.027439508587121964,0.03318411484360695,-0.8012189865112305 
0.012934223748743534,0.3234737813472748,0.7583643794059753 
0.2681042551994324,0.18215778470039368,0.3795020878314972 
-0.023655276745557785,-0.34020403027534485,-0.6097277402877808 
0.014401135966181755,0.10965177416801453,-0.7534453272819519 
0.33910074830055237,-0.0498182475566864,1.0285305976867676 
-0.022349923849105835,0.4522249102592468,0.8450904488563538 
0.033857520669698715,0.26281505823135376,-0.7054733633995056 
0.33511629700660706,-0.1616741120815277,0.3890766501426697 
-0.028505992144346237,0.13842502236366272,-0.6958591341972351 
-0.3251122832298279,0.10341443121433258,0.06665968894958496 
0.03928905352950096,-0.27330100536346436,0.2517847716808319 
0.03890250250697136,-0.23504240810871124,-0.44697996973991394 
-0.02501513995230198,-0.2061006724834442,-0.1407128870487213 
-0.022977326065301895,-0.40720614790916443,0.41453251242637634 
0.033371854573488235,0.3106878697872162,0.0029293547850102186 
0.3384961485862732,0.17031742632389069,0.4847826361656189 
-0.02705196477472782,-0.005114138126373291,-0.41833558678627014 
-0.03054281696677208,0.33943137526512146,0.11778051406145096 
-0.026178758591413498,-0.09122573584318161,0.1656533032655716 
0.03938816860318184,-0.2828161120414734,-0.3704627752304077 
0.0375446192920208,-0.1009390652179718,0.10816629976034164 
-0.022977326065301895,-0.40720614790916443,-0.26510289311408997 
0.3344423174858093,-0.09457287192344666,0.06364060938358307 
-0.03005814179778099,0.2916576862335205,-0.638471245765686 
0.036186736077070236,0.03304535523056984,0.5677651166915894 
-0.025984490290284157,-0.11045416444540024,0.6921551823616028 
-0.02656630054116249,-0.05297704413533211,0.6156379580497742 
0.03608762100338936,0.042610008269548416,-0.2363594025373459 
-0.027245240285992622,0.014035980217158794,0.42414674162864685 
-0.02772991731762886,0.061858247965574265,-0.34171923995018005 
-0.022844510152935982,-0.6161417365074158,0.08906672894954681 
0.012835110537707806,-0.3840131163597107,-0.3313120901584625 
0.038615066558122635,-0.20629891753196716,0.5485367178916931 
0.038704272359609604,-0.215814009308815,0.6155388355255127 
-0.02705196477472782,-0.005114138126373291,-0.6576005816459656 
-0.031023526564240456,0.3873041868209839,0.3187868595123291 
0.2867290675640106,-0.9162408709526062,-0.3545219898223877 
-0.026275889948010445,-0.08171064406633377,-0.6193419694900513 
0.03647417202591896,0.00432166364043951,-0.40872135758399963 
-0.02821558341383934,0.1097508892416954,0.24226965010166168 
0.036543551832437515,0.01385757140815258,0.0029442221857607365 
0.036860719323158264,-0.033966679126024246,0.3762739300727844 
0.035701069980859756,0.08088843524456024,0.2039119303226471 
0.2729480564594269,0.29488587379455566,-0.5459736585617065 
-0.26536938548088074,-0.11370217800140381,-0.21092337369918823 
-0.015515905804932117,-0.3210747241973877,-0.8201500773429871 
-0.02802131697535515,0.09060176461935043,-0.1407128870487213 
0.03560195490717888,0.09046300500631332,0.6825409531593323 
0.036285851150751114,0.023473763838410378,-0.6288570165634155 
-0.023171592503786087,-0.38807687163352966,-0.02579830028116703 
0.03881329670548439,-0.1775553971529007,-0.3895920515060425 
0.03695983812212944,-0.04354124143719673,-0.4757234752178192 
0.03608762100338936,0.042610008269548416,0.46240532398223877 
0.03589930012822151,0.06174921989440918,0.24226965010166168 
0.036285851150751114,0.023473763838410378,0.6251530647277832 
-0.030155273154377937,0.30117276310920715,0.673025906085968 
-0.32899168133735657,-0.11370217800140381,0.5805282592773438 
-0.027439508587121964,0.03318411484360695,0.3666597008705139 
-0.025595959275960922,-0.14871276915073395,-0.37997785210609436 
-0.02937919832766056,0.22465555369853973,0.6347672343254089 
-0.030155273154377937,0.30117276310920715,0.34753039479255676 
-0.32317161560058594,-0.6880768537521362,0.35077840089797974 
0.33793118596076965,0.16070322692394257,-0.8618549704551697 
-0.027439508587121964,0.03318411484360695,0.6251530647277832 
-0.028311723843216896,0.11929571628570557,0.5294073820114136 
0.039189938455820084,-0.26368680596351624,0.5102781057357788 
0.33764374256134033,0.18944674730300903,-0.05123433470726013 
-0.029766742140054703,0.26291415095329285,-0.82034832239151 
0.038129404187202454,-0.15842609107494354,0.0986512079834938 
0.03831772133708,-0.1775553971529007,-0.15984217822551727 
0.03987383469939232,-0.3306889235973358,-0.4374648630619049 
0.33308443427085876,0.039431363344192505,-0.5651029348373413 
-0.029282066971063614,0.21504133939743042,0.14652401208877563 
-0.03025141730904579,0.3107869625091553,0.4432760179042816 
-0.023462001234292984,-0.359333336353302,-0.34171923995018005 
0.03948728367686272,-0.2924303412437439,-0.2938464283943176 
-0.030445681884884834,0.3299162983894348,-0.5618549585342407 
0.03803028538823128,-0.14881189167499542,0.49114882946014404 
-0.024918006733059883,-0.21571488678455353,-0.590598464012146 
-0.02355913259088993,-0.34981825947761536,0.5007630586624146 
0.039576489478349686,-0.30194544792175293,-0.6958591341972351 
-0.031023526564240456,0.3873041868209839,-0.6672148108482361 
-0.02656630054116249,-0.05297704413533211,-0.82034832239151 
-0.0263720341026783,-0.07210634648799896,-0.22684431076049805 
-0.028118448331952095,0.10017631947994232,-0.5809842348098755 
-0.2647846043109894,0.4287117123603821,-0.526844322681427 
0.33598852157592773,0.35217466950416565,-0.19173461198806763 
0.03743559122085571,-0.09142397344112396,-0.7148893475532532 
-0.024432340636849403,-0.26358771324157715,-0.45659416913986206 
-0.027245240285992622,0.014035980217158794,0.7591572999954224 
-0.023923879489302635,-0.31374016404151917,-0.7547338008880615 
-0.02435106597840786,-0.2716160714626312,0.8094089031219482 
-0.01736540161073208,-0.1391976773738861,-0.8389820456504822 
0.33321326971054077,0.3968559503555298,1.033189058303833 
-0.0228801928460598,-0.41682034730911255,0.33791616559028625 
0.022895339876413345,-0.3787599802017212,-0.05222250893712044 
0.019247885793447495,-0.38153520226478577,-0.41833558678627014 
-0.0041334740817546844,-0.594435453414917,0.134729266166687 
-0.031419988721609116,0.4255628287792206,-0.02579830028116703 
0.005203212145715952,-0.3594324588775635,-0.7729710936546326 
0.0015854936791583896,0.2436857521533966,-0.7694029211997986 
-0.023171592503786087,-0.38807687163352966,0.19439683854579926 
-0.015477251261472702,-0.45428603887557983,0.06993742287158966 
-0.02421032264828682,-0.2782568037509918,-0.2116796225309372 
-0.3318065404891968,0.7639205455780029,1.0304138660430908 
0.03259875252842903,0.3873041868209839,0.6251530647277832 
-0.02421032264828682,-0.2782568037509918,-0.6711794137954712 
0.27607613801956177,-0.01374015212059021,-0.8249839544296265 
-0.023102210834622383,0.38006874918937683,0.8371612429618835 
-0.024432340636849403,-0.26358771324157715,0.38588812947273254 
0.2466754913330078,-0.3151506185531616,0.20210504531860352 
-0.023267732933163643,-0.37846264243125916,0.7591572999954224 
0.004945510532706976,-0.3179030418395996,0.7784848809242249 
-0.011121121235191822,0.3968192934989929,-0.7855587601661682 
0.2723662257194519,0.35229361057281494,0.5452887415885925 
-0.0045200251042842865,-0.4077017307281494,-0.6576996445655823 
-0.006621274631470442,0.4414212703704834,0.7791786789894104 
0.036860719323158264,-0.033966679126024246,-0.17897149920463562 
0.03783205524086952,-0.12968258559703827,-0.45659416913986206 
-0.025595959275960922,-0.14871276915073395,0.5772802829742432 
-0.0295734666287899,0.2436857521533966,0.8357736468315125 
-0.02918493188917637,0.2054271399974823,0.5581508874893188 
0.03395663946866989,0.2532999515533447,-0.638471245765686 
-0.02685770019888878,-0.024283088743686676,0.3571445941925049 
0.03744550421833992,-0.09142397344112396,-0.5427256226539612 
-0.02520841546356678,-0.18697138130664825,0.673025906085968 
-0.028505992144346237,0.13842502236366272,0.49114882946014404 
-0.029087798669934273,0.19591204822063446,0.49114882946014404 
0.037643734365701675,-0.11055326461791992,0.4720195531845093 
-0.031122643500566483,0.396918386220932,0.13690979778766632 
0.037643734365701675,-0.11055326461791992,0.41453251242637634 
-0.26740124821662903,0.08730417490005493,0.044412195682525635 
0.03357008844614029,0.29155856370925903,-0.5044670104980469 
-0.028118448331952095,0.10017631947994232,-0.5139821171760559 
0.036186736077070236,0.03304535523056984,-0.5618549585342407 
0.03967560455203056,-0.31155964732170105,-0.08323577046394348 
0.03357008844614029,0.29155856370925903,0.08907663822174072 
-0.2614840567111969,0.1033153086900711,-0.27794530987739563 
-0.027827048674225807,0.07144272327423096,0.7400280237197876 
-0.027245240285992622,0.014035980217158794,-0.5139821171760559 
