-0.5672987103462219,0.7251419425010681,1.0823643207550049 
0.5838481783866882,-1.1610960960388184,-1.3107795715332031 
-0.010721802711486816,0.04165607690811157,1.1103589534759521 
-0.6028366088867188,0.3808462619781494,0.19910651445388794 
0.564744234085083,0.41236165165901184,-0.8751712441444397 
0.3378151059150696,-0.4838795065879822,1.1070375442504883 
-0.04373729228973389,0.4852522611618042,0.2531576156616211 
0.518054723739624,-0.26185518503189087,0.1956617385149002 
0.24339228868484497,0.011134698987007141,-0.03330764174461365 
0.03996214270591736,-0.32331302762031555,-0.9379932880401611 
-0.2178085893392563,-0.38401761651039124,-0.2879170775413513 
-0.45799368619918823,0.670101523399353,0.5224109292030334 
-0.0646158829331398,-0.1311163455247879,0.30595019459724426 
-0.04954618960618973,0.33444979786872864,0.21304574608802795 
0.3975054621696472,1.1696052551269531,0.26865556836128235 
-0.5128739476203918,-0.2610960006713867,0.41188523173332214 
0.17876721918582916,-0.285514235496521,-0.4468700587749481 
-0.2560521960258484,0.6628893613815308,0.19017548859119415 
0.01928281970322132,0.26545944809913635,0.5548657774925232 
0.6437947750091553,0.0017398595809936523,-0.8244664072990417 
-0.02114342898130417,-0.22259733080863953,-0.02775615081191063 
0.48199373483657837,-0.26128578186035156,0.5312660336494446 
0.34806400537490845,1.3082501888275146,1.1594209671020508 
0.2748033106327057,0.2736206352710724,0.23629556596279144 
0.3269125819206238,-0.26213985681533813,-0.09496122598648071 
-0.12794086337089539,-0.2985152006149292,-0.5815293192863464 
-0.17956498265266418,0.5025128722190857,0.5555300712585449 
0.11101055145263672,0.6573852896690369,0.19102957844734192 
0.3304131031036377,-0.047511834651231766,-0.3185689151287079 
-0.34231382608413696,0.36035677790641785,0.2901023328304291 
-0.29021522402763367,-0.09723801165819168,-0.3463738262653351 
0.3175070583820343,0.410747230052948,0.5549607276916504 
-0.33430570363998413,0.415834903717041,0.3031708896160126 
-0.21012189984321594,0.11291775107383728,0.28564220666885376 
-0.20293936133384705,0.38768836855888367,0.6468509435653687 
-0.24569059908390045,-0.0005080103874206543,0.1811305582523346 
0.25837773084640503,-0.20282906293869019,0.2108832597732544 
-0.03146825730800629,-0.4043256640434265,0.2474934607744217 
0.19376099109649658,-0.232941135764122,-0.18239130079746246 
0.09746988117694855,-0.25720518827438354,-0.22107970714569092 
-0.03504588082432747,-0.21481576561927795,-0.32587599754333496 
0.13843588531017303,-0.12238579243421555,-0.6301168203353882 
-0.11196845769882202,0.7183390259742737,0.24309855699539185 
0.07459962368011475,1.0255215167999268,0.7767653465270996 
0.6957321166992188,0.5025128722190857,0.5551504492759705 
0.07371591031551361,-0.05386994779109955,0.13171875476837158 
-0.25690627098083496,0.11584153771400452,-0.4486730992794037 
0.16737955808639526,-0.5154504179954529,-0.5759304165840149 
-0.20718009769916534,-0.1256123036146164,-0.10621724277734756 
0.16636532545089722,-0.18708226084709167,0.19982531666755676 
0.21871896088123322,-0.4687609374523163,-0.3270147740840912 
0.2639850080013275,0.7260909676551819,0.3468509614467621 
0.14558282494544983,-0.26128578186035156,0.6393541097640991 
-0.10383693873882294,0.115550197660923,-0.6940775513648987 
-0.08013159036636353,0.7256163954734802,-0.3065762519836426 
-0.8359339833259583,-1.1611909866333008,-0.1706240475177765 
-0.392229825258255,0.5843144059181213,0.3309082090854645 
0.1556122899055481,0.4444357752799988,0.2083008587360382 
0.0678987056016922,-0.3316343128681183,-0.6493809223175049 
0.011634111404418945,0.038144826889038086,0.10211080312728882 
-0.08481951802968979,-0.11906439810991287,-0.6891428828239441 
-0.08778980374336243,0.5408514142036438,0.2047896683216095 
0.7865487933158875,-0.4845333397388458,0.14016461372375488 
-0.5198014378547668,-0.20159775018692017,0.38521909713745117 
0.5424433350563049,-0.19672952592372894,0.08923442661762238 
0.06536494940519333,-0.25106653571128845,0.1571512222290039 
0.3821321427822113,0.33501917123794556,0.3867078125476837 
0.11129523813724518,-0.4067930281162262,-0.17441992461681366 
-0.32396307587623596,0.5252526998519897,-0.5008666515350342 
0.4269236624240875,0.5411360859870911,0.4700276553630829 
0.10028714686632156,0.10743457823991776,-0.6769960522651672 
-0.1940842568874359,-0.1369999647140503,-0.503239095211029 
0.016929367557168007,-0.19279958307743073,-0.5058962106704712 
-0.03426772356033325,0.13604800403118134,0.22291506826877594 
-0.30425646901130676,0.2739349901676178,0.15503385663032532 
-0.38644227385520935,-0.6236629486083984,0.1300402581691742 
0.4492541551589966,0.41318821907043457,0.8226956129074097 
-0.2025301307439804,0.3189815282821655,0.5555300712585449 
-0.38712555170059204,-0.36165153980255127,0.3274076581001282 
-0.04753318428993225,-0.2238227128982544,0.0043013691902160645 
0.28695014119148254,0.11649632453918457,-0.39496123790740967 
-0.44799384474754333,-0.7420295476913452,-0.00950738787651062 
0.27157679200172424,0.11332770437002182,0.3315724730491638 
0.008891565725207329,-0.38420742750167847,0.05618050694465637 
0.06949298083782196,-0.49191588163375854,0.3622243106365204 
0.1874028742313385,-0.5071943402290344,0.06386718899011612 
-0.19484344124794006,-0.5619500279426575,-0.3414391577243805 
0.7730733752250671,0.6574801802635193,0.5609391927719116 
0.202776238322258,0.2731461524963379,0.5545811057090759 
-0.3384230434894562,0.2022673487663269,0.3536835312843323 
0.10455752909183502,0.2631819248199463,0.2161773443222046 
0.04985873028635979,-0.5619500279426575,-0.21902166306972504 
-0.25595730543136597,0.4798324406147003,0.20706722140312195 
-0.22606466710567474,0.2641308903694153,0.2162722498178482 
-0.4956975281238556,-0.6840176582336426,-0.7554107904434204 
-0.20385868847370148,-0.2244003713130951,-0.2421766072511673 
-0.07264536619186401,-0.3003478944301605,-0.398442804813385 
0.19898033142089844,-0.14411725103855133,-0.3644042909145355 
-0.06325884908437729,-0.1857771873474121,0.466421514749527 
-0.32485273480415344,0.5790001153945923,0.5553402900695801 
-0.03425823524594307,-0.5621398687362671,-0.5479357242584229 
0.8866654634475708,0.6627944707870483,0.19216832518577576 
-0.08192514628171921,-0.1862516701221466,0.14092379808425903 
-0.10193898528814316,0.6641230583190918,0.5612238645553589 
-0.064568430185318,-0.3795574903488159,0.4059719741344452 
0.21928836405277252,-0.07408307492733002,-0.17204749584197998 
0.4238869547843933,0.6813943386077881,0.3806343674659729 
0.38668718934059143,0.2682114839553833,1.1322802305221558 
0.10341876745223999,0.7259960770606995,0.33925914764404297 
-0.36628609895706177,-0.11410006880760193,-0.9703532457351685 
-0.3201078772544861,0.7248572707176208,0.33176228404045105 
-0.0829785093665123,-0.009552909061312675,0.1864745020866394 
-0.6208670139312744,0.26975950598716736,-0.7855881452560425 
-0.9227650165557861,-0.6455190181732178,-0.19036267697811127 
0.7167044281959534,0.11147341132164001,-0.035812944173812866 
0.06806952506303787,-0.14620500802993774,0.3861384391784668 
0.4750958979129791,0.5915858745574951,-0.1895442008972168 
-0.24952444434165955,-0.4769517481327057,-0.4563894271850586 
-0.026600023731589317,0.410747230052948,0.5555300712585449 
0.3046010434627533,0.42640528082847595,0.23430274426937103 
-0.09662473946809769,0.03632044419646263,0.3544427156448364 
-0.40181443095207214,0.2928847670555115,0.46585214138031006 
-0.17396602034568787,0.035504329949617386,-0.046225063502788544 
-0.18592308461666107,0.08702407032251358,-0.5756456851959229 
-1.0088368654251099,0.4380776584148407,0.398000568151474 
-0.003658602014183998,-0.5618551969528198,0.24739857017993927 
-0.17187830805778503,-0.5618551969528198,-0.02786053903400898 
0.0045243920758366585,-0.26890721917152405,0.3438142240047455 
-0.11250223219394684,-0.8620449900627136,-0.14079663157463074 
0.3039834797382355,0.41471701860427856,0.23721492290496826 
0.279263436794281,0.5637216567993164,0.5551504492759705 
-0.18725167214870453,-0.24907369911670685,-0.41337132453918457 
0.08236105740070343,-0.3080049157142639,-0.06600925326347351 
-0.278922438621521,0.11291775107383728,0.45389509201049805 
0.07413345575332642,-0.1315908282995224,0.24673429131507874 
0.20163747668266296,-0.3005080223083496,-0.3107873499393463 
0.19452016055583954,-0.4225459098815918,-0.45835262537002563 
-0.08777082711458206,-0.5619500279426575,-0.2267083376646042 
0.6881118416786194,-1.1618552207946777,-0.058455437421798706 
-0.10298286378383636,-0.5057708621025085,0.17091134190559387 
-0.19563227891921997,0.10387903451919556,0.020054280757904053 
0.04506641626358032,-0.04855569452047348,-0.6955010294914246 
-0.07671528309583664,-0.18501801788806915,-0.2009911686182022 
0.023200899362564087,-0.29171222448349,-0.44936704635620117 
0.15751023590564728,-0.1475335657596588,-0.49953803420066833 
0.09810451418161392,-0.019991619512438774,-0.0024280636571347713 
0.1676938831806183,-0.8487593531608582,-0.34605950117111206 
0.08330053836107254,0.05916222184896469,0.2172212153673172 
0.06387505680322647,-0.461264044046402,0.17091134190559387 
-0.6266285181045532,0.057385265827178955,0.19064998626708984 
-0.07669630646705627,-0.34994950890541077,-0.040868110954761505 
-0.049536701291799545,0.5407565236091614,0.5555300712585449 
-0.03322385624051094,-0.24622675776481628,-0.6566880345344543 
0.06692126393318176,-0.4654395580291748,-0.6763317584991455 
-0.10307776182889938,0.7259960770606995,0.430929958820343 
-0.3325394093990326,0.7188787460327148,0.5507851839065552 
0.34958237409591675,0.19721882045269012,0.3936353027820587 
-0.4334152340888977,0.5569839477539062,0.4631001353263855 
-0.08194531500339508,-0.26185518503189087,0.06569989025592804 
-0.13142240047454834,0.39828598499298096,0.6907883882522583 
0.24870653450489044,0.5408514142036438,0.20488455891609192 
0.04221949353814125,0.5027027130126953,0.20602335035800934 
0.04768558219075203,-0.4276703894138336,0.4833132326602936 
-0.10307776182889938,-0.5620449781417847,-0.4407966434955597 
-0.5533002018928528,-0.18673589825630188,0.08657729625701904 
0.3958922326564789,0.46455398201942444,0.37351709604263306 
-0.12784594297409058,-0.45357733964920044,-0.1741352379322052 
-0.07082216441631317,-0.4917260408401489,0.03351903706789017 
-0.40307778120040894,0.5349025130271912,0.8555300831794739 
0.22574137151241302,0.725616455078125,0.4691735506057739 
-0.25839734077453613,0.14658279716968536,-0.2434399127960205 
-0.6340020298957825,-0.5040176510810852,-0.7969462275505066 
-0.24248307943344116,-0.18392029404640198,0.4097974896430969 
0.14754600822925568,-0.39303287863731384,-0.5709008574485779 
0.12961040437221527,-0.2706153690814972,-0.5608417391777039 
-0.21591061353683472,-0.09657374024391174,-0.8265185952186584 
-0.2178085893392563,0.1890481561422348,0.5553402900695801 
-0.09545750170946121,0.1163957342505455,0.10979747772216797 
-0.15697941184043884,-0.41732659935951233,-0.5730835199356079 
0.15121737122535706,0.9573853015899658,0.2001100778579712 
-0.2942957878112793,0.4489908516407013,0.5555300712585449 
0.11743393540382385,0.7143533229827881,0.18549588322639465 
-0.04189746826887131,-0.5618551969528198,0.39278122782707214 
-0.030321180820465088,-0.18464720249176025,0.21010512113571167 
-0.06125651299953461,-0.304303914308548,0.11416275799274445 
0.04303443431854248,0.31939077377319336,-0.7396578788757324 
-0.4784262180328369,-0.45484068989753723,-0.6394463777542114 
0.08045361936092377,-0.5622348189353943,-0.502005398273468 
0.09573207795619965,0.3572251498699188,0.5548657774925232 
0.21853037178516388,0.10245555639266968,-0.13396400213241577 
0.08382247388362885,-0.02397730201482773,0.3086073398590088 
-0.116078682243824,-0.17049872875213623,-0.5854201316833496 
-0.3678412139415741,0.6557720303535461,0.2406608760356903 
-0.21059641242027283,0.055755410343408585,-0.7092611193656921 
-0.18725167214870453,0.7259960770606995,0.33925914764404297 
0.08219142258167267,0.32493042945861816,0.8555300831794739 
0.1416623890399933,-0.5620449781417847,-0.33375248312950134 
0.06832574307918549,-0.2081729620695114,-0.4025530219078064 
0.3427889049053192,-0.41526851058006287,0.2468464970588684 
0.21663124859333038,-0.43829888105392456,-0.21171456575393677 
0.1946447193622589,0.1533205211162567,-0.3562917709350586 
0.33980792760849,0.6689651012420654,0.33780011534690857 
0.039238542318344116,0.4250470995903015,0.1455441415309906 
0.6645761728286743,0.4070165753364563,0.5646699070930481 
-0.358351469039917,0.47413861751556396,0.2892482578754425 
-0.1413213610649109,0.40315544605255127,0.21000900864601135 
0.22773423790931702,0.003922509495168924,-0.5739375352859497 
-0.011331048794090748,-0.21320250630378723,0.23325885832309723 
-0.2096770703792572,-0.2555919289588928,0.15712159872055054 
0.1465970277786255,0.03475463390350342,-0.771134078502655 
0.202776238322258,0.4643642008304596,0.5548657774925232 
0.18465083837509155,0.09398004412651062,0.2549903690814972 
0.049706894904375076,-0.366176962852478,0.38082417845726013 
-0.21829375624656677,-0.5706154108047485,-0.25894612073898315 
0.05750744789838791,0.3878769874572754,0.21067331731319427 
-0.15659981966018677,0.7159369587898254,0.20118357241153717 
-0.3008437156677246,-0.5446147322654724,0.04304909706115723 
-0.1413213610649109,0.18912407755851746,0.21949876844882965 
-0.1542273908853531,-0.06810454279184341,-0.6140791177749634 
0.202776238322258,0.11291775107383728,0.4233381748199463 
0.06378965824842453,-0.4917260408401489,0.025860825553536415 
-0.2709510624408722,-0.0035743769258260727,-0.280325323343277 
-0.278922438621521,0.023528289049863815,-0.39192453026771545 
0.224602609872818,0.06691534072160721,-0.4829310476779938 
0.2454800307750702,-0.12874391674995422,-0.26580601930618286 
-0.2347952127456665,0.004491888452321291,-0.1477537900209427 
-0.28792938590049744,-0.10328179597854614,-0.3772071599960327 
0.5487065315246582,0.458557665348053,0.2547708749771118 
0.8244128227233887,-0.4845731854438782,0.009804189205169678 
0.05751693621277809,-0.5622348189353943,-0.6090495586395264 
-0.6094793677330017,-0.003983616828918457,0.2552453875541687 
0.011634111404418945,0.6495088338851929,0.5583770275115967 
-0.0031660848762840033,-0.1360509991645813,-0.6192036271095276 
0.11227385699748993,-0.2583439350128174,-0.06398911774158478 
-0.07414356619119644,-0.4847985804080963,0.3239806890487671 
-0.05356983840465546,-0.3005080223083496,0.4872989058494568 
-0.047107331454753876,0.007908192463219166,-0.7167579531669617 
0.6235911846160889,0.12514197826385498,0.26504945755004883 
0.04530366137623787,0.06890816986560822,0.44630327820777893 
-0.21657490730285645,-0.49941277503967285,-0.425423264503479 
-0.1846894472837448,-0.06819944083690643,-0.015884501859545708 
-0.05809643864631653,-0.4722721576690674,0.46926844120025635 
-0.4793751835823059,0.39227190613746643,-0.1138102114200592 
-0.0920044332742691,0.1392757147550583,-0.40603694319725037 
0.04128950461745262,-0.19175571203231812,0.4819846749305725 
0.30768638849258423,0.32201942801475525,0.3329496681690216 
-0.22862689197063446,-0.48451390862464905,-0.25726526975631714 
-0.25595730543136597,0.3650067150592804,0.21209676563739777 
-0.08659526705741882,-0.19073770940303802,-0.3670318126678467 
-0.16608956456184387,0.10997878015041351,0.3821527361869812 
0.20909757912158966,0.061649709939956665,-0.4052398204803467 
0.19518446922302246,0.7179297804832458,0.20564374327659607 
0.21046291291713715,0.18914306163787842,0.21978344023227692 
0.19565892219543457,-0.33647412061691284,0.40233027935028076 
-0.19484344124794006,0.5790950059890747,0.20355600118637085 
-0.2815795838832855,0.19196149706840515,0.2669474184513092 
0.003978732042014599,0.7261858582496643,0.3698160946369171 
-0.11835622042417526,-0.5618551969528198,-0.127284437417984 
0.06515616923570633,0.16621586680412292,0.2206375151872635 
0.7799060344696045,0.9344498515129089,0.21304574608802795 
0.2624666392803192,-0.05719135329127312,-0.39600512385368347 
0.6905779838562012,0.7923588752746582,0.2537270188331604 
0.08955427259206772,-0.3058222830295563,-0.17451483011245728 
-0.13230612874031067,0.029203146696090698,0.047895971685647964 
0.08046310395002365,-0.5618551969528198,0.18628469109535217 
-0.22207896411418915,-0.04314655438065529,-0.5351245403289795 
-0.25396445393562317,0.10897001624107361,-0.014774201437830925 
0.6719982624053955,0.7137851715087891,-1.3755943775177002 
-0.18601800501346588,-0.331349641084671,-0.19339938461780548 
0.13388079404830933,-0.5037780404090881,-0.15050579607486725 
-0.07239627838134766,0.5993378162384033,0.6663998365402222 
-0.31251606345176697,0.5741603374481201,0.21399471163749695 
-0.15928661823272705,0.22696080803871155,-0.4213130474090576 
-0.01623724028468132,-0.07360857725143433,-0.772842288017273 
0.09500256180763245,0.41346246004104614,0.19638296961784363 
0.009954415261745453,-0.33097004890441895,0.18628469109535217 
0.10933206975460052,0.25628408789634705,-0.41201311349868774 
-0.3113063871860504,-0.26185518503189087,-0.31256309151649475 
-0.2659808099269867,0.9274274706840515,0.29835838079452515 
0.10303917527198792,-0.20475664734840393,-0.07512887567281723 
-0.1260429173707962,0.3954687714576721,0.5555300712585449 
-0.38981112837791443,-0.33621907234191895,-0.01483231782913208 
-0.3490515351295471,0.7249521613121033,0.4526614546775818 
-0.02661900222301483,-0.5620449781417847,-0.31088221073150635 
-0.07391461730003357,0.4980349540710449,0.15484404563903809 
0.08811183273792267,-0.5618551969528198,0.28564220666885376 
0.12638390064239502,0.20429815351963043,0.5547708868980408 
0.18999475240707397,-0.22614768147468567,-0.045294344425201416 
0.007127642631530762,0.41485366225242615,0.6476101279258728 
-0.04096747562289238,0.4324786961078644,0.2087753713130951 
0.1655764877796173,-0.07360857725143433,-0.08861378580331802 
-0.2754112482070923,-0.0007274448871612549,-0.05395728349685669 
0.1434001922607422,-0.18363085389137268,-0.28964540362358093 
0.12942060828208923,0.7253317832946777,0.49251827597618103 
0.13397569954395294,0.5638166069984436,0.20403051376342773 
-0.05419616028666496,-0.4247285723686218,0.1487053632736206 
0.032919563353061676,-0.46107423305511475,-0.15638943016529083 
0.2559187114238739,0.0666591078042984,-0.3107873499393463 
0.40462279319763184,0.586876630783081,0.37142932415008545 
-0.06552689522504807,-0.09723801165819168,0.4274187684059143 
-0.24789100885391235,-0.06032295897603035,-0.4289344847202301 
0.05686214938759804,-0.20883724093437195,-0.6376136541366577 
-0.25036904215812683,-0.721881628036499,-0.00031304359436035156 
-0.19474856555461884,-0.5064351558685303,-0.10344623774290085 
0.0937688946723938,-0.6007927060127258,-0.03337287902832031 
-0.07348877936601639,-0.0913543775677681,0.13504016399383545 
-0.3632398843765259,-0.24780325591564178,0.7420329451560974 
0.2221352756023407,-0.0923982560634613,-0.5770691633224487 
0.13172781467437744,-0.2059606909751892,0.3490062952041626 
0.27205127477645874,0.0062949396669864655,-0.22908078134059906 
0.3353121876716614,0.7123237252235413,-0.32369333505630493 
-0.2843908965587616,0.005725562572479248,-0.5390153527259827 
0.7327420711517334,-1.161665439605713,0.9693416357040405 
0.15627656877040863,-0.14686928689479828,-0.19026777148246765 
0.28856340050697327,0.19410617649555206,0.28459832072257996 
0.22080671787261963,-0.5612857937812805,-0.005094677209854126 
0.14356030523777008,0.0649794265627861,0.04081663489341736 
-0.04535172879695892,-0.1907118409872055,0.3748456537723541 
0.302133709192276,0.3189815282821655,0.5551504492759705 
0.2181496024131775,0.36481693387031555,0.5551504492759705 
-0.278922438621521,0.11895796656608582,0.5472739934921265 
0.1948048621416092,0.06292964518070221,-0.10570479184389114 
0.1485898792743683,-0.506150484085083,0.14794619381427765 
-0.01896079070866108,0.22721585631370544,0.2176956981420517 
-0.05047500133514404,0.2780155539512634,-0.055199235677719116 
0.10341876745223999,0.5943734645843506,0.5548657774925232 
-0.33282411098480225,0.10176161676645279,-0.39837753772735596 
-0.15650494396686554,-0.24556247889995575,-0.5118747353553772 
0.16083163022994995,0.05108646675944328,-0.6189188361167908 
-0.026600023731589317,-0.5619500279426575,-0.15790778398513794 
0.01962444931268692,-0.2080780416727066,-0.24644698202610016 
0.04221949353814125,0.5943734645843506,0.20317643880844116 
0.04212459921836853,0.047821998596191406,-0.7196998596191406 
-0.3782798945903778,0.5025128722190857,0.5549607276916504 
-0.22873245179653168,0.14345118403434753,-0.1574629545211792 
0.39826467633247375,0.6069948077201843,0.5539168119430542 
0.20438949763774872,-0.23379521071910858,-0.37455832958221436 
-0.5142974257469177,-0.7192245721817017,-0.4966259002685547 
0.34711501002311707,0.4953007400035858,0.27767080068588257 
0.8731900453567505,0.6580495834350586,-0.03925061225891113 
-0.2551032304763794,0.07816066592931747,-0.6326789855957031 
0.07593651115894318,-0.008414136245846748,0.4120453894138336 
-0.029372215270996094,0.25324735045433044,-0.39649027585983276 
-0.04667910933494568,-0.26178163290023804,-0.5116196870803833 
-0.19294549524784088,-0.46895071864128113,-0.5091226696968079 
-0.057185422629117966,0.32666823267936707,0.5555300712585449 
0.1799059808254242,0.725616455078125,0.29342377185821533 
-0.08466768264770508,-0.24821962416172028,0.04902524873614311 
0.11869721859693527,-0.5618551969528198,0.02567102760076523 
-0.22786769270896912,0.052329618483781815,-0.5028594732284546 
0.30982038378715515,0.11317966133356094,0.4233381748199463 
-0.18070374429225922,0.015025489963591099,-0.6326789855957031 
0.27472853660583496,-0.6321088075637817,-0.37196648120880127 
0.07237786054611206,-0.1559794396162033,-0.5696672201156616 
-0.02367718704044819,-0.13178062438964844,0.002677411772310734 
-0.47956499457359314,0.4188787341117859,0.2507851719856262 
0.34312936663627625,0.06500790268182755,-0.3493156433105469 
-0.21012189984321594,0.41843390464782715,0.5548657774925232 
-0.2188524603843689,-0.4374448359012604,-0.35671761631965637 
-0.2560521960258484,0.7260909676551819,0.3926863372325897 
-0.11996946483850479,-0.5299696922302246,0.4145127236843109 
0.3022286295890808,0.22721585631370544,0.5553402900695801 
0.16291937232017517,-0.5066249370574951,-0.06614211201667786 
-0.14198563992977142,-0.16888545453548431,-0.14604564011096954 
-0.12262661010026932,-0.18387924134731293,-0.27463147044181824 
-0.13562752306461334,-0.2546726167201996,-0.18865452706813812 
0.37178835272789,0.20044532418251038,0.47742959856987 
0.25363287329673767,-0.2983550429344177,-0.5248460173606873 
0.2122659534215927,-0.38515639305114746,-0.2800406217575073 
-0.08435451984405518,-0.10938487201929092,0.22490790486335754 
-0.2913172245025635,-0.6384669542312622,0.5933288931846619 
0.11262380331754684,0.004207198973745108,-0.6919897794723511 
0.17326317727565765,-0.034890491515398026,-0.6275545358657837 
-0.05682481452822685,-0.4076470732688904,-0.1601853370666504 
0.6676614880561829,-1.153314471244812,-1.2936979532241821 
-0.06366690993309021,-0.27232351899147034,0.4070158302783966 
0.2730203866958618,0.1541745960712433,-0.3921629786491394 
-0.17187830805778503,-0.5619500279426575,-0.24198681116104126 
-0.039762288331985474,0.21569767594337463,0.49650394916534424 
-0.020336803048849106,0.1089349091053009,-0.7137212753295898 
-0.8995152115821838,-0.3204008638858795,-0.34368109703063965 
0.3020388185977936,-0.07313410192728043,-0.2237665206193924 
0.30792245268821716,0.0807703360915184,-0.4999176561832428 
0.45374399423599243,0.08051413297653198,-0.7584179043769836 
-0.11550930142402649,-0.021415073424577713,-0.6766164302825928 
0.22751714289188385,-0.26185518503189087,0.4097974896430969 
-0.6877803206443787,0.038144826889038086,0.23980683088302612 
-0.710764467716217,-0.5620449781417847,-0.35671761631965637 
0.19518446922302246,0.5484431982040405,0.5545811057090759 
0.05797244980931282,-0.2504022419452667,0.4064464569091797 
0.05565577745437622,0.42314910888671875,0.6545376181602478 
-0.2793969511985779,-0.07171064615249634,-0.12331772595643997 
0.05463206768035889,-0.13291938602924347,-0.6800327301025391 
-0.16836708784103394,-0.3316343128681183,-0.5158604383468628 
0.20353542268276215,-0.38468194007873535,-0.3840480446815491 
-0.1895291954278946,-0.16575387120246887,-0.42229166626930237 
-0.028458833694458008,-0.2422422617673874,-0.1779014766216278 
-0.3072018325328827,-0.0819595456123352,-0.2640029788017273 
0.1223033219575882,0.10297630727291107,0.44345641136169434 
-0.09423332661390305,0.2631819248199463,0.2161773443222046 
-0.4126327335834503,0.5257627367973328,0.38651803135871887 
0.04719211533665657,-0.3147425949573517,0.10714035481214523 
0.279263436794281,0.7241930365562439,-0.35260146856307983 
-0.13363468647003174,0.5714083313941956,0.5555300712585449 
-0.09972670674324036,0.6268579959869385,0.2412954568862915 
-0.24732166528701782,1.3254265785217285,0.28260546922683716 
-0.07387904822826385,-0.24837970733642578,-0.047417670488357544 
0.08045361936092377,0.7134696841239929,0.557712733745575 
0.212219700217247,-0.8618552088737488,-0.3431570529937744 
0.18749777972698212,0.7261858582496643,0.37740787863731384 
-0.40029609203338623,0.6905044317245483,0.3077532649040222 
-0.18677715957164764,-0.04627816379070282,-0.10012483596801758 
0.07309908419847488,0.03848410025238991,0.08835068345069885 
0.17772334814071655,0.10506404936313629,0.34571218490600586 
0.3145652413368225,0.09711165726184845,-0.17290157079696655 
-0.6818113327026367,0.6362255811691284,-0.4825158715248108 
-0.11294707655906677,-0.16727222502231598,-0.5039033889770508 
0.14602765440940857,-0.5087127089500427,0.30737367272377014 
0.18749777972698212,0.6325222253799438,0.20222744345664978 
-0.04954618215560913,0.7214409708976746,1.1374995708465576 
-0.040540438145399094,-0.39360225200653076,0.3270173966884613 
0.1874028742313385,-0.04010983183979988,-0.0060341618955135345 
-0.2884608209133148,-0.4540815055370331,-0.006671130657196045 
-0.9449710249900818,0.11636915802955627,0.4997304677963257 
0.31636831164360046,0.5793797373771667,0.22500278055667877 
-0.06594444066286087,-0.33846694231033325,0.0415283627808094 
0.1700010895729065,0.586876630783081,-0.06250041723251343 
0.025602981448173523,-0.39303287863731384,-0.6812664270401001 
-0.01896079070866108,0.1890481561422348,0.5553402900695801 
0.6728143692016602,-0.5619500279426575,0.45746558904647827 
0.07649639993906021,-0.055103618651628494,0.2247181087732315 
0.2560136318206787,0.35741496086120605,0.2127610445022583 
0.3544221520423889,0.40353503823280334,0.3087022304534912 
-0.3151732087135315,0.4166308641433716,0.2410404533147812 
0.09212598204612732,-0.09249315410852432,0.06301311403512955 
-0.09704229235649109,0.051684316247701645,-0.019528554752469063 
0.24187393486499786,0.009901034645736217,-0.14395789802074432 
-0.02456805109977722,0.4220103621482849,0.5399965643882751 
-0.026637984439730644,-0.45670896768569946,-0.026788199320435524 
0.08317598700523376,0.9407783150672913,0.61800217628479 
-0.2560521960258484,0.5407565236091614,0.5551504492759705 
-0.27133065462112427,0.36481693387031555,0.5551504492759705 
-0.18253645300865173,0.1690734624862671,0.18735823035240173 
-0.04043605178594589,-0.48394447565078735,-0.6944571733474731 
0.37583333253860474,-0.5583439469337463,-0.566348135471344 
0.9749199748039246,0.3471660315990448,0.5537270307540894 
0.27457672357559204,0.16281025111675262,-0.20586058497428894 
-0.02661900222301483,0.11607972532510757,0.14794619381427765 
0.7034187912940979,-1.1618552207946777,0.10211080312728882 
0.21179147064685822,-0.11612256616353989,-0.453323096036911 
-0.2577899992465973,0.6115795373916626,0.5139946937561035 
0.256298303604126,0.11291775107383728,0.49213868379592896 
0.27119719982147217,0.004302097950130701,-0.4655648469924927 
-0.3991217315196991,-1.1615705490112305,-0.4676169753074646 
-0.044935375452041626,-0.2544175982475281,-0.3421686887741089 
0.3040909469127655,-0.02834257483482361,0.0408664345741272 
-0.8560522198677063,1.3082501888275146,1.1592310667037964 
0.1640581339597702,-0.3278384506702423,-0.5100716948509216 
-0.3783748149871826,0.657195508480072,0.5604647397994995 
-0.10604922473430634,-0.20766884088516235,-0.20361864566802979 
0.33012840151786804,0.24021677672863007,0.33081331849098206 
-0.09429976344108582,-0.07465246319770813,-0.7516801953315735 
-0.344496488571167,0.14373469352722168,-0.19137093424797058 
0.4089880585670471,0.7218205332756042,-0.10026955604553223 
-0.11076443642377853,-0.5620449781417847,-0.5555274486541748 
-0.08013159036636353,-0.5618551969528198,0.31629401445388794 
0.6498587131500244,-0.5620449781417847,-0.3031955361366272 
0.15099196135997772,0.6268579959869385,0.5133304595947266 
0.1744968444108963,-0.20893211662769318,-0.44411805272102356 
-0.6792490482330322,-0.5584388971328735,0.4758163094520569 
-0.4006756842136383,0.3621598184108734,0.4054974615573883 
0.06285016983747482,-0.4542416036128998,0.09451901167631149 
-0.36309635639190674,0.002309262752532959,-0.2820335030555725 
-0.2134065330028534,0.25533509254455566,-0.4809085726737976 
-0.07397275418043137,-0.4848935008049011,0.24739857017993927 
-0.0874849259853363,0.5433484315872192,0.2293384075164795 
-0.13363468647003174,0.6249304413795471,0.20241723954677582 
0.21207615733146667,-0.5072892308235168,-0.1790698915719986 
0.1262890249490738,-0.5619500279426575,-0.21911655366420746 
-0.17956498265266418,0.4798324406147003,0.2068774253129959 
0.05750744789838791,0.16610199213027954,0.5551504492759705 
0.42616450786590576,0.6177182793617249,0.44004011154174805 
0.047704558819532394,-0.36826470494270325,-0.13475285470485687 
0.04986821860074997,-0.5618551969528198,0.385094553232193 
-0.20423828065395355,-0.10966955870389938,-0.5735580325126648 
0.12647882103919983,-1.1497082710266113,-0.6455850005149841 
0.049545567482709885,-0.5039678812026978,-0.08912623673677444 
0.20998844504356384,-0.484134316444397,-0.41678762435913086 
0.0034311749041080475,-0.12656128406524658,0.47334903478622437 
0.22526688873767853,-0.2179473638534546,-0.24976837635040283 
0.06913236528635025,-0.492105633020401,0.26267701387405396 
0.07221653312444687,-0.18112720549106598,-0.007002113852649927 
-0.10307776182889938,0.4872344136238098,0.5555300712585449 
-0.4012450575828552,0.7228644490242004,0.5074171423912048 
0.04798925295472145,-0.0819595456123352,0.42058613896369934 
0.23124542832374573,-0.1549355685710907,-0.19634121656417847 
0.08200162649154663,0.14440016448497772,-0.5751059651374817 
-0.05303722620010376,0.3062000572681427,-0.12523344159126282 
-0.2049974501132965,-0.3545995056629181,-0.38651537895202637 
0.05890243873000145,-0.3475770950317383,0.013154071755707264 
0.24335551261901855,0.05253958702087402,-0.12301525473594666 
0.3433298170566559,-0.20747900009155273,0.191189706325531 
-0.003666193690150976,-0.5621398687362671,-0.4790402948856354 
0.11101055145263672,-0.5621398687362671,-0.4025530219078064 
0.04222898557782173,0.44130417704582214,0.5555300712585449 
-0.03424873948097229,-0.5618551969528198,-0.4214020073413849 
-0.18120788037776947,-0.1427590548992157,-0.3267953395843506 
0.3728049099445343,0.42609095573425293,0.7079647779464722 
0.029143840074539185,-0.385280966758728,-0.7964065074920654 
-0.06332527846097946,-0.019137542694807053,0.4091035723686218 
0.08968831598758698,0.0006307363510131836,-0.5568857192993164 
-0.09299017488956451,-0.338277131319046,-0.6347667574882507 
0.04654565453529358,-0.30737027525901794,0.042639851570129395 
-0.42563366889953613,0.4425378143787384,0.47088170051574707 
-0.23005032539367676,0.1603512018918991,0.22310486435890198 
-0.1956026405096054,0.0027837364468723536,0.01867709308862686 
0.17041626572608948,-0.16357120871543884,-0.29142826795578003 
0.19622831046581268,0.10391579568386078,-0.5471765398979187 
0.08796948194503784,-0.18663126230239868,-0.4844494163990021 
-0.24836552143096924,-0.030145617201924324,-0.21218906342983246 
-0.09581810981035233,-0.23778091371059418,-0.6099985837936401 
0.6348934173583984,0.5411005020141602,-0.6029880046844482 
-0.16127945482730865,0.11555138230323792,-0.0799674391746521 
0.24975042045116425,0.05246247351169586,-0.4134661853313446 
-0.0038275192491710186,-0.2130127102136612,-0.4185906648635864 
-0.4209837019443512,0.6250253319740295,0.39382511377334595 
-0.04976445436477661,-0.17400991916656494,-0.5412929058074951 
0.15722551941871643,0.09900960326194763,-0.7365915179252625 
0.13397569954395294,0.13652250170707703,0.22282014787197113 
-0.16447630524635315,0.11567166447639465,-0.639796257019043 
-0.6213415861129761,0.3960203528404236,0.12595967948436737 
0.09712588787078857,0.6122438907623291,0.754844069480896 
-0.03425823524594307,-0.5621398687362671,-0.6397013664245605 
-0.2560521960258484,0.11632265895605087,-0.524970531463623 
-0.14369380474090576,-0.4836598038673401,-0.6142688989639282 
0.07284285873174667,0.11055006086826324,0.5098844766616821 
0.23342806100845337,0.7185940742492676,0.5505005121231079 
0.07475028932094574,-0.10786650329828262,0.31591442227363586 
-0.11076443642377853,0.11603417247533798,0.1938764750957489 
0.07279539108276367,1.3178348541259766,0.8052641749382019 
0.09746988117694855,-0.18708226084709167,0.776860237121582 
-0.5654197931289673,1.1713135242462158,1.1555300951004028 
0.17395709455013275,-0.13389801979064941,0.8551504611968994 
0.15694084763526917,0.40315544605255127,0.5545811057090759 
0.3502383232116699,-0.18632972240447998,0.2922482192516327 
-0.19788014888763428,-0.22430549561977386,-0.34077489376068115 
0.26256152987480164,-0.11403483897447586,-0.3484615683555603 
-0.008610343560576439,-0.11953888088464737,-0.7120131254196167 
-0.24077372252941132,0.257867693901062,0.5553402900695801 
-0.3508545756340027,0.5435085296630859,0.26666271686553955 
0.08666939288377762,-0.24043801426887512,-0.13523682951927185 
-0.1260429173707962,-0.5618551969528198,0.03331974893808365 
0.2599044144153595,-0.057286251336336136,-0.27966102957725525 
-0.1732068657875061,-0.5062453746795654,0.15629714727401733 
0.44197672605514526,0.725331723690033,-0.3261250853538513 
0.013807237148284912,-0.39844202995300293,0.762939989566803 
0.05060841888189316,-0.2140565812587738,-0.3335626721382141 
0.045037947595119476,-0.23910945653915405,-0.049020737409591675 
0.08412614464759827,0.051190853118896484,-0.01564725674688816 
0.3852637708187103,0.5257627367973328,0.33831021189689636 
-0.05005979537963867,0.440859317779541,0.5545158386230469 
0.15646636486053467,-0.2169983983039856,-0.12364986538887024 
0.13036960363388062,-0.20086586475372314,-0.5457530617713928 
0.19518446922302246,0.11636821925640106,-0.05845542624592781 
0.3309457004070282,-0.12861937284469604,-0.29494068026542664 
0.16750408709049225,-0.07727989554405212,-0.47869032621383667 
-0.36436915397644043,0.4098278880119324,0.21576809883117676 
0.4739571213722229,1.324857234954834,1.1045702695846558 
-0.24286146461963654,-0.12542249262332916,-0.39932650327682495 
-0.2025301456451416,0.718941867351532,0.5472739934921265 
-0.23583906888961792,-0.5531246066093445,-0.2724488377571106 
-0.12870001792907715,0.05567949265241623,-0.6574471592903137 
0.2657322883605957,0.4220103621482849,0.5249079465866089 
-0.121013343334198,-0.042766958475112915,-0.03214040771126747 
-0.04955568164587021,-0.5620449781417847,-0.39496123790740967 
-0.18130278587341309,0.3897571265697479,-0.16723738610744476 
-0.09405302256345749,-0.20134034752845764,-0.3618420660495758 
-0.048834461718797684,-0.05614747852087021,-0.687719464302063 
0.5134996175765991,-0.20502354204654694,0.37857627868652344 
-0.013897071592509747,-0.2769734859466553,0.26818108558654785 
-0.21505655348300934,-0.48887917399406433,-0.18827493488788605 
0.24092493951320648,0.44073477387428284,0.20858557522296906 
-0.2254003882408142,0.038144826889038086,-0.07374340295791626 
-0.06979727745056152,-0.35877496004104614,-0.11211985349655151 
0.011634097434580326,-0.5618551969528198,-0.08140159398317337 
0.11622989922761917,0.7252368330955505,0.2653341591358185 
0.11274833977222443,-0.2619500160217285,-0.7332048416137695 
-0.016151845455169678,-0.2433798462152481,0.500015139579773 
-0.2586144208908081,0.06678247451782227,-0.264667272567749 
-0.17187830805778503,0.2501809895038605,0.5555300712585449 
0.11101055145263672,0.34204158186912537,0.21266615390777588 
-0.44132137298583984,-0.26185518503189087,0.4021108150482178 
-0.20537704229354858,-0.14838764071464539,-0.1715729981660843 
0.34806400537490845,0.5560349822044373,0.5552453994750977 
-0.1982893943786621,0.21955882012844086,0.25693029165267944 
-0.052763208746910095,-0.4267214238643646,0.04874056205153465 
-0.15650494396686554,-0.5070993900299072,0.2703637182712555 
-0.17956498265266418,0.7260909676551819,0.4079647958278656 
-0.07510203123092651,-0.4847036600112915,0.10211079567670822 
-0.06704524904489517,-0.165279358625412,-0.6412197351455688 
0.279263436794281,0.49482622742652893,0.5548657774925232 
0.1734529733657837,0.2631819248199463,0.2161773443222046 
-0.5501317977905273,-1.1618552207946777,0.025671035051345825 
-0.10307776927947998,0.12609094381332397,0.9621294140815735 
-0.21562595665454865,-1.1092820167541504,-0.02041110396385193 
-0.4324662983417511,0.4994761645793915,0.5127314329147339 
-0.2034790962934494,-0.07873303443193436,-0.16141898930072784 
-0.023524165153503418,-0.27951791882514954,-0.42602232098579407 
0.19347631931304932,-0.008698833175003529,-0.07585009932518005 
0.20116296410560608,0.04618976265192032,0.007706969045102596 
-0.2611766755580902,-0.0035743769258260727,-0.4650903642177582 
-0.17361611127853394,0.5960164070129395,0.25553005933761597 
-0.016561061143875122,-0.29550811648368835,-0.0029108524322509766 
0.07689496874809265,0.02847243659198284,0.15591756999492645 
-0.03425823524594307,0.11623820662498474,0.07155387103557587 
0.15684595704078674,-0.5056760311126709,0.0027248612605035305 
-0.23403602838516235,-0.09372680634260178,-0.30803531408309937 
0.22574137151241302,0.6095570921897888,0.5548657774925232 
-0.4382550120353699,0.6326171159744263,0.46936336159706116 
0.0639604702591896,-0.19953729212284088,0.20118357241153717 
-0.01897028274834156,0.7259960770606995,0.43852171301841736 
-0.7863026857376099,0.60999596118927,-1.35300874710083 
-0.1478692889213562,-0.15522024035453796,-0.21209415793418884 
-0.06919942051172256,-0.1836894303560257,0.21418450772762299 
0.03456128388643265,0.11655516177415848,0.18628469109535217 
0.14925415813922882,-0.5619500279426575,-0.11963571608066559 
0.3473997712135315,-0.010786592960357666,-0.9793031811714172 
0.11101055145263672,0.4950159788131714,0.2063080221414566 
-0.07163827866315842,-0.48555776476860046,-0.15506087243556976 
-0.2113567590713501,0.11317895352840424,-0.511050283908844 
-0.037153780460357666,0.2804828882217407,-0.32660555839538574 
0.15694084763526917,-0.5622348189353943,-0.5172838568687439 
0.3646710216999054,0.266693115234375,0.3821527361869812 
0.14434915781021118,0.4117286801338196,0.24331915378570557 
0.37247276306152344,-0.5068444013595581,0.39803022146224976 
-0.08835918456315994,-0.29120805859565735,-0.01047535240650177 
0.06106610223650932,-0.36911875009536743,0.45342063903808594 
0.151152104139328,0.05345889553427696,-0.05568442493677139 
0.3404722213745117,0.6418221592903137,0.5562892556190491 
0.279263436794281,0.11637580394744873,0.3274562954902649 
-0.009479343891143799,-0.18375042080879211,-0.5496734976768494 
0.3830811381340027,0.42355841398239136,1.153916835784912 
-0.0545947290956974,-0.19545669853687286,0.07990483194589615 
0.1376766860485077,-0.1310214400291443,-0.560936689376831 
-0.33823323249816895,0.2718175947666168,0.31629401445388794 
-0.029873980209231377,-0.39312779903411865,-0.0072868033312261105 
-0.0709075778722763,-0.44579577445983887,0.4079647958278656 
0.04412693530321121,-0.08831766992807388,-0.7494975328445435 
0.24199846386909485,0.09486378729343414,0.03561747074127197 
-0.2154361605644226,-0.07493714988231659,-0.6386575698852539 
-0.058874595910310745,-0.09590945392847061,-0.040584370493888855 
0.11964620649814606,-0.06212601065635681,-0.6550747156143188 
-0.14208056032657623,-0.09467578679323196,-0.09460180997848511 
0.1262890249490738,0.09044986218214035,0.28564220666885376 
-0.2178085893392563,0.4260256886482239,0.20896516740322113 
0.1434001922607422,-0.1836337000131607,0.37914568185806274 
0.33572736382484436,0.6403986811637878,0.24085064232349396 
-0.23109419643878937,0.018157104030251503,-0.5591335892677307 
-0.033698342740535736,-0.31910789012908936,0.3716191351413727 
-0.003658602014183998,-0.5618551969528198,0.33916428685188293 
0.003988222219049931,-0.5618551969528198,0.44630327820777893 
-0.1260429173707962,0.09053527563810349,0.3315724730491638 
-0.09769825637340546,0.022457122802734375,-0.5343950390815735 
-0.11835622042417526,-0.5057708621025085,-0.02787002921104431 
-0.24494922161102295,0.04367498308420181,-0.016358986496925354 
-0.8795867562294006,0.642621636390686,-0.32597094774246216 
-0.07792048156261444,-0.02492627687752247,0.09461390972137451 
0.10683506727218628,-0.5104208588600159,0.4126147925853729 
-0.11076443642377853,-0.5620449781417847,-0.2879170775413513 
1.0217993259429932,-0.05136704444885254,1.1361711025238037 
-0.6835479140281677,-1.161475658416748,-1.287719488143921 
-0.0724828690290451,0.6019653081893921,0.5555300712585449 
0.1477358043193817,-0.506150484085083,0.23885782063007355 
0.512846052646637,1.2817739248275757,-0.4065980315208435 
0.22982195019721985,-0.09761761128902435,-0.09976422041654587 
-0.020023640245199203,-0.18511290848255157,-0.1687261015176773 
0.31836116313934326,-0.04086902365088463,-0.44345372915267944 
0.08758040517568588,0.03601676970720291,0.27805039286613464 
-0.22948096692562103,-0.5072892308235168,-0.31837910413742065 
-0.1470804512500763,0.40246152877807617,0.765852153301239 
-0.11066953837871552,0.09270841628313065,0.4232432544231415 
0.24114438891410828,-0.28051435947418213,0.32223576307296753 
0.1844254732131958,0.9644374251365662,-0.13120603561401367 
0.14463382959365845,0.20912012457847595,-0.3843979835510254 
-0.387951135635376,-0.0004130899906158447,-0.3814111053943634 
-0.12025416642427444,-0.42102760076522827,-0.6265106797218323 
0.6069735288619995,-0.24073339998722076,0.18736770749092102 
0.1416623890399933,0.7260909676551819,0.4232432544231415 
-0.6801316142082214,0.11642041802406311,-0.7543372511863708 
0.4341358542442322,0.10673189163208008,0.4392808973789215 
-0.32695114612579346,-0.342577189207077,-0.29356467723846436 
0.4164849519729614,0.46369990706443787,0.4437410831451416 
0.580497145652771,0.4259960651397705,0.10919845104217529 
-0.0760616809129715,-0.7995076775550842,-0.5496734976768494 
0.02031838893890381,0.2053242325782776,0.11646994948387146 
0.1799059808254242,-0.442474365234375,-0.5178532600402832 
-0.13363468647003174,-1.1618552207946777,0.7785980701446533 
-0.09985124319791794,-0.09923086315393448,-0.6298320293426514 
0.2162516564130783,-0.2363574355840683,-0.3106924295425415 
-0.08571154624223709,0.059086304157972336,0.17878781259059906 
0.7799060344696045,0.15853866934776306,-0.04484957456588745 
-0.4789956212043762,-0.8173483610153198,-0.2647324800491333 
-0.26487764716148376,-0.039445552974939346,-0.3544400930404663 
-0.0660974383354187,-0.1841319054365158,0.15756046772003174 
0.029484281316399574,-0.40650826692581177,0.2296527624130249 
0.2569625973701477,0.03925277292728424,-0.5299052596092224 
-0.24086862802505493,0.05692264437675476,-0.18286579847335815 
-0.7011798620223999,-0.5500523447990417,-0.7964717745780945 
0.12394623458385468,-0.18708226084709167,-0.4128671884536743 
0.0204215869307518,-0.2080780416727066,0.03263648599386215 
0.13663281500339508,-0.2592276930809021,-0.18874941766262054 
0.3012440502643585,0.725331723690033,-0.10909497737884521 
0.3642641603946686,-0.7381091117858887,0.12324324250221252 
0.11233911663293839,-0.35478925704956055,-0.6109475493431091 
-0.2254003882408142,0.11291775107383728,0.3468509614467621 
-0.15659981966018677,-0.5619500279426575,-0.18077804148197174 
-0.018941812217235565,0.09494799375534058,0.4557930529117584 
-0.057185422629117966,-0.5618551969528198,0.048607707023620605 
0.037815093994140625,-0.26451465487480164,-0.5043125748634338 
0.04986821860074997,0.22721585631370544,0.2176956981420517 
-0.0027060508728027344,0.42514199018478394,0.19242334365844727 
0.10341876745223999,0.11638244986534119,0.025661539286375046 
0.19357119500637054,-0.06411886215209961,-0.6791787147521973 
-0.06869527697563171,0.5330994725227356,0.6990444660186768 
-0.37116262316703796,0.4221349060535431,0.321703165769577 
-0.2123994380235672,0.050592996180057526,-0.11177822202444077 
0.07215959578752518,-0.10691754519939423,0.18932141363620758 
0.4020605683326721,0.38066476583480835,0.4244769215583801 
0.022490348666906357,-0.27393677830696106,-0.6620022654533386 
0.0039265393279492855,-0.18558739125728607,-0.6610532999038696 
-0.376506507396698,-0.3795871138572693,0.03878465294837952 
0.017696857452392578,0.4517819881439209,0.25391680002212524 
1.0315736532211304,0.0954391360282898,1.1512596607208252 
0.03760748729109764,-0.200106680393219,0.3761741816997528 
-0.3131803572177887,-0.06032295897603035,-0.4317813813686371 
-0.14122648537158966,-0.504916787147522,-0.13517040014266968 
0.694118857383728,0.6578621864318848,-1.3942890167236328 
-0.2466573715209961,0.055309396237134933,-0.4417455792427063 
-0.9255170226097107,0.05586695671081543,-0.40432047843933105 
0.47990599274635315,-0.2619500160217285,-0.4731862545013428 
-0.011304476298391819,0.4719559848308563,0.5555300712585449 
0.1416623890399933,-0.5618551969528198,0.17859801650047302 
-0.27308744192123413,-0.18344485759735107,0.35627540946006775 
0.5886842012405396,0.5332596302032471,0.20497947931289673 
-0.0036718875635415316,0.38028520345687866,0.21095800399780273 
0.02693154104053974,0.38019028306007385,0.5555300712585449 
-0.1413213610649109,0.30370306968688965,0.5555300712585449 
-0.08362381160259247,-0.24698594212532043,0.11719946563243866 
0.15523268282413483,-0.0016764341853559017,0.029675694182515144 
0.1849355548620224,-0.3467230200767517,-0.45541080832481384 
0.11167483031749725,0.657195508480072,0.5609391927719116 
-0.3171660602092743,0.7259960770606995,0.40037301182746887 
-0.11835622042417526,0.4798324406147003,0.2068774253129959 
0.3226315379142761,0.14502529799938202,0.3726630210876465 
-0.33244451880455017,0.36491185426712036,0.555055558681488 
-0.4528335928916931,0.5745992660522461,-0.16060054302215576 
0.028669357299804688,0.4195430278778076,-0.08970628678798676 
-0.010649685747921467,-0.4375396966934204,0.5007743239402771 
0.09706064313650131,-0.23569315671920776,-0.6006985902786255 
-0.3559790551662445,0.03719349950551987,-0.36801040172576904 
0.03607015311717987,-0.48935362696647644,-0.028192680329084396 
-0.3742479681968689,-0.4373795688152313,0.07133445143699646 
0.018419254571199417,-0.36921367049217224,0.5034314393997192 
0.14925415813922882,0.09093383699655533,0.18628469109535217 
0.07987474650144577,-0.5033984184265137,0.12507595121860504 
0.167948916554451,-0.11308585852384567,-0.14042770862579346 
0.04475325345993042,0.6535894274711609,0.19226324558258057 
-0.5786377191543579,-0.16680839657783508,-0.007999718189239502 
0.8868553042411804,0.11643654108047485,-0.456169992685318 
0.22688016295433044,-0.05007406324148178,-0.5344603061676025 
-0.25595730543136597,0.5561298727989197,0.20441007614135742 
-0.3813166320323944,0.5264270305633545,0.3190460503101349 
-0.18971899151802063,0.6462823152542114,0.19966521859169006 
0.42828184366226196,-0.36753517389297485,0.31827855110168457 
-0.2019607275724411,-0.2740316689014435,-0.20317381620407104 
0.05688944458961487,-0.2937050759792328,-0.6187586784362793 
-0.5506430864334106,-0.3726596236228943,-0.8820987343788147 
0.010484665632247925,0.18780383467674255,0.5308864116668701 
0.0625464916229248,-0.31569159030914307,0.4238126575946808 
0.24870653450489044,0.4260256886482239,0.5548657774925232 
-0.1434091180562973,-0.041438404470682144,0.023270124569535255 
0.04221949353814125,-0.5622348189353943,-0.5479357242584229 
-0.1430591642856598,-0.26185518503189087,0.27977871894836426 
-0.4583376348018646,0.7185940146446228,0.5505954623222351 
0.09060762822628021,-0.011450858786702156,0.05618050694465637 
-0.1313571333885193,-0.5062453746795654,0.33878466486930847 
0.129325732588768,-0.35032910108566284,-0.1810627430677414 
-0.049536701291799545,-0.5618551969528198,-0.08904082328081131 
-0.5106165409088135,-0.5788916349411011,0.3622243106365204 
-0.17947007715702057,-0.3908502161502838,-0.5121594071388245 
-0.19531792402267456,-0.03090480901300907,-0.5927272439002991 
0.15333473682403564,-0.23199217021465302,-0.5006768107414246 
0.5172955393791199,-0.21412181854248047,-0.3409317135810852 
-0.2942957878112793,-0.5889602303504944,-1.2038302421569824 
-0.9239986538887024,0.11574378609657288,0.2585608661174774 
0.27271556854248047,0.5182302594184875,-0.7475640177726746 
0.8844828009605408,0.04223254323005676,-1.1908292770385742 
-0.2567271590232849,-0.4501907229423523,-0.40101689100265503 
-0.3038804233074188,0.3375813961029053,0.2450261414051056 
0.15305005013942719,-0.45670896768569946,-0.18087294697761536 
-0.8479859232902527,0.017587721347808838,-1.2789888381958008 
0.36726289987564087,0.2540065348148346,0.6608957648277283 
0.2771757245063782,0.05239604413509369,-0.0621848925948143 
-0.23014524579048157,-0.06829433888196945,-0.053462881594896317 
0.014300712384283543,-0.27678370475769043,0.20915493369102478 
0.9223468899726868,0.7151222229003906,-0.9262556433677673 
0.4106309711933136,0.1607224941253662,-0.26755332946777344 
0.21871896088123322,-0.06279028952121735,-0.05035404488444328 
-0.2009168267250061,-1.1530297994613647,0.7786929607391357 
-0.07827988266944885,0.42276954650878906,0.6850945949554443 
0.4262593686580658,0.49539560079574585,0.50722736120224 
-0.04882615804672241,0.35995936393737793,0.05080103874206543 
-0.3200129568576813,0.4748029112815857,0.2365802824497223 
0.028669357299804688,-0.18351411819458008,0.16504786908626556 
0.21046291291713715,0.11619360744953156,-0.6090495586395264 
-0.16646914184093475,-0.20001178979873657,-0.4766678512096405 
0.31161513924598694,-0.18352076411247253,-0.4620240330696106 
-1.0258234739303589,-0.09625345468521118,0.44051456451416016 
-0.049536701291799545,0.257867693901062,0.5555300712585449 
-0.08778980374336243,-0.5620449781417847,-0.502005398273468 
0.14925415813922882,-0.5620449781417847,-0.27263861894607544 
0.11869721859693527,-0.5618551969528198,0.2321201115846634 
-0.08013159036636353,0.433712363243103,0.5555300712585449 
0.34985873103141785,-0.862139880657196,-0.7484833002090454 
-0.1277807205915451,-0.26185518503189087,0.34860771894454956 
0.22498221695423126,-0.16252733767032623,-0.3116414248943329 
-0.43461334705352783,-0.5612857937812805,0.29162073135375977 
0.21017824113368988,0.06119302287697792,-0.699676513671875 
0.15694084763526917,0.11636156588792801,-0.6549798846244812 
-0.07201668620109558,0.6528599262237549,0.6436244249343872 
-0.3742586374282837,-0.38806265592575073,0.5551504492759705 
0.11101055145263672,-0.5055810809135437,0.1938764750957489 
0.18721306324005127,-0.13662037253379822,-0.05752543359994888 
0.9310774207115173,1.2932565212249756,-0.38647979497909546 
0.2505095899105072,-0.047511834651231766,-0.2177879959344864 
0.4750958979129791,0.5037109851837158,-0.6105133295059204 
0.6188356280326843,0.41298797726631165,0.0694957822561264 
0.0900382474064827,-0.15531516075134277,-0.6247075796127319 
-0.39671963453292847,-0.1907443404197693,-0.32383689284324646 
0.0809091255068779,0.0016449709655717015,0.21295084059238434 
0.37700769305229187,0.24372799694538116,0.4396604895591736 
-0.03051096200942993,-0.3469424545764923,-0.2763099670410156 
-0.2570960521697998,0.08193757385015488,-0.37209099531173706 
0.059576213359832764,-0.36076781153678894,-0.06254550814628601 
-0.3719218075275421,0.6199957728385925,0.29057684540748596 
0.21055780351161957,-0.44218969345092773,-0.37740522623062134 
-0.20480766892433167,0.08598020672798157,0.01788945123553276 
0.14498378336429596,-0.042292479425668716,-0.04475700110197067 
0.17525602877140045,-0.3894267976284027,-0.1885596215724945 
-0.013360901735723019,-0.4533875584602356,-0.09670852869749069 
-0.02179822139441967,-0.09847168624401093,-0.6598196029663086 
0.40965235233306885,0.5142802000045776,0.39875975251197815 
-0.06785188615322113,-0.18852920830249786,-0.0676414892077446 
-0.2962575852870941,-0.25768205523490906,-0.5193419456481934 
0.16636532545089722,-0.8057708740234375,0.39451903104782104 
0.32595294713974,0.0880110040307045,-0.425423264503479 
-0.331685334444046,-0.05605258047580719,-0.31344443559646606 
-0.2079392671585083,-0.43070709705352783,-0.42513859272003174 
-0.10099001973867416,-0.13984690606594086,-0.11939847469329834 
0.41060131788253784,0.35836392641067505,0.49261319637298584 
-0.07150661945343018,0.2352168709039688,-0.3264157176017761 
-0.15365803241729736,-0.1524682193994522,-0.5467969179153442 
-0.22437666356563568,0.750698983669281,-0.0919838398694992 
-0.015316734090447426,-0.36143210530281067,0.10211079567670822 
0.059187136590480804,-0.4246336817741394,0.35548660159111023 
0.1615908145904541,0.012368363328278065,-0.6602941155433655 
-0.13164184987545013,-0.21937082707881927,-0.5555274486541748 
0.31133875250816345,0.37326279282569885,0.25271281599998474 
0.09535249322652817,-0.10350123792886734,-0.7064142227172852 
0.00048485398292541504,-0.1847440004348755,-0.18596774339675903 
0.26208704710006714,-0.10663285106420517,-0.19729018211364746 
0.06526055932044983,-0.16024981439113617,0.44089415669441223 
-0.13199177384376526,0.4119512438774109,0.253632128238678 
0.26534321904182434,-0.23994575440883636,-0.30889058113098145 
0.270438015460968,-0.044664908200502396,-0.3414391577243805 
0.24785245954990387,-0.06848414242267609,-0.44943228363990784 
-0.2645929455757141,-0.11707154661417007,-0.2519510090351105 
0.19470995664596558,-0.12447353452444077,-0.5352194905281067 
0.3082071542739868,0.2667880058288574,0.28118202090263367 
-0.29420092701911926,0.21193738281726837,0.5547708868980408 
0.0729851946234703,-0.27441126108169556,-0.6335331201553345 
0.9532833695411682,0.2044784426689148,-0.05035358667373657 
0.2584809362888336,0.21990874409675598,0.23430274426937103 
-0.3011476397514343,0.2710880637168884,-0.5107063055038452 
-0.2025301307439804,1.3238134384155273,-0.3601932227611542 
0.4394797384738922,-0.4720171093940735,0.06256826221942902 
-0.06642842292785645,-0.14478155970573425,-0.5889313220977783 
-0.012194613926112652,-0.5039678812026978,0.4969784617424011 
-0.22115963697433472,-0.5622644424438477,-0.19798411428928375 
0.19262222945690155,0.051285743713378906,-0.565681517124176 
-0.21799838542938232,-0.10055941343307495,0.14648717641830444 
-0.0568532831966877,-0.5035882592201233,-0.03551875054836273 
-0.018951300531625748,0.7257113456726074,0.3010155260562897 
0.0880928561091423,-0.5620449781417847,-0.3490309417247772 
0.10398814082145691,0.12743134796619415,1.1528730392456055 
0.29632148146629333,-0.2619500160217285,-0.5343950390815735 
-0.27133065462112427,0.5943734645843506,0.555055558681488 
-0.15833762288093567,0.756677508354187,0.8555300831794739 
-0.23308706283569336,0.4872344136238098,0.5548657774925232 
-0.30957427620887756,0.5254780650138855,0.5555300712585449 
0.18749777972698212,0.11291775107383728,0.4768602252006531 
0.15694084763526917,0.2043740600347519,0.2187395691871643 
-0.03425823524594307,0.2810226082801819,0.21541817486286163 
-0.7565998435020447,-0.3575057089328766,0.21703141927719116 
0.10351366549730301,0.08949139714241028,0.07933544367551804 
0.11101055145263672,-0.5623296499252319,-0.5937711000442505 
-0.05978560820221901,-0.4335540235042572,0.2097243368625641 
0.0036143274046480656,-0.3157864809036255,0.5053293704986572 
0.08033974468708038,-0.5039678812026978,-0.1352558135986328 
-0.26630109548568726,0.020358720794320107,-0.22613894939422607 
0.1725040078163147,-0.08869725465774536,-0.027775131165981293 
-0.1594764143228531,-0.20638057589530945,0.6921169757843018 
0.1645326167345047,0.5943734645843506,0.5548657774925232 
-0.2702594995498657,0.3551480770111084,0.2927037179470062 
-0.03862351179122925,-0.20077095925807953,-0.4685066342353821 
0.05751693621277809,-0.5618551969528198,0.23980680108070374 
-0.22312283515930176,-0.43829888105392456,-0.2954139709472656 
-0.21012189984321594,0.5255729556083679,0.205264151096344 
0.08678209781646729,0.6960381269454956,0.6739915609359741 
-0.08980162441730499,-0.016195718199014664,0.3398285508155823 
-0.14900805056095123,-0.5620449781417847,-0.5096921324729919 
0.02834552526473999,-0.7357662916183472,-0.4845086932182312 
0.19822117686271667,-0.1857771873474121,-0.4005601704120636 
0.12220843881368637,0.055565617978572845,-0.6574471592903137 
0.5571523904800415,0.40663936734199524,0.2668442130088806 
-0.042637668550014496,-0.21320250630378723,-0.3800623416900635 
0.21833939850330353,-0.03697822615504265,-0.12853707373142242 
0.20249155163764954,-0.12229090929031372,-0.22946035861968994 
-0.34284764528274536,0.7120067477226257,-0.3494105339050293 
0.23731887340545654,0.05476847663521767,-0.18618719279766083 
-0.41975003480911255,0.653114914894104,0.3424856662750244 
0.18873143196105957,0.08132314682006836,0.782773494720459 
-0.19731079041957855,-0.3010774254798889,-0.3940122723579407 
0.11869721859693527,-0.5057708621025085,0.08683232963085175 
-0.21012189984321594,0.2120322734117508,0.21854977309703827 
0.32398974895477295,-0.10470524430274963,-0.190202534198761 
-0.19484344124794006,-0.5618551969528198,-0.13492366671562195 
0.7080687284469604,0.005915343761444092,-1.4026401042938232 
-0.06722556054592133,-0.43175095319747925,0.35510700941085815 
-0.09535311162471771,-0.5059607028961182,-0.0814870074391365 
-0.018704568967223167,-0.4309918284416199,-0.6903765797615051 
-0.12044396251440048,0.08149155974388123,0.055990710854530334 
0.1581745147705078,-0.44617536664009094,-0.5693824887275696 
0.012829803861677647,0.4391215145587921,0.20849065482616425 
0.44156748056411743,0.4124257564544678,0.49994993209838867 
-0.22615951299667358,-0.02710890769958496,-0.018465697765350342 
-0.18725167214870453,0.5637216567993164,0.5551504492759705 
-0.8239769339561462,-1.1617603302001953,-0.9870848059654236 
-0.07695253193378448,-0.2866530120372772,-0.6377085447311401 
0.12847165763378143,-0.1822659969329834,-0.43405893445014954 
0.2410198599100113,0.5943734645843506,0.20317643880844116 
0.10341876745223999,0.41843390464782715,0.5545811057090759 
0.06516566127538681,0.7257113456726074,0.3010155260562897 
0.3498682379722595,-0.26185518503189087,0.4403544068336487 
-0.37249237298965454,0.48139944672584534,0.2552453875541687 
-0.011315865442156792,0.6019653081893921,0.20298664271831512 
-0.08778980374336243,0.39556366205215454,0.2102937251329422 
-0.1871567666530609,-0.50681471824646,0.10211079567670822 
0.08046310395002365,-0.5618551969528198,0.33916428685188293 
0.23342806100845337,0.7257113456726074,0.3010155260562897 
-0.5101219415664673,0.41291776299476624,0.7233381867408752 
-0.2635490894317627,0.11626002937555313,-0.08145853132009506 
0.5104629397392273,0.20270270109176636,-0.09397666156291962 
0.17221929132938385,0.3878769874572754,0.21067331731319427 
0.23342806100845337,0.11291775107383728,0.3698160946369171 
-0.2198963314294815,0.09668461978435516,-0.6752879023551941 
-0.24836552143096924,0.7259960770606995,0.33925914764404297 
-0.2025301307439804,0.3725985288619995,0.2113375961780548 
-0.34772297739982605,0.44139906764030457,0.5553402900695801 
0.07756873965263367,-0.2636878788471222,-0.012268911115825176 
-0.1770976483821869,-0.1077716052532196,-0.051715824753046036 
-0.08115647733211517,0.04828698933124542,-0.7059397101402283 
-0.15451210737228394,-0.14857743680477142,-0.09772392362356186 
-0.02532840147614479,-0.060133177787065506,0.4190678000450134 
-0.6732515692710876,-0.15123456716537476,0.4263748824596405 
0.32692205905914307,0.40825021266937256,0.2592310309410095 
0.04796907305717468,0.4488306939601898,0.7362442016601562 
0.22640568017959595,-0.5260789394378662,-0.2963629364967346 
0.14368487894535065,-0.41726136207580566,-0.44224974513053894 
0.13081443309783936,0.9106009602546692,0.6310980319976807 
-0.16542528569698334,-0.5064351558685303,0.21750590205192566 
0.1978415697813034,-0.3316343128681183,-0.3788287043571472 
0.03491240367293358,-0.20494645833969116,-0.45692914724349976 
-0.08778980374336243,0.18912407755851746,0.21949876844882965 
-0.17187830805778503,-0.5618551969528198,-0.08139210939407349 
-0.3877708315849304,-0.2619500160217285,-0.4731862545013428 
-0.278922438621521,0.11291775107383728,0.40037301182746887 
0.256298303604126,0.11291775107383728,0.43861663341522217 
-0.06903810054063797,-0.3308751583099365,0.4461135268211365 
0.2081853747367859,-0.33894142508506775,-0.2495785802602768 
-0.0571664422750473,0.7254266738891602,0.4759112596511841 
0.28600117564201355,0.017682617530226707,-0.39524590969085693 
-0.3782798945903778,0.5790001153945923,0.5552453994750977 
-0.13059797883033752,0.4232380986213684,-0.4364313781261444 
-0.20528215169906616,-0.2626439929008484,-0.2952241599559784 
-0.058790355920791626,0.41620784997940063,-0.19441357254981995 
0.08158289641141891,-0.29965394735336304,-0.11861082166433334 
0.23342806100845337,0.6627944707870483,0.19159893691539764 
0.0313347764313221,-0.17552827298641205,0.24882204830646515 
0.21691593527793884,-0.19147104024887085,-0.15838228166103363 
-0.1602059304714203,-0.12675105035305023,-0.5980414748191833 
-0.007356017827987671,-0.39182889461517334,-0.6032904386520386 
-0.06929431855678558,-0.036124151200056076,-0.7953329682350159 
-0.1790904849767685,0.09300260245800018,0.32379090785980225 
-0.10842165350914001,-0.27304592728614807,-0.4356425404548645 
-0.26174601912498474,0.3124336004257202,0.21560797095298767 
-0.6927992105484009,0.16208666563034058,0.0535886287689209 
0.41233912110328674,-0.4611988067626953,0.1355443000793457 
-0.26174601912498474,0.7153812646865845,0.022456347942352295 
-0.2852805554866791,0.050934627652168274,-0.05948980525135994 
0.025527063757181168,-0.5230422019958496,-0.7038519382476807 
-0.09743136912584305,-0.014582466334104538,0.2376241385936737 
-0.09555239975452423,-0.2194657176733017,-0.1543017029762268 
-0.31194671988487244,0.2224709689617157,0.2973145544528961 
0.22688016295433044,0.2806430160999298,0.2157028615474701 
0.20268134772777557,-0.5070045590400696,-0.1272939294576645 
-0.27265921235084534,0.2384137362241745,0.23771905899047852 
0.3239601254463196,-0.6261599659919739,0.4109659194946289 
-0.2412482351064682,-0.08566054701805115,-0.3619369864463806 
-0.05655910074710846,-0.11061853170394897,0.06139985844492912 
0.3884902596473694,0.5782409310340881,0.3195205330848694 
0.2861437499523163,-0.46338140964508057,0.6381204128265381 
0.0680030882358551,-0.08556564152240753,-0.6622869372367859 
0.3641016483306885,0.5962714552879333,0.2380986511707306 
