-0.395770400762558,0.2646145224571228,-0.13036330044269562 
0.5151202082633972,-0.5495514869689941,0.5369913578033447 
0.3316468298435211,-0.7522411346435547,-0.38214176893234253 
0.5429680943489075,0.25028061866760254,-0.12911684811115265 
-0.5393436551094055,-0.6283062100410461,0.24977144598960876 
0.017045803368091583,0.10959363728761673,0.3810097873210907 
-0.8280325531959534,-0.07106386870145798,0.27736371755599976 
0.3289322257041931,1.0864229202270508,-0.15219444036483765 
-0.10073190927505493,-0.32263123989105225,0.22976544499397278 
0.05294378846883774,0.027348022907972336,-0.41597339510917664 
0.37494874000549316,-0.184437096118927,0.26750633120536804 
0.5062544345855713,-1.0002989768981934,-0.009896844625473022 
0.0653635561466217,0.27120283246040344,0.006298672407865524 
-0.20611658692359924,0.14524316787719727,0.3738873302936554 
-0.1844821572303772,-0.3483797311782837,-0.19738465547561646 
-0.42134079337120056,-0.10518545657396317,-0.8454239368438721 
0.2132878601551056,-0.20956236124038696,0.4908921718597412 
-0.5114211440086365,-0.04929841309785843,0.11019736528396606 
0.16396492719650269,-0.1367531716823578,-0.055043406784534454 
0.5211225748062134,-0.3512286841869354,-0.9154019951820374 
-0.08316532522439957,0.46290430426597595,0.40392792224884033 
0.3374151587486267,0.22435405850410461,-0.4067328870296478 
-0.16803014278411865,-0.00691985385492444,-0.06982248276472092 
0.056380365043878555,-0.02278510294854641,0.24623611569404602 
-0.2792479693889618,-0.35964930057525635,-0.16946637630462646 
-0.47782349586486816,0.7024339437484741,-0.2692323327064514 
-0.4800492525100708,0.7549619674682617,0.29178667068481445 
0.6189298629760742,-0.09599243849515915,0.6105679273605347 
0.12147868424654007,-0.5042722821235657,-0.032617442309856415 
-0.07177916169166565,-0.6333479881286621,0.14180321991443634 
-0.43788182735443115,-0.016392704099416733,-0.16188010573387146 
0.11152591556310654,0.5276108980178833,-0.11193396151065826 
0.32787024974823,-0.04040425643324852,0.19643239676952362 
0.16512233018875122,0.10338013619184494,-0.18146684765815735 
0.02517598867416382,0.09205461293458939,-0.34752753376960754 
-0.028074050322175026,-0.27348631620407104,-0.16472910344600677 
-0.41030099987983704,0.19928474724292755,0.006413564085960388 
0.03302764520049095,0.22526301443576813,0.2468593269586563 
-0.24924468994140625,0.5308719873428345,0.812615692615509 
-0.18579258024692535,-0.6560693979263306,-0.17254513502120972 
-0.470003217458725,-0.18425902724266052,0.2345116138458252 
-0.43246960639953613,0.005803458392620087,0.15816619992256165 
0.06236238032579422,0.34525763988494873,0.022190675139427185 
0.5153872966766357,-0.330929696559906,0.28458961844444275 
0.6416699886322021,-0.24537134170532227,-0.29847168922424316 
-0.2528058886528015,0.318763792514801,0.06988515704870224 
-0.013847805559635162,-0.33279937505722046,0.03704007714986801 
0.05253509059548378,-0.595083475112915,0.2651809751987457 
0.26430240273475647,0.10364723205566406,-0.3829430341720581 
0.17318680882453918,0.3893463909626007,-0.10712630301713943 
-0.05948488786816597,-0.279648095369339,-0.6152425408363342 
0.21738329529762268,0.18680179119110107,0.13778795301914215 
-0.17280301451683044,-0.7728402018547058,0.12116677314043045 
-0.06774692237377167,-0.24166932702064514,0.1346549093723297 
-0.03613131865859032,0.37848466634750366,-0.15039515495300293 
0.27997177839279175,-0.00911000370979309,0.49009087681770325 
0.37254491448402405,-0.4870520532131195,0.5459316968917847 
-0.22876763343811035,-0.1208353340625763,-0.249378502368927 
0.16449911892414093,-0.32263123989105225,-0.14879260957241058 
-0.4513958990573883,0.015221208333969116,-0.1643916219472885 
-0.6342647075653076,-0.2938929796218872,-0.029394537210464478 
-0.4601581394672394,0.4294287860393524,-0.2918461263179779 
0.13011464476585388,0.059024251997470856,0.231349378824234 
0.08460479974746704,-0.3453153669834137,0.006226599216461182 
-0.2816331386566162,0.10400334745645523,-0.1809326559305191 
0.19316695630550385,-0.2214924693107605,0.2971615791320801 
0.1608140915632248,-0.6838986873626709,0.28499194979667664 
0.023893103003501892,0.562688946723938,0.05499839782714844 
-0.10319805890321732,0.3392221927642822,0.12287531793117523 
0.1814149171113968,0.35070711374282837,-0.12279568612575531 
-0.21290156245231628,0.3198135197162628,-0.1895686239004135 
-0.08074285835027695,0.016270920634269714,0.179781973361969 
0.10662923008203506,-0.5795735120773315,0.18127048015594482 
-0.010295532643795013,0.05833066999912262,-0.14505334198474884 
0.12621596455574036,-0.0581035390496254,0.40738147497177124 
0.07573561370372772,-0.5566926002502441,-0.19544462859630585 
-0.22189363837242126,-0.09662707149982452,-0.2147642970085144 
0.06535465270280838,0.2955971658229828,-0.2774418294429779 
0.3028526306152344,-0.3544151186943054,0.4364054203033447 
-0.14826534688472748,-0.49081000685691833,0.21008968353271484 
-0.08663751929998398,0.5928372144699097,-0.6007305383682251 
0.20954859256744385,0.18439796566963196,-0.031806427985429764 
-0.5702890157699585,-0.22746726870536804,0.06525556743144989 
-0.11416663229465485,-0.23992180824279785,-0.3064658045768738 
0.2363654375076294,-0.006277985870838165,-0.5351666808128357 
-0.09203362464904785,0.156086266040802,0.11440673470497131 
-0.11916476488113403,0.5346256494522095,-0.006681159138679504 
-0.4092140197753906,0.02165006287395954,0.0004226470773573965 
0.35554009675979614,0.22666886448860168,-0.14441147446632385 
-0.16019544005393982,-0.5861991047859192,0.2769266366958618 
0.2678636312484741,-0.006109676789492369,-0.12938395142555237 
0.3782429099082947,-0.8026511669158936,0.7209658622741699 
0.14637333154678345,-0.38034170866012573,0.3855876326560974 
0.2270876169204712,0.32827138900756836,0.032375723123550415 
0.3586748242378235,-0.18819503486156464,0.24347615242004395 
-0.11354341357946396,-0.3528231680393219,-0.1161184012889862 
0.021052181720733643,0.21562910079956055,0.2688312530517578 
-0.4297986924648285,-1.0015971660614014,-0.07188883423805237 
-0.19091099500656128,-0.5109682083129883,0.10605023801326752 
0.24783173203468323,-0.08293149620294571,0.32226821780204773 
0.04990869015455246,-0.31353142857551575,-0.11387396603822708 
0.3111324906349182,-0.16496695578098297,-0.05210540071129799 
0.06031551584601402,0.14611482620239258,-0.2924880087375641 
-0.08181291073560715,0.2960423529148102,0.39678680896759033 
-0.2564375102519989,0.3233747184276581,-0.0180957093834877 
0.1375041902065277,0.13007065653800964,-0.08787704259157181 
-0.36380839347839355,-0.03413650020956993,0.12775419652462006 
0.1560412049293518,-0.006474700290709734,-0.31946423649787903 
-0.015361323952674866,0.21901223063468933,0.24992281198501587 
0.13761186599731445,-0.07674120366573334,-0.4641389846801758 
-0.044091492891311646,0.37120282649993896,-0.23552706837654114 
-0.002006731927394867,-0.10243993252515793,-0.2830694019794464 
0.21017180383205414,-0.26574069261550903,-0.02094469778239727 
0.19921466708183289,-1.005603551864624,0.46174606680870056 
-0.02054375410079956,0.08530692756175995,0.4610669016838074 
0.07867362350225449,0.12100820243358612,0.15136510133743286 
-0.13062922656536102,-0.29291364550590515,0.11400701850652695 
0.11873738467693329,-0.012644520960748196,-0.12715819478034973 
-0.09106318652629852,0.09305258840322495,-0.011596486903727055 
-0.5676884651184082,-0.1719914674758911,0.04923811927437782 
0.025833968073129654,0.4403609335422516,0.11246230453252792 
-0.094410739839077,-0.7767762541770935,0.11351107805967331 
-0.30433595180511475,-0.028029004111886024,-0.06581610441207886 
-0.7561145424842834,-0.2373594045639038,-0.10507860034704208 
-0.19910180568695068,-0.7159310579299927,0.011462442576885223 
-0.40930303931236267,0.10703039914369583,-0.12350791692733765 
0.2949289381504059,0.24102143943309784,-0.38650426268577576 
-0.25110626220703125,0.5147904753684998,-0.14175918698310852 
0.5014798641204834,-0.26636388897895813,0.49555906653404236 
-0.39592981338500977,0.29490360617637634,-0.07060510665178299 
0.11544326692819595,-0.13576491177082062,0.23448406159877777 
0.02940410003066063,0.10124340653419495,0.276328444480896 
0.19120828807353973,0.17540588974952698,-0.2922208607196808 
-0.35301706194877625,-0.17710623145103455,0.12406747788190842 
-0.11959750205278397,0.14842960238456726,-0.137663796544075 
-0.30958878993988037,0.09616865962743759,-0.04293525218963623 
-0.32679033279418945,0.030712522566318512,0.821963906288147 
0.1482955515384674,0.03366918861865997,0.31007102131843567 
0.1977778971195221,-0.3084567189216614,-0.13180643320083618 
0.1480284482240677,0.10560590028762817,0.048659421503543854 
-0.03152843937277794,0.05387913063168526,-0.3286343812942505 
-0.09588059037923813,-0.8712937235832214,-0.6570351719856262 
-0.02310699224472046,0.3231780529022217,-0.27389922738075256 
-0.043387312442064285,0.27093568444252014,-0.06465871632099152 
0.3091738224029541,-0.40445035696029663,0.15191708505153656 
-0.6676698327064514,-0.2942304313182831,0.06336727738380432 
0.12391091138124466,0.5717514157295227,-0.09396842867136002 
-0.18280921876430511,0.2631010115146637,0.07965096831321716 
0.4106687009334564,-0.39928656816482544,0.4553689658641815 
-0.14844340085983276,0.35756245255470276,-0.09804517775774002 
0.1463555246591568,-0.4423069655895233,0.22006195783615112 
0.0510304719209671,0.09410400688648224,-0.36298155784606934 
0.1217644214630127,-0.17457334697246552,0.4282146394252777 
-0.05643029510974884,0.24832193553447723,0.1769079864025116 
-0.10194273293018341,0.29942548274993896,-0.21627779304981232 
0.14473432302474976,0.08486178517341614,-0.0643916204571724 
0.0330810621380806,-0.6676247119903564,0.17965012788772583 
0.28860774636268616,0.3389551043510437,-0.16535231471061707 
0.221923828125,-0.010053727775812149,0.23484018445014954 
-0.49863800406455994,0.08981018513441086,-0.27900707721710205 
-0.2276102602481842,-0.03312961012125015,-0.37014126777648926 
0.011776886880397797,-0.5078334808349609,0.2031266689300537 
0.25539934635162354,0.0024817746598273516,-0.4320879578590393 
0.27507510781288147,-0.11887582391500473,0.5165329575538635 
-0.05300261452794075,0.27146992087364197,0.048917610198259354 
0.5752158164978027,0.4192793071269989,0.2272394895553589 
0.27918916940689087,0.1868722140789032,0.2997265160083771 
0.11927157640457153,-0.23618252575397491,-0.572756290435791 
-0.1732829362154007,-0.4032929241657257,-0.16535231471061707 
-0.24495255947113037,0.20808009803295135,-0.19045893847942352 
-0.1918012946844101,0.28215354681015015,0.3836102783679962 
-0.23774108290672302,0.35061806440353394,-0.2923099100589752 
0.4661347568035126,-0.4914332330226898,0.5092324614524841 
0.06236238032579422,0.3383505046367645,0.20143505930900574 
-0.7414057850837708,-0.502350926399231,0.025328122079372406 
0.14277565479278564,0.09358678013086319,-0.3538300096988678 
0.2678636312484741,0.11691278964281082,-0.24779461324214935 
-0.175241619348526,-0.005504269152879715,-0.1867196410894394 
-0.023599373176693916,-0.5210803747177124,-0.19215050339698792 
0.15096646547317505,0.2743188738822937,-0.055221471935510635 
0.24747563898563385,-0.2979697585105896,0.36669448018074036 
0.150432288646698,0.2954191267490387,-0.20648442208766937 
-0.14051967859268188,0.25357475876808167,-0.13018523156642914 
0.4551839828491211,-0.5825114846229553,0.5586444139480591 
-0.29577040672302246,0.24990582466125488,-0.2891234755516052 
-0.16500309109687805,0.3630823493003845,0.037094343453645706 
0.19281084835529327,0.009550805203616619,-0.211737260222435 
-0.21672986447811127,0.0744451954960823,-0.1070372611284256 
-0.34911835193634033,0.27182602882385254,-0.04035336151719093 
0.1562192738056183,-0.3756934702396393,-0.004474038723856211 
-0.16749680042266846,-0.6308737993240356,0.21925711631774902 
-0.13119903206825256,0.1932823657989502,0.18469732999801636 
0.25568509101867676,0.3679977059364319,-0.2244499921798706 
-0.09251438826322556,-0.20092640817165375,-0.20194388926029205 
0.291475385427475,-0.5103780031204224,0.23245501518249512 
0.08009811490774155,0.6291947960853577,-0.09243624657392502 
0.1402827948331833,0.2775239944458008,0.07764778286218643 
-0.5051890015602112,0.05005081743001938,-0.12475436925888062 
-0.26044389605522156,0.3351267874240875,-0.3958524763584137 
-0.2995283007621765,0.2900772988796234,-0.15021710097789764 
-0.3972838819026947,-0.06097032129764557,-0.06964442133903503 
0.15657539665699005,0.17985741794109344,0.3956294357776642 
-0.3230510354042053,-0.2712792456150055,-0.40076783299446106 
0.07023352384567261,-0.2993942201137543,-0.16570842266082764 
0.43442121148109436,0.170045405626297,-0.12820792198181152 
0.19468048214912415,-0.07643226534128189,0.47548985481262207 
-0.050768788903951645,0.04285799339413643,0.23802664875984192 
-0.19429415464401245,-0.3659891188144684,-0.013110006228089333 
-0.1864408254623413,0.03507503122091293,0.3407679796218872 
0.14188534021377563,-0.7584359645843506,0.1341109722852707 
0.21602919697761536,-0.1933596432209015,-0.22048088908195496 
-0.09066255390644073,-0.420297771692276,0.17711275815963745 
0.23599067330360413,0.032563500106334686,0.2464069426059723 
0.06821253150701523,0.08352632820606232,-0.1933969408273697 
-0.7609408497810364,0.37779104709625244,-0.10203289240598679 
0.09469912946224213,-0.5643492341041565,-0.2952479422092438 
-0.2172827124595642,-0.4290931522846222,0.1914636492729187 
0.041717030107975006,0.05833066999912262,-0.059940092265605927 
-0.02803843654692173,0.2785923182964325,-0.2800237238407135 
-0.022969037294387817,0.110413558781147,-0.22331123054027557 
-0.0028516852762550116,0.16320869326591492,0.18495634198188782 
-0.43716961145401,0.20629948377609253,-0.06911023706197739 
-0.1433500051498413,0.05302528664469719,-0.23677349090576172 
-0.8524269461631775,-0.38532739877700806,-0.2761622965335846 
0.13109397888183594,-0.015049189329147339,-0.36965882778167725 
-0.15075820684432983,-0.880852997303009,0.08280264586210251 
0.19076313078403473,-0.23306643962860107,0.40097126364707947 
-0.01630687713623047,0.08913524448871613,0.10719703137874603 
-0.12598904967308044,0.12116759270429611,-0.4439103305339813 
0.11971672624349594,0.20077960193157196,0.1734803020954132 
-0.22224976122379303,0.2071007639169693,0.46142303943634033 
-0.554923951625824,0.20717117190361023,0.2211998701095581 
-0.19838955998420715,-0.2742876410484314,-0.321155846118927 
-0.07719306647777557,0.1720040738582611,0.0007957294583320618 
0.16797131299972534,-0.2295052409172058,-0.13063037395477295 
0.17384731769561768,0.35150837898254395,0.1189383864402771 
0.06361855566501617,-0.09828304499387741,-0.5827277302742004 
0.47468167543411255,-0.4825301766395569,0.42011281847953796 
0.20589834451675415,0.016092851758003235,-0.3776012063026428 
0.3160291910171509,-0.10562807321548462,0.2564746141433716 
-0.03876662626862526,0.27200406789779663,-0.15929824113845825 
0.1325371414422989,-0.6729665994644165,0.15697403252124786 
0.41788017749786377,-0.20885013043880463,0.1803712695837021 
0.3479021191596985,-0.2838138937950134,0.40631309151649475 
0.4451235234737396,0.33023008704185486,-0.15520282089710236 
0.4310566782951355,-0.21365778148174286,0.2869231104850769 
-0.030140407383441925,0.24037957191467285,-0.10176581889390945 
0.24622918665409088,-0.1074264794588089,-0.06270003318786621 
-0.023307353258132935,-0.3326026201248169,0.28229349851608276 
-0.36363035440444946,0.03580593317747116,0.07578704506158829 
0.004244052339345217,-0.5436941385269165,-0.27468186616897583 
-0.17515258491039276,0.35471346974372864,-0.44188132882118225 
0.4198574721813202,-0.5184281468391418,0.16765855252742767 
-0.13179469108581543,0.1655234843492508,0.03327493369579315 
0.16583456099033356,0.18876047432422638,-0.20862117409706116 
-0.3587336540222168,0.0714181587100029,-0.19508853554725647 
0.048198454082012177,-0.22389627993106842,0.21293866634368896 
0.0548846498131752,0.7074527144432068,-0.07356176525354385 
-0.12369290739297867,0.292214035987854,0.007990242913365364 
0.2935044467449188,-0.15337516367435455,0.3237817585468292 
0.025424428284168243,0.005695778876543045,-0.4996621310710907 
0.19815267622470856,0.1844870150089264,-0.1300961822271347 
0.0625590905547142,0.0770270898938179,-0.34385862946510315 
-0.060000427067279816,-0.13171234726905823,-0.21556556224822998 
0.2094595730304718,0.40519386529922485,0.05524768680334091 
0.20805372297763824,0.12606430053710938,-0.1716548502445221 
-0.5068805813789368,-0.08557481318712234,0.03728131204843521 
-0.44399186968803406,-0.18385207653045654,0.014330074191093445 
0.2264644056558609,0.11050258576869965,0.3963416516780853 
0.04713093116879463,0.15833067893981934,-0.17409595847129822 
-0.42196401953697205,0.2308015525341034,-0.21620741486549377 
-0.3766287863254547,-0.04746438190340996,0.20982259511947632 
0.1474052369594574,0.4281637370586395,-0.13561609387397766 
0.3639276325702667,-0.1926465630531311,0.3252062499523163 
0.21408914029598236,0.05298883467912674,-0.1343696564435959 
-0.1494324803352356,-0.16404911875724792,0.3480167090892792 
-0.3399854898452759,0.43021145462989807,0.07262646406888962 
0.11385045200586319,0.31190842390060425,-0.3935563266277313 
0.2018919587135315,0.2637242376804352,-0.11558420956134796 
-0.28001195192337036,0.38972118496894836,-0.357995867729187 
0.028015220537781715,0.29203593730926514,0.20437391102313995 
0.29398688673973083,-0.15644672513008118,0.16147007048130035 
0.3979186415672302,-0.5300021171569824,0.4981740415096283 
-0.44028565287590027,-0.01950877532362938,0.09577441215515137 
0.38556206226348877,0.3424272835254669,-0.20479285717010498 
-0.1362462043762207,0.27663367986679077,0.44958195090293884 
0.22094449400901794,0.019602356478571892,-0.3545422852039337 
-0.17139464616775513,-0.8181567788124084,-0.02075856924057007 
0.13155779242515564,0.13828013837337494,-0.25812217593193054 
0.2691287100315094,-0.27697718143463135,-0.7321397066116333 
0.6811622977256775,0.28324058651924133,0.16082268953323364 
0.150432288646698,-0.030512958765029907,0.2569197714328766 
-0.11202988773584366,0.2307829111814499,0.11376303434371948 
0.3633934557437897,-0.1236567571759224,0.19810615479946136 
0.15799987316131592,-0.03351328894495964,-0.3918461203575134 
-0.12039877474308014,0.3339693546295166,0.3417659103870392 
0.5890156030654907,-0.14989322423934937,0.26972153782844543 
0.11375167965888977,0.26087525486946106,0.42438632249832153 
-0.39354461431503296,0.07391101866960526,-0.0566459558904171 
-0.09764254838228226,-0.700744092464447,0.11742041260004044 
0.10296032577753067,0.1616765260696411,0.21776407957077026 
0.09986290335655212,-0.16255421936511993,-0.5646544694900513 
0.2872909605503082,0.0780768021941185,-0.0329824760556221 
-0.03464365750551224,0.04753931611776352,-0.149078369140625 
0.04241953045129776,0.15361204743385315,-0.34734949469566345 
-0.3081642687320709,0.11566636711359024,0.030158862471580505 
0.029840344563126564,0.37118417024612427,0.1426401138305664 
-0.07405834645032883,0.3264017701148987,-0.10561277717351913 
-0.4237963855266571,-0.1675051748752594,0.08208956569433212 
-0.06828026473522186,0.016753382980823517,-0.38240885734558105 
-0.2669617533683777,-0.34700697660446167,0.10336065292358398 
-0.1553877890110016,0.2911456525325775,-0.06421355158090591 
0.08944632112979889,0.2245507538318634,0.31113940477371216 
-0.1437879502773285,-0.034903012216091156,-0.058124709874391556 
0.1628965586423874,-0.0024861260317265987,0.3737278878688812 
-0.6057232022285461,-0.16995084285736084,-0.048792608082294464 
0.21667103469371796,0.2973778247833252,-0.24076120555400848 
0.2393738329410553,0.2633680999279022,-0.02076663263142109 
0.29573020339012146,0.3016512393951416,-0.3446598947048187 
-0.17406558990478516,0.24789544939994812,-0.47560521960258484 
0.2413138747215271,-0.269320547580719,-0.02938394993543625 
0.14046086370944977,0.14718317985534668,0.12288065999746323 
0.09371979534626007,-0.10731074213981628,-0.5172011852264404 
0.12637534737586975,-0.5025807023048401,0.05813312157988548 
0.02471218630671501,0.2756543457508087,-0.200519397854805 
-0.11594723910093307,-0.35966795682907104,-0.17950816452503204 
-0.007561403326690197,0.11940564960241318,-0.3107392191886902 
0.20518608391284943,-0.19140014052391052,-0.03278576582670212 
-0.3595349192619324,0.3266688585281372,-0.1296510398387909 
-0.18521304428577423,0.365041047334671,-0.031806427985429764 
0.26724040508270264,0.17255692183971405,-0.40217363834381104 
0.1271952986717224,0.2740517854690552,-0.1404237598180771 
-0.330689013004303,0.03242276608943939,0.13904327154159546 
-0.07136072218418121,0.10382530093193054,-0.16472910344600677 
0.18399681150913239,-0.15226228535175323,0.4610669016838074 
0.07213877886533737,-0.0808081179857254,0.20902131497859955 
0.05577411502599716,0.2519018352031708,0.562046229839325 
0.463552862405777,-0.6285403370857239,0.5021989941596985 
0.11490907520055771,0.35774052143096924,-0.1449642926454544 
0.19904297590255737,-0.029373368248343468,0.31968632340431213 
0.09843841195106506,0.05833066999912262,0.011017287150025368 
0.20520475506782532,-0.040689993649721146,-0.01629643887281418 
0.013538846746087074,-0.7358221411705017,0.20388425886631012 
-0.10837963968515396,-0.45893701910972595,0.2578100860118866 
-0.45533186197280884,-0.04341349005699158,0.15967164933681488 
0.46844950318336487,-0.24508558213710785,0.23697693645954132 
-0.22919416427612305,0.27138087153434753,0.01920810155570507 
0.13242223858833313,-0.12523174285888672,-0.08636351674795151 
-0.018529124557971954,0.2960610091686249,-0.2879660725593567 
0.10039709508419037,-0.020078575238585472,0.30357179045677185 
-0.23462502658367157,0.320169597864151,-0.45826292037963867 
-0.2594645321369171,0.022540370002388954,-0.09092272818088531 
-0.1674959510564804,-0.9079182744026184,0.14391325414180756 
-0.0634637102484703,0.43920350074768066,-0.1675780713558197 
-0.2728377878665924,-0.15384787321090698,-0.33675485849380493 
0.21667103469371796,0.3016512393951416,-0.1722966879606247 
0.1413511484861374,-0.07699404656887054,-0.07961585372686386 
-0.0283597931265831,0.18014316260814667,0.1970742642879486 
0.20313839614391327,0.13792401552200317,-0.2347961664199829 
-0.6598020792007446,0.5391517877578735,-0.610791027545929 
-0.6193261742591858,-0.32263123989105225,0.10205996781587601 
0.34734925627708435,-0.4900790750980377,0.529779851436615 
0.15958377718925476,0.02029595524072647,-0.41492366790771484 
-0.179515078663826,-0.39821818470954895,-0.09768906235694885 
-0.4532841444015503,0.05379011109471321,-0.16784515976905823 
0.26813071966171265,-0.05805011838674545,0.2584333121776581 
0.17402538657188416,0.1170908585190773,-0.012842909432947636 
-0.362561970949173,0.06892529875040054,0.010394075885415077 
-0.5295833945274353,-0.15244925022125244,-0.002426326973363757 
0.13761186599731445,0.23906275629997253,0.36562615633010864 
0.3249136209487915,0.2635275423526764,-0.17187020182609558 
-0.5957143902778625,-0.24791589379310608,0.13115601241588593 
0.08330321311950684,-0.7149890065193176,0.1736227422952652 
-0.1758648306131363,-0.21837639808654785,-0.2924880087375641 
-0.10537930577993393,-0.39394474029541016,0.24027104675769806 
0.6024592518806458,0.3945288360118866,-0.2578737139701843 
-0.08623773604631424,0.36771196126937866,-0.1927737295627594 
0.27391770482063293,-0.1474563330411911,-0.33157238364219666 
0.4646025598049164,0.12472883611917496,-0.08823318034410477 
0.1484736055135727,0.2945288419723511,0.14147379994392395 
0.2066105753183365,-0.33491742610931396,-0.01676025614142418 
-0.09591536223888397,0.11673472821712494,0.05877329409122467 
0.1525690108537674,-0.1767100989818573,0.27000725269317627 
0.15960243344306946,0.10841759294271469,-0.4712986946105957 
-0.23213215172290802,0.14495742321014404,-0.1680232286453247 
0.1812368631362915,0.2896321415901184,0.006387691479176283 
0.007529281545430422,0.3303191363811493,-0.16918063163757324 
0.10164351761341095,0.2632790505886078,0.1786796897649765 
0.1448046863079071,-0.1267736703157425,-0.09767041355371475 
-0.6824489235877991,-0.23342257738113403,0.08067481964826584 
-0.22574061155319214,-0.9997274875640869,-0.30474111437797546 
0.2402641475200653,0.26799771189689636,-0.3385167717933655 
0.01807050220668316,0.27093568444252014,-0.04569519683718681 
0.09496622532606125,0.3054795563220978,-0.03928498923778534 
0.06723403930664062,0.4754203259944916,-0.027247212827205658 
-0.08405733108520508,0.26561251282691956,0.3625287115573883 
0.15550701320171356,-0.3998207449913025,0.054606664925813675 
0.02441670000553131,0.14255359768867493,-0.4430387318134308 
0.4857587516307831,-0.04762464016675949,-0.0844235047698021 
0.02345600724220276,-0.36547356843948364,-0.2593872547149658 
0.4423304796218872,0.48961350321769714,0.25850537419319153 
-0.061674196273088455,0.29203593730926514,0.12969505786895752 
0.008107979781925678,0.0503179132938385,-0.37786829471588135 
-0.3056027293205261,0.5939200520515442,0.014330074191093445 
0.10386122018098831,0.17093569040298462,-0.07954546809196472 
-0.6574499607086182,0.33153244853019714,0.004625722765922546 
-0.08354010432958603,-0.48199597001075745,0.1154128834605217 
-0.24646607041358948,0.2700453996658325,-0.5105238556861877 
0.2505916953086853,-0.41397660970687866,0.12134132534265518 
-0.27655842900276184,0.08254698663949966,-0.12137120217084885 
0.1278727650642395,0.8302445411682129,-0.12263627350330353 
0.1325913965702057,0.13990134000778198,0.16813763976097107 
-0.1659637689590454,-0.012912459671497345,0.40193191170692444 
0.0507536344230175,-0.606282651424408,0.17955219745635986 
0.377816379070282,-0.24143533408641815,0.21845856308937073 
-0.07984533905982971,-0.20466569066047668,-0.14167018234729767 
0.2656378746032715,-0.19442717730998993,0.5193819403648376 
-0.23498113453388214,0.376169890165329,-0.34813207387924194 
-0.059350498020648956,0.1747826784849167,0.1637759655714035 
-0.47260379791259766,0.1787000149488449,-0.11095461994409561 
-0.6150527596473694,-0.25416672229766846,0.10563009232282639 
-0.39657166600227356,-0.010739266872406006,-0.1465151309967041 
-0.11113958805799484,-0.36331817507743835,0.18533027172088623 
0.031140193343162537,-0.5363936424255371,-0.1589421033859253 
-0.6917080879211426,-0.17083406448364258,-0.08905211091041565 
0.10971052944660187,0.20868465304374695,0.04783950001001358 
0.08543995022773743,-0.23368968069553375,0.26030293107032776 
-0.13482172787189484,0.28820762038230896,0.11206967383623123 
-0.4531061053276062,0.23416605591773987,-0.1520867645740509 
-0.5050109624862671,-0.01076597161591053,-0.12617886066436768 
0.1628965586423874,0.21181939542293549,0.12828125059604645 
0.05663049593567848,-0.6628357768058777,-0.2153688669204712 
-0.40278521180152893,0.2374788522720337,-0.05279899388551712 
-0.07735247910022736,0.25223928689956665,-0.2453017681837082 
-0.1629553884267807,-0.3444437086582184,-0.13552705943584442 
0.06575529277324677,-0.5626577138900757,-0.3480430841445923 
-0.18218600749969482,-0.4623202383518219,-0.12956202030181885 
-0.23284441232681274,0.23968596756458282,0.4072924256324768 
0.27037513256073,0.11782175302505493,-0.055558942258358 
-0.09429499506950378,-0.6613552570343018,0.07837782800197601 
0.06668120622634888,0.2086143046617508,0.19994910061359406 
0.36978498101234436,-0.42490872740745544,0.46487662196159363 
-0.0995032861828804,0.2876734435558319,-0.15778470039367676 
0.09594555199146271,-0.008184087462723255,-0.4372517168521881 
0.21195241808891296,-0.2576389014720917,0.3412317633628845 
0.053772617131471634,-0.573003888130188,-0.1188596859574318 
0.08239426463842392,-0.06704305112361908,0.5891115069389343 
-0.39295870065689087,0.39071914553642273,0.7132388949394226 
0.1052047461271286,-0.06846669316291809,0.2620835304260254 
0.1152215301990509,-0.49661561846733093,0.22032102942466736 
0.22595056891441345,0.5991584062576294,0.22974681854248047 
0.49426841735839844,-0.442733496427536,0.5405712127685547 
-0.20693649351596832,-0.8990152478218079,0.08343476802110672 
-0.11933040618896484,-0.19140014052391052,-0.2671142816543579 
-0.18209697306156158,-0.05067838728427887,-0.11594033986330032 
-0.20693649351596832,0.32827138900756836,0.015112697146832943 
0.029733508825302124,0.5110512375831604,0.08241091668605804 
-0.17444033920764923,0.3469678461551666,-0.15449059009552002 
-0.07366661727428436,0.1381911039352417,-0.2132507562637329 
0.28104016184806824,-0.012065818533301353,0.21756824851036072 
0.46693599224090576,-0.5610551238059998,0.5053151249885559 
0.1724414825439453,-0.12380725890398026,-0.8398150205612183 
0.24596209824085236,-0.39714986085891724,0.01484560128301382 
-0.14719697833061218,0.18680179119110107,-0.09038855135440826 
-0.08248063921928406,-0.5867849588394165,0.10839894413948059 
0.44111719727516174,-0.6351285576820374,0.5792995691299438 
0.2008236050605774,0.27743494510650635,0.061809241771698 
0.16190916299819946,0.01602248102426529,-0.14120638370513916 
-0.3947020173072815,0.23585765063762665,-0.04044239595532417 
0.08428255468606949,0.2723602056503296,0.09143861383199692 
-0.3066507577896118,0.34483107924461365,-0.3624659776687622 
-0.08441176265478134,-0.030138187110424042,-0.388570636510849 
-0.09763365238904953,0.10551688075065613,-0.1059689000248909 
-0.01702268421649933,0.16739314794540405,-0.2737915515899658 
0.02093728631734848,-0.16771799325942993,0.21961595118045807 
-0.43699154257774353,-0.042701248079538345,-0.11068753898143768 
0.13431774079799652,-0.1012655645608902,0.4445962607860565 
-0.12906229496002197,0.17654463648796082,-0.12072931975126266 
0.20999374985694885,0.20051252841949463,0.2971615791320801 
0.49370113015174866,0.13443320989608765,-0.12906596064567566 
0.18996185064315796,0.14673803746700287,-0.08798472583293915 
0.24676337838172913,-0.05759606510400772,0.48920056223869324 
-0.36489540338516235,-0.11088340729475021,0.1281256079673767 
-0.25093626976013184,-0.33988451957702637,0.08472486585378647 
0.04644455388188362,0.05833066999912262,-0.1402456909418106 
-0.09135699272155762,-0.35129907727241516,0.2780200242996216 
-0.653780996799469,-0.5540590286254883,0.26907414197921753 
0.1222095862030983,0.27146992087364197,0.006298672407865524 
-0.6025884747505188,-0.20021416246891022,0.08407578617334366 
-0.3126158118247986,0.3265798091888428,-0.4223836064338684 
0.10251516848802567,0.19559717178344727,0.0353412851691246 
0.1857774257659912,0.19071915745735168,0.3485322594642639 
-0.29074352979660034,0.5099124908447266,-0.2617020606994629 
-0.1423002928495407,0.2493012696504593,0.0391598604619503 
3.290612221462652e-05,0.21689413487911224,0.20124004781246185 
0.24747563898563385,0.05503653362393379,-0.405200719833374 
0.21168531477451324,0.1592913419008255,-0.18369260430335999 
-0.000973139307461679,0.1170908585190773,0.15320803225040436 
0.24900779128074646,0.034896962344646454,-0.21109536290168762 
0.2305597960948944,-0.12127073109149933,0.4828794002532959 
-0.020835863426327705,-0.6418058276176453,0.16308154165744781 
-0.0011601037112995982,0.013993434607982635,-0.44223740696907043 
0.0985274463891983,0.2755652964115143,-0.20185483992099762 
0.1433098316192627,0.3254224359989166,-0.07605462521314621 
0.0040125735104084015,-0.24232564866542816,0.2414284497499466 
-0.07737918198108673,-0.2507835328578949,-0.17710433900356293 
0.16921773552894592,-0.24170240759849548,-0.5978628396987915 
-0.168545663356781,-0.18462041020393372,-0.06900256127119064 
-0.00013709813356399536,0.06035250425338745,0.4555656611919403 
-0.14123192429542542,0.33085328340530396,0.07551994919776917 
0.37694472074508667,0.04488788917660713,-0.2530660927295685 
-0.1336643248796463,0.289543092250824,0.37942585349082947 
-0.09648515284061432,0.2740517854690552,-0.050858963280916214 
-0.10524491220712662,-0.4091876149177551,-0.14106561243534088 
-0.1922464668750763,0.3207928240299225,0.3377595543861389 
0.32608962059020996,-0.1582985669374466,0.2757052481174469 
0.11259427666664124,0.11326254159212112,-0.20514898002147675 
-0.29356327652931213,0.24574004113674164,-0.5237894654273987 
0.18559935688972473,-0.6643306016921997,0.12649886310100555 
0.4588342010974884,-0.450924277305603,0.4734421372413635 
-0.39844128489494324,-0.08545195311307907,0.2423187494277954 
0.052053481340408325,-0.5563364624977112,-0.24441146850585938 
0.35342201590538025,-0.37426894903182983,0.4387202262878418 
-0.11354342103004456,0.3494606912136078,-0.1389102190732956 
0.2137330323457718,0.23550152778625488,-0.059672996401786804 
0.3879658877849579,0.35435739159584045,-0.15190869569778442 
0.09211724996566772,0.5768448114395142,-0.10160640627145767 
-0.08391403406858444,0.2734285891056061,-0.1049005463719368 
-0.11192221194505692,0.46183592081069946,-0.5031529664993286 
-0.5513627529144287,-1.0161981582641602,0.12935760617256165 
0.1771414577960968,-0.24846874177455902,0.48234525322914124 
-0.32448166608810425,-0.24166932702064514,0.2921428084373474 
-0.28432273864746094,-0.255928635597229,-0.06035047769546509 
0.18675675988197327,0.24449361860752106,-0.17799465358257294 
-0.3393249809741974,0.29684358835220337,-0.08994340151548386 
0.09843841195106506,0.05833066999912262,-0.059940092265605927 
-0.1423002928495407,-0.5334556102752686,0.24436648190021515 
0.1937198042869568,0.17120283842086792,-0.19768905639648438 
-0.3468925654888153,-0.01733643002808094,0.1754656881093979 
0.41714927554130554,0.1724492609500885,-0.18816278874874115 
-0.014611780643463135,0.3480548560619354,-0.09829362481832504 
0.0553654208779335,0.15662042796611786,0.183175727725029 
0.15630829334259033,-0.5826895236968994,0.1610783338546753 
-0.33211350440979004,0.09607964009046555,-0.15502475202083588 
0.46373090147972107,-0.2404559850692749,0.3221791982650757 
-0.06233302131295204,0.27093568444252014,-0.003138570347800851 
0.16111594438552856,0.11593345552682877,-0.13027425110340118 
0.3932000398635864,0.2079724669456482,-0.1080869808793068 
0.03945649787783623,-0.24583086371421814,-0.5204622149467468 
0.4751267731189728,-0.5346130132675171,0.4121891260147095 
0.0985274463891983,0.11735793948173523,-0.3144785463809967 
0.4799904227256775,-1.0447252988815308,0.2000211775302887 
-0.40689921379089355,-0.023532960563898087,0.1611228585243225 
0.006158210802823305,0.07898575812578201,-0.1932188719511032 
-0.11494924873113632,-0.24205049872398376,-0.3478836715221405 
-0.04943248629570007,0.121186263859272,0.13176947832107544 
-0.22242781519889832,0.2702234983444214,-0.17630305886268616 
-0.42388543486595154,-0.0036532804369926453,-0.004544414579868317 
0.20287129282951355,0.32809337973594666,0.07858259975910187 
0.18506518006324768,0.13276024162769318,0.4189554452896118 
-0.12467223405838013,0.3817788064479828,0.10215789824724197 
-0.13365626335144043,0.39443978667259216,0.28436875343322754 
0.08686444163322449,-0.6531127691268921,0.17180652916431427 
0.12131927907466888,0.27485305070877075,-0.2597247362136841 
-0.1317056566476822,0.20701174437999725,0.07205665856599808 
-0.04310157150030136,-0.18087586760520935,-0.2194642424583435 
0.1422414630651474,-0.18757182359695435,-0.5892269015312195 
0.3313610851764679,0.1006905809044838,0.18996071815490723 
-0.17809058725833893,0.2556224465370178,0.4276804029941559 
-0.7182391881942749,-0.2598646581172943,0.054410796612501144 
-0.1359710693359375,0.3275778293609619,-0.37851017713546753 
-0.11265311390161514,0.06274490803480148,0.49507659673690796 
-0.35000866651535034,-0.05245009437203407,-0.050858963280916214 
-0.05468529462814331,-0.4316936731338501,0.14196346700191498 
0.17509374022483826,-0.05916300043463707,0.4234069883823395 
-0.17355003952980042,0.41053569316864014,0.016893306747078896 
0.024587541818618774,-0.27758175134658813,-0.17434439063072205 
0.17131079733371735,-0.3800745904445648,0.2236756980419159 
-0.3960374593734741,0.0038083342369645834,0.107223741710186 
0.11633355915546417,0.08904622495174408,-0.16027754545211792 
0.22548505663871765,0.002989254891872406,-0.15644924342632294 
0.2703564763069153,-0.32957562804222107,0.39963579177856445 
-0.039576802402734756,0.3221282958984375,-0.14986099302768707 
-0.0969570130109787,0.29016631841659546,0.07805731892585754 
-0.19901277124881744,0.0277041457593441,-0.09733293205499649 
-0.20017018914222717,-0.0503578782081604,-0.19402015209197998 
-0.16578572988510132,0.15829336643218994,0.25538763403892517 
-0.2940821647644043,0.840839147567749,-0.3699115216732025 
0.29225799441337585,-0.11564400047063828,-0.04293525218963623 
0.20251516997814178,0.2861599624156952,-0.30984893441200256 
0.1603146642446518,-0.7084897756576538,0.13373704254627228 
-0.4190073609352112,-0.10102518647909164,-0.04747580736875534 
0.10429578274488449,0.2846650779247284,-0.08025771379470825 
0.3893013596534729,-0.17893585562705994,0.2836289405822754 
-0.7341756820678711,-0.32824015617370605,-0.19512583315372467 
0.17990140616893768,0.39958488941192627,0.10571912676095963 
-0.1814737617969513,0.3096640110015869,0.05466008186340332 
-0.25501301884651184,0.14629289507865906,0.48385876417160034 
0.0991506576538086,-0.7607507109642029,0.16169266402721405 
0.20500802993774414,0.15270309150218964,0.37791234254837036 
0.023875296115875244,0.08170842379331589,-0.44993138313293457 
0.4037242829799652,-0.18214096128940582,0.2198830395936966 
0.31656333804130554,-0.13887207210063934,-0.09902451932430267 
-0.15770258009433746,-0.9013301134109497,0.03835858404636383 
0.40212175250053406,-0.22282792627811432,0.33330801129341125 
-0.05666176974773407,0.07124009728431702,-0.12154926359653473 
0.3753235340118408,-0.25719374418258667,0.37426212430000305 
0.0998014286160469,-0.04140225052833557,-0.028682291507720947 
-0.05663421005010605,-0.3275982737541199,0.15103653073310852 
0.4530471861362457,-0.24241463840007782,0.18604251742362976 
0.11873738467693329,-0.1380441039800644,-0.6024925112724304 
0.19557078182697296,-0.04090111702680588,0.10800889879465103 
0.33276692032814026,-0.3195079267024994,0.04185916483402252 
-0.18182986974716187,0.23434415459632874,0.4713054299354553 
0.04645345360040665,0.27120283246040344,0.058310337364673615 
-0.12120004743337631,-0.888598620891571,-0.07946084439754486 
0.13485193252563477,0.19339005649089813,-0.24779461324214935 
-0.12200132757425308,0.12795259058475494,0.0014019868103787303 
0.16953909397125244,0.10238216072320938,-0.3887486755847931 
-0.08871277421712875,0.2843793034553528,0.4456646144390106 
0.11766903102397919,-0.3132830262184143,-0.15600408613681793 
-0.4247053265571594,0.2338099330663681,-0.10677018016576767 
0.008624357171356678,0.27120283246040344,-0.1449642926454544 
0.5086913108825684,-0.39714986085891724,0.557576060295105 
0.20723378658294678,-0.045265328139066696,0.26413124799728394 
0.25112587213516235,0.22891327738761902,-0.36754077672958374 
-0.5043173432350159,0.602630615234375,0.1415920853614807 
0.020020272582769394,-0.5399549007415771,-0.20532704889774323 
-0.3426191210746765,0.07667095959186554,0.06276186555624008 
0.4020140469074249,-0.5332962274551392,0.5831465125083923 
0.22112256288528442,0.14469033479690552,-0.3287234306335449 
0.19181284308433533,-0.509792149066925,0.11555784940719604 
-0.12634515762329102,0.24296146631240845,0.20428404211997986 
-0.5496152639389038,-0.060445044189691544,0.13617649674415588 
-0.16301050782203674,-0.14166933298110962,0.18733516335487366 
-0.09157956391572952,-0.012965028174221516,-0.4111657440662384 
0.26795265078544617,-0.4020465016365051,0.07655270397663116 
-0.04694047570228577,-0.12237556278705597,0.40330469608306885 
0.11108075827360153,0.10533881932497025,0.10409876704216003 
0.1724228411912918,-0.4769584834575653,-0.13944441080093384 
-0.005567117594182491,0.05833066999912262,-0.059940092265605927 
0.47120946645736694,-0.5247306227684021,0.47540083527565 
-0.402180552482605,0.08192377537488937,-0.16285943984985352 
0.017571929842233658,0.08539596199989319,-0.332373708486557 
0.1698409467935562,0.29274818301200867,-0.14781327545642853 
-0.2989237308502197,-1.0198484659194946,0.2769257724285126 
0.14248991012573242,0.1412367969751358,-0.35639330744743347 
-0.24183648824691772,-0.028525881469249725,-0.09934335201978683 
0.18239426612854004,-0.2072475701570511,0.4393434524536133 
0.1904960423707962,0.23550152778625488,0.08078165352344513 
0.20910345017910004,0.18911659717559814,-0.07854747772216797 
0.24963101744651794,0.12672480940818787,-0.38696810603141785 
0.4652443826198578,-0.5489469766616821,0.4162472188472748 
-0.04546172171831131,-0.4803934097290039,0.11389124393463135 
0.33534881472587585,-0.0801323726773262,0.22006110846996307 
0.08980244398117065,-0.12066532671451569,0.19207879900932312 
-0.20050764083862305,-0.007392562925815582,0.35421159863471985 
0.4853653013706207,-0.47425028681755066,0.5737796425819397 
-0.014278761111199856,-0.2914705276489258,0.2623506486415863 
-0.3537479341030121,0.10346917062997818,-0.055844683200120926 
0.12123024463653564,0.021739093586802483,0.27410268783569336 
0.05035299435257912,-0.5539326667785645,-0.30486324429512024 
-0.011039827950298786,0.2731614410877228,-0.09804517775774002 
-0.25893205404281616,-0.48657381534576416,-0.2003413438796997 
-0.2247426062822342,0.10409238189458847,-0.14719006419181824 
-0.08371816575527191,-0.20564502477645874,-0.2989872097969055 
0.3286011517047882,0.2370336949825287,-0.1836739480495453 
0.13066749274730682,-0.6201714277267456,0.169607475399971 
-0.19402706623077393,0.4148091673851013,-0.02619749866425991 
-0.4332522451877594,0.3142045736312866,-0.008176013827323914 
0.4891936182975769,0.3046783208847046,-0.11487194895744324 
0.43354952335357666,0.3386880159378052,-0.20577219128608704 
0.03458482772111893,0.0986267551779747,0.4366021156311035 
-0.17032629251480103,0.11012782901525497,-0.448807030916214 
-0.2263120710849762,0.031152263283729553,0.6795148849487305 
0.1642320156097412,0.2467193901538849,-0.2179693877696991 
0.14179715514183044,0.37583237886428833,0.04853393882513046 
-0.029970403760671616,0.022006183862686157,-0.4076935648918152 
-0.08628139644861221,-0.5072103142738342,-0.13109418749809265 
0.26750749349594116,0.0163972619920969,-0.39033257961273193 
0.28451234102249146,-0.09357332438230515,0.28719016909599304 
0.3819304406642914,0.4347706735134125,-0.4165262281894684 
0.14259758591651917,0.08717657625675201,0.0011348905973136425 
0.0847650095820427,-1.085660696029663,0.043237458914518356 
0.06945895403623581,-0.140812948346138,-0.5387465953826904 
-0.3652328848838806,0.1181592121720314,-0.12466532737016678 
0.04997016116976738,0.2523283362388611,0.20168519020080566 
0.0014217839343473315,0.2731614410877228,0.26030293107032776 
0.2689506411552429,0.13478925824165344,-0.25899380445480347 
0.07769428938627243,0.37759435176849365,-0.17710433900356293 
0.13280421495437622,-0.03348658233880997,-0.44339480996131897 
0.28878581523895264,-0.09251385927200317,-0.0818416178226471 
0.2645881474018097,0.04086201637983322,-0.021746814250946045 
0.060929831117391586,0.20158088207244873,0.2849644124507904 
-0.0563412643969059,0.10035309940576553,0.09013877063989639 
0.09941775351762772,0.06830208748579025,0.05481143295764923 
0.060403697192668915,0.2125502973794937,0.5912483334541321 
0.17829884588718414,0.1325821727514267,0.029624683782458305 
-0.4419068396091461,0.5785923004150391,-0.7813219428062439 
0.3468337655067444,-0.13884538412094116,0.24116137623786926 
0.04241953045129776,0.0955268070101738,0.3350699543952942 
-0.02931157499551773,0.27182602882385254,0.08676451444625854 
-0.08093956857919693,-0.2973279058933258,0.11564687639474869 
0.24115444719791412,0.09866151958703995,-0.42069199681282043 
-0.3378114700317383,0.05948805809020996,0.10440147668123245 
0.06743711978197098,0.2215050756931305,0.07439731806516647 
-0.12768062949180603,0.2621920704841614,-0.11898601800203323 
0.20039710402488708,-0.18985185027122498,-0.5148677229881287 
-0.15298396348953247,0.24066530168056488,-0.06875412166118622 
0.44886282086372375,0.3359280228614807,-0.10427733510732651 
0.11051180958747864,0.22118626534938812,-0.1502874791622162 
-0.5796185731887817,-0.23814120888710022,0.12669117748737335 
-0.10124829411506653,0.14807350933551788,-0.18013137578964233 
0.2137330323457718,-0.6529346704483032,0.09440334141254425 
-0.285747230052948,-0.25477126240730286,-0.19181303679943085 
-0.06342004239559174,0.3643474280834198,-0.389460951089859 
-0.4256846606731415,-0.05375884473323822,0.1986314356327057 
0.2458730787038803,0.2236604541540146,0.004429025109857321 
0.20251516997814178,-0.11182458698749542,-0.0628780946135521 
0.206877663731575,-0.37578245997428894,-0.0006457248236984015 
0.2372371107339859,-0.16682769358158112,0.5004184246063232 
0.6343321800231934,0.5689769983291626,-0.48431581258773804 
0.13173586130142212,0.4676932990550995,-0.12475436925888062 
-0.04058369621634483,-0.08573947846889496,-0.3572835922241211 
0.21969807147979736,-0.06904539465904236,0.3528057336807251 
-0.2045326679944992,0.059717826545238495,-0.5230771899223328 
0.3272470235824585,-0.317378431558609,0.4251875579357147 
-0.16019544005393982,-0.16647157073020935,-0.2868790626525879 
-0.2792293131351471,0.13614338636398315,-0.1089959368109703 
0.15118098258972168,0.37120282649993896,0.02590404450893402 
0.17829884588718414,0.17380334436893463,-0.2506435811519623 
-0.23044058680534363,0.2835780680179596,0.35725724697113037 
-0.04470411688089371,0.307100772857666,0.12909050285816193 
-0.1125640794634819,-0.4313375949859619,0.21934886276721954 
0.008053719997406006,-0.46176740527153015,-0.23851677775382996 
0.13127204775810242,0.38126325607299805,0.11787264794111252 
-0.11553938686847687,0.2775239944458008,-0.0622921884059906 
0.09763713926076889,0.15679849684238434,0.16636675596237183 
0.7595278024673462,0.013065814971923828,-0.3149609863758087 
-0.1033761203289032,-0.6333479881286621,0.11245784163475037 
-0.06972255557775497,0.2941727042198181,-0.2518010139465332 
0.1360093206167221,-0.2092062532901764,0.03589414060115814 
0.06544367969036102,-0.2518519163131714,-0.17924107611179352 
0.100040964782238,0.0642957091331482,-0.3601512312889099 
-0.5353186130523682,-0.05318904668092728,0.21934887766838074 
-0.4921014904975891,-0.06619641929864883,0.07242168486118317 
0.06295251846313477,0.36423978209495544,0.11657028645277023 
-0.22518779337406158,0.33432549238204956,-0.22776275873184204 
-0.09527348726987839,0.0028298422694206238,-0.3480617105960846 
-0.04096483439207077,0.26988598704338074,0.09187571704387665 
0.19441339373588562,0.14691610634326935,-0.045606162399053574 
0.15069937705993652,0.2749421000480652,-0.09777809679508209 
-0.13491074740886688,0.19347910583019257,-0.14879260957241058 
0.19966618716716766,0.22597526013851166,-0.13917730748653412 
0.02520185150206089,0.16766022145748138,-0.28242751955986023 
0.3009830117225647,-0.4101482927799225,0.11072263866662979 
0.16992998123168945,0.16089388728141785,-0.17674821615219116 
0.08535092324018478,0.3104653060436249,-0.22731757164001465 
0.09861648082733154,0.29915839433670044,0.41512712836265564 
0.0944133922457695,-0.5133534073829651,0.19831177592277527 
0.14776135981082916,0.083704374730587,-0.2143191248178482 
-0.19605612754821777,0.25866812467575073,0.5073814988136292 
0.04698764160275459,0.1145089641213417,-0.31670430302619934 
-0.44171014428138733,0.08049927651882172,-0.12582272291183472 
0.33794933557510376,0.06132464110851288,0.6082531809806824 
-0.03788521885871887,0.14157427847385406,-0.24699336290359497 
0.3794375956058502,0.022384516894817352,0.8116363286972046 
0.1114182248711586,0.18210183084011078,0.534535825252533 
0.26964423060417175,-0.11760268360376358,0.32983583211898804 
-0.08284566551446915,0.08236892521381378,-0.0581594780087471 
-0.3594458997249603,0.3143826723098755,-0.4315537214279175 
0.16138304769992828,0.3764369785785675,-0.14843648672103882 
-0.4623652696609497,0.015863075852394104,-0.15297704935073853 
-0.47171351313591003,-0.047865018248558044,0.12186482548713684 
-0.0057184696197509766,0.25758111476898193,0.19614750146865845 
-0.19144517183303833,0.3259565830230713,-0.46680983901023865 
0.12550371885299683,0.04818118363618851,-0.1505732238292694 
-0.473156601190567,0.25996631383895874,-0.056093133985996246 
-0.2693469226360321,0.1446530520915985,-0.3448379933834076 
0.12283279746770859,0.27592143416404724,0.38708245754241943 
0.04510018974542618,-0.7061749696731567,0.18794777989387512 
0.21943098306655884,0.3679790496826172,0.04061105102300644 
0.12123024463653564,-0.04623575881123543,-0.0982232391834259 
0.04118284210562706,0.3540012538433075,-0.1701599657535553 
0.13592028617858887,0.2243727147579193,0.40649116039276123 
-0.38294997811317444,0.028416389599442482,0.040263839066028595 
0.21649296581745148,-0.23217615485191345,-0.0437365286052227 
0.08811087161302567,0.14878574013710022,-0.2623956799507141 
-0.047107942402362823,0.3603411018848419,-0.10296051949262619 
0.21168531477451324,0.23149517178535461,-0.01684928685426712 
0.4343508183956146,-0.20893914997577667,0.2250468134880066 
0.11266634613275528,-0.40687280893325806,0.18914887309074402 
-0.027815861627459526,0.014438588172197342,-0.3391399681568146 
-0.48960867524147034,0.2837934195995331,-0.14202630519866943 
0.12060703337192535,0.28019487857818604,0.11347369104623795 
-0.3283742070198059,0.08690948039293289,-0.003138570347800851 
-0.4297800660133362,0.02298552356660366,-0.18084363639354706 
-0.4798152446746826,0.23478926718235016,-0.18298034369945526 
0.14642590284347534,0.24298012256622314,0.14891676604747772 
-0.3710198700428009,0.2721821069717407,-0.08273192495107651 
0.0038612214848399162,0.27093568444252014,0.0630289614200592 
-0.12422709167003632,0.29533007740974426,-0.12626788020133972 
-0.08993250131607056,0.18876047432422638,0.140832781791687 
-0.02969440631568432,0.07987606525421143,-0.17398828268051147 
-0.6387348771095276,-0.28470417857170105,0.09027232229709625 
-0.1629554033279419,-0.24652954936027527,-0.07703395932912827 
0.17749758064746857,-0.11183349043130875,0.4656074643135071 
0.41609954833984375,0.35845279693603516,-0.3122900724411011 
-0.10165061801671982,0.005216717720031738,-0.05095858871936798 
0.031994886696338654,0.0765819326043129,0.10410767048597336 
0.48029056191444397,-0.2723289430141449,0.2056826651096344 
-0.4334303140640259,0.07583238929510117,-0.3662426173686981 
-0.37803471088409424,-0.16655254364013672,0.2942422330379486 
-0.04455361142754555,0.30396604537963867,-0.08771762996912003 
0.26236239075660706,0.16052252054214478,-0.7452271580696106 
0.4512666165828705,-0.23653864860534668,0.3602842688560486 
0.24293506145477295,0.3303191363811493,-0.1619691550731659 
-0.12769927084445953,-0.49196740984916687,0.24543480575084686 
-0.3857472240924835,-0.3782753646373749,-0.25887173414230347 
0.3031197488307953,-0.056118160486221313,0.239291712641716 
0.013236142694950104,-0.563191831111908,-0.3190191090106964 
0.14704911410808563,0.15136763453483582,-0.20799796283245087 
-0.14203320443630219,0.28776249289512634,0.049692172557115555 
0.18737997114658356,0.2934604585170746,0.09946917742490768 
-0.028003670275211334,-0.28427767753601074,-0.44462260603904724 
0.18399681150913239,0.280996173620224,0.16065990924835205 
-0.0004834710853174329,0.24992448091506958,-0.2907963991165161 
0.2882702946662903,0.29534873366355896,-0.2692696452140808 
0.0007192865014076233,0.3664841651916504,0.025572948157787323 
0.16503329575061798,0.17487169802188873,0.10855920612812042 
0.1433098316192627,0.34607750177383423,-0.11273523420095444 
-0.29338520765304565,-0.9088976979255676,0.04759104922413826 
-0.015413053333759308,0.2704201936721802,-0.014143593609333038 
0.1336597502231598,0.21384844183921814,-0.09544464200735092 
0.23004427552223206,0.1842903196811676,-0.19711756706237793 
0.06638740003108978,0.2926591634750366,0.19492778182029724 
-0.030255300924181938,0.14451228082180023,0.16349998116493225 
0.427692174911499,-0.2749294936656952,0.01254945993423462 
0.058490391820669174,-0.23600445687770844,0.17704151570796967 
-0.4819520115852356,-0.03564111888408661,-0.14594364166259766 
-0.07723674178123474,0.026101594790816307,-0.34537214040756226 
0.00911402516067028,0.021828126162290573,-0.350001722574234 
0.05120769143104553,0.10026407241821289,0.13261526823043823 
0.0903366357088089,-0.5641711950302124,-0.24734950065612793 
-0.50180584192276,-0.05487172678112984,0.1477682739496231 
-0.09912936389446259,0.2781471908092499,0.04087815061211586 
0.031201668083667755,0.22827139496803284,0.25105351209640503 
-0.049005985260009766,0.15833067893981934,0.1720566600561142 
-0.263311505317688,0.35131171345710754,0.1268647313117981 
0.03978506848216057,0.046667661517858505,-0.3529397249221802 
0.27649959921836853,0.08949137479066849,-0.3437695801258087 
0.11864835768938065,-0.7182831168174744,0.1574993133544922 
-0.018334103748202324,-0.0013732447987422347,-0.48657462000846863 
0.08595549315214157,0.33386170864105225,-0.01165074110031128 
0.1780317723751068,0.3298739492893219,-0.15600408613681793 
-0.11443372070789337,0.2930152714252472,0.41770902276039124 
-0.20542298257350922,-0.03298800811171532,-0.15965433418750763 
0.1950366050004959,0.36762291193008423,0.0896223932504654 
0.22334831953048706,0.28259873390197754,-0.20541606843471527 
-0.2999306321144104,-0.00243271142244339,-0.3708348870277405 
0.2122195065021515,-0.04214925691485405,0.47976335883140564 
-0.07509110122919083,0.4035022556781769,-0.18298034369945526 
-0.3811693489551544,-0.03163474425673485,0.09322813153266907 
-0.10740029811859131,-0.49187836050987244,0.28656697273254395 
-0.126987025141716,0.2646145224571228,0.07678418606519699 
0.1766963005065918,0.10872197151184082,-0.22001709043979645 
0.00792991928756237,-0.20306314527988434,0.22816289961338043 
0.23714807629585266,0.12136431783437729,-0.3549874424934387 
0.20500802993774414,0.2538418471813202,0.024817029014229774 
0.25691288709640503,0.05040694400668144,-0.3680749535560608 
-0.1762913465499878,0.013885751366615295,0.37620213627815247 
-0.2693469226360321,0.3177658021450043,-0.44179224967956543 
0.003157879924401641,0.3678010106086731,-0.16161301732063293 
-0.46806323528289795,0.19837577641010284,-0.14371787011623383 
0.2602960169315338,0.29960358142852783,-0.3295246660709381 
0.24658530950546265,0.024053888395428658,-0.11861124634742737 
-0.32466062903404236,0.17449691891670227,0.22478681802749634 
0.021890759468078613,-0.5454044342041016,0.22556236386299133 
-0.31448546051979065,0.1093451976776123,0.06742706894874573 
-0.2999734580516815,0.11228320002555847,-0.0071449484676122665 
-0.20435461401939392,-0.9174445271492004,0.138767272233963 
0.2424008697271347,-0.05952802300453186,0.286655992269516 
0.10645116865634918,-0.10125666111707687,0.22041723132133484 
0.13458482921123505,-0.028242679312825203,0.36651644110679626 
-0.02434634044766426,-0.5262441635131836,-0.22989946603775024 
-0.6441657543182373,-0.23760701715946198,0.08753017336130142 
-0.36140456795692444,0.08138958364725113,-0.025841370224952698 
-0.14323680102825165,0.28758442401885986,-0.2170790731906891 
-0.04020892083644867,0.03829877823591232,-0.36860910058021545 
0.03228868916630745,0.1933010369539261,0.20491699874401093 
-0.1461286097764969,0.3911270201206207,0.07229704409837723 
-0.26169031858444214,0.2980010211467743,-0.47651422023773193 
0.1633230745792389,-0.30623093247413635,0.050921641290187836 
0.15915727615356445,-0.07676345854997635,0.45901918411254883 
-0.05826432257890701,0.0038439484778791666,-0.4247874617576599 
0.24017511308193207,0.13685564696788788,-0.22776275873184204 
0.3763215243816376,0.10879235714673996,-0.4925583302974701 
-0.01853976398706436,0.3013841509819031,-0.17327602207660675 
0.368379145860672,-0.16834120452404022,0.21293866634368896 
0.2677746117115021,-0.06812838464975357,-0.05842657387256622 
0.2348519265651703,0.17663368582725525,0.2513812184333801 
-0.20693649351596832,0.23478926718235016,0.4400556981563568 
0.16770420968532562,-0.6380665898323059,0.1466909945011139 
0.7932891249656677,-0.17250698804855347,0.14392128586769104 
-0.13758167624473572,-0.2126784324645996,-0.29213187098503113 
0.05656733363866806,-0.7465949058532715,0.18564188480377197 
-0.15780220925807953,0.5481396317481995,-0.06367937475442886 
-0.04374343901872635,-0.42434144020080566,0.4297654330730438 
0.1185593381524086,0.23309773206710815,0.44913679361343384 
0.02669842541217804,-0.012645363807678223,-0.06444588303565979 
0.1555960476398468,0.27592143416404724,0.030069837346673012 
-0.20827195048332214,0.46532678604125977,0.04968326538801193 
0.1665468066930771,-0.0308245662599802,0.39794421195983887 
0.4620392918586731,-0.5290040969848633,0.5284630656242371 
-0.2527686357498169,0.24629288911819458,-0.2016064077615738 
-0.17960411310195923,0.38035428524017334,-0.39959174394607544 
-0.40298184752464294,0.24502778053283691,-0.07845845073461533 
-0.06598242372274399,-0.48139140009880066,-0.23063036799430847 
0.2105279415845871,0.22722168266773224,0.1300956904888153 
-0.3568267822265625,0.08103346824645996,-0.07845845073461533 
-0.23756302893161774,-0.9050693511962891,0.06294883042573929 
0.7996993064880371,-0.1596865952014923,0.23223966360092163 
0.16173915565013885,0.217695415019989,0.3391840159893036 
-0.24477450549602509,0.17745359241962433,0.46382683515548706 
-0.22100332379341125,0.1689957082271576,0.5018429160118103 
-0.6057935953140259,-0.2893337905406952,0.11369092017412186 
-0.22901609539985657,-0.07119014114141464,-0.18315841257572174 
0.04546605795621872,-0.2775631248950958,-0.32215380668640137 
-0.2316870093345642,-0.9166433811187744,0.10483772307634354 
0.09843841195106506,-0.20742563903331757,-0.5618054866790771 
-0.32499104738235474,0.30645889043807983,-0.45105141401290894 
-0.24274545907974243,-0.8062267303466797,0.271548330783844 
0.08437158167362213,0.27164795994758606,-0.15929824113845825 
-0.29899412393569946,0.10809876024723053,-0.1361502707004547 
-0.10451571643352509,0.290878564119339,0.3566340506076813 
0.0258695837110281,0.4057280123233795,0.12993544340133667 
0.020429812371730804,0.2650597095489502,0.2295873910188675 
-0.5132017731666565,-0.11973941326141357,0.0028264739084988832 
-0.3122596740722656,0.08512888103723526,-0.18939056992530823 
-0.019779959693551064,0.27093568444252014,-0.03625795245170593 
-0.39131882786750793,0.05815260484814644,-0.023348525166511536 
-0.0772019773721695,-0.0416693314909935,-0.21193397045135498 
-0.3669058680534363,-0.14093844592571259,0.18192124366760254 
0.4164556860923767,-0.19380396604537964,0.2595016658306122 
0.4579438865184784,-0.6215959191322327,0.5379003286361694 
-0.5040315985679626,-0.1398959457874298,-0.026998773217201233 
-0.05801503732800484,0.48140400648117065,-0.15555894374847412 
-0.17764542996883392,-0.4263518452644348,-0.13561609387397766 
-0.6949132084846497,-0.30304449796676636,0.04040628299117088 
0.16521134972572327,0.26968926191329956,0.11645176261663437 
0.18372970819473267,-0.4091172218322754,-0.6225243210792542 
-0.17203651368618011,0.365041047334671,-0.0659051388502121 
0.12867404520511627,0.5389881730079651,-0.07847710698843002 
-0.26820820569992065,-0.813883364200592,-0.10794622451066971 
0.2260192632675171,0.19276684522628784,-0.18066556751728058 
0.25976184010505676,-0.024583520367741585,0.24641413986682892 
-0.5265563130378723,-0.049912724643945694,-0.1266240030527115 
0.3738286793231964,-0.058984093368053436,0.42098453640937805 
0.464157372713089,0.12232499569654465,-0.2498610019683838 
0.07644786685705185,-0.04778489097952843,0.22905319929122925 
-0.3219640254974365,0.2606971561908722,-0.5058943033218384 
-0.3447558581829071,0.2934604585170746,-0.12929491698741913 
-0.03406580910086632,0.2213456630706787,0.18965716660022736 
0.18194910883903503,-0.38815775513648987,0.02259126678109169 
-0.12351484596729279,-0.11096099764108658,-0.09831227362155914 
-0.1634005457162857,0.31322523951530457,0.3582366108894348 
0.05054886266589165,0.014082460664212704,0.25033149123191833 
0.21124017238616943,0.29533007740974426,-0.012931942008435726 
0.1818600744009018,0.008402309380471706,-0.3398522436618805 
0.11793611198663712,0.2936384975910187,-0.2263382375240326 
0.10787565261125565,0.27120283246040344,-0.0268207099288702 
-0.5364387035369873,-0.0002603634784463793,-0.11202298104763031 
0.08428255468606949,0.05833066999912262,-0.02210208773612976 
-0.06533335149288177,0.2932823598384857,0.16731049120426178 
0.07431112974882126,0.06411764770746231,-0.16223622858524323 
-0.16266244649887085,0.1603783667087555,-0.13812759518623352 
-0.2045326828956604,-0.3199602961540222,-0.2067888379096985 
-0.23097474873065948,0.04488704726099968,-0.09243624657392502 
0.18239426612854004,0.14433421194553375,-0.12297375500202179 
0.06644082069396973,0.6738882064819336,-0.07872554659843445 
-0.13357530534267426,0.28001683950424194,-0.16597552597522736 
-0.05955526605248451,0.35044002532958984,-0.1408689022064209 
0.1282636672258377,0.22829006612300873,0.33223965764045715 
-0.12979234755039215,-0.45010438561439514,-0.16568976640701294 
0.40454423427581787,0.17191502451896667,-0.27128005027770996 
-0.2704153060913086,0.09518933296203613,-0.0885189026594162 
0.036899633705616,0.07558395713567734,0.3810097873210907 
-0.002735945163294673,-0.5258880257606506,-0.16303750872612 
0.18479809165000916,-0.1625364124774933,-0.037326324731111526 
0.17484530806541443,-0.0416693314909935,-0.19768905639648438 
0.005063134711235762,-0.24695521593093872,-0.17959721386432648 
0.03852973133325577,0.4300333857536316,-0.16374976933002472 
-0.15129238367080688,0.2826877534389496,-0.10694824159145355 
0.47058627009391785,0.31554004549980164,-0.17523470520973206 
0.11357361823320389,0.13124671578407288,0.1397199034690857 
0.43632814288139343,-0.09220141917467117,0.17784196138381958 
-0.10597581416368484,-0.36073628067970276,0.22780677676200867 
0.18508383631706238,0.3505477011203766,-0.38305073976516724 
0.35707226395606995,-0.1652696430683136,0.2914636433124542 
0.19298890233039856,0.2954191267490387,-0.10249671339988708 
-0.6991866827011108,-0.20333023369312286,0.08892795443534851 
-0.15227171778678894,0.25375279784202576,0.4729970097541809 
-0.653228223323822,-0.15318739414215088,-0.06137432903051376 
-0.23213215172290802,0.3053905665874481,0.005497396923601627 
0.10823178291320801,0.09545641392469406,-0.3404754400253296 
0.15123355388641357,-0.14769501984119415,0.4486026167869568 
-0.36923927068710327,-0.0053173028863966465,0.14744776487350464 
-0.14265641570091248,0.29533007740974426,-0.03153933212161064 
0.47574999928474426,-0.5447625517845154,0.44593170285224915 
-0.07262495905160904,0.3085956573486328,-0.13597220182418823 
0.013449815101921558,-0.2697470486164093,0.26226162910461426 
0.1777646690607071,0.28242063522338867,-0.033854126930236816 
-0.3356933891773224,0.2566721439361572,-0.2774231731891632 
0.1993287205696106,-0.46336987614631653,-0.2737728953361511 
-0.09229180961847305,-0.45493069291114807,0.2887927293777466 
-0.1861923784017563,-0.9059596061706543,0.11098973453044891 
-0.1553877890110016,0.3003157675266266,0.08631045371294022 
0.22138966619968414,0.24431557953357697,-0.3571241796016693 
-0.09784732013940811,0.33040812611579895,-0.20043034851551056 
0.0245964452624321,0.05975515395402908,-0.1706051081418991 
-0.1834324300289154,0.3824020028114319,-0.0015360192628577352 
0.4698740243911743,-0.4879610538482666,0.4746885597705841 
0.42190518975257874,-0.5177158713340759,-0.06867483258247375 
0.15702053904533386,0.10106534510850906,-0.09270334243774414 
