0.05862526223063469,0.05180487781763077,0.22817333042621613
0.3374461233615875,-1.2929179668426514,-0.41274645924568176
-0.39287269115448,0.28066879510879517,-0.48697060346603394
1.0401861667633057,0.8762472867965698,-0.5117696523666382
-0.10806798934936523,0.21093085408210754,-0.6306705474853516
0.07561807334423065,0.869807243347168,0.8896821141242981
0.5664086937904358,-0.15168066322803497,-0.7081435918807983
-0.5462974309921265,0.20098501443862915,-0.8972123861312866
0.19123423099517822,0.7514830231666565,0.0017054080963134766
0.02248496562242508,-0.42090553045272827,-0.08692562580108643
-0.4829457700252533,0.19042007625102997,0.13455207645893097
0.6411902904510498,-0.13601304590702057,0.9122703671455383
0.7516326904296875,-0.18916761875152588,0.31549736857414246
-0.44258350133895874,-0.09842999279499054,0.16448265314102173
-0.31129270792007446,-0.3626649081707001,0.3041000962257385
-0.15921235084533691,0.3635328710079193,0.2702740430831909
-1.0295906066894531,-0.1403384655714035,-0.45442426204681396
0.16932711005210876,-0.08501287549734116,-0.14293785393238068
0.5852482318878174,0.8764395117759705,0.874398946762085
0.09782186150550842,0.15582504868507385,0.26329439878463745
-0.5155389308929443,0.4519719183444977,-0.20512902736663818
-0.39768698811531067,0.4180331230163574,-0.1717066764831543
0.9832828044891357,-0.05229221284389496,-0.4794732332229614
0.17759345471858978,0.35959193110466003,0.3260238766670227
-0.35277825593948364,-0.43147045373916626,0.3610199987888336
-0.2238052487373352,0.26049181818962097,0.557193398475647
-0.8884859681129456,0.17916566133499146,0.46050456166267395
0.7379835844039917,-0.1362052857875824,0.001224815845489502
-0.22543928027153015,0.06277220696210861,0.18559198081493378
0.08203057944774628,-0.19684892892837524,0.09879527986049652
0.6055296659469604,0.12293526530265808,-0.11804395914077759
-0.46631696820259094,0.032638467848300934,-0.09049458056688309
0.12010514736175537,0.6101860404014587,-0.4686692953109741
0.40480151772499084,-1.033296823501587,-0.4546741843223572
-0.14949586987495422,0.5068566799163818,-0.09036129713058472
-0.14988866448402405,-0.02004511095583439,-0.2727099657058716
0.00038592927739955485,0.19378428161144257,0.4449247717857361
-0.1696016490459442,0.47975072264671326,-0.4908154308795929
0.5542975664138794,-0.10909934341907501,0.43464818596839905
-0.020952794700860977,0.016720935702323914,-0.035215746611356735
0.24055232107639313,0.084495410323143,0.40955251455307007
-0.1549830436706543,0.362091064453125,-0.4260219931602478
0.2524712383747101,-0.032200492918491364,0.0762069970369339
0.2917447090148926,0.12360811233520508,0.15982341766357422
-0.8772398829460144,0.23950743675231934,-0.7692761421203613
-0.1453627049922943,0.12735679745674133,-0.08853501081466675
0.05879828333854675,-0.09262560307979584,0.39378872513771057
0.1713373064994812,-0.09323948621749878,-0.7553386688232422
-0.30435413122177124,0.2116626799106598,0.011123890988528728
-0.3997138440608978,0.5233893394470215,0.41753876209259033
-0.3265579342842102,0.10381560027599335,-0.2367609441280365
-0.05964124947786331,0.1844606101512909,-0.33028605580329895
0.6136999130249023,-0.24730122089385986,-0.5142688155174255
0.048415958881378174,0.473983496427536,0.06399139761924744
0.8842787742614746,0.15004125237464905,-0.4476381540298462
0.10453364253044128,0.6248924732208252,0.4587743878364563
0.10329240560531616,-0.8539278507232666,0.03631703928112984
-0.3811626136302948,-1.1016383171081543,-0.4316341280937195
-0.019184179604053497,-0.18012398481369019,-0.10432630032300949
-0.5764791965484619,0.7845484614372253,0.0733150839805603
0.28630557656288147,0.18100027740001678,-0.06184108927845955
0.01974072866141796,0.26433661580085754,0.26575639843940735
-0.010409682989120483,0.3121456205844879,-0.28098464012145996
-0.12182983756065369,0.006052851676940918,-0.625960648059845
-0.30579593777656555,0.2987477779388428,-0.28828147053718567
0.5236268639564514,0.156585693359375,-0.15174248814582825
0.049003615975379944,-0.599785566329956,-0.017942916601896286
-0.2804201543331146,-0.14311765134334564,-0.20975112915039062
-0.7312330007553101,0.6665126085281372,0.4334947466850281
-0.09058240056037903,-0.04585150629281998,0.12099908292293549
0.5696767568588257,0.7710915803909302,0.13233301043510437
-0.0015460893046110868,0.056341752409935,-0.21330757439136505
0.2485302835702896,-0.008501050062477589,0.2592202126979828
0.15481293201446533,0.06507909297943115,-0.04835540056228638
-0.35590216517448425,-1.237552523612976,0.3229563236236572
-0.5609955191612244,0.4708032011985779,-0.15035834908485413
-0.7191218733787537,-0.10275539755821228,0.6303492784500122
-0.19468076527118683,0.03152346983551979,-0.10590267181396484
0.14933407306671143,0.04487459734082222,-0.28885820508003235
0.5072863698005676,0.3608415126800537,-0.030505845323204994
0.33599981665611267,0.018652955070137978,-0.054334092885255814
0.28197193145751953,0.48522958159446716,0.37611088156700134
-0.26782840490341187,0.3015351891517639,-0.12902922928333282
-0.10625001788139343,0.11823365837335587,0.2761373817920685
0.3728139400482178,0.09016652405261993,0.17002050578594208
0.03683573752641678,-0.1238262802362442,0.23249875009059906
0.09790004789829254,-0.04322453588247299,0.048812683671712875
0.41067445278167725,-0.6042153835296631,-0.3337451219558716
0.8533280491828918,-0.04344910383224487,0.6492850184440613
-0.30752480030059814,-0.20214387774467468,0.3934125602245331
-0.8981940746307373,-0.1982029378414154,0.20007601380348206
-0.31549572944641113,-0.04546761512756348,-0.14276354014873505
0.09867862612009048,0.1409180760383606,0.34005746245384216
0.10560761392116547,0.36825108528137207,-0.08334451913833618
-0.4708428978919983,0.7836833596229553,0.17693284153938293
0.40193843841552734,0.14553184807300568,-0.34047481417655945
0.1607723981142044,0.07949715107679367,0.12051849067211151
0.16038790345191956,-0.15993870794773102,-0.018625367432832718
-0.7209481596946716,-0.19579991698265076,-0.26733553409576416
0.23633131384849548,-0.021517038345336914,0.27088791131973267
0.3885776698589325,0.2812538146972656,-0.03301458805799484
-0.18458811938762665,0.06873167306184769,0.04948553815484047
-0.42970341444015503,-0.41461795568466187,0.1371748447418213
0.17076891660690308,0.2455931454896927,0.2340366691350937
-0.033863067626953125,-0.316921204328537,-0.4165143668651581
-0.05485445633530617,-0.14561676979064941,0.02987697161734104
0.036776140332221985,-0.07650621980428696,-0.18043440580368042
0.12559233605861664,0.2136811912059784,0.49846380949020386
-0.3280958831310272,0.12957587838172913,0.2524917721748352
-0.4022046625614166,0.32566148042678833,-0.07026700675487518
-0.17661012709140778,0.24136388301849365,-0.2864551842212677
0.16154135763645172,-0.08419585227966309,0.1606006920337677
0.054242175072431564,-0.7339695692062378,-0.025488361716270447
-0.41652658581733704,0.1682162582874298,-0.16042214632034302
0.10090862214565277,-0.870556652545929,-0.09665589034557343
0.38623106479644775,-0.6908993721008301,0.3118447959423065
-0.2626378834247589,0.15062622725963593,-0.0957619771361351
-0.15315675735473633,0.2382880300283432,0.2395155280828476
0.2553548514842987,0.09247341006994247,0.035067472606897354
0.41491463780403137,0.09939407557249069,-0.11419786512851715
0.02803879976272583,0.34613507986068726,0.3662983179092407
-0.10980647057294846,0.12486597895622253,-0.2312820851802826
-0.5689818263053894,0.5027235150337219,-0.3053826093673706
0.5432437062263489,-0.3690953552722931,-0.3442799150943756
0.07518681138753891,0.17475245893001556,0.19962556660175323
-0.17497608065605164,0.22694580256938934,0.4450209140777588
0.2296028882265091,-0.19503095746040344,0.18871459364891052
-0.21631616353988647,0.268410861492157,0.2246645838022232
-0.18891353905200958,0.40188491344451904,0.38600295782089233
-0.1319141536951065,-0.2225130796432495,-0.09717494249343872
-0.3449169099330902,0.2850986421108246,0.11254049837589264
-0.2237091064453125,0.43177834153175354,-0.5023415684700012
-0.12066806107759476,0.10727594047784805,0.1489701122045517
-0.1475817859172821,-0.0314151868224144,-0.018067872151732445
0.25006821751594543,0.08343808352947235,-0.11997470259666443
-0.08817938715219498,0.2660667896270752,-0.40920090675354004
-0.24331769347190857,0.18417224287986755,-0.20936664938926697
0.2920728325843811,0.12746120989322662,0.5127857327461243
0.2445400059223175,-0.26902443170547485,-0.0913391262292862
-0.3199256360530853,0.09381908923387527,0.100717693567276
-0.0849112942814827,-0.0023301243782043457,-0.14981046319007874
-0.05678647756576538,-0.931208610534668,-0.09234008938074112
-0.2270733267068863,0.050209272652864456,-0.22195841372013092
-0.2820432782173157,-0.31951645016670227,0.43618613481521606
0.07685930281877518,0.0865139439702034,-0.13849709928035736
-0.07328072935342789,-0.8069249391555786,-0.02020174078643322
-0.4821767807006836,0.40678706765174866,-0.09952989220619202
0.6474381685256958,-0.054310739040374756,0.40686941146850586
0.04831155017018318,-0.20107822120189667,-0.019336657598614693
0.2696767747402191,0.05440973863005638,0.14195333421230316
-0.06465873122215271,-0.07926487177610397,-0.07103884965181351
0.5028648376464844,0.3830452859401703,-0.17545539140701294
-0.0676974356174469,-0.14812420308589935,-0.02509555220603943
-0.003208974376320839,-0.4945337474346161,-0.011656644754111767
0.42097023129463196,0.38554441928863525,0.2524917721748352
0.3384028673171997,0.2150268703699112,-0.15005075931549072
0.05483940243721008,0.35652440786361694,-0.24676579236984253
0.006683081388473511,-0.20541197061538696,-0.6127921938896179
-0.2016892433166504,0.2274731695652008,-0.09507119655609131
-0.3394380807876587,0.2348276972770691,-0.08689198642969131
0.35406219959259033,0.8151147365570068,-0.5025421380996704
0.2328626811504364,-0.014460516162216663,-0.2007158100605011
-0.14508263766765594,0.1715804785490036,0.35755133628845215
-0.5849378108978271,0.22430120408535004,-0.3320918381214142
-0.18814457952976227,-0.03005123883485794,0.0795712098479271
0.1119624599814415,-0.008356871083378792,-0.19639039039611816
-0.02165447361767292,-0.6708185076713562,-0.05233478546142578
-0.4614230990409851,0.056131571531295776,-0.23021644353866577
0.018264319747686386,-0.8232653737068176,-0.13458499312400818
0.010536241345107555,0.11486944556236267,0.2912282645702362
0.48095768690109253,-0.4430215358734131,0.3790906071662903
0.5837020874023438,0.2327130287885666,-0.18725895881652832
-0.38134655356407166,0.35344022512435913,-0.3264412581920624
-0.01117735356092453,0.1831149309873581,0.1455097794532776
0.3314405083656311,0.2254834771156311,0.787986695766449
0.12818758189678192,0.23626947402954102,-0.27530521154403687
0.00527845649048686,-0.8101930022239685,0.04342995211482048
0.4194118082523346,-0.43070149421691895,0.3472747802734375
-0.21927928924560547,0.7219741344451904,-0.17794360220432281
0.20114295184612274,0.10266216844320297,-0.35162481665611267
-0.22822676599025726,0.15091459453105927,0.07899449020624161
0.03157314658164978,-0.11559838056564331,0.07928284257650375
-0.36750519275665283,-0.10672646015882492,-0.24368160963058472
0.20200803875923157,-0.0027434411458671093,-0.10150997340679169
0.10842523723840714,0.007301136385649443,0.15829379856586456
0.5376687049865723,0.0665125846862793,-0.07181006669998169
-0.20957940816879272,-0.17800934612751007,-0.13276831805706024
-0.4444098174571991,-0.290372759103775,0.47886356711387634
-0.009561240673065186,-0.257682204246521,0.6283307075500488
0.3150058388710022,-0.6729414463043213,0.2948891818523407
0.2056606113910675,0.14860770106315613,-0.023556344211101532
0.17269133031368256,0.16706281900405884,0.18117046356201172
0.4363495111465454,0.1688891053199768,0.20673848688602448
0.16932711005210876,0.01813390478491783,0.049773890525102615
-0.1978527307510376,0.31489598751068115,-0.35691142082214355
0.25891128182411194,0.4014042913913727,0.3476509749889374
-0.06438959389925003,0.2612607777118683,0.19520403444766998
-0.06531104445457458,0.6069179773330688,-0.03693497180938721
-0.05222075432538986,-0.2237626314163208,-0.029064040631055832
-0.23620477318763733,0.43187445402145386,0.30872219800949097
-0.19823722541332245,0.12409700453281403,0.28286582231521606
0.04684090614318848,-0.11581945419311523,-0.05486275255680084
-0.4300878643989563,0.20351997017860413,-0.24638129770755768
0.05970181152224541,0.03735797852277756,0.07043977826833725
-0.16488343477249146,0.09699105471372604,-0.16278670728206635
-0.3250187039375305,-1.033296823501587,0.14535470306873322
-0.12239823490381241,0.15706628561019897,-0.057784806936979294
-0.4054727554321289,0.3239313066005707,0.057079046964645386
0.0889224112033844,0.1756175458431244,0.42339378595352173
0.006624141242355108,-0.5464386940002441,-0.08521852642297745
0.07028466463088989,0.09891346842050552,0.13974256813526154
-0.21996042132377625,0.08641782402992249,-0.03198610246181488
-0.18074330687522888,-0.05694572255015373,-0.11585113406181335
-0.33309412002563477,0.36574360728263855,-0.13751666247844696
0.0631057620048523,0.4192909896373749,0.5543180704116821
-0.5016014575958252,-0.05363789200782776,0.21482089161872864
-0.2168736606836319,0.18808305263519287,0.6098756790161133
0.02869468927383423,-0.006731152534484863,0.49385833740234375
-0.5838805437088013,0.5218514204025269,-0.20264652371406555
-0.38259610533714294,-0.009068161249160767,-0.04227098077535629
-0.18047288060188293,0.14563629031181335,0.20241175591945648
-0.6183794140815735,0.5305900573730469,-0.18149173259735107
-0.0869298204779625,0.17590588331222534,0.193185493350029
0.4408589005470276,0.6098977327346802,0.09582386910915375
0.16855815052986145,-0.07484333217144012,0.002684519626200199
-0.6105058193206787,0.5535711646080017,0.08688467741012573
-0.10615390539169312,0.2961524724960327,0.28815242648124695
-0.09087076038122177,-0.057301368564367294,-0.2177291363477707
-0.4069145619869232,0.14197538793087006,0.11032973229885101
0.12158410996198654,-0.7764548063278198,-0.061677683144807816
0.5019997358322144,0.22031350433826447,0.2825774550437927
-0.41566982865333557,-0.4532102942466736,0.2625158131122589
-0.03541761636734009,0.21674871444702148,0.8061534762382507
0.13828854262828827,0.6241235136985779,-0.10643002390861511
-0.22427749633789062,0.3847838044166565,0.15913835167884827
-0.8716648817062378,-0.11111786961555481,0.42263317108154297
0.030610980466008186,-0.0462878942489624,-0.004937829449772835
0.057913973927497864,0.1436094343662262,-0.21993988752365112
-0.057555437088012695,0.0280535239726305,0.09225910156965256
-0.01565656252205372,-0.7549238204956055,-0.07032563537359238
0.1668279767036438,-0.013835731893777847,0.23653578758239746
0.008037110790610313,-0.01062531303614378,-0.1354500651359558
0.7523055076599121,0.020663172006607056,-0.391100138425827
0.2749909460544586,-1.28993821144104,0.2596033811569214
0.19922055304050446,0.03340743109583855,0.3135282099246979
0.2772882282733917,0.4192909896373749,0.03449904918670654
-0.1278771013021469,0.038434527814388275,-0.329324871301651
-0.12018746882677078,0.35968804359436035,0.34467121958732605
0.09509333968162537,-0.1321214735507965,0.026801124215126038
0.4036685526371002,0.2490534782409668,-0.11087209731340408
-0.19356447458267212,0.15044230222702026,0.49453121423721313
-0.36364948749542236,-0.14293372631072998,0.376495361328125
-0.1889052391052246,0.44639694690704346,0.3641919493675232
-0.3172342777252197,0.12034831941127777,-0.15055057406425476
0.29572540521621704,0.16264128684997559,0.052849750965833664
0.2938990890979767,-0.020814072340726852,0.0057315342128276825
-0.533897876739502,0.2888268232345581,-0.29949742555618286
0.32436928153038025,0.04820996895432472,-0.12979818880558014
0.12166100740432739,-0.21482343971729279,0.028146810829639435
-0.0005272154230624437,0.15812362730503082,0.37129658460617065
-0.05705560743808746,-0.06072325259447098,0.046217430382966995
-0.2601085901260376,-0.4366609454154968,-0.2384033203125
0.09139269590377808,-0.950240433216095,-0.05770791321992874
0.5167061686515808,0.1504339873790741,0.04198813438415527
0.009613486006855965,-0.8921837210655212,0.03420238941907883
0.25823843479156494,0.06450237333774567,-0.04229981452226639
-0.24572069942951202,0.08151568472385406,-0.14255337417125702
-0.23245607316493988,0.11688797920942307,-0.43457669019699097
0.2388496696949005,-0.10033577680587769,0.26020893454551697
-0.1828579604625702,-9.051810775417835e-05,-0.17774303257465363
-0.24514396488666534,0.034070659428834915,0.1142706647515297
-0.22044101357460022,0.5269375443458557,0.5240318179130554
-0.30906403064727783,0.10045138746500015,0.18222779035568237
0.009603873826563358,-0.9053522348403931,-0.12480954825878143
0.09982246160507202,-0.37726691365242004,-0.007869500666856766
-0.3489539921283722,0.28952017426490784,-0.1427648365497589
0.15366780757904053,0.3588312864303589,-0.054621145129203796
-0.2565822899341583,0.14956890046596527,-0.0046783029101789
0.30812492966651917,0.07651741802692413,0.2103910595178604
0.4478839337825775,0.1511068493127823,-0.16662192344665527
-0.11682326346635818,-0.011259705759584904,0.057079046964645386
0.02417701482772827,0.5391530990600586,0.27168571949005127
-0.08846775442361832,-0.7316626906394958,-0.01443452201783657
0.2860172390937805,-0.027071509510278702,-0.09256116300821304
-0.12893442809581757,0.26856595277786255,-0.3402825891971588
0.058606043457984924,-0.4815574586391449,-0.05673709884285927
0.05347321182489395,-0.6676465272903442,-0.06775249540805817
-0.06704120337963104,0.24202580749988556,-0.12959504127502441
0.11355806142091751,-0.22155186533927917,-0.05327676236629486
-0.4373847544193268,0.35276737809181213,-0.13221082091331482
-0.15930846333503723,0.17830890417099,0.1708855926990509
0.4681653678417206,0.1511068493127823,-0.09370499849319458
-0.11134439706802368,0.18734422326087952,-0.2734789550304413
-0.1312413066625595,0.30182361602783203,-0.4641817808151245
-0.052894920110702515,0.5632792711257935,0.3411230742931366
0.014180511236190796,0.3889169692993164,0.12252873182296753
0.2882075011730194,0.35334280133247375,-0.2709881365299225
-0.2856285572052002,-0.392193078994751,0.6306376457214355
0.002615921199321747,-0.0814756378531456,-0.10323052108287811
-0.37683719396591187,-1.1008694171905518,0.35371485352516174
0.18768610060214996,-0.06274177879095078,0.09504659473896027
0.30187708139419556,0.14447452127933502,-0.12386756390333176
-0.2429332137107849,-0.09029949456453323,-0.094935342669487
0.17048056423664093,-0.09544192999601364,-0.07070627063512802
0.8454461693763733,0.7907962799072266,0.030637621879577637
-0.16854433715343475,-0.2701778709888458,-0.40774819254875183
-0.07991303503513336,-0.7313743829727173,-0.1067485362291336
-0.0876987874507904,-0.16974298655986786,-0.12603987753391266
-0.19938233494758606,0.1374494433403015,0.13079245388507843
-0.39768698811531067,0.017115026712417603,-0.12203167378902435
-0.09413885325193405,0.06661702692508698,-0.19110378623008728
-0.18655729293823242,-1.1041374206542969,-0.4433319568634033
-0.1966031789779663,-0.07206545770168304,0.01598757691681385
0.20316147804260254,-0.014124094508588314,-0.015463009476661682
0.5351696014404297,0.4310176968574524,-0.20072412490844727
-0.042338281869888306,-0.2555771768093109,0.04113137722015381
-0.020616374909877777,-0.5979592800140381,-0.034466009587049484
-0.06421658396720886,-0.8686342239379883,-0.05518956109881401
-0.12989561259746552,0.052323922514915466,0.09235522150993347
-0.3710533380508423,0.4345741271972656,-0.4222719967365265
-0.2904057502746582,-1.2657158374786377,-0.27540966868400574
0.0895555168390274,-0.4429253935813904,-0.4947563707828522
-0.28464943170547485,0.2109898328781128,-0.1264820545911789
0.37137213349342346,0.34123292565345764,0.22423240542411804
-0.35991171002388,0.06161876767873764,0.007365579716861248
-0.07809504866600037,0.5264652371406555,-0.11037096381187439
0.0792526975274086,0.23396261036396027,0.24403318762779236
0.3946319818496704,-1.2229423522949219,0.3280507028102875
0.048542238771915436,-0.7597298622131348,-0.1226276159286499
-0.02069327048957348,-0.7597298622131348,0.002867145696654916
0.36031830310821533,0.20108942687511444,-0.08467064052820206
-0.34665539860725403,-0.5621941685676575,-0.4299520254135132
-0.0692436695098877,0.08834023028612137,-0.04366472736001015
-0.380096971988678,0.16667833924293518,0.28152012825012207
0.27050212025642395,0.34654709696769714,0.20270973443984985
0.2884202301502228,0.026928922161459923,0.07168933749198914
0.04463975131511688,-0.14504003524780273,0.163388192653656
0.13000553846359253,0.4745602011680603,-0.11083495616912842
-0.06503360718488693,-0.8619058132171631,0.020168812945485115
0.21200455725193024,0.42216628789901733,0.3932120203971863
-0.19122043251991272,0.026659784838557243,-0.30096936225891113
0.09846716374158859,0.030869852751493454,-0.030092529952526093
0.38540568947792053,0.06488686054944992,-0.007273553870618343
-0.024614980444312096,-0.15619002282619476,-0.04060810059309006
0.08472195267677307,-0.0437464714050293,0.1156163439154625
0.5601525902748108,0.21195103228092194,-0.12690496444702148
0.49988508224487305,0.37266427278518677,-0.10835374146699905
0.057519882917404175,-0.36582857370376587,-0.059639934450387955
-0.22053715586662292,0.2574159502983093,0.4847186207771301
-0.1516188383102417,0.43985244631767273,0.42771923542022705
-0.27741315960884094,-0.4443672299385071,0.31901538372039795
0.07452358305454254,-0.9357262849807739,-0.12119542807340622
0.3330201208591461,0.07661354541778564,0.11753875762224197
-0.17276531457901,0.296729177236557,0.2795977294445038
-0.025979891419410706,-0.06209777295589447,0.10859956592321396
-0.11605430394411087,-0.03177179768681526,-0.0772501528263092
0.018234163522720337,0.5008971691131592,0.7174344062805176
-0.429511159658432,0.575678825378418,0.46040844917297363
-0.16815152764320374,0.1912851482629776,-0.23839500546455383
-0.24595007300376892,0.27179428935050964,0.07669591903686523
0.0018854060908779502,-0.07447808235883713,0.42281708121299744
0.10503218322992325,-0.8358572125434875,-0.02742038480937481
-0.18237735331058502,0.028976280242204666,-0.009445874020457268
0.006749097723513842,0.015923134982585907,0.19232040643692017
0.05820363759994507,0.4009320139884949,-0.5721332430839539
-0.15815500915050507,-0.09523046761751175,-0.06751219183206558
-0.522258996963501,0.06738598644733429,-0.0776471197605133
0.8077669739723206,-0.09842999279499054,0.644959568977356
-0.246201291680336,0.019989026710391045,-0.16392093896865845
-0.2757858335971832,0.5142579078674316,0.5079880952835083
-0.29205071926116943,0.1864791363477707,-0.050518106669187546
0.3812725245952606,0.047902390360832214,-0.09387801587581635
0.12037299573421478,-0.12981458008289337,0.09725736081600189
0.5284411907196045,-0.34730100631713867,-0.439871609210968
-0.021367430686950684,-0.3968164622783661,-0.5873202681541443
-0.680866003036499,0.3842070698738098,-0.22148612141609192
0.4208824634552002,0.3348780870437622,0.3893755078315735
-0.10922975093126297,0.3029770255088806,0.22365567088127136
0.298705130815506,0.1157345324754715,-0.06699313968420029
0.06566127389669418,-0.07978393137454987,-0.11304441839456558
0.22440409660339355,-4.010454631497851e-06,0.14522142708301544
0.14336630702018738,0.623546838760376,0.2719067931175232
-0.16296103596687317,-0.15599778294563293,-0.08599517494440079
-0.16497956216335297,-0.05874317139387131,-0.19369903206825256
0.2925534248352051,0.2354043871164322,0.1584860384464264
-0.04993179440498352,0.05565100908279419,0.0003597140312194824
0.03813108801841736,-0.05306112766265869,-0.5530053377151489
-0.22903288900852203,-0.19964474439620972,-0.018575996160507202
-0.3250187039375305,-1.2915722131729126,-0.4054124653339386
-0.25869694352149963,0.17552141845226288,-0.5442500114440918
0.03455864638090134,-0.663224995136261,-0.00803290493786335
0.24007169902324677,0.1415909230709076,-0.09851101785898209
-0.016367852687835693,-0.4659860134124756,-0.06722383201122284
-0.3094760477542877,-0.418020635843277,-0.4525306820869446
-0.2607154846191406,0.004580931272357702,0.056117840111255646
-0.3611612617969513,0.323835164308548,-0.2740556597709656
0.18288008868694305,0.26635515689849854,-0.27809271216392517
-0.04165712371468544,-0.011250095441937447,0.1640610247850418
0.41923877596855164,-1.0926991701126099,-0.2582041025161743
0.0010203240672126412,0.38381427526474,0.4077261984348297
0.03082052245736122,0.30115076899528503,0.32362085580825806
-0.1930467188358307,0.3539208471775055,0.32141008973121643
-0.22226731479167938,0.1300564706325531,-0.17313887178897858
-0.2156350016593933,0.19032394886016846,0.4116671085357666
0.19037747383117676,0.090550996363163,-0.09201327711343765
-0.0076016755774617195,-0.42955636978149414,-0.015011238865554333
-0.2114057093858719,0.3594958484172821,-0.4014151394367218
-0.4131706953048706,-0.532221257686615,0.26068952679634094
-0.12355168163776398,-0.08806949853897095,-0.016164688393473625
0.08699039369821548,0.19022782146930695,-0.2477186769247055
-0.09423498064279556,0.01622110791504383,0.14397186040878296
-0.031699057668447495,0.017624465748667717,-0.17292740941047668
0.1381841003894806,0.13226725161075592,0.1442602425813675
-0.48756784200668335,-0.05229221284389496,0.15517818927764893
-0.22457419335842133,-0.05807033181190491,-0.03781099617481232
-0.06312080472707748,0.09410745650529861,0.13282190263271332
-0.12279102206230164,0.012396812438964844,0.5870951414108276
0.2341122329235077,0.3347928822040558,-0.3197128474712372
-0.10692286491394043,-0.11787643283605576,-0.09164801985025406
0.4356766641139984,0.36439794301986694,0.19751091301441193
0.21969418227672577,-0.055321287363767624,0.028627406805753708
-0.003381989663466811,-0.36371392011642456,-0.06204294413328171
-0.07039712369441986,-0.2210712730884552,-0.08672665804624557
0.04550483077764511,0.03520487993955612,-0.14800339937210083
-0.05404704436659813,-0.04572751373052597,-0.12001314014196396
-0.1379697322845459,0.018922092393040657,-0.12096473574638367
-0.29752957820892334,-0.05865666642785072,-0.09339740872383118
0.014293253421783447,0.36046531796455383,0.11629749834537506
-0.09279315918684006,0.08190015703439713,0.23048019409179688
0.040208600461483,0.15033785998821259,0.15771709382534027
0.0014624767936766148,-0.021977128461003304,-0.07481350004673004
0.22584588825702667,0.0423274040222168,0.04804372042417526
0.17211461067199707,-0.04014868661761284,-0.18197235465049744
0.05817350000143051,-0.42667272686958313,-0.033716268837451935
-0.30579593777656555,0.04139503836631775,0.07043977826833725
-0.38749822974205017,0.32489249110221863,0.12224865704774857
-0.1495041847229004,-0.007232264149934053,0.11792324483394623
-0.09510006010532379,0.21896782517433167,-0.3743092119693756
0.4708567261695862,0.33238986134529114,-0.14840710163116455
-0.17314979434013367,0.1239047721028328,0.3362126350402832
-0.47997432947158813,0.10419178009033203,-0.7744666337966919
0.01284313015639782,-0.0686531811952591,0.5432559251785278
0.4390491843223572,-0.08785673975944519,0.4971264600753784
0.262504905462265,0.4037195146083832,-0.25637781620025635
0.36781567335128784,0.27615946531295776,0.15416061878204346
-0.27436456084251404,0.08430316299200058,-0.2538703680038452
0.17652779817581177,0.7131309509277344,-0.039626359939575195
-0.1720924824476242,-0.0015899984864518046,-0.06165846437215805
-0.5574474334716797,-0.45292192697525024,0.14564305543899536
-0.3858725130558014,-0.4871407747268677,0.30347272753715515
-0.46160709857940674,-0.08175439387559891,-0.35210540890693665
-0.07529925554990768,0.13813059031963348,-0.2815530598163605
0.2985045909881592,0.7749363780021667,-0.49812057614326477
0.026938222348690033,-0.043810874223709106,0.08428110182285309
0.038595050573349,0.31530797481536865,-0.2863866090774536
0.623015284538269,0.218583345413208,-0.14712870121002197
0.41289612650871277,0.08766737580299377,0.0516963005065918
-0.4028775095939636,0.1810963898897171,-0.36027565598487854
0.5391983389854431,0.4084210991859436,-0.13069212436676025
0.041256312280893326,0.13015258312225342,0.34322941303253174
-0.19842945039272308,0.02083488553762436,0.14522142708301544
0.35583779215812683,-0.471088707447052,-0.3681754469871521
0.5816918611526489,-0.283269464969635,-0.4827412962913513
0.3097589612007141,0.19118903577327728,0.11936504393815994
0.039151277393102646,0.0865139439702034,-0.18658611178398132
0.5353618264198303,0.3470276892185211,0.05582115054130554
-0.5604271292686462,0.3942036032676697,-0.08211158215999603
-0.21169407665729523,0.08459153026342392,-0.08837223798036575
0.15308275818824768,0.21944843232631683,-0.22686056792736053
0.054530538618564606,-0.5435551404953003,-0.025363408029079437
0.6390756964683533,-0.16090822219848633,0.2427753210067749
0.054520927369594574,0.02519875392317772,0.16117742657661438
-0.11854514479637146,0.09544479846954346,-0.649894654750824
0.1874060481786728,0.15928539633750916,-0.27752429246902466
-0.3753871023654938,0.28086933493614197,-0.0926380604505539
-0.2774404287338257,0.16725505888462067,0.05592559650540352
-0.36971598863601685,0.1442822962999344,-0.13906420767307281
-0.2297646850347519,0.46657395362854004,-0.5553038716316223
0.11348116397857666,-0.1712809056043625,0.14272227883338928
-0.43305933475494385,0.1537982076406479,0.05861696973443031
-0.4713152050971985,0.0626760870218277,-0.13816067576408386
0.4008811116218567,0.13918791711330414,0.16761747002601624
-0.15546363592147827,0.1437055617570877,-0.20388779044151306
0.38053110241889954,-0.3461715877056122,-0.462459921836853
0.1511603593826294,0.032648079097270966,-0.2340695858001709
-0.059727758169174194,0.2131044864654541,0.16117742657661438
-0.38500744104385376,-1.0714565515518188,-0.36203333735466003
0.5086403489112854,-0.4108019769191742,-0.330380916595459
-0.37943243980407715,0.20319315791130066,0.12043069303035736
0.0009145913645625114,0.07334545254707336,0.2552792727947235
-0.04845283925533295,0.0796893984079361,-0.23233941197395325
-0.2383277267217636,0.11641569435596466,-0.2682967483997345
0.11784502863883972,-0.7350268959999084,-0.09850139915943146
0.2709154486656189,0.1891884207725525,-0.23542357981204987
0.19633693993091583,0.07920879125595093,0.07716820389032364
-0.43585509061813354,0.026238173246383667,-0.6882467269897461
0.670026421546936,0.39199280738830566,0.15422660112380981
0.35012954473495483,0.12909527122974396,-0.351048082113266
-0.11643877625465393,0.19637952744960785,-0.3285559117794037
0.20479552447795868,-0.01015432272106409,0.09437374025583267
-0.09115912020206451,0.23626947402954102,0.23663192987442017
-0.07799062877893448,-0.2694198191165924,-0.061052899807691574
-0.1284538209438324,-0.07374756038188934,-0.12194516509771347
-0.39614906907081604,0.3159533143043518,-0.1298750936985016
0.24400436878204346,0.12235850095748901,-0.483798623085022
-0.20179365575313568,0.17619425058364868,0.34053805470466614
0.3528868854045868,-0.6899381875991821,-0.33174580335617065
0.0662187710404396,-0.8045219779014587,0.049101050943136215
-0.0293441042304039,-0.7929874658584595,-0.14726325869560242
0.37608203291893005,0.2587616443634033,-0.15719251334667206
-0.45238780975341797,-0.4933885931968689,0.2563929557800293
0.027445107698440552,0.3488924503326416,0.46723300218582153
0.21594549715518951,-0.07741936296224594,-0.09514680504798889
-0.32492387294769287,0.12851853668689728,-0.30039265751838684
-0.16882437467575073,0.05835066735744476,0.18261227011680603
0.06990979611873627,-0.08876156806945801,0.005145198665559292
0.19998951256275177,-0.05428318679332733,0.213755264878273
0.17383643984794617,0.42525047063827515,-0.2356158196926117
-0.005812525749206543,0.36325281858444214,0.07850557565689087
-0.2175574153661728,-0.016604000702500343,-0.1173025444149971
-0.46373000741004944,-0.10275539755821228,-0.38550883531570435
0.1382802128791809,-0.17502960562705994,0.06919020414352417
0.07811848074197769,-0.2490423023700714,-0.022768156602978706
0.09983207285404205,0.13294008374214172,-0.18725895881652832
0.27592459321022034,-0.0018014603992924094,0.11590471118688583
0.10047607868909836,-0.7597298622131348,-0.014444132335484028
-0.47237253189086914,0.4002508819103241,0.14301066100597382
0.05374234914779663,-0.5767166614532471,-0.06792550534009933
0.0006550665711984038,-0.6084364056587219,-0.08287414908409119
0.8120923638343811,-0.11928808689117432,-0.405047208070755
0.39213284850120544,-0.426296591758728,0.5588357448577881
-0.22861126065254211,0.09814450889825821,0.04006573185324669
-0.8308137059211731,0.2377196103334427,-0.13909432291984558
-0.4285416603088379,0.017730198800563812,-0.04995100200176239
0.15519742667675018,-0.02916693314909935,0.02872352860867977
-0.47141963243484497,0.40131649374961853,-0.11871680617332458
0.25160616636276245,0.027544088661670685,-0.0805211216211319
0.7314473986625671,-0.16023537516593933,-0.046162545680999756
-0.1625765562057495,0.18330715596675873,0.4123399257659912
0.4081272780895233,0.31995058059692383,-0.566077709197998
0.3266738951206207,-0.31081756949424744,0.33458688855171204
0.3616434633731842,-0.3102216124534607,0.27115705609321594
-0.18410751223564148,0.10371949523687363,0.23576684296131134
0.014092694967985153,-0.6979244947433472,-0.08680451661348343
-0.1360473334789276,-0.05209164693951607,0.0850500762462616
0.19047360122203827,0.13524696230888367,0.13589775562286377
0.14770834147930145,-0.2731480002403259,-0.2540709376335144
0.3432088792324066,0.1245776116847992,0.2054889053106308
0.2680427134037018,0.11121688038110733,0.46847426891326904
0.2097937911748886,-0.09128953516483307,0.13378310203552246
-0.15892398357391357,-0.12690213322639465,-0.010781942866742611
-0.2831115126609802,0.2117587774991989,-0.18831628561019897
-0.32290536165237427,0.21531525254249573,0.06246177852153778
0.4843218922615051,-0.4181551933288574,0.3283390700817108
-0.3680819272994995,0.10900610685348511,0.0289157722145319
0.09961099177598953,-0.888242781162262,-0.02742038480937481
0.12761086225509644,-0.0823311135172844,0.06746003776788712
0.058796972036361694,0.19039955735206604,-0.33223602175712585
-0.1589156687259674,0.4380344748497009,-0.1928422600030899
-0.2593614459037781,-0.06978608667850494,0.4520459771156311
-0.3259895145893097,0.1929275095462799,-0.3230469226837158
-0.3728962540626526,0.15044230222702026,-0.36711812019348145
-0.06312080472707748,0.17206108570098877,0.12638182938098907
-0.20688803493976593,0.39727112650871277,0.283154159784317
0.31548646092414856,-0.43285199999809265,-0.409391850233078
0.10768510401248932,-0.17589469254016876,-0.0033614556305110455
-0.5225473642349243,0.1599499136209488,0.10129441320896149
-0.46554797887802124,0.3764130175113678,0.09591168165206909
-0.48631829023361206,-0.3124035596847534,-0.5366648435592651
-0.236589252948761,0.45773082971572876,0.3539949059486389
-0.34231075644493103,-1.2875351905822754,0.32237958908081055
0.01835082657635212,-0.064952552318573,-0.051604267209768295
-0.13643181324005127,0.4069792926311493,0.39109736680984497
0.25295183062553406,0.12813407182693481,-0.36296701431274414
-0.2734033465385437,-0.008135794661939144,-0.03184192255139351
-0.1244167685508728,0.1592770665884018,-0.11328471451997757
-0.20246651768684387,0.444658488035202,0.428680419921875
-0.020683657377958298,-0.11680949479341507,-0.07497786730527878
0.2315169870853424,0.4867591857910156,0.4621303081512451
0.052886880934238434,-0.8605601191520691,0.03708599880337715
0.1328013688325882,-0.11365674436092377,-0.0018523645121604204
-0.44036445021629333,0.3663203716278076,-0.08331822603940964
-0.13595952093601227,-0.221944659948349,-0.6244227290153503
0.3607027530670166,0.24886125326156616,-0.06226402148604393
-0.3144467771053314,0.25078365206718445,-0.13639205694198608
-0.2804201543331146,0.0933384895324707,-0.10758478194475174
-0.04049539566040039,0.2639200985431671,-0.3342737853527069
0.7771045565605164,-0.1804206669330597,0.16774113476276398
0.0664302408695221,0.15149131417274475,0.38158145546913147
0.29034265875816345,0.00343709927983582,-0.038483839482069016
0.07451396435499191,-0.7597298622131348,-0.07935518026351929
0.1745259165763855,0.44697368144989014,0.6181420087814331
-0.13758525252342224,0.25972288846969604,-0.40170353651046753
0.1548212468624115,0.6135503053665161,0.618238091468811
-0.33770790696144104,0.07584457844495773,0.05246526375412941
0.38069581985473633,0.15543225407600403,-0.38488245010375977
0.2626599967479706,0.43812230229377747,0.39513441920280457
0.06261426210403442,-0.8786307573318481,-0.12799113988876343
0.22007867693901062,0.3701651990413666,0.35284146666526794
0.1913386732339859,-0.06068480387330055,-0.04151162877678871
-0.009745159186422825,-0.7152261137962341,-0.01694326102733612
0.6212934255599976,0.36796271800994873,-0.5611755847930908
0.3832910656929016,0.08709066361188889,-0.06306181848049164
-0.4458516240119934,0.3698851466178894,-0.07219454646110535
-0.3027200996875763,0.05902351438999176,0.0040878779254853725
0.0952567458152771,0.1403413563966751,0.16790585219860077
-0.4532445967197418,0.39236897230148315,-0.1576058268547058
-0.10211683809757233,0.044230587780475616,0.1980876475572586
-0.5363970398902893,-0.01874619722366333,-0.39640599489212036
-0.4021168351173401,-0.06007795035839081,-0.609524130821228
-0.27311500906944275,0.06690538674592972,0.172807976603508
0.19105030596256256,0.07190364599227905,-0.28337931632995605
0.38896217942237854,0.16350635886192322,0.24480213224887848
0.2795771658420563,0.3913116455078125,-0.3802686631679535
-0.06828247755765915,0.13909178972244263,0.16281145811080933
-0.14911970496177673,0.10468068718910217,0.2975722551345825
0.33903592824935913,0.3122705817222595,0.19541418552398682
-0.11739998310804367,-0.056426674127578735,0.02122613973915577
0.011697977781295776,0.6364269256591797,-0.45714446902275085
-0.1658446490764618,0.3628600239753723,0.3626457452774048
-0.3033723831176758,-0.45982593297958374,0.35928982496261597
0.08528906106948853,0.059407997876405716,0.11475126445293427
0.1914348006248474,0.10583413392305374,-0.0453948937356472
0.2470884919166565,0.01804739609360695,0.31804588437080383
-0.2651280164718628,-0.41085004806518555,0.5903632044792175
-0.3753871023654938,-0.02126583829522133,-0.09108090400695801
0.011670460924506187,-0.08260025829076767,0.04929329454898834
0.21527265012264252,0.26520174741744995,0.23836208879947662
0.20220859348773956,-0.3239668309688568,-0.5527169704437256
-0.3541816174983978,-1.2531239986419678,-0.3274203836917877
-0.2546515464782715,0.1515791416168213,0.43887752294540405
0.04855185002088547,-0.7606910467147827,0.020168812945485115
0.15067975223064423,-0.12196153402328491,-0.1173313781619072
0.5373720526695251,0.16706281900405884,0.08312766253948212
0.07451396435499191,-0.8318201303482056,-0.13356611132621765
-0.14047716557979584,0.15726685523986816,0.22896501421928406
0.38636690378189087,0.10256604850292206,0.21490871906280518
0.10282011330127716,-0.1723465472459793,-0.16600802540779114
-0.10000219941139221,0.2381918877363205,0.17184677720069885
0.32638779282569885,0.15283699333667755,-0.08294912427663803
-0.0769416093826294,0.31976795196533203,-0.5357036590576172
-0.3831811547279358,-1.0431010723114014,0.1465177685022354
-0.17363040149211884,-0.20088598132133484,-0.1081230565905571
-0.37799063324928284,0.22029298543930054,-0.21475771069526672
-0.3230976164340973,-0.12323995679616928,-0.19956237077713013
0.6211889982223511,0.48416396975517273,-0.15664462745189667
-0.10576111078262329,0.20459651947021484,-0.5829948782920837
0.5317970514297485,0.19887866079807281,-0.17324461042881012
-0.056123241782188416,-0.01382612157613039,0.0687096118927002
-0.5296685695648193,0.6019197106361389,0.8806467652320862
-0.0076016755774617195,-0.6415979266166687,-0.015011238865554333
0.22997906804084778,0.01793205365538597,-0.03884909674525261
0.45308277010917664,0.2590169906616211,0.499625563621521
-0.14969642460346222,0.32431572675704956,0.23980388045310974
-0.6288564801216125,0.12015607208013535,-0.13907381892204285
-0.021808266639709473,-0.5507641434669495,-0.04084840044379234
0.25285568833351135,-0.01861291565001011,0.029780855402350426
-0.011898254975676537,0.14274436235427856,0.12051849067211151
0.2715017795562744,-0.13457123935222626,-0.5999120473861694
0.11552853137254715,0.005715152248740196,-0.06649331748485565
0.07387956976890564,-0.08826174587011337,0.0523691400885582
0.28630557656288147,0.020190881565213203,-0.1266646683216095
0.6945288777351379,0.5388564467430115,-0.19648651778697968
-0.5279301404953003,0.20618382096290588,0.11792324483394623
0.09916883707046509,0.036742810159921646,0.1939544677734375
0.010690033435821533,-0.9521628618240356,-0.11923456937074661
0.3769471049308777,0.3024003207683563,0.19222429394721985
-0.06363024562597275,-0.36034971475601196,-0.06450362503528595
0.20123907923698425,0.00224520661868155,0.2783481478691101
-0.020203057676553726,-0.4082176387310028,-0.06150466948747635
-0.6617380380630493,-0.18224695324897766,0.4052353501319885
0.2491070181131363,0.17446409165859222,-0.03393734619021416
-0.13095295429229736,-0.14157970249652863,-0.124127097427845
0.13587720692157745,-0.1796433925628662,-0.054526329040527344
0.6981814503669739,0.28817448019981384,-0.19773608446121216
0.3140830993652344,-0.24846427142620087,-0.23205935955047607
-0.24668189883232117,0.14197538793087006,-0.4717752933502197
-0.17420712113380432,0.26914265751838684,-0.328844279050827
0.44605767726898193,0.10785266757011414,-0.08044615387916565
0.03471916541457176,-0.10302583128213882,-0.1397274285554886
0.4643205404281616,0.1953222006559372,0.27113914489746094
-0.3645254969596863,0.13784222304821014,-0.2776121199131012
-0.06760963052511215,-0.8406631946563721,-0.09233047813177109
0.08023183047771454,-0.2969377934932709,0.38774144649505615
-0.08673758059740067,0.05628408119082451,0.11984564363956451
-0.20890657603740692,-0.12056780606508255,-0.08637677878141403
-0.16440284252166748,0.21406568586826324,0.19991391897201538
-0.15930846333503723,-0.05606141686439514,0.04093082249164581
-0.5144731998443604,0.4309132695198059,-0.1223200261592865
-0.3604884147644043,0.3908310830593109,-0.1673043668270111
-0.3893328309059143,-0.43675708770751953,0.3331450819969177
0.5488187074661255,0.2675294280052185,-0.09441496431827545
0.6136999130249023,-0.19599217176437378,0.7672246694564819
0.21757954359054565,0.4548472762107849,0.4254123568534851
-0.5689735412597656,0.09795226156711578,-0.13541162014007568
0.13348253071308136,-0.47483736276626587,-0.44893577694892883
-0.14969642460346222,0.05873515084385872,-0.142063170671463
0.20604510605335236,0.0001305581972701475,0.028531290590763092
-0.13286706805229187,-0.18974432349205017,0.3813014030456543
-0.01704201102256775,0.5257923603057861,-0.34782674908638
0.12158410996198654,-0.24865782260894775,-0.008138637989759445
0.27140694856643677,0.12515433132648468,0.07178545743227005
0.315910667181015,0.2124316543340683,-0.08534348756074905
0.01955329440534115,-0.16820505261421204,-0.03314915671944618
0.7809493541717529,-0.12255619466304779,0.6098756790161133
0.023881595581769943,-0.058541323989629745,-0.1399485170841217
-0.3666292130947113,-0.17859436571598053,-0.5165756940841675
-0.4260425269603729,0.3334471881389618,0.0966806411743164
0.1000915989279747,-0.3474695682525635,-0.043241795152425766
0.2560276985168457,-0.01381650846451521,-0.15354953706264496
-0.41413190960884094,0.31206873059272766,-0.5950099229812622
0.02016846463084221,0.021411610767245293,-0.1830296665430069
0.6797345876693726,0.42400091886520386,-0.0073133111000061035
-0.2631184756755829,0.1798468381166458,-0.16312313079833984
-0.18410751223564148,0.15091459453105927,0.3736995756626129
0.6242648363113403,0.2526099383831024,-0.19043093919754028
0.1603795886039734,0.6955409646034241,-0.07807451486587524
-0.4805510640144348,0.6531518697738647,-0.07740166783332825
-0.22620825469493866,0.11679185926914215,-0.12218546122312546
0.35286766290664673,-1.2530279159545898,0.3269933760166168
0.014853328466415405,0.335301011800766,0.41907668113708496
0.2757323682308197,0.052314311265945435,0.19030189514160156
-0.32910382747650146,0.10113255679607391,-0.3644651770591736
-0.31463903188705444,0.26702800393104553,-0.2559850215911865
-0.16084638237953186,0.29249992966651917,-0.369599312543869
0.043976519256830215,-0.6199707984924316,-0.07857564836740494
-0.1599896252155304,0.16424518823623657,0.3472747802734375
0.083107128739357,-0.0005422850954346359,0.06419194489717484
0.27669355273246765,0.06863555312156677,-0.08696983754634857
0.12626518309116364,-0.07523743063211441,0.023148544132709503
-0.2291879951953888,0.27539047598838806,-0.14029453694820404
-0.10798018425703049,0.12294356524944305,-0.08307889103889465
0.11819106340408325,0.09208892285823822,0.1258050948381424
0.27871206402778625,-0.0384531244635582,-0.04995100200176239
-0.11836118996143341,-0.07659272104501724,-0.0757160633802414
0.21479204297065735,0.18128862977027893,0.15319941937923431
0.17740952968597412,0.21551579236984253,0.09813076257705688
-0.5126552581787109,-0.08968301117420197,0.7620341777801514
-0.10115563124418259,0.018508775159716606,0.09620002657175064
-0.20496565103530884,0.3771819472312927,-0.44178569316864014
-0.07759785652160645,-0.018073350191116333,-0.22696498036384583
0.18537920713424683,0.2022428959608078,0.20520055294036865
-0.3238665461540222,-0.12358596920967102,-0.24396999180316925
0.06269115209579468,-0.16907013952732086,0.12753526866436005
-0.11807282269001007,0.1451473832130432,0.18607260286808014
0.23305492103099823,0.04920962452888489,0.004837618209421635
-0.13825809955596924,0.15898869931697845,-0.24368160963058472
0.01396773848682642,-0.08102387189865112,0.10446639358997345
0.26199546456336975,-0.5982393026351929,-0.26733553409576416
-0.14259183406829834,0.5815421938896179,-0.043855637311935425
0.640998125076294,-0.28512459993362427,0.20184463262557983
-0.25417929887771606,0.12553882598876953,-0.06031277775764465
0.048542238771915436,-0.014979565516114235,-0.15253067016601562
-0.012023212388157845,-0.7606910467147827,-0.113967165350914
-0.5858907103538513,0.5018500685691833,-0.1733599603176117
-0.29267418384552,-0.3813314735889435,0.07956290245056152
-0.07222340255975723,-0.1299779713153839,-0.15138684213161469
0.0922468900680542,0.35083407163619995,0.23972567915916443
-0.1475817859172821,-0.010952122509479523,0.0238213911652565
0.07391801476478577,-0.15820853412151337,-0.025411469861865044
0.13126343488693237,0.177636057138443,0.1708855926990509
0.2829331159591675,0.49407267570495605,-0.46629512310028076
-0.21063674986362457,0.4968518614768982,0.4898129999637604
-0.16978557407855988,-0.08130262792110443,-0.017404641956090927
0.10598377883434296,0.15735465288162231,-0.2231118530035019
0.616968035697937,0.496379554271698,0.3709203898906708
0.348359614610672,-0.38405168056488037,0.7354089021682739
-0.20640744268894196,0.05921575427055359,-0.3423011302947998
0.26092982292175293,-0.05235116928815842,-0.007984844036400318
-0.2481800615787506,-0.02268710732460022,-0.006368696689605713
0.033276401460170746,-0.5118353962898254,-0.08451588451862335
0.3293675184249878,0.09343461692333221,0.17251962423324585
-0.4225904941558838,0.273255318403244,-0.15381738543510437
-0.31387004256248474,0.2552052140235901,0.10581207275390625
-0.2857535183429718,-0.25708627700805664,0.5256742238998413
-0.35529792308807373,-0.08748316764831543,-0.3129844069480896
-0.08500741422176361,-0.7714565396308899,0.0072021749801933765
-0.34651121497154236,-0.2500022053718567,-0.3466348648071289
0.15952284634113312,-0.1148294135928154,0.12984216213226318
0.44548094272613525,0.2969214618206024,-0.13611331582069397
-0.09471557289361954,-0.09325999766588211,0.024109750986099243
-0.02165447361767292,-0.5063565969467163,-0.05233478546142578
-0.08395008742809296,-0.18723690509796143,-0.04886484146118164
-0.9229931235313416,-0.08372355997562408,0.4383968710899353
-0.033669520169496536,-0.9053522348403931,-0.12480954825878143
0.046975474804639816,-0.502031147480011,-0.015876322984695435
-0.07741390913724899,0.17109987139701843,-0.25214019417762756
0.09181562811136246,-0.7597298622131348,-0.1226276159286499
-0.4328670799732208,0.043471235781908035,-0.1343735158443451
0.09208476543426514,-0.007876267656683922,-0.2374337911605835
0.18057319521903992,-0.054658059030771255,-0.08604708313941956
0.0036347985733300447,0.09256953001022339,-0.23589585721492767
-0.44537103176116943,-0.07920590043067932,-0.6076016426086426
-0.24223022162914276,0.1937541514635086,0.044094473123550415
0.052877265959978104,-0.7972167730331421,-0.14672499895095825
0.2383415400981903,0.1389956772327423,-0.055352963507175446
-0.27244216203689575,0.02845723368227482,0.007980754598975182
0.33446189761161804,0.249918594956398,0.15906277298927307
0.27880820631980896,0.5510637164115906,0.5406606793403625
-0.2332250326871872,0.11179360002279282,-6.452535308199003e-05
-0.14585161209106445,-0.052476126700639725,-0.2312820851802826
0.16298316419124603,0.040875986218452454,0.08668412268161774
-0.49660319089889526,0.12139731645584106,0.620448887348175
-0.0692436695098877,-0.0630878210067749,-0.03190920501947403
-0.3041618764400482,0.1913812756538391,-0.09416636824607849
0.4447203278541565,-0.4765675365924835,0.3174774646759033
0.7234693765640259,-0.11496268212795258,-0.03328242897987366
0.07427366077899933,-0.21886049211025238,0.008922731503844261
0.24535833299160004,-0.029858998954296112,-0.10355733335018158
-0.2646563947200775,0.046864282339811325,0.07812941074371338
-0.04044600948691368,-0.17579856514930725,0.004203221295028925
-0.18074330687522888,0.32364287972450256,-0.39439836144447327
-0.5894554853439331,0.19336965680122375,0.03872835636138916
0.22180883586406708,-0.01570046879351139,-0.0627734586596489
0.5732332468032837,0.3149331212043762,-0.016076862812042236
-0.20949161052703857,-0.6661003232002258,0.20334412157535553
0.5211360454559326,0.025180816650390625,0.0005519390106201172
0.5055645108222961,-0.38928061723709106,-0.24974551796913147
-0.2285151183605194,0.09276176244020462,-0.3831522762775421
-0.05099041759967804,-0.7597298622131348,-0.0404062457382679
-0.25610169768333435,-0.11986612528562546,-0.23483853042125702
-0.1876639723777771,0.21733377873897552,-0.11589919030666351
0.1682697832584381,-0.06382793933153152,0.05794413015246391
-0.19554585218429565,-0.03250231221318245,0.03843168541789055
0.10459963977336884,-0.0022820632439106703,-0.10743098706007004
-0.06323614716529846,0.0449899397790432,-0.1706685870885849
0.41972067952156067,0.28067710995674133,-0.08880093693733215
-0.05099041759967804,-0.7597298622131348,-0.09666550904512405
-0.008503913879394531,0.5094519257545471,-0.3317842483520508
-0.14652445912361145,0.26222196221351624,0.2729654014110565
0.10757937282323837,-0.8146145939826965,-0.07069474458694458
0.1381841003894806,-0.010663759894669056,0.06188506260514259
0.05949995666742325,-0.6329470872879028,-0.040713831782341
0.2888047397136688,0.1559128612279892,0.09360478073358536
0.02178713120520115,-0.14532840251922607,-0.0699036717414856
-0.20640744268894196,0.16667833924293518,-0.2021576315164566
0.1906658411026001,0.3975594639778137,0.36303019523620605
-0.20573461055755615,0.0898781567811966,-0.14939714968204498
-0.15354125201702118,-0.01327823381870985,-0.10014506429433823
0.34484291076660156,0.1824420690536499,-0.11817724257707596
-0.09279315918684006,-0.05902192369103432,-0.10303828120231628
0.09217127412557602,-0.07415127009153366,0.08870264142751694
-0.33222904801368713,0.12265520542860031,0.21212123334407806
-0.06423580646514893,-0.01449896302074194,0.12984216213226318
-0.43104076385498047,0.011616944335401058,-0.0908021554350853
0.12375771999359131,0.46485206484794617,-0.07142558693885803
0.24872252345085144,0.025429440662264824,0.16636793315410614
-0.19612255692481995,-0.08535890281200409,-0.04917242377996445
-0.01633901707828045,-0.8605601191520691,0.03708599880337715
0.06836225837469101,-0.010904060676693916,0.1476244330406189
0.24569344520568848,-0.0818011611700058,-0.6528743505477905
0.3490722179412842,0.08545661717653275,0.21606215834617615
-0.008024603128433228,-0.11872228980064392,0.02805068902671337
0.2886124849319458,0.08709066361188889,0.17300021648406982
-0.20852209627628326,0.24203673005104065,0.5206676721572876
-0.5692701935768127,-0.32557204365730286,0.31513211131095886
-0.297433465719223,0.11054403334856033,0.23326769471168518
-0.3470315635204315,0.2532827854156494,0.08197421580553055
-0.08865998685359955,-0.03871937468647957,0.06822899729013443
-0.10096340626478195,-0.03416327014565468,-0.03933930769562721
-0.11711163073778152,-0.18454553186893463,-0.09424327313899994
0.3060378134250641,-0.3298301696777344,-0.3331107199192047
0.031246336176991463,-0.9899381995201111,-0.06635874509811401
-0.0043047452345490456,0.1762903779745102,0.407630056142807
-0.22248709201812744,0.15572892129421234,0.5227906107902527
0.16115687787532806,0.05902351438999176,-0.08817038685083389
-0.1658446490764618,0.04127007722854614,-0.34383904933929443
0.41020476818084717,0.35497817397117615,0.2278849482536316
0.07956989854574203,-0.20838338136672974,0.0585208497941494
-0.17699460685253143,0.2707767188549042,0.24489827454090118
0.05667401850223541,0.19859029352664948,0.22682762145996094
0.03609080612659454,0.08016999810934067,0.2768102288246155
-0.03678382560610771,-0.09092427790164948,-0.10180794447660446
-0.5914740562438965,-0.4375426769256592,-0.471149206161499
-0.10625001788139343,0.2008971869945526,0.21856127679347992
0.07920464128255844,-0.7315665483474731,0.05333034694194794
0.6505057215690613,0.26289480924606323,-0.16137373447418213
0.13049447536468506,-0.21049802005290985,-0.017933299764990807
-0.3010847270488739,0.23015493154525757,0.1645333170890808
-0.04112846776843071,0.12140564620494843,0.07966732978820801
-0.07280012965202332,0.07180751860141754,-0.08023852854967117
0.09103705734014511,-0.9532201886177063,-0.0014582658186554909
0.400112122297287,0.14332108199596405,0.2788287401199341
-0.15863561630249023,-0.0846572294831276,-0.16358451545238495
0.3534347712993622,-0.2280963659286499,-0.2063952386379242
0.06313330680131912,-0.11616548150777817,-0.09607917070388794
0.19306884706020355,-0.012134402059018612,-0.20590631663799286
-0.6513486504554749,0.5532745122909546,-0.18485595285892487
0.03447694331407547,-0.4468580484390259,-0.008350103162229061
0.5778470039367676,-0.22886532545089722,0.7160886526107788
0.05149313434958458,-0.7282024025917053,-0.07000075280666351
-0.10490433126688004,0.26846981048583984,0.19770315289497375
0.15000692009925842,0.2701038420200348,-0.3006809949874878
-0.4918849468231201,0.40236547589302063,-0.13903535902500153
-0.3924003839492798,0.12092503160238266,0.05832860618829727
0.40587934851646423,0.11486944556236267,-0.14987774193286896
0.04475509375333786,-0.0771598368883133,-0.07915429025888443
0.12477531284093857,0.20205064117908478,-0.25223633646965027
0.30842161178588867,-0.41107112169265747,0.25445133447647095
-0.2913765609264374,0.30236056447029114,-0.29829591512680054
0.2069101780653,0.2976904511451721,-0.2823219895362854
-0.20640744268894196,0.5452965497970581,0.556328296661377
0.14222946763038635,0.16543708741664886,-0.3497299253940582
0.2716952860355377,0.4940643608570099,0.4646294414997101
0.40597546100616455,0.1437055617570877,0.2150048315525055
-0.576383113861084,-0.3891364336013794,0.22623038291931152
-0.18545320630073547,0.06642477959394455,0.21760007739067078
-0.07722166180610657,0.007378033362329006,0.17857520282268524
0.3618933856487274,-0.5989121198654175,-0.26647046208381653
-0.22832290828227997,0.051776036620140076,-0.11040110886096954
0.07451396435499191,-0.21713033318519592,-0.04930699244141579
-0.27571025490760803,0.05652438849210739,-0.22167006134986877
-0.26443883776664734,-1.0755897760391235,0.357271283864975
0.11803726851940155,-0.7324317097663879,0.007971136830747128
-0.1087491437792778,-0.10561147332191467,-0.05095065012574196
0.21267740428447723,-0.03281373903155327,0.24412930011749268
-0.3046424686908722,0.10602638125419617,-0.2754013240337372
-0.05974698066711426,-0.906313419342041,-0.0450873076915741
-0.15315675735473633,-0.046374402940273285,-0.1416882872581482
-0.004400867037475109,-0.6488069295883179,-0.07986750453710556
-0.24101080000400543,0.2191600799560547,-0.2347424328327179
0.04422643408179283,-0.7307975888252258,-0.14878197014331818
-0.025547349825501442,-0.0706140398979187,0.0673639178276062
0.505363941192627,0.23184795677661896,0.32016053795814514
0.03604466840624809,0.04206787794828415,0.19135922193527222
-0.5451356768608093,0.07267260551452637,-0.10902658849954605
0.0636991411447525,0.27274587750434875,-0.2637791037559509
0.030278407037258148,-0.4728105366230011,-0.08548670262098312
-0.06962815672159195,-0.823073148727417,0.020168812945485115
-0.008851240389049053,-0.046830013394355774,-0.11726410686969757
-0.2596279978752136,-0.44628962874412537,0.356790691614151
0.16173359751701355,-0.10125721246004105,0.06880573183298111
-0.0005272154230624437,-0.5334624648094177,-0.01044552307575941
-0.13066460192203522,0.08026611059904099,-0.17111073434352875
-0.06992483139038086,0.22393594682216644,-0.30564913153648376
-0.16026967763900757,-0.09630701690912247,0.01728520356118679
0.2913038432598114,0.025929264724254608,0.15742871165275574
0.12117080390453339,-0.05058255419135094,0.09966036677360535
-0.34674322605133057,0.25972288846969604,-0.05788093060255051
0.26852333545684814,0.16917745769023895,-0.09435861557722092
-0.1977566033601761,0.15475940704345703,0.3083377182483673
-0.15277226269245148,0.09545313566923141,0.2599891424179077
-0.1100948378443718,0.3300829827785492,0.3156428635120392
0.5565000176429749,0.17532917857170105,-0.1393621861934662
0.36925747990608215,0.050074707716703415,-0.056996624916791916
0.3266761302947998,0.1511068493127823,0.5786282420158386
0.38524100184440613,-0.6924372911453247,-0.3530268669128418
-0.16007742285728455,0.027678661048412323,0.1482972800731659
0.7654739618301392,0.05718889832496643,0.12225697934627533
0.2118123173713684,0.09353073686361313,-0.31548354029655457
0.1581854671239853,-0.1587935835123062,-0.14430147409439087
0.19442284107208252,0.5882706642150879,-0.7385176420211792
0.28832414746284485,0.10227768123149872,-0.10225009173154831
0.1260729432106018,-0.7381988763809204,-0.05770791321992874
0.3791578710079193,0.11881039291620255,0.1429145336151123
-0.13883481919765472,0.06709762662649155,0.20529666543006897
0.34417006373405457,0.10141259431838989,-0.31884777545928955
-0.20496565103530884,-0.03809459134936333,-0.01132021751254797
-0.5072725415229797,-0.180324524641037,0.37063202261924744
-0.2070719599723816,0.35652440786361694,0.1887434422969818
-0.07654882222414017,-0.8047142028808594,-0.07934365421533585
-0.24331769347190857,0.14947278797626495,-0.14759968221187592
0.04497617110610008,0.10381560027599335,0.30939504504203796
0.3151980936527252,0.35777395963668823,0.1279953569173813
-0.2667236030101776,-0.6819767951965332,0.2154841274023056
0.5414174199104309,-0.2884407341480255,0.4060043394565582
0.3443622887134552,0.032917216420173645,-0.019846096634864807
-0.09884874522686005,0.1702347993850708,-0.30529478192329407
0.2382454127073288,0.09852899610996246,0.07937896251678467
-0.1999853253364563,-0.030167877674102783,0.2921977937221527
0.6617600917816162,-0.24318726360797882,0.16663575172424316
0.4153074622154236,-0.5045385360717773,0.3765915036201477
0.5270954966545105,0.23938249051570892,-0.22398525476455688
-0.4501687288284302,0.17234943807125092,0.12772750854492188
0.09565083682537079,-0.9228461384773254,-0.09233047813177109
0.05089718848466873,-0.047366365790367126,-0.0429149866104126
0.15577413141727448,-0.12622928619384766,-0.03702281042933464
0.08479884266853333,-0.1666671335697174,0.16848255693912506
-0.19343118369579315,0.18878602981567383,0.37533360719680786
-0.06028525531291962,0.08363032341003418,-0.1925455778837204
0.056827813386917114,-0.6835063695907593,-0.03102489933371544
0.4191330671310425,-0.23780453205108643,-0.32498854398727417
0.3722372353076935,0.2280992716550827,-0.1352962851524353
0.5002778768539429,0.22295552492141724,-0.12796099483966827
-0.10586553812026978,-0.2414487898349762,-0.07725976407527924
0.25746950507164,0.05854291468858719,0.38677194714546204
-0.12960726022720337,0.2341548502445221,-0.37132948637008667
0.2853443920612335,-0.0005711209960281849,0.036701519042253494
-0.1570976823568344,0.3220088481903076,-0.48292526602745056
0.04876331612467766,-0.3858216106891632,-0.016078177839517593
0.6694497466087341,-0.25922974944114685,0.3221873641014099
0.026918036863207817,-0.8664234280586243,-0.12944255769252777
-0.5660021305084229,-0.11044502258300781,-0.2159111499786377
0.3377299904823303,0.18205760419368744,-0.061264365911483765
0.01505389902740717,-0.5893084406852722,-0.005428043194115162
0.22623038291931152,-0.03766205161809921,0.10859956592321396
0.35715463757514954,-0.33233508467674255,0.3294925093650818
0.21421532332897186,0.1143888533115387,-0.0753815695643425
0.2837282717227936,0.2580057978630066,-0.16121865808963776
-0.1455632448196411,-0.04354365915060043,-0.05350745469331741
-0.2604271173477173,0.18263430893421173,-0.12269490212202072
-0.4369124174118042,-0.18762969970703125,0.10495530068874359
-0.10162794589996338,0.4690813422203064,-0.02480718493461609
-0.1891057789325714,0.06046531721949577,-0.1289331167936325
0.2401953637599945,-0.6646751165390015,-0.32767030596733093
0.10343658924102783,0.1627373993396759,0.39157795906066895
-0.30387353897094727,0.34286701679229736,-0.12390601634979248
-0.37260788679122925,-0.462901771068573,0.35861697793006897
0.18634042143821716,-0.04254304617643356,0.007442479953169823
-0.20342771708965302,0.27885082364082336,0.5321059823036194
0.22873781621456146,0.18052798509597778,-0.24945716559886932
-0.36029618978500366,0.14803098142147064,0.2511461079120636
0.09723681956529617,-0.9095814824104309,-0.05770791321992874
0.004394149407744408,0.1340935379266739,0.32237130403518677
-0.3872182071208954,-0.1640802025794983,-0.42290639877319336
0.16769306361675262,0.2424212098121643,-0.25204411149024963
-0.7595884799957275,-0.3700757622718811,-0.08718934655189514
0.38013702630996704,-0.22031061351299286,-0.04789271950721741
0.41674095392227173,0.08468765765428543,-0.07864581793546677
0.316391259431839,0.18292267620563507,-0.1417844146490097
-0.21880698204040527,-0.004819642752408981,-0.16416123509407043
0.5157532691955566,-0.34444528818130493,-0.4744461178779602
-0.2906268239021301,0.027583837509155273,0.6379427909851074
-0.5324477553367615,0.465036004781723,-0.17300431430339813
