0.3804333508014679,-0.05876385420560837,-0.13193286955356598
-0.7720476388931274,0.04914429783821106,0.7735382318496704
-0.365281879901886,-1.2890808582305908,0.39879563450813293
-0.06851211190223694,0.3167693614959717,-0.35086947679519653
0.679533839225769,0.7101321816444397,0.8134771585464478
0.6761156320571899,0.7659927606582642,-0.880886435508728
-0.5208099484443665,-0.4964093565940857,-0.14714288711547852
-0.3943365514278412,0.687194287776947,0.20145756006240845
0.8204895853996277,0.7466529607772827,0.2461550235748291
-0.5948328971862793,0.132898211479187,0.014267134480178356
0.17012415826320648,-0.5761982798576355,-0.09000594168901443
0.11617057025432587,0.03449002653360367,-0.5423866510391235
0.26699507236480713,-0.288178026676178,0.019989103078842163
-0.1899552196264267,0.24223463237285614,0.15608739852905273
-0.04378317669034004,0.372801810503006,0.33726000785827637
-0.2199103981256485,-0.020803848281502724,-0.2516597807407379
0.002515431959182024,-0.6343976259231567,0.26412853598594666
-0.21297860145568848,-0.20964941382408142,-0.22076010704040527
0.09682078659534454,-0.9692093133926392,0.23859000205993652
0.24352547526359558,0.26926636695861816,-0.2692905068397522
-0.3851613998413086,0.04662558436393738,-0.17501217126846313
-0.46143320202827454,-0.0039197406731545925,0.3613673150539398
-0.1417335569858551,-0.04530596733093262,-0.025151073932647705
0.35555151104927063,0.07245807349681854,-0.3485647737979889
-0.4461492896080017,0.7261437177658081,0.3575812578201294
0.3411240577697754,0.2862674295902252,0.18299125134944916
-0.5576905608177185,-0.1731286346912384,-0.22877487540245056
0.5368690490722656,-1.1343622207641602,0.41138899326324463
0.45249342918395996,0.5865373015403748,0.4044466018676758
0.38132381439208984,-1.17106294631958,-0.46251675486564636
0.6564160585403442,-0.4771685004234314,0.45843419432640076
0.5853455066680908,0.14675089716911316,-0.009912129491567612
0.086000457406044,0.004086037166416645,-0.23780709505081177
-0.37184035778045654,0.3777492344379425,0.19081713259220123
0.5239077806472778,0.36488601565361023,-0.33963343501091003
-0.2215295433998108,0.17940370738506317,0.470479816198349
0.18451657891273499,0.21700389683246613,0.42325469851493835
-0.10467305779457092,0.20980671048164368,-0.34466084837913513
0.350909948348999,-0.0624869167804718,-0.428138792514801
-0.1444401741027832,-0.0979921892285347,-0.5115329623222351
0.3833009898662567,0.13810548186302185,-0.08840382099151611
-0.13841333985328674,-0.11470268666744232,0.3871837258338928
0.24567633867263794,-0.20973935723304749,-0.5591259002685547
-0.8109071850776672,-0.28296080231666565,-0.5778360366821289
-0.4821303188800812,-1.0733745098114014,0.4685988426208496
-0.16809770464897156,0.1669902503490448,-0.6310799717903137
-0.07733550667762756,0.18965831398963928,-0.26119476556777954
0.2843639850616455,0.17022854089736938,-0.04269086569547653
0.3077436089515686,0.2206999659538269,0.3821544051170349
0.26457440853118896,0.057158082723617554,0.24469877779483795
-0.10073120892047882,-0.44267165660858154,-0.09081649780273438
-0.024255454540252686,0.021079063415527344,-0.4203289747238159
-0.09541598707437515,-0.05139673501253128,-0.020922329276800156
-0.31877636909484863,-0.3567958474159241,-0.5015562176704407
0.012374237179756165,-0.4852561950683594,0.052685901522636414
0.12504982948303223,0.5188929438591003,0.09177127480506897
-0.365281879901886,0.5985009670257568,-0.17934592068195343
-0.049981892108917236,-0.4197787344455719,-0.7152836322784424
-0.2534627616405487,0.3969991207122803,0.419476717710495
-0.43139705061912537,-1.1795185804367065,-0.39203888177871704
-0.04071679711341858,0.08775000274181366,0.04058825969696045
0.19872908294200897,0.3875540792942047,-0.4702446460723877
0.3443883955478668,-1.165665864944458,0.5471274852752686
-0.44110390543937683,0.20854836702346802,0.3097345232963562
0.190453439950943,-0.5912203788757324,0.12461201101541519
-0.06527379155158997,-0.3365725576877594,0.4624820649623871
0.00023962973500601947,0.26611801981925964,0.5195039510726929
-0.2559814155101776,0.20890815556049347,-0.4413698613643646
-0.09739495068788528,-0.012105426751077175,0.2048497498035431
0.8026790022850037,0.6919617652893066,-0.003578484058380127
0.49225252866744995,-0.3880974054336548,-0.25622841715812683
-0.21478310227394104,0.2593715786933899,0.26250937581062317
0.5766280889511108,0.3399771451950073,-0.03855401277542114
-0.3579876720905304,0.09889610856771469,-0.10665617138147354
-0.3415343761444092,-0.2655099928379059,-0.6947743892669678
0.4247790575027466,-0.6893506646156311,0.29813143610954285
0.12065821886062622,0.10725370049476624,-0.004551887512207031
0.06560720503330231,0.11661580204963684,0.1970319002866745
0.4505064785480499,0.2485772669315338,-0.17834840714931488
-0.14803825318813324,-0.580875813961029,0.12865987420082092
0.11166296899318695,0.7517802715301514,0.4162464141845703
0.07211177796125412,0.21286608278751373,-0.47357290983200073
0.29002296924591064,0.27882736921310425,-0.4060265123844147
-0.06403055787086487,-0.48965585231781006,0.22322610020637512
-0.7325583696365356,0.5165541172027588,0.4034731686115265
0.16602230072021484,0.3875540792942047,0.33501121401786804
0.08907773345708847,0.11769621074199677,0.2827487289905548
-0.11196726560592651,0.20710909366607666,-0.042430002242326736
0.013328701257705688,-0.208120197057724,0.7828933000564575
0.6829520463943481,0.2986888885498047,0.4016740918159485
-0.8308766484260559,-0.2485988885164261,0.4973836839199066
0.45185571908950806,-0.17362436652183533,-0.003837629221379757
-0.25975942611694336,0.08513335138559341,0.30991441011428833
-0.6647341251373291,0.3601265549659729,-0.16691642999649048
0.3396848440170288,0.4127407968044281,-0.35258662700653076
0.08717973530292511,0.21970249712467194,-0.18842311203479767
0.19036348164081573,0.3531021773815155,0.5411825776100159
-0.8914147019386292,-0.2908766269683838,-0.417450487613678
-0.5739719271659851,0.6046177744865417,0.3564189374446869
-0.6115721464157104,0.24694815278053284,0.7455629706382751
0.21015305817127228,0.018658367916941643,-0.11205332726240158
-0.25409242510795593,0.19703441858291626,-0.2642531394958496
-0.036227162927389145,-0.12073221057653427,-0.31606584787368774
0.5382183194160461,-0.4118574857711792,0.5742931962013245
-0.6411665678024292,0.15286670625209808,0.06606088578701019
-0.05160905420780182,-0.17540541291236877,0.10572196543216705
0.43629395961761475,0.10285402089357376,-0.08507653325796127
0.5549495220184326,0.16581088304519653,0.07091832160949707
0.6388752460479736,0.09780865907669067,0.6491338014602661
0.7292776107788086,0.04266771674156189,-0.777890682220459
0.34966960549354553,0.3836861252784729,-0.18068717420101166
0.14672747254371643,-0.7335254549980164,0.25747203826904297
0.6954554319381714,0.3335905075073242,0.04607534408569336
0.5017794370651245,0.22950731217861176,0.1086004450917244
0.4985411763191223,-0.09111980348825455,0.20377030968666077
-0.08687049150466919,0.17418643832206726,-0.48193851113319397
0.12381653487682343,0.14432217180728912,-0.33405637741088867
-0.15712347626686096,0.09107023477554321,-0.15190234780311584
-0.011220335029065609,-0.6213545203208923,-0.04319459944963455
0.33997172117233276,-0.37622368335723877,0.19469313323497772
0.44079160690307617,0.2122364193201065,-0.33504587411880493
-0.2000308632850647,0.06003657728433609,-0.47357290983200073
-0.33766642212867737,0.2906831204891205,0.7958464622497559
-0.5448272824287415,0.21589651703834534,0.5710549354553223
-0.002692827023565769,-0.048284370452165604,0.32790493965148926
0.2016075700521469,0.23499442636966705,0.23831212520599365
-0.7364263534545898,-0.22422173619270325,0.33080044388771057
0.24334558844566345,0.06912178546190262,0.08242423832416534
0.04356884956359863,-0.2950144410133362,0.2687511146068573
0.10948807001113892,0.2663419246673584,0.0026443004608154297
-0.3664512634277344,-0.4947362542152405,0.5609802007675171
0.26898208260536194,-0.15887212753295898,-0.07480394840240479
0.4311116933822632,-1.001772165298462,-0.49085184931755066
0.007497817277908325,-0.3988557457923889,-0.2631657123565674
0.5781572461128235,-0.9898984432220459,0.3412529230117798
-0.01760697178542614,0.12687137722969055,-0.6359374523162842
-0.3065428137779236,-1.2750482559204102,0.2159489393234253
-0.12770897150039673,0.35454145073890686,0.5194140672683716
0.335816890001297,0.08468359708786011,-0.20425477623939514
0.05965432524681091,-0.012203395366668701,0.33299529552459717
0.10359518975019455,-0.026012102141976357,-0.3890174329280853
-0.3680623769760132,0.12552209198474884,0.2078181803226471
-0.478622168302536,-1.1791586875915527,-0.2501026391983032
-0.5605690479278564,0.43136900663375854,-1.0420814752578735
-0.343145489692688,0.2636893093585968,0.45896589756011963
0.1388026475906372,-0.9477925300598145,0.13963410258293152
0.2896791994571686,0.3866625428199768,0.13685359060764313
0.0466281957924366,-0.034314729273319244,0.1453910619020462
-0.2565211057662964,0.1964946985244751,-0.06596160680055618
-0.3591570258140564,-0.009676705114543438,-0.29501697421073914
0.47830185294151306,-0.019481545314192772,-0.012254496105015278
-0.29429125785827637,-0.6422315835952759,-0.2734723389148712
0.5351518988609314,0.3647060692310333,-0.19220112264156342
0.05296086147427559,-0.6212645769119263,0.09321855008602142
0.31197941303253174,0.2881564199924469,0.4471821188926697
0.00574473338201642,0.29652202129364014,-0.3762441575527191
-0.39325714111328125,-1.1882439851760864,0.49666404724121094
-0.051069341599941254,-0.8062970638275146,-0.1849149614572525
-0.5105553269386292,0.16751998662948608,-0.08703845739364624
-0.057627856731414795,0.12204894423484802,0.5036803483963013
0.417044073343277,0.08000606298446655,0.21429477632045746
-0.1954433023929596,0.3243173658847809,-0.1778087019920349
-0.46818768978118896,-0.45132511854171753,-0.5422147512435913
-0.29564955830574036,0.004527777433395386,-0.30050310492515564
-0.046309858560562134,0.30786406993865967,0.07495012879371643
-0.15739333629608154,0.10375355184078217,-0.33684492111206055
-0.06258328258991241,-0.03371204808354378,-0.20947201550006866
-0.15784311294555664,0.2801506221294403,-0.37345564365386963
-0.19826683402061462,0.1591273993253708,-0.5919585227966309
0.24425312876701355,0.6653357744216919,0.04276317358016968
-0.23664161562919617,-0.016962870955467224,0.10437268018722534
0.004963099956512451,0.4547567069530487,0.6345614194869995
-0.08534932136535645,0.6575099229812622,-0.46413591504096985
0.1854160875082016,0.21412540972232819,0.5913761258125305
-0.33199140429496765,-0.026956606656312943,-0.1570296436548233
-0.7961548566818237,-0.10755318403244019,0.7346787452697754
0.4103876054286957,0.15619593858718872,0.038743242621421814
-0.3979266285896301,0.15619593858718872,-0.22368453443050385
-0.38120347261428833,-1.0650088787078857,0.5592710971832275
0.3227817714214325,-0.10323543846607208,-0.1647735834121704
-0.250944048166275,0.42038676142692566,0.2864367663860321
0.8359614610671997,-0.48998674750328064,0.41111913323402405
0.12831418216228485,-0.03404487669467926,0.2646682560443878
-0.2427583932876587,0.05266045778989792,-0.6013056635856628
0.5681725144386292,0.24836041033267975,0.45771458745002747
-0.22593724727630615,-0.6940362453460693,0.06885938346385956
0.022134101018309593,0.26009121537208557,0.3687434494495392
-0.7535173892974854,-0.4123450517654419,-0.4701627492904663
0.1972898542881012,-0.06375622749328613,-0.5022677779197693
-0.3253268003463745,-0.15171989798545837,-0.156767800450325
-0.43669620156288147,-0.11283257603645325,0.289585143327713
-0.47303709387779236,0.2618902325630188,-0.19687865674495697
0.543255627155304,-0.2403232455253601,-0.865054726600647
0.5431656837463379,-0.4146353602409363,0.46554046869277954
-0.36752262711524963,0.4108518064022064,0.3564199209213257
0.03930605202913284,0.3658754825592041,0.44385385513305664
0.1089833527803421,0.012001867406070232,-0.02939586713910103
0.03433167189359665,-0.10778263211250305,0.021049560979008675
0.3476906418800354,0.0076841493137180805,-0.023216120898723602
0.09538154304027557,0.3807256817817688,-0.1170087605714798
-0.05682631582021713,0.3940306603908539,0.2073684185743332
-0.32326599955558777,0.2582021951675415,0.18910804390907288
-0.31391093134880066,0.20432057976722717,0.3307834267616272
-0.27028390765190125,-0.018582018092274666,-0.39531412720680237
-0.3811054825782776,0.09646738320589066,0.36379602551460266
0.29093050956726074,0.2536146342754364,-0.1401185542345047
-0.22197933495044708,0.2709754705429077,0.5602525472640991
0.14107747375965118,-0.10800294578075409,0.6556103229522705
-0.015628013759851456,0.05652841925621033,-0.5293435454368591
-0.2089361846446991,-0.20442412793636322,0.32997384667396545
-0.13679419457912445,-0.5761083364486694,0.0019526212709024549
0.34652119874954224,0.29148465394973755,-0.3959437906742096
-0.11538547277450562,0.3674946427345276,0.025070443749427795
0.7915248870849609,0.14656296372413635,-0.8330315947532654
0.4896358847618103,0.2294173538684845,-0.025536900386214256
0.10469261556863785,-0.5834844708442688,0.21456462144851685
-0.14794832468032837,-0.08549777418375015,-0.13544102013111115
0.29021090269088745,0.2767324447631836,0.31810009479522705
0.5097852349281311,-0.03636564686894417,-0.19921742379665375
0.28292471170425415,0.18839895725250244,0.1360359936952591
-0.42528027296066284,-0.27270618081092834,0.3774048984050751
-0.11943333595991135,-0.6518484354019165,0.2306661754846573
0.07815838605165482,-0.19634638726711273,0.09339845925569534
0.5112324953079224,-1.2021865844726562,-0.28636255860328674
0.0006453990936279297,0.1375657618045807,-0.2480517327785492
-0.5080366730690002,-1.0892060995101929,-0.32561787962913513
0.21231192350387573,-0.021217629313468933,-0.25633731484413147
0.001560986042022705,0.6334025859832764,-0.5404157042503357
-0.13913294672966003,-0.7124765515327454,-0.1540612131357193
0.061002619564533234,-0.5730499625205994,-0.13948887586593628
-0.4409239888191223,0.05131117254495621,-0.17834840714931488
0.43998199701309204,0.3832363188266754,0.41407954692840576
-0.332800954580307,-0.04968763515353203,0.0419815368950367
0.13773316144943237,0.09070238471031189,0.03988465666770935
0.23965750634670258,0.38035786151885986,0.4286518692970276
0.190453439950943,0.18722958862781525,-0.14002859592437744
0.1646280437707901,0.05059155076742172,0.18146206438541412
0.025696223601698875,0.08369411528110504,0.18029268085956573
-0.09811456501483917,-0.5833945274353027,-0.11277294903993607
0.06281966716051102,0.18659989535808563,0.5791425704956055
-0.2771202623844147,0.2770023047924042,-0.34808897972106934
-0.7377756834030151,0.5793410539627075,-0.09685936570167542
0.32655173540115356,0.39870816469192505,-0.4786103069782257
-0.14030233025550842,-0.12088514119386673,0.20305068790912628
-0.14039230346679688,-0.03932509198784828,-0.392345666885376
0.3600141406059265,0.25397440791130066,-0.26209428906440735
-0.15595409274101257,0.3526524603366852,0.29983970522880554
-0.2237783670425415,0.3083057999610901,-0.04834888502955437
-0.31624963879585266,0.3135230541229248,0.29183393716812134
0.15059542655944824,0.13100920617580414,-0.44973546266555786
0.5378584861755371,-0.37532609701156616,-0.39443162083625793
0.09637102484703064,-0.4565693438053131,-0.2947731018066406
0.33656251430511475,-1.0568231344223022,0.5849975347518921
-0.08938916772603989,0.0714605525135994,-0.24977079033851624
0.017240675166249275,0.18291184306144714,-0.35393592715263367
-0.14982929825782776,0.20032569766044617,0.12343460321426392
-0.05574687942862511,0.1914573460817337,-0.14110802114009857
-0.48356151580810547,-0.011835571378469467,-0.0715656504034996
0.4350346326828003,0.11679669469594955,-0.27099958062171936
0.2322733998298645,0.4883989691734314,0.17400403320789337
0.15051446855068207,-0.08086521178483963,0.1524973213672638
0.17848974466323853,-0.07965084910392761,-0.1604478359222412
0.43908247351646423,0.3050675094127655,0.2588213086128235
-0.46512120962142944,0.09376880526542664,0.2803199887275696
0.1573328971862793,-0.6212645769119263,0.02101358026266098
0.07854434847831726,0.16223976016044617,0.08764950931072235
-0.0411665141582489,0.1460123062133789,-0.42158833146095276
0.14137528836727142,0.3120838403701782,-0.28746092319488525
0.11796962469816208,-0.14010800421237946,0.3159412443637848
-0.8682069182395935,0.3025568425655365,0.6281747817993164
-0.39487630128860474,-0.6699209213256836,-0.3157266676425934
-0.33477991819381714,-0.07206784188747406,0.337889701128006
-0.14990831911563873,-0.5540618896484375,-0.08651481568813324
0.007642731070518494,0.36920374631881714,0.5612419843673706
-0.24212872982025146,0.3325030505657196,0.17129741609096527
-0.4268014430999756,0.15997393429279327,-0.04441795498132706
0.8165316581726074,-0.4077727496623993,-0.3666452467441559
0.46023836731910706,-1.2039856910705566,-0.3926505446434021
-0.2234625667333603,0.48758938908576965,0.32811084389686584
-0.28668126463890076,-1.2657831907272339,0.47264671325683594
0.3067541718482971,-0.3721937835216522,-0.09928809106349945
0.28797009587287903,-0.40763241052627563,0.7197465896606445
-0.06878194212913513,0.01379290223121643,-0.29785847663879395
-0.06959959119558334,-0.06646379083395004,0.08872092515230179
0.11443543434143066,0.7229053974151611,0.2322123646736145
-0.010320806875824928,0.2067493051290512,-0.5525513291358948
0.38673004508018494,-0.05221530422568321,0.19810329377651215
0.484148770570755,-0.04160989075899124,0.10392291098833084
0.26763278245925903,0.3755004107952118,-0.26893070340156555
-0.16881732642650604,0.2168239802122116,-0.13481134176254272
0.19055142998695374,0.15609797835350037,0.25962287187576294
-0.5297071933746338,0.08180510252714157,0.08629219979047775
-0.4370560050010681,0.05427960306406021,0.14305229485034943
-0.4336458444595337,-0.34714198112487793,0.6007392406463623
0.3305896520614624,0.16949895024299622,-0.10017156600952148
0.21267174184322357,-0.03225481137633324,-0.40035146474838257
-0.27577102184295654,0.3691137731075287,0.5201336145401001
-0.09100831300020218,0.19730426371097565,-0.3676086962223053
-0.03406830504536629,0.3065067529678345,-0.13337209820747375
-0.3292028307914734,0.07298974692821503,0.006621162407100201
0.21348130702972412,0.07685770839452744,0.44547298550605774
0.08596447855234146,0.2134058028459549,0.46328359842300415
0.2878721356391907,0.1855204850435257,-0.22134576737880707
0.32294368743896484,0.2883443534374237,-0.021552950143814087
0.8312839269638062,-0.09666891396045685,-0.5814341306686401
0.5390278697013855,-0.009684741497039795,0.9441782832145691
0.09445779770612717,0.3135230541229248,0.5209432244300842
0.2926476299762726,0.2219862937927246,0.524639368057251
0.06272071599960327,-0.036779433488845825,-0.48544666171073914
-0.3042859435081482,0.0029166601598262787,-0.5306029319763184
0.3984239101409912,-0.07426268607378006,0.02730127051472664
-0.07805512845516205,0.30083972215652466,0.5941646695137024
0.30559277534484863,-0.04572971910238266,-0.20578396320343018
-0.12258168309926987,0.04843267798423767,-0.03526977077126503
0.7244201898574829,0.3230660557746887,0.09502561390399933
-0.09901409596204758,-0.004549406468868256,-0.5158506631851196
0.2036845088005066,0.6873741149902344,0.1257733702659607
0.07244361937046051,-0.30472931265830994,-0.44929373264312744
0.3863702416419983,0.19271670281887054,-0.11870981752872467
-0.688661515712738,0.04167822003364563,0.8349758386611938
0.45332100987434387,0.015591949224472046,0.12370449304580688
-0.15973210334777832,0.25172561407089233,-0.2642531394958496
-0.0740891695022583,0.4394647479057312,-0.02236253023147583
-0.3207472860813141,0.20441052317619324,-0.17591968178749084
0.4945013225078583,-0.1790655106306076,-0.015632152557373047
0.8581798076629639,0.35877725481987,0.13892249763011932
0.07959763705730438,0.1327182948589325,-0.5363598465919495
-0.22233912348747253,0.27889129519462585,0.4477218687534332
0.2604445815086365,0.6978086829185486,-0.1931086778640747
0.04731183871626854,0.06003657728433609,-0.44928571581840515
0.2939889132976532,-0.07674538344144821,-0.004623814951628447
0.3006454110145569,0.06489402055740356,-0.10692602396011353
0.2640346884727478,-0.7886663675308228,0.021751193329691887
0.6821424961090088,-0.08821335434913635,0.41885504126548767
0.3657711148262024,-0.1372295320034027,-0.05366508662700653
-0.1259918212890625,0.28159791231155396,-0.7845471501350403
0.1189330518245697,0.5850080847740173,0.16796115040779114
0.3529878556728363,-0.6924090385437012,-0.2308167964220047
-0.5508541464805603,0.4060923457145691,0.18929597735404968
-0.4719656705856323,0.7275829911231995,0.6654151678085327
-0.269654244184494,-0.18063166737556458,0.2526146173477173
-0.23025493323802948,0.09961573034524918,-0.2569669783115387
-0.5639871954917908,0.6953799724578857,0.14953690767288208
-0.019683927297592163,0.6971790194511414,0.2462199330329895
-0.17493410408496857,-0.06753423810005188,0.041324879974126816
0.5400993227958679,0.00030803028494119644,0.21942207217216492
-0.4117793142795563,0.2698060870170593,0.38619425892829895
0.47587308287620544,0.43981653451919556,-0.16278661787509918
0.01658305525779724,0.7232652902603149,-0.12267577648162842
0.024095064029097557,-0.7463886737823486,-0.21217060089111328
-0.4244626462459564,-0.019571492448449135,0.06738416105508804
0.43314558267593384,0.3596687614917755,-0.37984225153923035
-0.26299771666526794,0.18030321598052979,0.22661830484867096
0.13023017346858978,0.03404027223587036,0.3367202877998352
-0.03532763570547104,-0.6218042373657227,0.17345628142356873
-0.02049347758293152,0.5801506042480469,0.39924538135528564
-0.2525631785392761,0.08909127116203308,-0.3591531813144684
-0.32380568981170654,0.07523857057094574,0.12245314568281174
-0.2905232310295105,0.05095135420560837,0.22005173563957214
0.09538521617650986,0.2252795398235321,-0.286471426486969
-0.3348698914051056,0.18075300753116608,0.0980759933590889
0.33851543068885803,0.09035059809684753,0.031169230118393898
0.2796044945716858,-1.1931912899017334,-0.4523521065711975
-0.29467806220054626,-0.3114757835865021,0.3599091172218323
-0.344674676656723,0.21790343523025513,-0.031257886439561844
0.2849036753177643,-0.04332798719406128,-0.09516022354364395
-0.24635650217533112,-0.12649817764759064,0.37369081377983093
-0.7086310386657715,-0.3628567159175873,-0.05897325277328491
0.10923424363136292,0.28942376375198364,-0.850212574005127
-0.048992425203323364,0.14350458979606628,-0.03218340873718262
-0.5531928539276123,-0.44286057353019714,-0.4953494668006897
-0.429500013589859,-0.04684513062238693,-0.23618794977664948
-0.04522241652011871,0.2792511284351349,0.43440884351730347
-0.19115158915519714,0.6128934025764465,0.015761345624923706
-0.6086037158966064,0.22937141358852386,0.2409917414188385
0.4418880343437195,-1.0973918437957764,-0.47007280588150024
0.189741849899292,-0.3626587986946106,0.7636433839797974
-0.27757003903388977,-0.0698460191488266,0.18110226094722748
-0.38227489590644836,-0.000141733733471483,-0.06668122857809067
0.41957977414131165,-0.15837641060352325,0.4958544969558716
-0.688661515712738,0.4695988893508911,0.12406426668167114
0.21383309364318848,0.28366681933403015,0.007951498031616211
0.4791114032268524,-0.030500739812850952,-0.10944470018148422
0.005196021404117346,0.14998920261859894,-0.44910579919815063
-0.19355431199073792,-0.6791940927505493,0.16527059674263
0.18596383929252625,0.3070544898509979,-0.42023903131484985
-0.5864753723144531,0.17746874690055847,-0.03126785159111023
0.23381058871746063,0.0554489940404892,-0.1958891749382019
0.2950683534145355,0.20980769395828247,0.251625120639801
-0.5956505537033081,0.6712726354598999,0.25435870885849
-0.10009352117776871,0.12498237192630768,-0.5613666772842407
0.27860701084136963,0.20261147618293762,0.4261332154273987
0.22229667007923126,0.2838387191295624,0.4860416352748871
0.19207258522510529,-0.044758230447769165,-0.039596494287252426
-0.48356956243515015,0.4670802056789398,-0.8384287357330322
-0.017247162759304047,-0.004729314707219601,-0.12554623186588287
0.7013024091720581,0.10785441100597382,0.3775308132171631
-0.5961902141571045,0.1253591924905777,0.26690709590911865
-0.18797722458839417,-0.03517827391624451,0.2103368639945984
0.08278818428516388,-0.09091195464134216,0.31757739186286926
-0.09550593793392181,0.309655100107193,-0.045155566185712814
0.14782489836215973,0.028553148731589317,-0.32793959975242615
0.32241392135620117,0.12633167207241058,0.19261619448661804
-0.16733214259147644,-0.4568931758403778,0.32589802145957947
0.00973057746887207,0.2590917646884918,-0.607880175113678
0.3762056231498718,0.31640154123306274,0.32565614581108093
-0.5082085728645325,-0.011835571378469467,-0.18383552134037018
0.028620660305023193,0.38585299253463745,0.09114161133766174
0.8548515439033508,-0.30400970578193665,0.3585508167743683
0.47011613845825195,0.28707700967788696,0.3494935631752014
0.3359967768192291,0.2449791580438614,-0.05702931061387062
-0.1340586543083191,-0.21900448203086853,-0.9100310802459717
0.3954625725746155,0.5089981555938721,-0.9530284404754639
0.13864874839782715,0.5961621999740601,-0.2397940754890442
-0.20794670283794403,-0.08851118385791779,-0.056174762547016144
0.1382269412279129,-0.0536455474793911,0.3623567819595337
-0.16836754977703094,0.22959725558757782,-0.4588207006454468
-0.08416387438774109,-0.25192713737487793,-0.25569963455200195
-0.052958354353904724,0.12129431962966919,-0.3333367705345154
7.771630771458149e-05,-0.008057564496994019,0.4123704433441162
-0.1742144674062729,0.4225456118583679,0.4584261476993561
0.16362056136131287,0.1834515780210495,0.5057412385940552
0.12992334365844727,0.43244844675064087,-0.7267975807189941
0.22661438584327698,0.12057469040155411,0.15906387567520142
-0.14345069229602814,0.3681243062019348,0.19711381196975708
0.19899894297122955,0.21907280385494232,0.3278149962425232
-0.2013801634311676,0.2088182121515274,-0.3376545011997223
-0.06509393453598022,0.6668649911880493,0.7356681823730469
-0.16457058489322662,0.3391675651073456,-0.7427191734313965
-0.0672527551651001,0.1742934137582779,0.14889121055603027
0.1655285358428955,0.2858256697654724,0.015221595764160156
-0.4683595299720764,0.08090557157993317,-0.05701132118701935
0.1089203879237175,-0.06275775283575058,0.07455338537693024
0.3818131685256958,-1.259036660194397,-0.3920118808746338
0.4398920238018036,0.3457260727882385,-0.18203647434711456
0.5430676937103271,-0.08227746933698654,0.016174130141735077
0.06908036768436432,-0.6212645769119263,-0.0030856248922646046
0.4466385245323181,0.10618226230144501,-0.17969770729541779
-0.1691771149635315,-0.7830893397331238,-0.10602650046348572
-0.5108252167701721,-1.0979315042495728,0.36799585819244385
-0.14587941765785217,0.017668884247541428,-0.20290547609329224
-0.4791538417339325,0.20225168764591217,0.22931687533855438
0.7941335439682007,-0.17294873297214508,0.32979297637939453
-0.7249124050140381,0.6832363605499268,0.594082772731781
0.3337479531764984,0.013171258382499218,0.2852674126625061
-0.3499819040298462,-0.02459084987640381,-0.43885117769241333
-0.35789769887924194,0.20531006157398224,0.25360408425331116
-0.013199293054640293,-0.18896128237247467,0.18461039662361145
-0.5279161930084229,-0.4268310070037842,-0.8026276230812073
-0.11457589268684387,0.2264489233493805,-0.5478737950325012
-0.026512278243899345,0.21853309869766235,-0.6896390914916992
0.17440590262413025,-0.637995719909668,0.21384499967098236
-0.3381081819534302,0.032690972089767456,-0.37084701657295227
0.586432933807373,0.1482720673084259,-0.11348453164100647
0.7689467668533325,0.7337897419929504,-0.03405636548995972
-0.4944458305835724,0.1276809424161911,0.1723768562078476
-0.5920524001121521,0.49028798937797546,-0.647369384765625
-0.47331497073173523,-0.3717080354690552,0.43144840002059937
0.655786395072937,-0.26425063610076904,-0.59537672996521
0.024571815505623817,-0.12782947719097137,0.3037976324558258
0.15917690098285675,-0.12699291110038757,0.23741261661052704
0.10473758727312088,0.28257936239242554,0.6314050555229187
0.1319023072719574,-0.2044321596622467,-0.9811835885047913
-0.3301023542881012,-0.04330999031662941,0.25567299127578735
-0.5150449275970459,0.17832428216934204,0.3444562256336212
-0.06438232958316803,-0.10042990744113922,0.2957918345928192
0.3264618217945099,0.3796382248401642,0.4517696797847748
-0.010860525071620941,-0.5896912217140198,0.03772677853703499
0.13191227614879608,-0.08997741341590881,-0.44056031107902527
0.21294160187244415,0.31640154123306274,0.31693074107170105
0.7134460210800171,0.6195498704910278,-0.2070513218641281
-0.03299689292907715,0.5983210802078247,-0.07410134375095367
-0.09019874036312103,0.06246529892086983,-0.4619690477848053
-0.43076735734939575,-1.2185580730438232,0.42506176233291626
0.16635416448116302,0.1182529479265213,0.4316283166408539
-0.3820130527019501,0.097089022397995,-0.03288698196411133
0.10815578699111938,-0.6558963060379028,0.26547783613204956
-0.1524449735879898,-0.37739306688308716,-0.5513899326324463
-0.24446745216846466,0.2602711021900177,0.34283706545829773
0.06159631162881851,-0.09228919446468353,0.37890806794166565
0.03025585412979126,-0.28224116563796997,-0.3744370937347412
-0.24158897995948792,0.1571854203939438,0.35192230343818665
0.17550331354141235,-0.6440225839614868,-0.1430869847536087
-0.509557843208313,0.08900131285190582,-0.2114509791135788
-0.42347317934036255,-0.0446053110063076,-0.12626583874225616
0.09045581519603729,0.04132642224431038,0.22158093750476837
0.24883270263671875,-0.035771965980529785,0.23858200013637543
0.02737833559513092,0.10843108594417572,-0.31219789385795593
0.30319908261299133,0.6306140422821045,-0.7527938485145569
-0.18707771599292755,-0.144785538315773,0.26844626665115356
0.32895252108573914,-0.5034346580505371,0.5599907636642456
-0.1796935498714447,0.20615464448928833,-0.3885577321052551
0.2729399800300598,-0.0855337530374527,0.08134480565786362
-0.26189932227134705,-0.5616340041160583,-0.2742099463939667
0.6510188579559326,0.13198870420455933,0.16060107946395874
-0.5244081020355225,0.7113015651702881,0.932844340801239
-0.1537952423095703,0.042315904051065445,-0.40134093165397644
-0.26029911637306213,-0.04076433181762695,0.3813368082046509
-0.28377678990364075,0.11103970557451248,-0.6438532471656799
-0.224497988820076,0.2510959506034851,0.0960070788860321
-0.31508028507232666,0.34563615918159485,0.36820369958877563
0.27555665373802185,0.6751406192779541,0.24424803256988525
-0.20263950526714325,0.40437522530555725,0.5361452102661133
-0.275608092546463,0.18348386883735657,0.04006457328796387
0.3550667464733124,0.11139951646327972,0.2850874960422516
0.5088857412338257,0.3326829671859741,-0.2649727463722229
0.19244042038917542,-0.3215343952178955,0.3691832423210144
0.10419689118862152,-0.25138741731643677,0.30396756529808044
-0.1286984533071518,0.35094335675239563,0.1149870753288269
-0.38506340980529785,0.07451894134283066,0.2759123146533966
-0.36816033720970154,0.23267266154289246,0.19055530428886414
0.2119521200656891,0.04024700075387955,0.3055967092514038
-0.23466265201568604,0.23526427149772644,-0.1940901130437851
-0.07499673962593079,0.2824894189834595,-0.38254085183143616
-0.14686889946460724,0.3510333001613617,-0.238436758518219
0.4195627272129059,-0.06432291865348816,-0.05994377285242081
0.3495786488056183,0.3921496570110321,-0.9011257290840149
-0.34918034076690674,-1.1412887573242188,0.5470375418663025
-0.2795490026473999,-0.022306052967905998,-0.3085997700691223
0.542797863483429,-0.09944942593574524,0.1357661336660385
-0.13679419457912445,0.3133431673049927,0.4496108591556549
-0.058355506509542465,-0.03601484000682831,-0.29087913036346436
-0.22134967148303986,0.3544514775276184,0.018836727365851402
0.3017248213291168,-0.005448934156447649,0.09690660983324051
-0.3700413405895233,0.13631640374660492,0.037528883665800095
-0.14965741336345673,0.3098350167274475,-0.11205332726240158
0.5091636180877686,0.5054900050163269,-0.5321400761604309
-0.4027840495109558,-0.09541954100131989,0.204399973154068
-0.35574689507484436,-0.38998836278915405,0.5776214599609375
0.3028861880302429,-0.11043165624141693,-0.37678292393684387
-0.29385149478912354,-0.045378901064395905,-0.22845202684402466
0.344010591506958,-0.7045687437057495,0.2912122905254364
-0.3115801513195038,0.49622488021850586,0.36172616481781006
0.21204207837581635,0.04870254173874855,-0.39765289425849915
-0.297412633895874,0.1676369160413742,-0.3605644702911377
-0.49679261445999146,-0.329090416431427,0.31352055072784424
0.23803836107254028,-0.6219841837882996,0.02396402694284916
0.2617858946323395,0.2671075165271759,-0.3479090929031372
-0.10927672684192657,0.6663252115249634,0.05373738706111908
0.39257699251174927,0.2008124142885208,0.32016903162002563
0.3529078960418701,0.2675572633743286,0.2605304419994354
0.4022459089756012,0.6880037784576416,0.6837655305862427
0.2363373041152954,-0.39723658561706543,0.4708476662635803
0.2722203731536865,0.37604010105133057,-0.37570443749427795
-0.25841012597084045,0.09098027646541595,-0.026157571002840996
-0.2135157585144043,-0.27495500445365906,0.33223068714141846
0.5249053239822388,-0.014722079038619995,0.10499432682991028
0.35416722297668457,0.23202598094940186,-0.18554462492465973
0.18136821687221527,-0.12420438230037689,-0.315256267786026
0.38792186975479126,-1.2170288562774658,0.5043100118637085
-0.9641863703727722,0.44297289848327637,-0.22620221972465515
0.028439776971936226,0.2972416579723358,0.5885876417160034
0.14537912607192993,0.36669307947158813,0.5936330556869507
0.31494784355163574,0.09044055640697479,0.10941001772880554
0.02888954058289528,-0.5334708094596863,-0.00820302963256836
0.44286048412323,-0.18389692902565002,0.14467144012451172
-0.7516283988952637,-0.3859655261039734,-0.26648300886154175
0.15199869871139526,-0.18515628576278687,0.12011437863111496
-0.09388679265975952,-0.6499594449996948,-0.1721416860818863
-0.1920250952243805,-0.01615329645574093,-0.32560083270072937
-0.42050471901893616,0.17472617328166962,0.1748955249786377
0.6505690813064575,-0.40295669436454773,-0.16783197224140167
0.029609160497784615,-0.011205905117094517,-0.41204530000686646
0.5037664175033569,-1.0704059600830078,-0.0950603038072586
-0.06771057844161987,0.13235847651958466,-0.40997639298439026
-0.011310288682579994,-0.6042635440826416,-0.14182764291763306
0.5092455148696899,0.14828011393547058,-0.04454388841986656
-0.08705039322376251,-0.05869189277291298,0.366674542427063
-0.26875466108322144,-0.10528015345335007,-0.4389411509037018
-0.5525631904602051,-0.46679696440696716,0.029720038175582886
0.024302899837493896,0.725963830947876,0.05166848003864288
-0.49642473459243774,0.22195130586624146,0.1488092541694641
-0.2998782992362976,0.01542007178068161,-0.09929804503917694
0.42208045721054077,-0.41993165016174316,-0.668688178062439
0.4964802861213684,-1.2090229988098145,0.4032033085823059
-0.43444737792015076,0.34329739212989807,0.40130627155303955
-0.3515110909938812,0.25712278485298157,0.093488410115242
0.19036348164081573,0.2976014316082001,-0.20830264687538147
0.02305963635444641,0.1320696622133255,0.40635162591934204
-0.3990960419178009,0.23409488797187805,-0.21747779846191406
0.5868746638298035,-0.027109526097774506,0.13639579713344574
-0.2839566767215729,0.2353542447090149,0.41659823060035706
-0.1600019633769989,-0.05825112387537956,-0.21864718198776245
0.308201402425766,-0.0892128124833107,0.2130354344844818
0.24775324761867523,0.23112647235393524,-0.07462403923273087
0.015108797699213028,-0.03595186769962311,-0.2068633884191513
0.30073535442352295,0.33007434010505676,-0.21522898972034454
-0.2381708025932312,0.3608381152153015,0.334651380777359
0.308561235666275,0.17994342744350433,-0.11583133786916733
-0.44011443853378296,0.15088871121406555,0.3690132796764374
-0.19490358233451843,-0.11135285347700119,-0.31399694085121155
-0.3392775356769562,-0.1190447062253952,0.15663515031337738
-0.42284348607063293,0.02513495832681656,-0.2643430829048157
-0.29771944880485535,0.14567147195339203,-0.2258433848619461
0.15321305394172668,-0.0526110976934433,-0.3250611424446106
0.5519810318946838,-0.3532876968383789,0.4189450144767761
-0.05043967813253403,-0.009226948022842407,0.1373852789402008
-0.311392217874527,0.24911697208881378,-0.2617344856262207
0.012715071439743042,-0.3790031969547272,-0.2027335911989212
-0.022464407607913017,0.0012075583217665553,-0.475731760263443
0.3964449465274811,0.18354152143001556,-0.2694704234600067
-0.1156553328037262,-0.10572631657123566,-0.42256975173950195
0.30901098251342773,0.3316035270690918,0.37459036707878113
-0.37867677211761475,-0.13167046010494232,0.35857880115509033
-0.28125810623168945,0.27106544375419617,-0.01233095582574606
-0.18249012529850006,0.19730426371097565,0.23084604740142822
-0.1659388542175293,-0.14954403042793274,-0.09543008357286453
-0.06977948546409607,0.17805440723896027,-0.6129994988441467
0.043822646141052246,0.5299570560455322,0.696718692779541
-0.0953260287642479,-0.5774576663970947,0.1906372308731079
-0.2697441577911377,-0.07169004529714584,-0.16071771085262299
-0.17178575694561005,0.3540017604827881,0.3950095772743225
-0.22197933495044708,-0.012555191293358803,-0.46322837471961975
0.0841168463230133,0.11202918738126755,-0.39081650972366333
0.007444834336638451,-0.09539256244897842,0.12155362218618393
-0.2660561203956604,0.031521596014499664,-0.22062614560127258
0.49593251943588257,0.05221069976687431,-0.20470453798770905
0.39505958557128906,0.6602984666824341,0.8812114596366882
-0.39720699191093445,-0.043175067752599716,0.3049670457839966
-0.8510259985923767,0.31497031450271606,0.25130030512809753
0.435484379529953,0.26081082224845886,-0.267221599817276
0.8273259997367859,0.7059044241905212,-0.5730684995651245
0.3822324275970459,-0.039711885154247284,-0.21091125905513763
-0.2951728105545044,-0.6924090385437012,0.28891581296920776
0.83991938829422,0.7659927606582642,-0.42455676198005676
0.20611321926116943,0.07911455631256104,0.4953147768974304
0.3868200182914734,0.4269533157348633,-0.5148611664772034
-0.21454916894435883,0.004797637462615967,0.6917712688446045
0.0691613256931305,-0.6600341200828552,-0.2029954344034195
-0.17546385526657104,0.2603870630264282,-0.3823060095310211
0.09417624771595001,0.12363307178020477,-0.2677612900733948
0.3952755630016327,0.33601123094558716,-0.2900695502758026
0.012805044651031494,0.5656682848930359,0.22283220291137695
0.04492809250950813,-0.6217143535614014,0.18937788903713226
0.16577944159507751,-0.9588567614555359,0.05336054414510727
0.38310399651527405,-0.35797229409217834,0.2801750898361206
0.04752674698829651,-0.019309669733047485,-0.11924150586128235
-0.22665688395500183,0.3710927665233612,-0.0893852636218071
-0.3879418969154358,0.12965990602970123,0.12461201101541519
-0.3174270689487457,0.23181812465190887,0.2841375172138214
-0.04008713364601135,0.1738346517086029,-0.18922469019889832
-0.30545535683631897,0.3541816473007202,0.21618376672267914
0.3816927373409271,0.1487298607826233,-0.029926586896181107
0.848914623260498,-0.38468819856643677,0.5584615468978882
-0.16062358021736145,-0.27819329500198364,-0.03270706534385681
-0.13013769686222076,0.2748434245586395,-0.19984708726406097
-0.14569950103759766,0.36596545577049255,-0.04281679913401604
0.07989364862442017,0.7267733812332153,0.13063082098960876
-0.47277525067329407,-1.1573901176452637,0.4221833050251007
-0.25364264845848083,0.05607866123318672,0.10770091414451599
-0.78886878490448,-0.3957523703575134,0.03932890295982361
0.1828974336385727,-0.00850732158869505,0.024224888533353806
0.23848815262317657,-0.03740010783076286,-0.16971296072006226
0.3592045307159424,-0.17941729724407196,0.006684129126369953
-0.17457428574562073,0.1919071227312088,-0.2235945761203766
0.15628944337368011,0.07253998517990112,0.11147893965244293
0.19585862755775452,-0.015261799097061157,0.22076332569122314
-0.09362494945526123,-0.32860276103019714,-0.17511814832687378
0.17002615332603455,0.016041725873947144,0.12496381998062134
0.06073276326060295,0.04501448944211006,-0.2935777008533478
-0.19373418390750885,0.31981974840164185,0.22625848650932312
0.4419609606266022,-0.06246989965438843,-0.17475031316280365
-0.43922293186187744,-1.1241977214813232,0.4994525909423828
-0.13930481672286987,0.08089753985404968,0.5190622806549072
-0.4732249975204468,-1.1736717224121094,-0.3228563070297241
-0.20398880541324615,-0.05922261252999306,0.3263757526874542
-0.38255277276039124,-1.2401466369628906,-0.3812805414199829
0.0182571392506361,0.19838371872901917,-0.19894756376743317
-0.21226444840431213,0.33951935172080994,0.4869411289691925
-0.009511233307421207,0.31388288736343384,0.07630746066570282
-0.23267371952533722,-0.3530518710613251,0.5295867323875427
-0.16483145952224731,0.2600182592868805,-0.8320421576499939
-0.7969645261764526,0.5626997947692871,-0.5656924247741699
-0.8271885514259338,0.3209971487522125,0.6852947473526001
0.35605621337890625,-0.0010412550764158368,-0.09488137066364288
-0.38236480951309204,0.012721487320959568,-0.19732841849327087
-0.10468912124633789,-0.4573628902435303,0.15835225582122803
-0.16153116524219513,0.07802709192037582,-0.2656024396419525
0.32520243525505066,0.23958198726177216,-0.3260505795478821
-0.36266523599624634,-0.01939159259200096,-0.5706318020820618
-0.48788729310035706,-0.04773467779159546,0.6900622248649597
0.11983263492584229,0.5229407548904419,0.2569943070411682
-0.36176568269729614,0.258022278547287,0.33546096086502075
0.10203804075717926,-0.9374560713768005,-0.1963469535112381
-0.23736119270324707,0.18516066670417786,-0.14236736297607422
0.5672730207443237,-0.40186214447021484,0.26574671268463135
0.3731282353401184,0.29644009470939636,-0.26310980319976807
0.6704486608505249,0.6499538421630859,-0.21881908178329468
-0.2971796989440918,0.15106861293315887,-0.01750323176383972
0.17531441152095795,-0.014174338430166245,0.21105647087097168
0.46139073371887207,0.2376030534505844,-0.10827531665563583
0.34347987174987793,-1.1130435466766357,-0.4940001964569092
-0.278199702501297,-0.11653952300548553,0.4452930986881256
-0.020223617553710938,0.37146055698394775,0.46895867586135864
-0.21433335542678833,0.14747053384780884,-0.023602917790412903
-0.613011360168457,-0.4266780912876129,-0.0031287074089050293
-0.06124201416969299,-0.11843743920326233,0.49450522661209106
-0.21910083293914795,0.07550842314958572,-0.18932262063026428
0.6897884607315063,0.7153494358062744,-0.1035897433757782
-0.38641270995140076,0.2058497667312622,-0.28197380900382996
0.05592929571866989,-0.17186127603054047,-0.0022661564871668816
0.4899956285953522,0.34608590602874756,-0.13112328946590424
0.085962675511837,0.15907441079616547,0.1353163719177246
0.013669557869434357,-0.17121362686157227,0.07644239068031311
-0.3489924371242523,-0.002030737232416868,0.10239371657371521
-0.10333181172609329,0.4193073809146881,0.34850409626960754
-0.07454697042703629,0.22752834856510162,-0.43651244044303894
0.5804060697555542,-0.32202720642089844,-0.6731858253479004
0.17486466467380524,0.002107086358591914,-0.1714220643043518
-0.2543622851371765,0.32143890857696533,-0.13274243474006653
-0.06465218961238861,0.274663507938385,0.008249304257333279
0.21105259656906128,-0.6152377724647522,-0.04121564328670502
0.6428332328796387,0.2984190285205841,-0.4644957184791565
-0.20758691430091858,0.017309080809354782,-0.08500457555055618
0.4414212703704834,-0.08612743765115738,0.1623021513223648
-0.296280175447464,0.16600076854228973,0.3959091305732727
0.23076024651527405,0.3059750497341156,-0.28906112909317017
-0.3838121294975281,-1.1628773212432861,-0.44560569524765015
-0.3241654932498932,0.4204767346382141,0.4565371572971344
0.10516936331987381,-0.12801837921142578,0.10122433304786682
0.22022774815559387,-0.030680641531944275,-0.32793959975242615
0.6323087215423584,0.31389090418815613,0.07063242793083191
0.29272955656051636,0.018298549577593803,-0.2322300225496292
0.2850835919380188,-0.14204198122024536,-0.1659349501132965
-0.353138267993927,-1.2427551746368408,-0.12438486516475677
-0.298079252243042,0.4104920029640198,0.3458954691886902
-0.35672834515571594,-0.19736284017562866,0.271144837141037
0.02596607804298401,0.16986872255802155,-0.2786455750465393
0.07706815749406815,-0.6212645769119263,-0.09135522693395615
-0.3728298544883728,0.17418643832206726,-0.1403883993625641
-0.25975942611694336,0.04465467110276222,-0.3051815927028656
-0.33019232749938965,0.33259302377700806,0.4958464801311493
-0.2825174629688263,0.1656409502029419,0.1415231078863144
-0.4532474875450134,0.12282349914312363,0.079356849193573
0.15051446855068207,0.3121737539768219,0.5881378650665283
0.05518269166350365,-0.05243118852376938,-0.26416319608688354
-0.00402412423864007,-0.5755686163902283,0.2276977300643921
0.3675242066383362,-0.3976323902606964,-0.13517919182777405
0.25593894720077515,0.33052411675453186,0.5375844240188599
-0.31777888536453247,0.06975144892930984,-0.5437359809875488
-0.18487289547920227,0.2467232644557953,-0.44992339611053467
0.4804607033729553,-0.04207764193415642,0.24946625530719757
0.05749541521072388,0.08350616693496704,0.5839180946350098
0.4532220661640167,0.6530122756958008,0.18199372291564941
-0.28512609004974365,0.2559533715248108,0.26916587352752686
-0.007802131120115519,-0.4214797914028168,0.034902263432741165
-0.2397899478673935,0.33106380701065063,0.40355509519577026
-0.06816033273935318,0.34608590602874756,0.4853219985961914
0.3175565004348755,0.34077873826026917,-0.44199952483177185
-0.04055291414260864,0.39727696776390076,0.0007392466068267822
-0.2139735370874405,0.29283395409584045,-0.23645779490470886
0.2537881135940552,0.6515730619430542,-0.29455724358558655
-0.37139058113098145,-0.06006816029548645,0.41183072328567505
0.12270112335681915,0.20827849209308624,0.619621217250824
-0.27855953574180603,-0.13313667476177216,-0.08634486794471741
-0.023543843999505043,0.3286350965499878,0.3917712867259979
-0.22017121315002441,-0.3469620943069458,0.6115335822105408
0.2491925209760666,0.1551164835691452,-0.15514063835144043
-0.14713874459266663,-0.05065012723207474,-0.07632414251565933
-0.38002607226371765,-0.0734621062874794,-0.1718718260526657
-0.1892365664243698,0.05113126337528229,0.08152471482753754
-0.2325567752122879,-1.2881813049316406,0.43765515089035034
-0.43949276208877563,-1.235019326210022,0.35017621517181396
-0.34341534972190857,-0.0032001209910959005,-0.006694524083286524
-0.30185726284980774,0.04006709158420563,-0.45018520951271057
0.4636395573616028,-0.07370498776435852,0.04684797674417496
0.42611032724380493,0.5003626346588135,0.09258085489273071
-0.19166527688503265,-0.11871367692947388,-0.17529001832008362
-0.43508511781692505,-0.4177836775779724,0.5324652194976807
0.6321288347244263,0.1506538689136505,0.03970479965209961
-0.09856432676315308,-0.14180810749530792,0.33959877490997314
0.1418340504169464,0.197843998670578,-0.443978488445282
-0.37984615564346313,0.27070561051368713,0.1533968448638916
0.509065568447113,-0.017232725396752357,0.16194234788417816
0.4352145195007324,0.17508599162101746,-0.16197703778743744
-0.398916095495224,-0.07546805590391159,0.11867514252662659
0.33230870962142944,0.35750991106033325,-0.2759470045566559
-0.09236562252044678,-0.3694232404232025,-0.11350059509277344
-0.44399040937423706,0.26070189476013184,-0.778610348701477
0.6895185708999634,0.3862127959728241,0.16950638592243195
0.3364465534687042,0.06768254190683365,0.22239051759243011
0.4914429187774658,-1.12131929397583,-0.4212284982204437
-0.2550818920135498,-0.008237466216087341,-0.5756691694259644
0.13424107432365417,0.13253039121627808,0.4764247536659241
-0.20767685770988464,0.3862047791481018,0.20395022630691528
0.2653839588165283,-0.765278697013855,0.0845830962061882
-0.23232387006282806,0.25307491421699524,-0.2939375042915344
0.2242756187915802,0.2844683825969696,0.5790526270866394
0.37692520022392273,0.06534377485513687,0.10239371657371521
-0.14138178527355194,-0.18217884004116058,0.23696285486221313
0.045817673206329346,-0.10485458374023438,0.5983105897903442
0.17731234431266785,0.10797330737113953,0.05615004897117615
0.10103252530097961,-0.37689831852912903,0.3970865309238434
0.0013730304781347513,0.12201392650604248,-0.37615421414375305
0.40112245082855225,-0.008417374454438686,0.016767818480730057
0.21024301648139954,0.3866545557975769,-0.39765289425849915
0.11562186479568481,-0.8120540380477905,0.2518949806690216
0.5061951875686646,-1.181227684020996,0.25071561336517334
-0.3865925967693329,0.06561363488435745,0.10131428390741348
0.055830348283052444,0.2126861810684204,0.4040948152542114
-0.39460641145706177,-1.0541245937347412,-0.4804173409938812
0.410837322473526,0.004895611200481653,-0.05790185183286667
-0.18779732286930084,0.19676457345485687,-0.404579222202301
0.4596816301345825,0.1708582043647766,-0.006865433882921934
-0.07544650137424469,-0.6212645769119263,-0.027147050946950912
0.14127634465694427,-0.6213545203208923,0.08521276712417603
0.23390857875347137,0.2869950532913208,0.13620787858963013
-0.3198477625846863,0.18857887387275696,-0.0850585475564003
-0.3063548803329468,0.11256889253854752,0.1879386454820633
-0.04270375519990921,0.1523279845714569,-0.19274082779884338
0.042229510843753815,-0.17837384343147278,0.15024851262569427
0.5417264699935913,-1.1527127027511597,0.34494999051094055
-0.29430121183395386,0.11571724712848663,-0.28449249267578125
0.36161431670188904,-0.0280190110206604,-0.3053191602230072
-0.3025848865509033,-1.2047052383422852,0.5224804878234863
-0.25279611349105835,-0.31705284118652344,-0.8461647033691406
-0.21884530782699585,0.3454642593860626,0.5864367485046387
0.8362312912940979,0.5484873056411743,-0.39990973472595215
0.20152564346790314,-0.26443055272102356,-0.0622115433216095
-0.017958760261535645,0.38315442204475403,0.05210217833518982
-0.40675002336502075,0.05391177535057068,0.6703625917434692
-0.3280334770679474,0.2920243740081787,-0.053170345723629
-0.31445062160491943,0.1994631439447403,-0.4082672894001007
0.04328196123242378,0.30677661299705505,0.48064449429512024
-0.34782305359840393,0.3691137731075287,0.3100043535232544
0.2149205505847931,0.16977877914905548,-0.08191920071840286
-0.002756744623184204,0.08316242694854736,-0.09047272801399231
0.38259223103523254,0.3318733870983124,0.24011118710041046
-0.1501971334218979,0.29454305768013,-0.0040652090683579445
0.2905787229537964,0.6013795137405396,-0.3641895651817322
0.04858916252851486,-0.5601867437362671,0.047954387962818146
-0.04127255082130432,0.6828765273094177,-0.1952514946460724
0.23039241135120392,0.34014901518821716,-0.3090495765209198
0.38924872875213623,0.3498638868331909,-0.22278501093387604
-0.46342018246650696,-0.3473507761955261,-0.40809541940689087
-0.27899032831192017,-0.3939462900161743,0.5912942290306091
0.22500327229499817,-0.4634777009487152,0.4713873863220215
-0.5145951509475708,0.005255427677184343,0.2917439639568329
0.5435254573822021,-1.1283354759216309,0.27465200424194336
-0.1757436841726303,0.1985636055469513,-0.04968917742371559
-0.43094727396965027,0.465820848941803,0.17769208550453186
-0.46161308884620667,-0.031103424727916718,0.3026282489299774
-0.019316067919135094,-0.6218042373657227,0.09321855008602142
-0.43102920055389404,0.15106861293315887,0.022039039060473442
-0.2549019753932953,0.0339503176510334,-0.5029874444007874
0.08188152313232422,0.03071202151477337,-0.3677886128425598
0.02022710256278515,0.13802549242973328,-0.5104535222053528
-0.3646441400051117,-0.04447038099169731,-0.2414051741361618
-0.3570881485939026,0.2079186737537384,0.16814906895160675
0.5892214775085449,-0.24886874854564667,0.04130786657333374
0.6075717210769653,0.032682955265045166,-0.007626354694366455
-0.47006863355636597,0.07460889220237732,-0.2978954315185547
0.14779791235923767,-0.012105426751077175,-0.23564821481704712
0.1132471039891243,0.08441372960805893,0.16410121321678162
-0.08048385381698608,0.2378728985786438,-0.30302274227142334
0.45689311623573303,0.21079717576503754,-0.23375922441482544
-0.4201449155807495,0.07982615381479263,0.22284026443958282
0.03640957921743393,0.15907441079616547,-0.6249632239341736
0.10471060127019882,0.2168239802122116,0.541722297668457
0.0054129064083099365,-0.4461168646812439,0.2759203314781189
0.3740467131137848,0.4104020297527313,-0.2992447018623352
-0.27855953574180603,-0.019931310787796974,0.027912946417927742
0.18766489624977112,-0.5761083364486694,0.05358542129397392
0.08640523999929428,-0.753494918346405,-0.20317533612251282
0.7458289265632629,0.1565476953983307,-0.8756691813468933
-0.3095112442970276,0.2270956039428711,-0.24354510009288788
-0.14686889946460724,-0.09647198766469955,0.26116010546684265
0.3785443603992462,0.23994180560112,0.20970718562602997
0.42118188738822937,0.4051847755908966,-0.20083656907081604
0.07954815775156021,-0.0563531257212162,-0.2020958960056305
0.43998199701309204,-0.11742105334997177,-0.03016945719718933
0.21528036892414093,0.08558311313390732,0.21042680740356445
0.07307328283786774,0.0861147940158844,0.09925340116024017
0.15898801386356354,0.13631640374660492,-0.3858690857887268
-0.18192243576049805,-0.6875516772270203,-0.2048025131225586
-0.23889042437076569,0.02783352881669998,-0.36517998576164246
-0.6002380847930908,-0.3752971589565277,-0.0706670880317688
-0.30068784952163696,-0.010756141506135464,0.21042680740356445
-0.3308219909667969,0.10384349524974823,0.2537839710712433
-0.010238885879516602,0.7240748405456543,-0.01588594913482666
0.08791548013687134,-0.4296574592590332,0.25433170795440674
-0.5835968255996704,-0.039998769760131836,0.13685359060764313
-0.5948410034179688,0.5223110914230347,0.32501649856567383
-0.051069341599941254,-0.6200052499771118,0.23471404612064362
-0.09937389940023422,0.37927839159965515,0.3001995384693146
-0.4456995129585266,-0.3280109763145447,0.47921323776245117
-0.12860849499702454,0.2012622058391571,-0.18230631947517395
-0.22009031474590302,0.13757574558258057,-0.3897370398044586
-0.3890213370323181,0.2584720551967621,0.24361932277679443
0.07652844488620758,-0.003110166871920228,0.09915541857481003
0.39014822244644165,0.10177458822727203,-0.2295314520597458
0.5035784840583801,0.0075042410753667355,-0.155410498380661
-0.02426346391439438,-0.10276328027248383,0.3490438163280487
-0.1743943840265274,0.3765798509120941,-0.15136262774467468
-0.341976135969162,-0.06890150904655457,-0.30338254570961
-0.5794590711593628,0.07722553610801697,0.043466717004776
-0.23826076090335846,0.06975144892930984,0.04419437050819397
0.25413987040519714,-0.05841303616762161,-0.283862829208374
-0.1613502949476242,-0.31471407413482666,-0.19958525896072388
0.26710110902786255,-0.3214155435562134,0.5228402614593506
0.36030101776123047,-0.7486454844474792,-0.2621742784976959
-0.10046136379241943,-0.17915546894073486,0.4032033085823059
0.10708535462617874,-0.09147962182760239,0.27465298771858215
0.30550283193588257,0.259821355342865,-0.2331295609474182
-0.5255774259567261,-1.0337953567504883,0.321310430765152
-0.8197224736213684,-0.2557051479816437,-0.16540326178073883
-0.3481009304523468,0.23475956916809082,0.1641831398010254
0.4978295564651489,0.3361091911792755,-0.5745977163314819
0.7523055076599121,-0.3857046663761139,0.18272942304611206
-0.11556537449359894,-0.044137559831142426,0.15528585016727448
0.16311585903167725,-0.8869026303291321,0.2351088523864746
0.124797023832798,-0.025652291253209114,0.17759409546852112
0.4619564414024353,-1.1997579336166382,0.47030794620513916
0.13840685784816742,-0.6029142141342163,0.15510594844818115
0.20053616166114807,0.3871123194694519,-0.608240008354187
-0.36627134680747986,0.20828652381896973,0.5348939299583435
-0.1326373964548111,-0.6365485191345215,0.258811354637146
0.12514783442020416,0.24327006936073303,-0.23600803315639496
-0.07706564664840698,-0.013634620234370232,-0.4079974293708801
-0.43436548113822937,0.19804181158542633,0.2544666528701782
0.18190795183181763,-0.00230059283785522,-0.5203482508659363
-0.003196562174707651,-0.9924090504646301,0.09330850094556808
-0.8319560289382935,0.3743390440940857,-0.5805345773696899
0.2107827216386795,0.329534649848938,0.44628259539604187
-0.15001721680164337,-0.0989546850323677,0.3285346031188965
-0.22575731575489044,-0.11495275795459747,-0.24212481081485748
0.4402518570423126,0.2147550731897354,0.1369355171918869
-0.34710341691970825,0.19883348047733307,-0.23600803315639496
0.03572690486907959,-0.330068975687027,0.4734562933444977
-0.33037224411964417,0.12228380143642426,0.0820644274353981
0.43236204981803894,-0.15702712535858154,-0.20811468362808228
0.28148549795150757,0.09196974337100983,0.010525106452405453
0.28788015246391296,0.06884393095970154,0.786851167678833
-0.10063323378562927,0.1454915702342987,-0.6535680890083313
-0.18302984535694122,0.19865356385707855,0.4175877273082733
0.0944775938987732,-0.10524056851863861,0.026554660871624947
0.12043432146310806,-0.580426037311554,-0.13229267299175262
-0.10225237905979156,-0.059231605380773544,0.038563333451747894
0.11526204645633698,-0.01138580683618784,-0.4704245924949646
-0.1849188357591629,0.2410212606191635,0.3309633433818817
0.4709256887435913,0.20647943019866943,0.062310829758644104
-0.012217849493026733,0.7150796055793762,0.1186671257019043
-0.2738000452518463,-1.2413159608840942,-0.4214983582496643
0.35794520378112793,0.16869933903217316,-0.16584499180316925
-0.21316395699977875,0.2319360375404358,-0.08761319518089294
-0.2258373200893402,-0.4550131559371948,-0.6601426601409912
0.25297051668167114,0.3611080050468445,0.4838827848434448
-0.2920694351196289,0.10344673693180084,0.2716026306152344
0.3792639672756195,0.3683941662311554,-0.34530046582221985
-0.170256569981575,-0.16483598947525024,0.3795377314090729
0.3850209414958954,0.37738940119743347,-0.4579211473464966
-0.11133760213851929,0.10951051115989685,-0.3741752803325653
0.34238341450691223,-0.055939339101314545,0.03573882207274437
0.22940292954444885,-0.09962033480405807,-0.1840154230594635
-0.20551800727844238,-0.052143339067697525,-0.18077713251113892
-0.11772423982620239,0.30794599652290344,-0.415193647146225
-0.3400871455669403,0.3420380651950836,-0.1988576054573059
-0.4672801196575165,0.09880615770816803,0.3395088315010071
0.344973087310791,0.3869324326515198,0.4210139214992523
0.13811899721622467,0.12714122235774994,0.13126850128173828
0.23128390312194824,0.11784814298152924,0.35249701142311096
0.3518284261226654,-0.0817197635769844,-0.06909195333719254
-0.3311817944049835,0.31451255083084106,0.06831967085599899
0.39522960782051086,0.3434852957725525,-0.1876954436302185
-0.37867677211761475,0.14747053384780884,-0.0798323005437851
-0.043873131275177,0.09988557547330856,-0.5581283569335938
-0.3721102178096771,0.22375033795833588,0.4068833589553833
0.2957879602909088,0.00039798440411686897,-0.05059770122170448
0.30370378494262695,0.10546264052391052,0.2539638876914978
-0.14578944444656372,0.19451573491096497,-0.3235319256782532
0.1725608855485916,-0.5035985112190247,0.15754269063472748
-0.287104994058609,0.21853309869766235,0.11561673879623413
-0.041804227977991104,0.18498075008392334,-0.4032299518585205
0.27348774671554565,-0.45700305700302124,-0.02003982663154602
-0.3910902142524719,0.18749944865703583,0.3326724171638489
-0.24698616564273834,-0.06888352334499359,-0.2719890773296356
0.7773123979568481,-0.1447935551404953,-0.3934061527252197
-0.24032963812351227,0.4121111333370209,0.3632563352584839
0.2613281011581421,0.647345244884491,0.013078778982162476
0.5056554675102234,-1.150373935699463,0.45843419432640076
-0.16602879762649536,-0.007607800420373678,-0.1430869847536087
0.38969850540161133,0.3685740828514099,0.35030314326286316
-0.3990960419178009,-0.019931310787796974,-0.014259539544582367
0.2624155580997467,-0.7611408829689026,-0.029818644747138023
0.14127634465694427,-0.6212645769119263,-0.03517082706093788
-0.5046184659004211,0.032413095235824585,0.3752730190753937
0.4743439257144928,-0.09907162189483643,0.1001449003815651
0.6480504274368286,-0.22907917201519012,0.02646571397781372
0.3974154591560364,-0.4121167063713074,0.5800501704216003
-0.15262585878372192,0.03368045389652252,-0.4948916733264923
0.3104502260684967,-0.13299275934696198,-0.1143021434545517
-0.390010803937912,-0.03536717966198921,0.36217689514160156
0.8741013407707214,0.32000765204429626,-0.037670522928237915
-0.5033591389656067,-0.39425915479660034,0.5316556692123413
0.34877002239227295,0.16851942241191864,0.2932731807231903
-0.4864480495452881,-1.0281282663345337,-0.39900121092796326
-0.4411938190460205,0.2518155574798584,0.271144837141037
-0.5620002150535583,0.11931535601615906,0.11642631888389587
0.04444234445691109,-0.07058362662792206,0.08449314534664154
0.19809940457344055,-0.7152650356292725,0.22167088091373444
-0.043333422392606735,-0.6212645769119263,-0.09132824838161469
-0.24822652339935303,0.4639318585395813,-0.09630361199378967
-0.6471034288406372,-0.3223690390586853,-0.6501579284667969
0.25252074003219604,0.2604510188102722,0.36064770817756653
0.005510854069143534,-0.8045880198478699,0.27258408069610596
-0.1929246187210083,0.03026225045323372,-0.25705692172050476
-0.49462568759918213,0.059227000921964645,0.2416403889656067
0.5089756846427917,0.18650996685028076,-0.22980129718780518
-0.263439416885376,0.33242112398147583,-0.2009345293045044
-0.0034924447536468506,-0.012383311986923218,-0.25523895025253296
0.2750169336795807,0.4557461738586426,-0.27467966079711914
-0.02165483497083187,-0.044344451278448105,-0.3372047245502472
-0.09271740168333054,0.3084857165813446,-0.11879977583885193
-0.20578785240650177,0.26773717999458313,-0.15666984021663666
0.23381058871746063,0.22411015629768372,-0.13310223817825317
0.4037310779094696,-0.145685076713562,0.04408642649650574
-0.2203601896762848,0.11850578337907791,-0.6767758727073669
0.21815884113311768,0.33745047450065613,0.38250619173049927
-0.38389402627944946,-0.09720060229301453,0.2741132974624634
0.05823110044002533,0.15366920828819275,0.43648576736450195
-0.2841365933418274,0.0027367519214749336,-0.16683447360992432
0.20547552406787872,-0.5730499625205994,-0.003067634766921401
-0.07094887644052505,-0.009766659699380398,0.08179456740617752
-0.14039230346679688,0.22518959641456604,-0.39027678966522217
