0.7588396072387695,-0.5816632509231567,0.35809820890426636 
-0.4494017958641052,-0.057307466864585876,-0.31603336334228516 
-1.0415905714035034,0.028150945901870728,0.9022224545478821 
-0.13758765161037445,-0.03868061304092407,-0.3161335587501526 
-0.31859853863716125,-0.03327283263206482,0.2898045778274536 
-0.34802332520484924,-0.25933101773262024,-0.1184162050485611 
1.0488576889038086,0.538887083530426,0.8566568493843079 
1.0321335792541504,0.09074117243289948,-0.9161335825920105 
-1.00253427028656,0.5914628505706787,-0.13851279020309448 
0.987769603729248,0.5944671630859375,0.11578896641731262 
-0.4001961350440979,0.5945672988891602,-0.3196038007736206 
0.528307318687439,0.020640134811401367,0.3093326687812805 
0.24841395020484924,0.028351247310638428,-0.9180363416671753 
-0.2949792146682739,0.01833680272102356,-0.30862271785736084 
0.050819143652915955,-0.5593310594558716,0.6920194625854492 
0.3600972592830658,0.2741378843784332,0.21095852553844452 
1.0369404554367065,-0.5718491077423096,0.20728564262390137 
-0.51396244764328,0.24890150129795074,0.6100336909294128 
-0.2985520362854004,0.2778432071208954,-0.450294554233551 
-0.7421914339065552,-0.011694097891449928,-0.2171585112810135 
-0.4366834759712219,0.020439833402633667,-0.14942851662635803 
0.6070532202720642,0.23898720741271973,-0.6180363297462463 
0.32714980840682983,-0.25933101773262024,-0.3653721511363983 
1.0367401838302612,0.33771711587905884,-0.15493646264076233 
0.3307225704193115,-0.5816632509231567,0.35809820890426636 
0.2776784896850586,0.2741378843784332,-0.2171585112810135 
0.35999712347984314,0.10356202721595764,0.5887029767036438 
0.7367401719093323,-0.14336387813091278,-0.2171585112810135 
-0.4632894694805145,0.27323657274246216,-0.11831606924533844 
-0.3150758743286133,0.2741378843784332,0.27675333619117737 
-0.7421914339065552,0.004766626749187708,0.3755958080291748 
-0.664447009563446,0.27185219526290894,-0.29550379514694214 
0.2977941036224365,0.040668994188308716,-0.5830535292625427 
0.03429532051086426,0.32122334837913513,0.8882022500038147 
0.10946843028068542,-0.328147828578949,-0.8955038189888 
-0.2690370976924896,0.5945672988891602,0.5767533779144287 
0.24473100900650024,-0.25933101773262024,0.29327714443206787 
-0.05157605558633804,0.03771711885929108,-0.5955038070678711 
-0.012309460900723934,0.27343684434890747,-0.32691672444343567 
-0.40844279527664185,-0.018351316452026367,0.0005228519439697266 
-0.2692774534225464,0.25535842776298523,0.8882022500038147 
0.3563242554664612,-0.005632996559143066,0.5767533779144287 
0.4321334958076477,0.020439833402633667,-0.12198898196220398 
-0.5456080436706543,-0.25933101773262024,0.3755958080291748 
-0.33149951696395874,-0.25933101773262024,-0.4147433340549469 
-1.042191505432129,0.2553684413433075,-0.2135857343673706 
-0.6114028692245483,-0.25933101773262024,-0.3160009980201721 
-0.7421914339065552,0.004766626749187708,0.07919861376285553 
0.7367401719093323,0.08711832016706467,-0.39831966161727905 
-0.8456080555915833,0.25535842776298523,0.8882022500038147 
0.4917870759963989,-0.15988768637180328,0.5882022380828857 
-0.7409896850585938,0.26602619886398315,0.45791444182395935 
0.528307318687439,0.028351247310638428,-0.9180363416671753 
-0.11381816864013672,0.020740240812301636,0.3095329999923706 
0.01425883173942566,-0.25933101773262024,0.424966961145401 
0.5082107782363892,-0.25933101773262024,0.34264829754829407 
-0.06444698572158813,0.040668994188308716,-0.15493646264076233 
0.3984525501728058,0.28425243496894836,-0.4641144871711731 
0.7367401719093323,-0.028137797489762306,0.40854328870773315 
0.2283073365688324,0.2778432071208954,0.4439943730831146 
0.17526325583457947,-0.026262730360031128,-0.31956374645233154 
0.19178706407546997,0.5936660170555115,0.7771421670913696 
-0.4961368143558502,0.20203395187854767,-0.5954036712646484 
0.178936168551445,0.2741378843784332,0.029807426035404205 
-0.03874519467353821,0.040869295597076416,-0.4022829532623291 
-0.5949792265892029,-0.2816632091999054,-0.06476888805627823 
0.7807712554931641,0.020740240812301636,-0.31603336334228516 
0.03429532051086426,-0.005833297967910767,0.8542532920837402 
0.5082107782363892,-0.25933101773262024,-0.18421104550361633 
-0.44199109077453613,0.5020339488983154,0.23101505637168884 
-0.3724261224269867,0.014496028423309326,-0.260653555393219 
0.6234769225120544,-0.25933101773262024,-0.39831966161727905 
1.0367401838302612,0.3706645965576172,-0.401902437210083 
0.14956146478652954,0.020640134811401367,0.3093326687812805 
0.5905294418334961,0.05415080487728119,0.5882022380828857 
0.4488576054573059,-0.0489954948425293,0.3462711572647095 
0.3400007486343384,-0.29521235823631287,-0.8955038189888 
0.178936168551445,-0.04461154341697693,-0.5955038070678711 
-0.4797131419181824,0.2741378843784332,0.11211605370044708 
-1.041991114616394,-0.2293754667043686,0.30222243070602417 
-0.5290842652320862,0.2741378843784332,0.3755958080291748 
-0.23275718092918396,0.2741378843784332,-0.20073485374450684 
0.6114596128463745,0.2940666079521179,-0.39831966161727905 
-0.15043854713439941,-0.25933101773262024,0.19443471729755402 
0.6893718838691711,-0.28196364641189575,-0.03607753664255142 
-0.4961368143558502,0.2741378843784332,-0.33242467045783997 
-0.565604567527771,-0.5633367896080017,-0.3180363178253174 
0.15506941080093384,-0.5794600248336792,-0.37169888615608215 
-0.5326570868492126,-0.16346046328544617,-0.29550379514694214 
0.19535985589027405,0.2741378843784332,-0.4147433340549469 
-0.7421914339065552,-0.20925883948802948,0.40854328870773315 
0.4917870759963989,0.2741378843784332,-0.23368233442306519 
0.0014479756355285645,0.5730363130569458,0.3133837580680847 
-0.13758765161037445,-0.14703679084777832,0.2882022261619568 
0.43694043159484863,-0.39399272203445435,0.3023226261138916 
0.11304120719432831,-0.25913071632385254,-0.4473903775215149 
-0.7421914339065552,0.1365395486354828,-0.4312671422958374 
0.16608527302742004,0.040668994188308716,-0.7312671542167664 
0.26125481724739075,-0.25913071632385254,0.09601283818483353 
0.2942022979259491,-0.09399271756410599,0.5882022380828857 
-0.5620317459106445,-0.02814781479537487,-0.5955038070678711 
-0.11118196696043015,0.29146283864974976,0.40854328870773315 
0.36550506949424744,-0.27946001291275024,0.4726356863975525 
-0.13411501049995422,0.2772423326969147,0.17801102995872498 
-0.21985621750354767,0.5939664840698242,-0.4348399043083191 
-0.7421914339065552,-0.19283518195152283,-0.15136370062828064 
-0.4280710220336914,0.018236637115478516,-0.764114499092102 
0.7367401719093323,-0.11051652580499649,0.02981743775308132 
-0.1998097002506256,-0.25933101773262024,-0.25010600686073303 
0.2942022979259491,0.12001573294401169,-0.5955038070678711 
-0.2363399863243103,-0.5593310594558716,0.5438058972358704 
-0.1832858920097351,-0.09399271756410599,-0.5955038070678711 
-0.7421914339065552,-0.11051652580499649,0.22738218307495117 
-0.5456080436706543,-0.25933101773262024,0.17801102995872498 
0.7367401719093323,0.15296322107315063,0.3755958080291748 
0.7367401719093323,-0.09399271756410599,-0.43116697669029236 
-0.4421914219856262,0.46938690543174744,0.5932771563529968 
-0.10100730508565903,0.10355201363563538,0.5882022380828857 
0.04719630628824234,-0.2716487646102905,0.611035168170929 
0.7488576173782349,0.23888705670833588,-0.49706196784973145 
-0.7421914339065552,-0.14346401393413544,-0.34894847869873047 
1.0367401838302612,-0.4928351938724518,0.6426483392715454 
0.5891274213790894,0.2797459363937378,0.11211605370044708 
-0.6046932339668274,0.2869563400745392,-0.008625969290733337 
-0.36077404022216797,0.5943670272827148,-0.7642146348953247 
0.16608527302742004,0.20590715110301971,0.88840252161026 
-0.4961368143558502,-0.2645385265350342,-0.463213175535202 
-0.7421914339065552,-0.09399271756410599,0.5566568374633789 
-0.007199734449386597,0.56422358751297,0.901421308517456 
-0.436883807182312,0.11267277598381042,-0.3159332275390625 
0.178936168551445,-0.25933101773262024,-0.28305351734161377 
-0.4138181805610657,0.10355201363563538,0.5882022380828857 
0.3801237940788269,0.040869295597076416,-0.4022829532623291 
-0.2692474126815796,-0.4269402027130127,-0.8955038189888 
0.09294462203979492,-0.5593310594558716,0.5109585523605347 
-0.44676563143730164,-0.25933101773262024,-0.28305351734161377 
0.2741057276725769,0.5313762426376343,0.30923259258270264 
0.19535985589027405,0.2741378843784332,0.2603296637535095 
0.4588395655155182,0.1365395486354828,-0.5955038070678711 
-0.5620317459106445,-0.20925883948802948,0.5887029767036438 
0.01942627876996994,0.29146283864974976,0.11211605370044708 
-0.46318933367729187,-0.15988768637180328,-0.5955038070678711 
-0.6607740521430969,0.10358205437660217,-0.5955038070678711 
0.5411582589149475,-0.12694020569324493,-0.5955038070678711 
-0.6771977543830872,0.23137624561786652,0.6097332835197449 
-0.3973945081233978,-0.25933101773262024,0.3097008466720581 
-0.3973945081233978,-0.11051652580499649,0.5882022380828857 
0.41304123401641846,0.40358206629753113,-0.8955038189888 
1.0488576889038086,0.538887083530426,-0.6324247121810913 
-0.6479232311248779,-0.03868061304092407,-0.3161335587501526 
0.2741057276725769,0.018036365509033203,0.8237093091011047 
0.5741057395935059,-0.25933101773262024,0.19443471729755402 
-0.7421914339065552,-0.15988768637180328,0.046271152794361115 
0.06367005407810211,0.29466745257377625,0.4578143060207367 
1.0321335792541504,0.43653956055641174,-0.9161335825920105 
0.6564244031906128,0.2943670153617859,0.44139063358306885 
0.6599971055984497,0.5613194108009338,-0.9161335825920105 
-0.09739449620246887,-0.0089377760887146,0.16883018612861633 
0.7367401719093323,0.18591070175170898,0.19443471729755402 
0.4752632677555084,-0.25913071632385254,-0.4473903775215149 
-0.16686221957206726,0.2741378843784332,-0.3488483428955078 
0.7367401719093323,0.08711832016706467,0.5238094329833984 
0.067242830991745,-0.5794600248336792,-0.23496180772781372 
-0.3680197596549988,0.5939664840698242,0.11578896641731262 
0.1624123603105545,-0.2717489004135132,0.46662700176239014 
1.0233209133148193,-0.5815631151199341,-0.5830535292625427 
-0.14676561951637268,-0.5819636583328247,-0.30314308404922485 
-0.4421914219856262,-0.16346046328544617,-0.5665297508239746 
1.0372408628463745,-0.39399272203445435,-0.07261782884597778 
0.5083109140396118,0.27303630113601685,0.24390602111816406 
0.3270496428012848,0.2740377187728882,-0.05250120908021927 
0.7367401719093323,0.03771711885929108,-0.25010600686073303 
-0.5785555839538574,0.10355201363563538,0.5882022380828857 
-0.4421914219856262,-0.3610953092575073,0.23100502789020538 
0.06366003304719925,0.2939664423465729,-0.49706196784973145 
0.6599971055984497,-0.5593310594558716,-0.5171585083007812 
-0.28212836384773254,-0.20925883948802948,0.5882022380828857 
-0.4522736072540283,0.2909621298313141,-0.47523048520088196 
-0.4193260967731476,-0.2645385265350342,0.4565124213695526 
-0.7421914339065552,0.15296322107315063,0.07919861376285553 
0.37652093172073364,-0.17631137371063232,-0.5955038070678711 
-0.3644469976425171,0.2741378843784332,-0.26652970910072327 
-0.6046932339668274,0.2867560386657715,-0.1567714959383011 
0.4459887146949768,0.14011232554912567,0.2882022261619568 
0.37652093172073364,0.2741378843784332,0.39201948046684265 
0.10946843028068542,0.020640134811401367,0.3093326687812805 
0.3270496428012848,-0.28196364641189575,-0.5135857462882996 
-0.5782551765441895,0.2740377187728882,0.22738218307495117 
-0.6608742475509644,-0.25933101773262024,0.29327714443206787 
-0.12106384336948395,-0.31171414256095886,0.8882022500038147 
0.6114596128463745,0.2937661409378052,-0.052511222660541534 
-0.3808706998825073,0.12001573294401169,-0.5955038070678711 
0.7355059385299683,-0.04048320651054382,0.3093326687812805 
0.6234769225120544,-0.28196364641189575,-0.5629569292068481 
0.17710116505622864,0.035461485385894775,0.15651240944862366 
-0.26560455560684204,0.2741378843784332,0.40854328870773315 
-0.6443504095077515,-0.28156307339668274,0.47904491424560547 
0.11794827878475189,0.2841522991657257,-0.2775455713272095 
0.7367401719093323,-0.24220633506774902,-0.4806382954120636 
-1.0417908430099487,0.028150945901870728,0.26394250988960266 
0.6929446458816528,-0.5816632509231567,-0.3647688925266266 
-0.5949792265892029,0.2943670153617859,0.5072856545448303 
-0.4366834759712219,0.020439833402633667,0.03887811303138733 
0.5411582589149475,-0.28196364641189575,-0.052451133728027344 
0.08011375367641449,-0.28196364641189575,-0.5794807076454163 
-0.1998097002506256,0.2725355327129364,-0.5830859541893005 
-0.08453355729579926,-0.25933101773262024,0.3262246549129486 
0.32714980840682983,0.2741378843784332,-0.3488483428955078 
0.21548648178577423,-0.13051298260688782,-0.29550379514694214 
-0.7421914339065552,0.03769708797335625,0.21095852553844452 
-0.7421914339065552,-0.011694097891449928,-0.38179582357406616 
-0.23275718092918396,0.15296322107315063,0.5882022380828857 
0.4588395655155182,-0.028177857398986816,0.5882022380828857 
-0.6923195719718933,0.29446718096733093,0.3097008466720581 
0.7917870879173279,-0.009138017892837524,-0.26936614513397217 
0.7367401719093323,0.16948702931404114,-0.2171585112810135 
-0.627926766872406,-0.2717489004135132,0.0710468590259552 
0.5612548589706421,0.5943670272827148,-0.830009400844574 
-0.3808706998825073,0.23137624561786652,0.6095330119132996 
-0.4421914219856262,0.43653956055641174,0.12496694922447205 
-0.10831022262573242,0.020740240812301636,-0.31603336334228516 
0.7367401719093323,0.054180845618247986,0.2768534719944 
0.37652093172073364,0.2740377187728882,0.07919861376285553 
0.030712544918060303,0.12001573294401169,0.5882022380828857 
-0.4797131419181824,-0.25933101773262024,-0.13483987748622894 
0.4588395655155182,-0.25933101773262024,-0.3160009980201721 
-0.40098726749420166,-0.5718491077423096,0.3709968030452728 
0.744551420211792,0.22757075726985931,-0.08544869720935822 
0.3307325839996338,-0.04889532923698425,-0.3180363178253174 
0.37652093172073364,-0.25933101773262024,0.34264829754829407 
-0.7421914339065552,0.07062454521656036,-0.06899498403072357 
0.6399005651473999,-0.25933101773262024,-0.18421104550361633 
0.178936168551445,-0.28196364641189575,-0.0031430672388523817 
-0.017296649515628815,-0.2811625003814697,-0.48564550280570984 
-0.1374875009059906,-0.018852025270462036,0.2688744068145752 
-0.08453355729579926,-0.25933101773262024,-0.18421104550361633 
-0.44676563143730164,0.2741378843784332,0.27675333619117737 
-0.33149951696395874,0.2741378843784332,-0.1184162050485611 
0.4367401599884033,-0.3610752820968628,0.18158380687236786 
0.6399005651473999,-0.19283518195152283,0.5882022380828857 
0.7367401719093323,-0.07753899693489075,-0.5793805718421936 
0.6399005651473999,-0.25933101773262024,0.39201948046684265 
-0.45724838972091675,-0.04058337211608887,0.9084314107894897 
0.9234769344329834,0.02825111150741577,0.3708265423774719 
0.4752632677555084,0.2741378843784332,-0.3653721511363983 
1.0367401838302612,-0.2622829079627991,-0.2135857343673706 
-0.3479231894016266,0.2741378843784332,0.12863989174365997 
1.0367401838302612,-0.2128816843032837,-0.2701825797557831 
-0.627926766872406,0.2665269076824188,-0.5962048172950745 
-0.3150758743286133,-0.14336387813091278,-0.5955038070678711 
-0.6114028692245483,-0.14336387813091278,-0.5955038070678711 
-0.1540113091468811,-0.5593310594558716,0.4450635612010956 
-0.1832858920097351,0.27303630113601685,0.3097008466720581 
0.5905294418334961,0.12001573294401169,-0.5955038070678711 
-0.16686221957206726,-0.28196364641189575,-0.5465332269668579 
0.43623942136764526,-0.038780778646469116,-0.3161335587501526 
0.5576820373535156,0.2735370099544525,0.3755958080291748 
-0.36802977323532104,0.5939664840698242,-0.1311669647693634 
-0.49980971217155457,0.5741379261016846,-0.385448694229126 
0.4752632677555084,0.1365395486354828,0.5887029767036438 
-0.6150758862495422,0.040668994188308716,0.016946494579315186 
0.01787164807319641,-0.5593310594558716,0.5767533779144287 
0.26125481724739075,-0.14336387813091278,-0.5955038070678711 
0.06368006765842438,-0.011674069799482822,-0.5955038070678711 
-0.4303419888019562,0.2735370099544525,-0.003183125052601099 
-0.2805737257003784,-0.0085371732711792,-0.3195837736129761 
-0.7269694805145264,0.2665269076824188,-0.1677873581647873 
-0.42706960439682007,-0.03367340564727783,-0.27019259333610535 
0.26125481724739075,0.2741378843784332,0.14506354928016663 
0.3929446339607239,0.2741378843784332,-0.1677873581647873 
-0.4961368143558502,0.07065458595752716,-0.5955038070678711 
0.11304120719432831,-0.25933101773262024,0.3590719699859619 
0.21188366413116455,0.27303630113601685,-0.11831606924533844 
0.5741057395935059,-0.25933101773262024,-0.28305351734161377 
1.0367401838302612,0.10716482996940613,-0.6653721332550049 
0.9399005770683289,-0.0055328309535980225,-0.8135857582092285 
-0.5784554481506348,-0.25933101773262024,-0.20073485374450684 
-0.23275718092918396,-0.28196364641189575,0.5072856545448303 
0.35999712347984314,0.2943670153617859,0.5072856545448303 
0.3980844020843506,-0.0085371732711792,-0.14392058551311493 
-0.5162333846092224,-0.278746634721756,-0.8955038189888 
0.6070532202720642,-0.061105310916900635,0.5882022380828857 
-0.3608742356300354,-0.31171414256095886,0.8882022500038147 
0.6564244031906128,-0.25933101773262024,0.27675333619117737 
0.7367401719093323,-0.17631137371063232,-0.10190241038799286 
-0.051616113632917404,-0.17641150951385498,0.5882022380828857 
0.0837666392326355,0.5730363130569458,-0.20430761575698853 
-0.6114028692245483,-0.2716487646102905,-0.4732275903224945 
-0.4214615821838379,0.30614063143730164,-0.3153323531150818 
-0.28212836384773254,-0.09399271756410599,0.588402509689331 
0.524734616279602,0.0047876569442451,-0.5955038070678711 
0.2283073365688324,-0.25913071632385254,-0.4473903775215149 
-0.7421914339065552,0.004766626749187708,0.4908619225025177 
-0.4421914219856262,0.18948349356651306,0.6426483392715454 
0.2942022979259491,0.0047876569442451,-0.5955038070678711 
0.7367401719093323,-0.17631137371063232,0.12863989174365997 
0.6001432538032532,0.28705650568008423,-0.26652970910072327 
0.7367401719093323,-0.15988768637180328,0.4908619225025177 
0.11794827878475189,0.28445273637771606,0.16699515283107758 
0.11794827878475189,0.28445273637771606,0.34815627336502075 
-1.0533075332641602,0.5389872193336487,-0.1970619559288025 
-0.035132355988025665,-0.25933101773262024,0.16148722171783447 
-0.6046932339668274,0.28705650568008423,0.10670825839042664 
-0.5935772061347961,0.27984610199928284,-0.2775455713272095 
-0.0351523831486702,-0.28196364641189575,0.5237092971801758 
-0.6314995288848877,-0.5819636583328247,-0.830009400844574 
-0.33149951696395874,-0.28196364641189575,0.013323666527867317 
-0.33515238761901855,-0.5819636583328247,-0.3524511456489563 
0.42251962423324585,-0.279758095741272,0.9113356471061707 
0.524734616279602,0.2741378843784332,-0.1184162050485611 
0.47536343336105347,0.27303630113601685,0.12863989174365997 
-0.7421914339065552,-0.14346401393413544,-0.4641144871711731 
0.2776784896850586,0.2741378843784332,0.34264829754829407 
0.7488576173782349,0.25100451707839966,0.3262246549129486 
0.7367401719093323,-0.011674069799482822,-0.3488483428955078 
0.027049630880355835,-0.5092588663101196,0.8882022500038147 
0.4752632677555084,-0.2717489004135132,0.46662700176239014 
-0.1887938231229782,0.29126253724098206,-0.47523048520088196 
-0.6772978901863098,-0.17641150951385498,0.5882022380828857 
0.38013380765914917,0.5939664840698242,-0.6817958354949951 
-0.5620317459106445,0.2939664423465729,-0.5134856104850769 
0.6728480458259583,0.16938689351081848,0.5882022380828857 
0.2979132831096649,-0.031770676374435425,0.07559579610824585 
-0.3808706998825073,0.2741378843784332,-0.38179582357406616 
-0.8290842771530151,-0.5815631151199341,0.1790449023246765 
0.4057955741882324,-0.5793598890304565,0.3093326687812805 
0.5942022800445557,0.018036365509033203,-0.30314308404922485 
-0.43391475081443787,-0.4928351938724518,-0.8955038189888 
1.0321335792541504,-0.5795601606369019,-0.4348399043083191 
0.5137187242507935,0.28425243496894836,-0.4641144871711731 
-0.15043854713439941,0.2939664423465729,0.5072856545448303 
0.33990055322647095,-0.005933403968811035,0.25415319204330444 
0.21544642746448517,0.5943670272827148,0.5767533779144287 
0.5448311567306519,-0.22936545312404633,0.28870296478271484 
0.09658749401569366,-0.25933101773262024,-0.2171585112810135 
-0.11749105155467987,-0.25933101773262024,-0.3160009980201721 
-0.5162333846092224,0.040668994188308716,-0.06537213921546936 
-0.4421914219856262,-0.4269402027130127,0.06631767749786377 
-0.28212836384773254,0.2741378843784332,-0.33242467045783997 
-0.4797131419181824,-0.25913071632385254,0.09601283818483353 
0.16251251101493835,-0.19283518195152283,-0.5955038070678711 
0.07652091979980469,-0.5816632509231567,-0.9086227416992188 
0.3801237940788269,-0.06862376630306244,0.3095329999923706 
0.050819143652915955,0.040668994188308716,0.14863631129264832 
-0.44676563143730164,-0.011714127846062183,0.5882022380828857 
-0.3353927433490753,-0.00533255934715271,0.790861964225769 
-0.7421914339065552,0.16938689351081848,0.5238094329833984 
0.4370405673980713,-0.31172415614128113,0.29685795307159424 
0.31427887082099915,0.43653956055641174,-0.8955038189888 
-0.3845135569572449,-0.3610752820968628,-0.29550379514694214 
-1.042191505432129,0.4035620391368866,0.13221265375614166 
-1.042191505432129,-0.1964379847049713,-0.830009400844574 
-0.5126606225967407,-0.25933101773262024,0.27675333619117737 
0.2283073365688324,0.2741378843784332,-0.3160009980201721 
-0.035132355988025665,-0.25933101773262024,-0.38179582357406616 
0.3270496428012848,0.004754609428346157,0.5882022380828857 
-0.5490807294845581,0.5732365846633911,-0.10556529462337494 
-0.16318932175636292,-0.025862127542495728,-0.5336823463439941 
0.25574687123298645,0.2163545936346054,-0.601111888885498 
0.08012376725673676,-0.25933101773262024,-0.34894847869873047 
-1.040989637374878,0.5663266181945801,-0.0983196496963501 
-0.7419911026954651,0.20203395187854767,0.19443471729755402 
-0.7421914339065552,-0.25863000750541687,-0.3653721511363983 
0.8233326077461243,-0.5637373924255371,0.3104342818260193 
1.0488576889038086,0.5510045289993286,0.7414907813072205 
-1.0366835594177246,-0.5795601606369019,-0.273972749710083 
-0.7421914339065552,-0.20925883948802948,0.2603296637535095 
-0.3644469976425171,0.2741378843784332,0.3755958080291748 
-0.15043854713439941,0.004754609428346157,0.5882022380828857 
-0.1832858920097351,-0.25933101773262024,0.29327714443206787 
0.6400007605552673,-0.14336387813091278,-0.5955038070678711 
0.19535985589027405,-0.25933101773262024,-0.18421104550361633 
0.07652091979980469,0.040668994188308716,-0.18788395822048187 
-0.26560455560684204,-0.25933101773262024,0.16148722171783447 
1.0367401838302612,-0.16346046328544617,-0.1970619559288025 
1.0370405912399292,0.23889470100402832,0.42863988876342773 
-0.7421914339065552,-0.17631137371063232,0.14506354928016663 
-0.1374875009059906,-0.006033569574356079,-0.2133854627609253 
-0.031499505043029785,-0.5819636583328247,0.8402330875396729 
-0.7421914339065552,-0.11051652580499649,0.45791444182395935 
-0.7421914339065552,-0.22578267753124237,0.5072856545448303 
0.09294462203979492,0.18948349356651306,0.2882022261619568 
0.26125481724739075,-0.25933101773262024,0.39201948046684265 
0.26125481724739075,0.16938689351081848,0.5882022380828857 
0.2776784896850586,0.2741378843784332,0.04628116637468338 
-0.46318933367729187,-0.04461154341697693,-0.5955038070678711 
-0.4303419888019562,-0.25933101773262024,-0.38179582357406616 
0.7367401719093323,-0.20925883948802948,0.013353710062801838 
0.178936168551445,-0.28196364641189575,-0.530009388923645 
0.2776784896850586,-0.28196364641189575,0.5237092971801758 
0.7367401719093323,-0.19283518195152283,0.22738218307495117 
0.24473100900650024,-0.25933101773262024,0.19443471729755402 
-0.40020614862442017,0.5942668914794922,-0.2208114117383957 
-0.627926766872406,-0.28156307339668274,0.6023226380348206 
-0.6608742475509644,-0.25933101773262024,-0.13483987748622894 
0.7367401719093323,-0.028137797489762306,0.5072856545448303 
-0.8782551884651184,-0.02596229314804077,-0.11474332213401794 
-0.23135517537593842,-0.27134835720062256,-0.4732275903224945 
-0.7467656135559082,-0.0063340067863464355,0.8542532920837402 
0.3309629261493683,-0.005432695150375366,-0.5336823463439941 
0.04717627540230751,-0.17641150951385498,0.5882022380828857 
-0.40253424644470215,-0.0085371732711792,0.23100502789020538 
0.5246344208717346,-0.28196364641189575,-0.530009388923645 
0.12946487963199615,-0.28196364641189575,0.5566568374633789 
-0.45330744981765747,-0.06111295521259308,0.05907195806503296 
0.41794830560684204,0.584152340888977,0.25295665860176086 
0.4258921146392822,0.2741378843784332,0.29327714443206787 
-1.042191505432129,-0.21290171146392822,-0.048948466777801514 
-0.051616113632917404,0.021223343908786774,0.5882022380828857 
-0.249180868268013,-0.28196364641189575,-0.03607753664255142 
0.21188366413116455,0.054180845618247986,-0.5955038070678711 
0.4917870759963989,-0.25933101773262024,0.2438058704137802 
-0.3973945081233978,-0.25933101773262024,-0.20073485374450684 
0.7367401719093323,-0.09399271756410599,-0.29947715997695923 
-0.44676563143730164,-0.25933101773262024,0.19443471729755402 
-0.5290842652320862,-0.25933101773262024,-0.3653721511363983 
0.7370405793190002,0.13643939793109894,-0.3160009980201721 
-1.03688383102417,0.21146515011787415,-0.9159332513809204 
0.4321334958076477,0.020439833402633667,0.1085432767868042 
-0.5784554481506348,0.15296322107315063,-0.5955038070678711 
-0.6159093976020813,0.2941667139530182,0.40854328870773315 
-0.44676563143730164,-0.19283518195152283,0.5886028409004211 
0.9980844259262085,0.5914628505706787,-0.7366749048233032 
1.0370405912399292,-0.4928351938724518,0.8895041346549988 
0.6563242673873901,0.29446718096733093,0.02979741245508194 
-0.17971312999725342,0.5905615091323853,-0.8693661689758301 
-0.3644469976425171,0.2943670153617859,-0.5301095843315125 
-0.6772978901863098,0.13643939793109894,0.5882022380828857 
-0.15033839643001556,0.08711832016706467,-0.5955038070678711 
-0.7421914339065552,0.03769708797335625,-0.4641144871711731 
-0.1998097002506256,-0.15988768637180328,0.5882022380828857 
0.4094684422016144,0.2741378843784332,-0.29947715997695923 
-0.6114028692245483,-0.11051652580499649,0.5882022380828857 
-0.4421914219856262,0.23890471458435059,0.0005228519439697266 
-0.4366834759712219,0.020439833402633667,0.6481562852859497 
0.35999712347984314,0.20193380117416382,0.5881021022796631 
-0.4961368143558502,-0.25101906061172485,-0.6085225939750671 
0.42332082986831665,-0.2623029351234436,-0.9178360104560852 
-0.44199109077453613,-0.09796606004238129,-0.6324247121810913 
0.7365398406982422,0.20203395187854767,-0.4147433340549469 
-0.018127847462892532,0.28255000710487366,0.19443471729755402 
1.0369404554367065,-0.5718491077423096,0.37920862436294556 
0.178936168551445,0.16948702931404114,-0.5955038070678711 
0.7147083878517151,-0.27946001291275024,-0.3763880431652069 
-0.4961368143558502,-0.28196364641189575,0.573180615901947 
0.6727479696273804,0.2943670153617859,-0.33242467045783997 
-0.5949792265892029,0.20193380117416382,0.5881021022796631 
-0.6608742475509644,-0.25933101773262024,0.19443471729755402 
1.0367401838302612,-0.14703679084777832,-0.3360374867916107 
0.24115824699401855,-0.006033569574356079,0.2542532682418823 
-0.21988625824451447,-0.005632996559143066,-0.25371885299682617 
0.16251251101493835,0.27303630113601685,-0.20063470304012299 
0.7367401719093323,0.16948702931404114,0.07921864092350006 
0.7367401719093323,0.16948702931404114,0.47443827986717224 
-0.7421914339065552,-0.15988768637180328,-0.06899498403072357 
0.3965874910354614,0.32124337553977966,0.8887029886245728 
-0.06807984411716461,0.18591070175170898,0.5882022380828857 
-0.4421914219856262,0.3870983123779297,0.04264828562736511 
0.4367401599884033,0.255388468503952,-0.5171585083007812 
-0.05157605558633804,-0.15988768637180328,-0.5955038070678711 
-0.13411501049995422,0.27794334292411804,-0.26652970910072327 
0.3435734510421753,-0.09399271756410599,-0.5955038070678711 
0.26125481724739075,-0.25933101773262024,-0.25010600686073303 
0.7367401719093323,-0.15988768637180328,-0.5135857462882996 
0.5741057395935059,-0.20925883948802948,-0.5955038070678711 
0.7367401719093323,-0.11051652580499649,0.3755958080291748 
0.14598870277404785,-0.25933101773262024,0.27675333619117737 
-0.4421914219856262,-0.39399272203445435,-0.4513637125492096 
-0.664447009563446,-0.2787766754627228,0.8882022500038147 
0.7367401719093323,0.07065458595752716,0.40854328870773315 
0.6765209436416626,-0.2128816843032837,-0.8955038189888 
-0.21266061067581177,-0.4269402027130127,0.8882022500038147 
-0.6443504095077515,-0.061075273901224136,-0.5955038070678711 
-0.28212836384773254,-0.061075273901224136,-0.5955038070678711 
0.7367401719093323,-0.028137797489762306,0.3097008466720581 
0.4258921146392822,-0.25933101773262024,-0.15136370062828064 
0.030722562223672867,-0.25933101773262024,0.3262246549129486 
-0.02397627755999565,0.2907618284225464,-0.1074003279209137 
-0.5455079674720764,0.27303630113601685,-0.08542867004871368 
-0.4299737811088562,-0.14563477039337158,-0.9170348644256592 
-1.0270695686340332,-0.5817633867263794,-0.23720504343509674 
-0.45330744981765747,0.538887083530426,0.41211605072021484 
0.4321334958076477,0.020439833402633667,-0.2629569172859192 
-1.00253427028656,0.5910622477531433,-0.8464331030845642 
0.5576820373535156,0.27303630113601685,0.013383752666413784 
0.5891274213790894,0.2797459363937378,0.21095852553844452 
-0.05160609632730484,-0.2793598771095276,0.6093326807022095 
-0.41371801495552063,-0.2814629077911377,-0.4855453670024872 
0.24115824699401855,-0.5591307282447815,-0.20398718118667603 
-0.9923195838928223,0.5946674346923828,0.8237093091011047 
0.1734282523393631,-0.2645385265350342,-0.0872713178396225 
-0.5290842652320862,0.2740377187728882,0.02979741245508194 
0.37652093172073364,-0.25913071632385254,-0.4473903775215149 
-0.5290842652320862,-0.28196364641189575,0.029787395149469376 
0.8192266225814819,0.5163546204566956,-0.3011118769645691 
0.07652091979980469,-0.5819636583328247,-0.2702126204967499 
-0.23631994426250458,0.5940666198730469,0.8541532158851624 
-0.3644469976425171,-0.25933101773262024,0.39201948046684265 
-1.0533075332641602,0.538887083530426,0.873180627822876 
0.6083551645278931,-0.2790594696998596,-0.47923627495765686 
0.5739054679870605,0.28425243496894836,0.45791444182395935 
-0.7797131538391113,-0.02215680480003357,0.7439943552017212 
-0.4961368143558502,0.16938689351081848,0.5882022380828857 
0.7367401719093323,0.16948702931404114,0.2768534719944 
-0.20342253148555756,0.018036365509033203,0.2803962230682373 
-0.005797713994979858,0.5740377306938171,-0.4348399043083191 
0.2283073365688324,-0.17641150951385498,0.5882022380828857 
0.6564244031906128,-0.28196364641189575,0.5402330756187439 
-0.6443504095077515,-0.25933101773262024,0.3755958080291748 
-0.7421914339065552,0.08709829300642014,0.013333680108189583 
-0.7421914339065552,-0.07755903899669647,0.02979741245508194 
-0.4997095763683319,0.5730363130569458,0.3133837580680847 
-0.5784554481506348,0.054180845618247986,-0.5955038070678711 
-0.33149951696395874,0.12001573294401169,0.5882022380828857 
0.7367401719093323,0.004788658581674099,-0.43116697669029236 
-0.7421914339065552,-0.011694097891449928,0.29327714443206787 
0.24838389456272125,-0.3775690793991089,0.8882022500038147 
-0.4961368143558502,0.2741378843784332,0.19443471729755402 
0.2776784896850586,0.2741378843784332,0.24390602111816406 
-0.16686221957206726,-0.25933101773262024,-0.1677873581647873 
-0.4421914219856262,-0.39399272203445435,-0.17136012017726898 
-0.2528137266635895,-0.5593310594558716,-0.15493646264076233 
0.4588395655155182,-0.15988768637180328,-0.5955038070678711 
0.5776785016059875,-0.005632996559143066,0.22370928525924683 
0.01787164807319641,0.5939664840698242,-0.8464331030845642 
0.2776784896850586,0.2740377187728882,-0.4310668408870697 
0.1624123603105545,-0.25933101773262024,-0.3653721511363983 
0.5741057395935059,0.13643939793109894,0.5882022380828857 
-0.15053869783878326,0.2740377187728882,-0.18421104550361633 
-0.7421914339065552,0.18591070175170898,-0.15136370062828064 
0.3980844020843506,-0.0085371732711792,0.24198085069656372 
0.014278861694037914,-0.22538208961486816,-0.5954036712646484 
0.3234769105911255,0.040869295597076416,0.19771705567836761 
-0.6480233669281006,-0.0055328309535980225,0.24013298749923706 
-0.3479231894016266,-0.22538208961486816,-0.5954036712646484 
0.5891274213790894,0.28044697642326355,-0.18421104550361633 
1.0488576889038086,0.5510045289993286,-0.5501060485839844 
0.7369404435157776,-0.2718490660190582,0.29327714443206787 
0.3929446339607239,0.2943670153617859,-0.5464330911636353 
-0.01846833899617195,0.28275027871131897,-0.49706196784973145 
-0.7533074617385864,0.25100451707839966,0.2603296637535095 
-0.5327571630477905,0.028351247310638428,0.31103515625 
-0.2985520362854004,0.23898720741271973,0.611035168170929 
-0.18695880472660065,-0.5794600248336792,0.3650382161140442 
-0.46318933367729187,-0.25933101773262024,0.3755958080291748 
-0.44676563143730164,0.2741378843784332,0.35917210578918457 
0.4588395655155182,-0.25933101773262024,0.16148722171783447 
0.3600972592830658,0.16948702931404114,-0.5955038070678711 
-0.7421914339065552,0.10356202721595764,0.16148722171783447 
-0.6046932339668274,0.28705650568008423,0.30429303646087646 
-0.5126606225967407,0.03768707439303398,0.5882022380828857 
-0.28212836384773254,0.07065458595752716,-0.5955038070678711 
0.4367401599884033,-0.19641795754432678,0.5109585523605347 
0.15883955359458923,-0.24581916630268097,-0.8955038189888 
-0.4421914219856262,-0.2623029351234436,0.016946494579315186 
0.41304123401641846,0.23889470100402832,0.2882022261619568 
-0.15043854713439941,-0.25933101773262024,0.3755958080291748 
0.7367401719093323,-0.04461154341697693,-0.49706196784973145 
-1.042191505432129,-0.2952333986759186,-0.41841620206832886 
0.5575819611549377,-0.25933101773262024,0.40854328870773315 
-0.23275718092918396,0.2741378843784332,-0.39831966161727905 
-0.3973945081233978,0.2741378843784332,-0.1677873581647873 
-0.22908425331115723,-0.5593310594558716,-0.5666298866271973 
0.07652091979980469,-0.5593310594558716,0.0005228519439697266 
0.5741057395935059,-0.25933101773262024,0.29327714443206787 
-0.7421914339065552,-0.19283518195152283,-0.530009388923645 
-1.042191505432129,-0.4928351938724518,-0.5830535292625427 
0.32714980840682983,-0.25933101773262024,0.27675333619117737 
0.2283073365688324,0.27303630113601685,-0.03606751933693886 
-0.7421914339065552,0.004766626749187708,-0.0031300485134124756 
0.24840393662452698,0.5511046648025513,-0.3180363178253174 
0.04717627540230751,-0.28196364641189575,0.5237092971801758 
-0.0022058989852666855,-0.25933101773262024,-0.18421104550361633 
-0.15043854713439941,0.16938689351081848,0.5882022380828857 
0.4367401599884033,-0.3116740882396698,-0.07261782884597778 
-0.3973945081233978,0.2741378843784332,0.19443471729755402 
0.43690797686576843,0.21625444293022156,-0.601111888885498 
0.7367401719093323,-0.22568252682685852,-0.2171585112810135 
0.21188366413116455,-0.09399271756410599,0.5882022380828857 
-0.4366834759712219,0.020439833402633667,0.12119676172733307 
0.4423157572746277,-0.28196364641189575,-0.530009388923645 
0.4588395655155182,0.2741378843784332,0.39201948046684265 
0.5905294418334961,-0.061075273901224136,-0.5955038070678711 
-0.4138181805610657,0.03771711885929108,-0.5955038070678711 
0.4094684422016144,0.03768707439303398,0.5882022380828857 
-0.1998097002506256,0.0706145316362381,0.5882022380828857 
0.6728480458259583,0.0870782658457756,0.5882022380828857 
0.7094684839248657,0.5741379261016846,-0.36898496747016907 
0.11304120719432831,-0.12694020569324493,-0.5955038070678711 
0.1753634214401245,-0.3775390088558197,-0.8955038189888 
0.5246344208717346,-0.07756905257701874,0.5882022380828857 
-0.5949792265892029,-0.25933101773262024,0.2438058704137802 
-0.16686221957206726,0.18591070175170898,-0.5955038070678711 
0.5741057395935059,-0.14346401393413544,0.5882022380828857 
-0.9607740640640259,0.5939664840698242,-0.06537213921546936 
0.6564244031906128,-0.25933101773262024,0.14506354928016663 
0.6106259822845459,-0.02215680480003357,0.7439943552017212 
-0.6608742475509644,-0.28196364641189575,-0.0031430672388523817 
-0.6607740521430969,-0.20925883948802948,-0.5955038070678711 
-0.9607740640640259,-0.006033569574356079,0.06641781330108643 
-1.042191505432129,0.2883059084415436,0.8896042704582214 
-0.2326570600271225,-0.19283518195152283,-0.5955038070678711 
0.8741057515144348,0.5940666198730469,-0.8606535792350769 
0.4459887146949768,-0.0055328309535980225,0.790861964225769 
1.0454527139663696,0.5612192153930664,-0.07812574505805969 
-0.4366834759712219,0.020439833402633667,0.1468985676765442 
-0.39000144600868225,-0.0089377760887146,0.2625652551651001 
-0.1222979873418808,0.2845529019832611,-0.10192244499921799 
-0.4303419888019562,0.2511046826839447,-0.6180363297462463 
0.09659750759601593,0.28194913268089294,-0.5764763951301575 
0.16608527302742004,-0.5716487765312195,-0.3180363178253174 
1.003993034362793,0.5816487073898315,0.8072856664657593 
-0.36077404022216797,0.48591071367263794,-0.29550379514694214 
0.9728480577468872,-0.0489954948425293,0.3114356994628906 
0.6728480458259583,0.20203395187854767,-0.5954036712646484 
-0.09739449620246887,-0.5816632509231567,0.35809820890426636 
-0.4668622314929962,-0.5593310594558716,0.41211605072021484 
-0.5985520482063293,-0.006033569574356079,0.7771421670913696 
-0.708410382270813,-0.5794600248336792,-0.37169888615608215 
-0.9923195838928223,-0.0055328309535980225,0.6920194625854492 
0.7488576173782349,0.23888705670833588,0.12863989174365997 
0.6564244031906128,-0.25933101773262024,-0.3160009980201721 
-0.5455079674720764,0.27303630113601685,-0.2171585112810135 
0.5118836760520935,-0.06101280450820923,0.31113529205322266 
0.4258921146392822,-0.25933101773262024,0.40854328870773315 
-0.148503378033638,0.020740240812301636,-0.9160333871841431 
-0.10100730508565903,-0.28196364641189575,-0.49726226925849915 
-0.4487361013889313,0.6105904579162598,-0.2396233081817627 
-0.2875361740589142,0.21625444293022156,-0.601111888885498 
1.0488576889038086,0.5510045289993286,0.13221265375614166 
-0.11749105155467987,-0.28196364641189575,0.5402330756187439 
0.1460888385772705,0.27343684434890747,-0.3488483428955078 
-0.5290842652320862,-0.28196364641189575,-0.530009388923645 
0.322074830532074,-0.5636372566223145,0.9107347130775452 
0.3727479577064514,0.04297232627868652,-0.3161335587501526 
-0.6114028692245483,-0.25933101773262024,-0.39831966161727905 
0.6728480458259583,-0.2717489004135132,0.46662700176239014 
-1.0197590589523315,-0.5796602964401245,0.543906033039093 
-0.32802683115005493,0.5939664840698242,0.214561328291893 
-0.4494017958641052,-0.07242925465106964,-0.5281744003295898 
0.01354780700057745,0.2828504145145416,-0.4147433340549469 
0.4258921146392822,-0.20925883948802948,0.5882022380828857 
0.010625958442687988,0.020640134811401367,0.3093326687812805 
0.1624123603105545,0.2741378843784332,0.40854328870773315 
-0.05158606916666031,0.2939664423465729,-0.26652970910072327 
0.2942022979259491,-0.2410046011209488,-0.601111888885498 
0.16608527302742004,-0.03868061304092407,-0.3161335587501526 
0.2760237455368042,0.5907618403434753,0.34079328179359436 
-0.44199109077453613,-0.13061311841011047,0.30222243070602417 
0.18250896036624908,0.018036365509033203,-0.30314308404922485 
0.06364000588655472,-0.28196364641189575,-0.49726226925849915 
0.12956503033638,0.27984610199928284,-0.4488925337791443 
0.2630898356437683,0.020740240812301636,-0.31603336334228516 
-0.6608742475509644,0.2943670153617859,0.046271152794361115 
-0.3973945081233978,0.2741378843784332,0.06274490058422089 
0.7372408509254456,0.03764701262116432,-0.1677873581647873 
0.44241592288017273,0.2741378843784332,0.21095852553844452 
-0.22908425331115723,0.5939664840698242,0.8402330875396729 
0.7370405793190002,-0.19283518195152283,0.424966961145401 
0.7370405793190002,-0.12694020569324493,0.29327714443206787 
0.7367401719093323,-0.17631137371063232,-0.28305351734161377 
-0.16318932175636292,-0.025862127542495728,-0.698319673538208 
0.5411582589149475,-0.25933101773262024,-0.34894847869873047 
0.7367401719093323,0.1365395486354828,-0.1512635499238968 
0.495359867811203,0.5741379261016846,-0.12198898196220398 
-0.22908425331115723,-0.4269402027130127,-0.8955038189888 
0.9234769344329834,0.018036365509033203,0.29685693979263306 
0.5246344208717346,0.021223343908786774,0.5882022380828857 
-0.05160609632730484,-0.25933101773262024,0.2603296637535095 
-0.6443504095077515,0.02125338837504387,-0.5955038070678711 
-0.4421914219856262,-0.3446315824985504,-0.10556529462337494 
0.5612548589706421,-0.3610752820968628,-0.8955038189888 
-0.002182865748181939,-0.061075273901224136,-0.5955038070678711 
-0.7421914339065552,0.07062454521656036,0.45791444182395935 
-0.3644469976425171,0.2741378843784332,-0.036047495901584625 
-0.7421914339065552,-0.07755903899669647,-0.4312671422958374 
0.3307526111602783,0.35418087244033813,-0.29550379514694214 
0.44241592288017273,0.27303630113601685,0.04630119726061821 
0.1496616154909134,-0.328147828578949,-0.29550379514694214 
0.4294648766517639,-0.21292173862457275,0.8882022500038147 
0.32714980840682983,-0.25933101773262024,0.17801102995872498 
0.524734616279602,0.2741378843784332,-0.29947715997695923 
-0.3973945081233978,-0.12694020569324493,-0.5955038070678711 
0.0837666392326355,-0.5593310594558716,0.5273821949958801 
0.4423157572746277,-0.25933101773262024,0.3097008466720581 
0.4258921146392822,-0.25933101773262024,-0.38179582357406616 
-0.26560455560684204,0.2741378843784332,-0.052511222660541534 
-0.6443504095077515,0.0706145316362381,0.5882022380828857 
0.7367401719093323,-0.07753899693489075,-0.03603747859597206 
-0.05160609632730484,-0.25933101773262024,0.39201948046684265 
-0.13034197688102722,0.5741379261016846,0.0005228519439697266 
0.41304123401641846,0.5020339488983154,-0.2954036593437195 
0.3728480339050293,0.17305980622768402,0.2882022261619568 
0.2942022979259491,-0.25933101773262024,-0.1677873581647873 
-0.2985520362854004,-0.25913071632385254,0.09601283818483353 
0.6728480458259583,-0.028177857398986816,0.5882022380828857 
-0.1832858920097351,0.2778432071208954,0.4439943730831146 
0.7367401719093323,0.15296322107315063,0.5567569136619568 
-0.3608742356300354,-0.005632996559143066,0.543906033039093 
0.987769603729248,0.5946674346923828,0.07559579610824585 
0.39582639932632446,0.5942668914794922,-0.05609399080276489 
-0.3479231894016266,-0.2717489004135132,0.46662700176239014 
0.0910995826125145,-0.26463866233825684,0.45661258697509766 
0.4588395655155182,-0.28196364641189575,0.5566568374633789 
0.4296651780605316,0.5779433250427246,-0.20433767139911652 
-0.5235763788223267,-0.27946001291275024,-0.0716988742351532 
-0.3516061007976532,0.040668994188308716,-0.41841620206832886 
0.8246344327926636,-0.5819636583328247,0.32978740334510803 
-0.10017610341310501,0.29426687955856323,-0.33242467045783997 
-0.33149951696395874,-0.2716487646102905,0.611035168170929 
0.6728480458259583,0.27243542671203613,-0.5830859541893005 
0.36550506949424744,0.27223512530326843,0.5767858028411865 
-0.5620317459106445,0.225467711687088,-0.6085225939750671 
-0.4138181805610657,0.18591070175170898,-0.5955038070678711 
-0.927926778793335,0.5812481641769409,0.868674099445343 
0.4094684422016144,0.2841522991657257,0.45771417021751404 
0.3435734510421753,-0.25933101773262024,0.40854328870773315 
-0.7421914339065552,0.07062454521656036,-0.5959044098854065 
-0.5949792265892029,-0.28196364641189575,0.5402330756187439 
0.2886943519115448,-0.26463866233825684,0.45661258697509766 
0.7089000344276428,-0.14346401393413544,-0.6083223223686218 
1.0367401838302612,-0.31166407465934753,-0.22077135741710663 
-0.6608742475509644,-0.25933101773262024,-0.2666298449039459 
0.02714979648590088,0.5741379261016846,0.03347030282020569 
0.37652093172073364,0.2741378843784332,-0.39831966161727905 
-0.4421914219856262,0.43653956055641174,0.26394250988960266 
-0.7421914339065552,-0.06109530106186867,0.40854328870773315 
-0.34802332520484924,-0.061105310916900635,0.5882022380828857 
0.7367401719093323,0.08711832016706467,-0.5629569292068481 
-0.7421914339065552,0.08709829300642014,0.2603296637535095 
0.7367401719093323,0.03771711885929108,0.47443827986717224 
-0.1998097002506256,-0.044641587883234024,0.5882022380828857 
0.7367401719093323,0.02125338837504387,0.35917210578918457 
0.5246344208717346,0.18591070175170898,0.5882022380828857 
-0.21623337268829346,0.2741378843784332,-0.29947715997695923 
-0.015075862407684326,-0.025862127542495728,-0.5171585083007812 
-0.33149951696395874,-0.25933101773262024,0.22738218307495117 
-0.15043854713439941,-0.20925883948802948,0.5882022380828857 
-0.7421914339065552,-0.19283518195152283,-0.4147433340549469 
0.2283073365688324,-0.25933101773262024,-0.33242467045783997 
0.5576820373535156,0.27303630113601685,0.29327714443206787 
0.11671411991119385,0.5730363130569458,0.5273821949958801 
0.5411582589149475,-0.25933101773262024,-0.1184162050485611 
-0.5290842652320862,0.2741378843784332,0.27675333619117737 
-0.4138181805610657,-0.28196364641189575,0.5237092971801758 
-0.1998097002506256,-0.25913071632385254,0.4410901963710785 
0.6889712810516357,-0.25913071632385254,0.34264829754829407 
0.4258921146392822,-0.22538208961486816,-0.5954036712646484 
0.0965774804353714,-0.22538208961486816,0.5881021022796631 
-0.002212909050285816,-0.22538208961486816,0.5881021022796631 
-0.6772978901863098,-0.28196364641189575,0.5402330756187439 
-0.44676563143730164,-0.28196364641189575,-0.5465332269668579 
0.01354780700057745,0.2828504145145416,-0.1677873581647873 
0.6399005651473999,0.29446718096733093,-0.13483987748622894 
-0.21623337268829346,0.22536756098270416,0.6015214323997498 
0.04715624824166298,0.29446718096733093,0.17801102995872498 
-0.37729787826538086,0.028351247310638428,-0.9180363416671753 
-1.041991114616394,-0.4928351938724518,0.9022224545478821 
0.590028703212738,0.29206371307373047,-0.4673190712928772 
0.7372408509254456,0.004714551381766796,-0.08546872437000275 
0.2117835283279419,0.2735370099544525,-0.25010600686073303 
-0.2985520362854004,-0.25933101773262024,-0.2171585112810135 
0.7367401719093323,-0.09399271756410599,0.4414907693862915 
-0.031499505043029785,-0.5593310594558716,0.6262246370315552 
0.4423157572746277,-0.25933101773262024,-0.25010600686073303 
0.178936168551445,-0.25933101773262024,0.3755958080291748 
0.3435734510421753,0.2741378843784332,0.14506354928016663 
-0.2985520362854004,-0.25933101773262024,-0.34894847869873047 
0.4588395655155182,0.2741378843784332,-0.1512635499238968 
0.3435734510421753,-0.28196364641189575,0.5402330756187439 
-0.06807984411716461,0.2939664423465729,0.34264829754829407 
0.6728480458259583,-0.061075273901224136,-0.5955038070678711 
0.09660752862691879,-0.20925883948802948,-0.5955038070678711 
-0.3680698275566101,-0.5593310594558716,0.04989400506019592 
0.6564244031906128,0.10358205437660217,-0.5955038070678711 
-0.3808706998825073,-0.17641150951385498,0.588402509689331 
-0.249180868268013,0.2741378843784332,0.34264829754829407 
0.5082107782363892,-0.25933101773262024,-0.2666298449039459 
-0.6772978901863098,-0.25933101773262024,-0.4147433340549469 
0.524734616279602,0.27303630113601685,0.17801102995872498 
0.4258921146392822,0.2943670153617859,0.5237092971801758 
-0.5620317459106445,-0.25933101773262024,0.11211605370044708 
-0.4961368143558502,-0.25933101773262024,-0.20073485374450684 
0.19535985589027405,-0.12694020569324493,-0.5955038070678711 
-0.5620317459106445,-0.25933101773262024,-0.13483987748622894 
0.5411582589149475,0.2741378843784332,-0.38179582357406616 
-0.3808706998825073,0.2741378843784332,0.3097008466720581 
0.030722562223672867,-0.25933101773262024,-0.39831966161727905 
0.014248818159103394,0.03768707439303398,0.5882022380828857 
0.1494613140821457,-0.02596229314804077,-0.7147433757781982 
-0.7421914339065552,0.07062454521656036,0.09566234052181244 
0.06009724736213684,0.5735369920730591,0.3133336901664734 
0.7370405793190002,0.10355201363563538,-0.23358219861984253 
0.7367401719093323,-0.22568252682685852,-0.05250120908021927 
-0.6772978901863098,-0.07756905257701874,0.5882022380828857 
0.33071255683898926,-0.5819636583328247,-0.3360775411128998 
-0.5821284055709839,0.5730363130569458,0.3792286515235901 
-0.5290842652320862,0.27303630113601685,-0.1512635499238968 
0.5741057395935059,0.054180845618247986,-0.5955038070678711 
-0.4797131419181824,0.27303630113601685,-0.052491195499897 
0.5411582589149475,-0.25933101773262024,-0.4312671422958374 
0.3435734510421753,0.2741378843784332,0.27675333619117737 
-0.04792317748069763,-0.24581916630268097,-0.29550379514694214 
0.26125481724739075,-0.011714127846062183,0.5882022380828857 
0.524734616279602,0.10358205437660217,-0.5955038070678711 
0.24473100900650024,-0.28196364641189575,-0.5135857462882996 
-0.3808706998825073,-0.25933101773262024,-0.2666298449039459 
-0.35161611437797546,-0.5819636583328247,-0.2866763472557068 
-0.3150758743286133,-0.28196364641189575,-0.052451133728027344 
-0.2527836859226227,0.5943670272827148,-0.5994771718978882 
0.32714980840682983,-0.2717489004135132,-0.0776374414563179 
-0.3973945081233978,0.16938689351081848,0.5882022380828857 
0.38776957988739014,-0.0055328309535980225,0.03347030282020569 
-0.4421914219856262,0.07421733438968658,0.21454130113124847 
-0.5126606225967407,0.1365395486354828,-0.5955038070678711 
-0.1998097002506256,-0.2816632091999054,-0.6086227297782898 
-0.8949792385101318,-0.5819636583328247,-0.2866763472557068 
-0.23275718092918396,0.2943670153617859,0.4908619225025177 
-0.6717900037765503,-0.27946001291275024,-0.0716988742351532 
0.5891274213790894,0.28044697642326355,-0.33242467045783997 
0.31062597036361694,0.2811479866504669,-0.5752747058868408 
0.7488576173782349,0.23888705670833588,-0.0196037907153368 
-0.002212909050285816,0.20193380117416382,0.5881021022796631 
-0.7421914339065552,-0.22578267753124237,0.02979741245508194 
-0.44676563143730164,0.22536756098270416,0.6015214323997498 
-0.6607740521430969,0.29466745257377625,0.4578143060207367 
0.674250066280365,-0.27114805579185486,-0.47352805733680725 
0.528307318687439,-0.5815631151199341,0.1790449023246765 
0.013998457230627537,0.2824498414993286,-0.5618553161621094 
-0.6772978901863098,-0.25933101773262024,0.12863989174365997 
-0.7419911026954651,0.20203395187854767,-0.4147433340549469 
0.2283073365688324,-0.20925883948802948,-0.5955038070678711 
-0.8620317578315735,0.020740240812301636,0.30943286418914795 
-0.3186686336994171,-0.5591307282447815,0.3960128426551819 
-0.49980971217155457,-0.5591307282447815,-0.4022829532623291 
-0.3150758743286133,0.2741378843784332,0.19443471729755402 
-0.5455079674720764,-0.20925883948802948,-0.5955038070678711 
-0.37729787826538086,-0.00533255934715271,-0.4348399043083191 
0.20680874586105347,-0.03557613492012024,0.3021222949028015 
-0.08451353013515472,0.10358205437660217,-0.5955038070678711 
0.3980844020843506,-0.0085371732711792,0.3901744484901428 
-0.49980971217155457,0.5939664840698242,0.8542532920837402 
0.19535985589027405,0.2741378843784332,0.3262246549129486 
0.4094684422016144,0.2741378843784332,0.14506354928016663 
0.5741057395935059,-0.25933101773262024,-0.2171585112810135 
0.5082107782363892,-0.20925883948802948,-0.5955038070678711 
-0.7421914339065552,0.07062454521656036,0.5238094329833984 
-0.3973945081233978,-0.25933101773262024,0.2438058704137802 
-0.3479231894016266,0.18591070175170898,-0.5955038070678711 
0.2283073365688324,0.12001573294401169,-0.5955038070678711 
-0.4421914219856262,0.09074117243289948,0.6262246370315552 
0.04717627540230751,-0.11051652580499649,0.5882022380828857 
0.6399005651473999,-0.25933101773262024,-0.25010600686073303 
0.7367401719093323,-0.12694020569324493,-0.3653721511363983 
0.11304120719432831,-0.25933101773262024,-0.28305351734161377 
-0.4421914219856262,-0.4269402027130127,-0.830009400844574 
0.6929446458816528,0.27182215452194214,0.2882022261619568 
-0.26560455560684204,-0.25933101773262024,-0.4147433340549469 
-0.4138181805610657,-0.25933101773262024,-0.13483987748622894 
0.6106259822845459,-0.5593310594558716,0.6426483392715454 
-0.44676563143730164,0.12001573294401169,-0.5955038070678711 
-0.26560455560684204,0.2741378843784332,-0.1184162050485611 
-0.11749105155467987,-0.25933101773262024,0.2603296637535095 
-0.6973944902420044,0.5741379261016846,-0.4019124507904053 
0.4459887146949768,-0.06862376630306244,0.3095329999923706 
-0.5785555839538574,0.03768707439303398,0.5882022380828857 
0.3142588436603546,-0.5591307282447815,-0.4022829532623291 
-0.5126606225967407,0.10355201363563538,0.5882022380828857 
-1.042191505432129,-0.5257827043533325,-0.20433767139911652 
-0.4421914219856262,0.3376970887184143,-0.23000937700271606 
-0.5821284055709839,-0.29521235823631287,-0.29550379514694214 
-0.2657046914100647,0.0870782658457756,0.5882022380828857 
-1.042191505432129,0.3541608452796936,-0.5171585083007812 
-0.44199109077453613,0.5020339488983154,0.2968669533729553 
0.7367401719093323,0.08711832016706467,-0.03603747859597206 
0.7367401719093323,0.07062454521656036,-0.3160009980201721 
0.4588395655155182,-0.09399271756410599,0.5882022380828857 
0.3563242554664612,-0.0055328309535980225,0.5109585523605347 
0.14598870277404785,-0.25933101773262024,0.21095852553844452 
-0.7421914339065552,0.16938689351081848,0.3590719699859619 
0.7094684839248657,-0.025862127542495728,0.06631767749786377 
0.2741057276725769,0.09074117243289948,0.8882022500038147 
0.4588395655155182,0.20193380117416382,0.5881021022796631 
0.08011375367641449,0.16938689351081848,0.5882022380828857 
1.0350377559661865,-0.1978299915790558,0.9021223187446594 
0.4321334958076477,0.020439833402633667,0.31334370374679565 
-0.4499024748802185,-0.038780778646469116,0.2639525234699249 
0.32714980840682983,-0.2718490660190582,0.07099679112434387 
0.39585644006729126,-0.006133705377578735,-0.5171585083007812 
-0.08454357087612152,-0.28196364641189575,-0.5629569292068481 
0.4588395655155182,0.2943670153617859,-0.5135857462882996 
0.04719630628824234,0.2943670153617859,0.34264829754829407 
0.32164183259010315,0.2909621298313141,-0.47523048520088196 
-0.13758765161037445,0.028351247310638428,0.31103515625 
0.7036925554275513,0.2816486954689026,-0.5135857462882996 
0.4367401599884033,0.18948349356651306,0.24023306369781494 
-0.6114028692245483,-0.28196364641189575,-0.5465332269668579 
0.6235770583152771,0.2939664423465729,0.3755958080291748 
0.42332082986831665,0.2718321681022644,-0.3178359866142273 
0.42251962423324585,0.5019338130950928,0.3112354278564453 
0.4423157572746277,-0.28196364641189575,-0.0031430672388523817 
0.495359867811203,-0.5816632509231567,0.35809820890426636 
0.18627911806106567,0.035461485385894775,-0.38727134466171265 
-0.018648598343133926,0.20203395187854767,-0.5954036712646484 
0.5118836760520935,-0.009138017892837524,-0.26936614513397217 
0.7367401719093323,-0.028137797489762306,0.573180615901947 
0.5741057395935059,0.18591070175170898,-0.5955038070678711 
-1.0214616060256958,0.16614983975887299,0.9090322852134705 
-0.0022179163061082363,-0.28196364641189575,-0.5465332269668579 
-0.1538110226392746,-0.02696371078491211,-0.40189242362976074 
-0.5456080436706543,0.29106223583221436,0.4688301980495453 
-0.4797131419181824,-0.25913071632385254,0.4410901963710785 
-0.6880133748054504,-0.24070417881011963,0.5942109227180481 
-0.6046932339668274,0.28705650568008423,0.17250309884548187 
-0.3589390814304352,0.28425243496894836,-0.4641144871711731 
0.7147083878517151,-0.27946001291275024,-0.19522690773010254 
0.7109029293060303,0.2725355327129364,-0.37628787755966187 
-0.38458365201950073,0.5946674346923828,0.4450635612010956 
-0.6046932339668274,0.2867560386657715,-0.33793261647224426 
-0.28536540269851685,-0.04058337211608887,0.30843138694763184 
0.4367401599884033,-0.11408931016921997,-0.27938055992126465 
-0.5839633941650391,-0.2645385265350342,0.4565124213695526 
0.4917870759963989,-0.25933101773262024,0.40854328870773315 
0.5411582589149475,-0.2717489004135132,0.46662700176239014 
0.6400007605552673,-0.20925883948802948,-0.5955038070678711 
0.28769055008888245,-0.026563167572021484,0.01520875096321106 
-0.7063397765159607,-0.2645385265350342,-0.3160009980201721 
0.6124610304832458,-0.27946001291275024,0.4726356863975525 
-0.249180868268013,0.29426687955856323,-0.48354247212409973 
-0.993721604347229,0.5665268898010254,-0.9087229371070862 
-0.5455079674720764,0.2741378843784332,0.11211605370044708 
-0.9772979021072388,0.018036365509033203,-0.1972622573375702 
-0.45330744981765747,0.5510045289993286,-0.40192246437072754 
-0.10054664313793182,0.29466745257377625,0.47423797845840454 
-0.7494018077850342,0.22757075726985931,0.5127936005592346 
1.0454527139663696,0.5616198182106018,-0.2519409656524658 
0.4752632677555084,0.2741378843784332,-0.08544869720935822 
0.6070532202720642,0.18591070175170898,0.5887029767036438 
-0.46318933367729187,-0.25933101773262024,0.3097008466720581 
-0.09739449620246887,0.040668994188308716,-0.7312671542167664 
-0.7421914339065552,-0.22578267753124237,0.17801102995872498 
0.524734616279602,0.2741378843784332,-0.18421104550361633 
0.37652093172073364,-0.28196364641189575,-0.5465332269668579 
0.7367401719093323,0.07065458595752716,-0.4641144871711731 
-0.05526900291442871,-0.5819636583328247,-0.3360775411128998 
-0.10099729150533676,-0.25933101773262024,-0.38179582357406616 
0.5082107782363892,0.27303630113601685,0.04630119726061821 
-0.23631994426250458,0.5943670272827148,-0.36898496747016907 
-0.10099729150533676,-0.25933101773262024,0.16148722171783447 
-0.6772978901863098,-0.11051652580499649,-0.5955038070678711 
0.7367401719093323,0.12001573294401169,0.11211605370044708 
-0.7421914339065552,-0.028167840093374252,0.12863989174365997 
-0.7421914339065552,-0.14346401393413544,0.5238094329833984 
0.4258921146392822,0.10354198515415192,0.5886028409004211 
-0.46318933367729187,0.2741378843784332,0.04628116637468338 
0.37652093172073364,0.02125338837504387,-0.5955038070678711 
0.21188366413116455,0.2741378843784332,0.0792086273431778 
-0.7421914339065552,-0.06109530106186867,0.2603296637535095 
0.2977941036224365,-0.5593310594558716,-0.07261782884597778 
0.14598870277404785,0.0047876569442451,-0.5955038070678711 
-0.7421914339065552,-0.11051652580499649,-0.019593777135014534 
-0.0022169146686792374,-0.14346401393413544,0.5882022380828857 
-0.7421914339065552,-0.19283518195152283,-0.019593777135014534 
0.7367401719093323,-0.011674069799482822,-0.28305351734161377 
-0.4797131419181824,-0.061105310916900635,0.5882022380828857 
0.7367401719093323,0.18591070175170898,0.013353710062801838 
0.8741057515144348,-0.31171414256095886,0.2882022261619568 
-0.4421914219856262,0.3376970887184143,0.4450635612010956 
-0.10099729150533676,-0.044621556997299194,0.5887029767036438 
0.8082107901573181,-0.5819636583328247,0.8237093091011047 
0.3435734510421753,0.2741378843784332,-0.20073485374450684 
0.6234769225120544,-0.25933101773262024,0.3262246549129486 
-0.28212836384773254,0.2741378843784332,-0.26652970910072327 
-0.5949792265892029,-0.25933101773262024,0.34264829754829407 
-0.7421914339065552,-0.22578267753124237,-0.23368233442306519 
0.37652093172073364,-0.25933101773262024,-0.1184162050485611 
0.31062597036361694,-0.25933101773262024,-0.28305351734161377 
-0.28212836384773254,-0.28196364641189575,-0.5629569292068481 
0.4094684422016144,-0.28196364641189575,0.5237092971801758 
0.7367401719093323,-0.15988768637180328,-0.4147433340549469 
-0.11749105155467987,-0.15988768637180328,0.5882022380828857 
0.7367401719093323,-0.24220633506774902,-0.33242467045783997 
0.21188366413116455,-0.25933101773262024,0.424966961145401 
-0.249180868268013,-0.25933101773262024,-0.28305351734161377 
-0.2326570600271225,-0.12694020569324493,-0.5955038070678711 
-0.16686221957206726,0.27303630113601685,0.12863989174365997 
-0.3150758743286133,-0.15988768637180328,0.5882022380828857 
-0.4138181805610657,0.2741378843784332,0.40854328870773315 
-0.7421914339065552,-0.15988768637180328,0.3755958080291748 
-0.1339147388935089,-0.25933101773262024,-0.2171585112810135 
0.7367401719093323,-0.14346401393413544,0.19443471729755402 
-0.11749105155467987,-0.25933101773262024,-0.13483987748622894 
-0.4797131419181824,-0.25933101773262024,-0.33242467045783997 
0.5612548589706421,0.5741379261016846,-0.06537213921546936 
-0.7421914339065552,-0.22578267753124237,-0.4806382954120636 
-0.2985520362854004,-0.25933101773262024,0.424966961145401 
0.3929446339607239,-0.25933101773262024,0.27675333619117737 
0.6106259822845459,0.37061452865600586,0.8887029886245728 
-0.7421914339065552,-0.14346401393413544,0.29327714443206787 
-0.5784554481506348,-0.09399271756410599,-0.5955038070678711 
-0.7421914339065552,-0.17631137371063232,0.45791444182395935 
-0.1832858920097351,-0.25933101773262024,-0.3160009980201721 
0.08014379441738129,-0.07753899693489075,-0.5955038070678711 
0.7367401719093323,0.08711832016706467,0.3262246549129486 
0.7367401719093323,-0.12694020569324493,-0.13483987748622894 
-0.07169267535209656,0.2883259356021881,-0.29550379514694214 
0.7367401719093323,-0.15988768637180328,0.06275491416454315 
-0.7421914339065552,-0.04463157057762146,0.34264829754829407 
-0.6150758862495422,0.28828588128089905,0.8882022500038147 
-0.5126606225967407,0.0047876569442451,-0.5955038070678711 
0.7367401719093323,0.16948702931404114,-0.10190241038799286 
-0.6115030646324158,0.2943670153617859,-0.5464330911636353 
0.6728480458259583,-0.28196364641189575,0.029787395149469376 
-0.4632894694805145,0.0706145316362381,0.5882022380828857 
0.06366003304719925,-0.25933101773262024,-0.1677873581647873 
0.32714980840682983,0.054180845618247986,-0.5955038070678711 
0.4367401599884033,-0.19641795754432678,0.7579144239425659 
-0.015075862407684326,0.35415083169937134,0.2882022261619568 
-0.7421914339065552,0.07062454521656036,-0.4147433340549469 
-0.7421914339065552,-0.06109530106186867,0.5072856545448303 
-0.11749105155467987,0.03771711885929108,-0.5955038070678711 
0.31062597036361694,0.13643939793109894,0.5882022380828857 
1.0367401838302612,-0.3116740882396698,-0.8464331030845642 
1.0367401838302612,0.15663613379001617,-0.3195737600326538 
