0.5195111632347107,-0.036276817321777344,-0.4784647524356842
-0.9817312955856323,0.660546064376831,0.930333137512207
-0.3915697932243347,0.06086254119873047,-0.3189690113067627
0.8177286982536316,0.05367022752761841,1.0517363548278809
-0.036308467388153076,0.05926239490509033,-0.5886920094490051
0.6009654998779297,0.6434791088104248,0.15921853482723236
-0.29875385761260986,0.125037282705307,-0.30111488699913025
-0.35549312829971313,0.12401629984378815,0.28401798009872437
-0.5135679244995117,-0.398668110370636,-0.9427298903465271
0.3165775537490845,0.21033506095409393,-0.026080012321472168
-0.40794336795806885,0.6612393856048584,1.210729956626892
-0.6263940334320068,0.6602611541748047,-0.2666124105453491
0.5677564740180969,0.008534284308552742,-0.5075899362564087
-0.561924934387207,0.6434698104858398,-1.187856674194336
0.538871705532074,0.060723304748535156,0.05912497639656067
-0.4653964638710022,-0.6573460102081299,0.4321901202201843
-0.8170759081840515,-0.37342217564582825,0.7747737169265747
-0.30265218019485474,0.26231199502944946,-0.11755847930908203
0.3640255331993103,-0.04446359723806381,0.6187311410903931
0.24624213576316833,-0.30462661385536194,0.2678869962692261
-0.5721347332000732,-0.6022133827209473,-0.5706309080123901
0.4941723942756653,-0.3194032907485962,-1.0250575542449951
0.5957868695259094,-0.1531510204076767,-0.13679039478302002
1.0600709915161133,0.660590648651123,-0.818170964717865
-0.37868738174438477,0.14701563119888306,0.7561914920806885
-0.7805802822113037,0.09531717747449875,0.2596263587474823
-1.1357128620147705,0.532870352268219,-0.0008888840675354004
0.2071666270494461,0.20706751942634583,0.8482648730278015
0.3531757593154907,0.045958101749420166,-0.7692569494247437
0.8003531098365784,0.07220599800348282,0.03656189143657684
0.6380180716514587,0.12724582850933075,0.527771532535553
-0.7585090398788452,-0.18324238061904907,-1.0007398128509521
0.5288665294647217,0.2730596363544464,-0.7226443886756897
-0.37572699785232544,0.3709065914154053,0.49907243251800537
0.35613617300987244,-0.2023434340953827,-0.42284902930259705
-0.2904941439628601,0.4853486120700836,-0.57124263048172
-1.1036914587020874,-0.2443152517080307,0.25748273730278015
-0.5889344215393066,0.05301213264465332,0.09226027131080627
0.7470768094062805,0.06440946459770203,-0.2710022032260895
-1.140632152557373,0.05895888805389404,0.6821433305740356
0.4570270776748657,-0.25599101185798645,0.08712799847126007
0.2644437551498413,-0.07460978627204895,0.17397627234458923
-0.4159993529319763,-0.2690780758857727,0.16151992976665497
-0.3050421178340912,-0.6156716346740723,0.6381486654281616
0.7681459784507751,0.11954210698604584,0.2942466735839844
-0.28874874114990234,-0.07453593611717224,0.6306115388870239
-0.11325289309024811,0.08865343034267426,0.20094770193099976
-0.08369943499565125,0.12810015678405762,-0.16303831338882446
-0.80677330493927,0.10155482590198517,-0.538516640663147
-0.656485378742218,0.13105130195617676,0.5239660739898682
-0.5167236328125,0.4027424454689026,-0.5006097555160522
0.4320785701274872,-0.34019404649734497,1.0106189250946045
-0.6137900352478027,-0.1104557067155838,0.24895252287387848
-0.7880244851112366,0.06173872947692871,-1.0921635627746582
0.8897348046302795,0.2950941324234009,0.09812668710947037
-0.20263460278511047,-0.6709899306297302,0.37791138887405396
0.41041451692581177,0.0553019642829895,0.27241599559783936
0.7281613349914551,-0.47941792011260986,0.68966144323349
-0.34165382385253906,0.3608495593070984,0.8517918586730957
-1.001779556274414,-0.13841229677200317,-0.795709490776062
0.41952943801879883,0.054756615310907364,-0.682083785533905
-0.6179857850074768,-0.6266239881515503,0.25996094942092896
0.4134964048862457,0.14877912402153015,0.7390205264091492
-0.9948183298110962,-0.34761935472488403,-0.511878490447998
-0.170779749751091,-0.24114049971103668,-0.4667508900165558
0.5228145718574524,0.5624786615371704,-0.03263193368911743
0.278449684381485,0.2566502094268799,-1.0292342901229858
0.4186941087245941,-0.25339218974113464,-0.208908349275589
0.654353678226471,-0.10869218409061432,0.06629082560539246
0.27937740087509155,0.15212050080299377,-0.8063643574714661
0.2157985121011734,-0.16020503640174866,-0.5700550079345703
0.669853925704956,0.18033653497695923,-0.5347849726676941
-0.5224592089653015,0.30338260531425476,0.7386492490768433
0.8567113876342773,-0.41268327832221985,-0.6484106779098511
0.5844823122024536,-0.03683370351791382,0.3254518508911133
-0.5107454061508179,0.05264925956726074,-0.7556130290031433
-0.36859872937202454,0.6608755588531494,-1.2226626873016357
0.22710305452346802,-0.332675963640213,0.8017830848693848
-1.2095943689346313,0.6599770784378052,-0.4712250828742981
0.2334710955619812,-0.6227257251739502,-0.622793436050415
-0.7935006618499756,0.36143937706947327,0.32541388273239136
1.1383147239685059,-0.14008298516273499,-0.43094301223754883
-0.7285104990005493,-0.030169954523444176,0.11084246635437012
-0.13242775201797485,0.26203352212905884,-0.8926092982292175
-0.8754380941390991,0.2364901751279831,0.16848114132881165
-0.7594372034072876,-0.49408283829689026,0.6303520798683167
-0.19955268502235413,0.2115226835012436,0.8471511006355286
0.053815752267837524,0.645845890045166,0.5394473671913147
0.4288848042488098,0.27781224250793457,0.1947670429944992
0.024755528196692467,0.2153281271457672,0.8728610873222351
-0.666138231754303,0.010669045150279999,0.38650569319725037
-0.04473574459552765,-0.1678159385919571,-0.5991063714027405
-0.7429898381233215,0.07953844964504242,-0.3309612572193146
0.7093197107315063,-0.37685632705688477,-0.8601236939430237
0.21264275908470154,-0.28532084822654724,-0.35778507590293884
-0.896155059337616,-0.08782762289047241,-0.9545174837112427
-0.8655067682266235,0.20177701115608215,-0.11674214899539948
-0.6600313782691956,-0.08495032787322998,-1.102466106414795
0.4586239159107208,0.6623578071594238,1.203026294708252
-0.23686467111110687,0.04139111936092377,0.7479308247566223
0.27249008417129517,-0.08003108203411102,0.35622870922088623
0.5617424249649048,-0.23559054732322693,1.0480237007141113
-0.7696470022201538,-0.5528353452682495,0.22079262137413025
-0.13207551836967468,-0.25506287813186646,0.45426133275032043
0.9558387994766235,0.656696081161499,-0.9536821246147156
0.715816855430603,0.0542948842048645,-1.1214933395385742
0.6685544848442078,0.02774718403816223,0.39077523350715637
0.7613704204559326,0.22071145474910736,0.425859659910202
-0.2630198001861572,0.3639453947544098,-0.28221386671066284
-0.7827150225639343,0.20511838793754578,0.3940238058567047
-0.03521282970905304,-0.06534715741872787,0.7027295231819153
0.49582409858703613,-0.20122967660427094,0.23391634225845337
-0.6753460168838501,-0.4489743113517761,0.7892529368400574
0.7207170724868774,-0.010957053862512112,0.18017594516277313
0.08724848181009293,0.08501458913087845,0.8000006079673767
-0.14701887965202332,0.22665168344974518,-0.8737486600875854
0.2094680666923523,0.37443360686302185,0.3183598518371582
-0.2229798436164856,-0.6470434665679932,-0.5467772483825684
-0.6243901252746582,-0.2918369770050049,-0.9976769089698792
0.38817664980888367,0.653045654296875,-1.219692587852478
-0.4519381523132324,-0.6252317428588867,0.5866358280181885
-1.1191916465759277,-0.19929954409599304,0.4042525291442871
-0.19715845584869385,-0.21934774518013,-0.5072925090789795
1.1518659591674805,-0.05153658986091614,0.5547999143600464
-0.49760353565216064,-0.6518698930740356,0.15420646965503693
0.47336268424987793,-0.24680227041244507,-0.06553560495376587
0.24306738376617432,0.44126105308532715,-0.34532874822616577
-0.6065504550933838,0.22201088070869446,0.6394290924072266
-0.26419010758399963,0.04772156476974487,0.17161789536476135
0.32810577750205994,-0.15380074083805084,0.5114359259605408
0.6632639765739441,0.013546344824135303,-0.3882286548614502
0.10757516324520111,-0.37071147561073303,-0.07572679221630096
0.468740850687027,-0.06378830969333649,-1.1717066764831543
-0.5001643896102905,0.38826316595077515,0.10677756369113922
-0.7311093807220459,0.2658199965953827,0.519232451915741
0.09411685168743134,-0.12094387412071228,-0.6438436508178711
0.08281230926513672,0.12577976286411285,0.24865508079528809
0.22360476851463318,-0.07693016529083252,0.3162909150123596
0.004957892931997776,-0.361429899930954,0.19836784899234772
-0.7029861807823181,-0.06599689275026321,-0.06727126240730286
0.7454989552497864,0.1511923372745514,-0.4134746193885803
0.23994964361190796,0.3750832974910736,-1.1075708866119385
0.9600154757499695,-0.3637693226337433,-0.5306272506713867
0.14395900070667267,-0.2846711277961731,0.3815864324569702
-0.38871148228645325,-0.23854166269302368,-0.3270629942417145
0.21208585798740387,-0.1139826849102974,0.6175245642662048
-0.2777964770793915,-0.3164141774177551,0.20941294729709625
0.6639326810836792,-0.5837429761886597,-0.10952150821685791
-0.538887619972229,-0.19946615397930145,0.14954668283462524
0.5775210857391357,-0.5442962050437927,0.6914249658584595
-0.41674190759658813,-0.04919719323515892,0.5803981423377991
0.3442557156085968,-0.30796799063682556,-0.09638760983943939
-0.8838843703269958,0.22507381439208984,0.030556704849004745
-0.19387191534042358,0.14944781363010406,-0.08182436227798462
-0.3146253824234009,-0.44154906272888184,0.1491016149520874
0.07610128819942474,-0.1466538906097412,0.6113986968994141
0.41600242257118225,0.21161550283432007,-0.7708157896995544
0.31000667810440063,-0.03991561010479927,-0.6553528308868408
-0.5720039010047913,0.6624125838279724,-0.019823342561721802
-0.3694058060646057,0.03145982697606087,0.6863011121749878
-0.17347142100334167,-0.012256471440196037,-0.7379590272903442
0.5726566910743713,0.5091094970703125,-0.3035568594932556
0.3248112201690674,0.0563293993473053,1.2174127101898193
-0.6066432595252991,-0.10191663354635239,-0.30265241861343384
-0.8937418460845947,0.06090614199638367,-1.0140125751495361
0.15168170630931854,-0.4028448164463043,0.34880346059799194
0.14154578745365143,-0.3475075364112854,0.20328709483146667
0.5615377426147461,-0.1911127269268036,0.026983290910720825
-0.6127501130104065,0.061068594455718994,-0.13216857612133026
0.7906264066696167,-0.4038658142089844,-0.759047269821167
0.9229819178581238,0.03791937232017517,0.9660672545433044
0.5346949696540833,0.4557403326034546,-0.1724506914615631
0.45043712854385376,-0.19398999214172363,-0.33717992901802063
-0.40734851360321045,-0.3084510266780853,0.5547071695327759
-0.5891200304031372,-0.45612114667892456,-0.8462941646575928
-0.5806738138198853,-0.5496795773506165,-0.6924982070922852
-0.19925522804260254,0.46632134914398193,0.396418035030365
-0.680729329586029,-0.5809586048126221,0.09174138307571411
-0.19090178608894348,0.21200574934482574,-0.7906973958015442
-0.4302929937839508,-0.2804016172885895,0.03636697679758072
0.8625587224960327,0.22073045372962952,0.08622723817825317
-0.3187282979488373,0.2363973706960678,0.8201416730880737
0.1005401462316513,-0.6607801914215088,0.3062203824520111
0.5304444432258606,-0.17663341760635376,-0.24000169336795807
0.3071293830871582,0.054756615310907364,-0.7348960638046265
-0.6021142601966858,-0.02838742733001709,0.38949480652809143
-0.5672892928123474,-0.10275197774171829,0.36237356066703796
1.2203640937805176,0.6565382480621338,-0.3035290241241455
-0.7791879773139954,0.21096578240394592,-0.4144027531147003
0.5764811635017395,-0.1643817275762558,0.14936105906963348
0.04119279980659485,0.03574833273887634,-0.002745211124420166
-0.5141057968139648,0.2529185712337494,-0.7353601455688477
0.9679976105690002,-0.061096638441085815,0.8661973476409912
-0.5849243402481079,0.022456685081124306,0.505774199962616
-0.05672799050807953,0.07565921545028687,-0.1608107089996338
0.059756405651569366,-0.30731821060180664,-0.3592701256275177
-1.1498209238052368,0.5622929930686951,-0.017448127269744873
-0.053998321294784546,0.03936821222305298,-0.006681472063064575
0.5679230690002441,0.5575593709945679,0.08375921845436096
-1.0195074081420898,-0.028824537992477417,-0.8460156917572021
0.31260550022125244,0.17996527254581451,0.7930393815040588
1.0661969184875488,-0.04253345727920532,-0.7612748146057129
0.24475707113742828,-0.3368337154388428,0.14778319001197815
-0.36968421936035156,0.3390331566333771,-0.8416343927383423
-0.986279308795929,-0.2387462854385376,-0.7319449782371521
-0.6494313478469849,-0.11537493765354156,0.10183931887149811
0.4045860767364502,0.2537539005279541,0.7888627052307129
0.06759048998355865,0.05961230397224426,0.5922595858573914
0.7309268116950989,-0.02580760233104229,0.03740651533007622
1.0816971063613892,0.04679259657859802,0.7810851335525513
0.522628903388977,0.6541250944137573,-0.10391455888748169
0.33421260118484497,-0.05367136001586914,-0.926023006439209
0.32281526923179626,-0.15110906958580017,-0.527823805809021
0.370058536529541,-0.24902983009815216,0.3002797067165375
-0.4374208450317383,0.40070047974586487,0.07796663045883179
0.23413938283920288,-0.5794734954833984,-0.7286964654922485
0.4985157549381256,0.029046600684523582,-0.5959506630897522
-0.3978450298309326,-0.04856649041175842,1.1788941621780396
1.1879713535308838,0.044286519289016724,0.5006882548332214
-0.42453843355178833,0.27377429604530334,0.7883986234664917
-0.46224069595336914,-0.6359983682632446,-0.5525318384170532
0.29654833674430847,0.25700247287750244,-0.8458110690116882
0.2679610550403595,-0.02933461032807827,0.6769266724586487
0.6485990881919861,0.08362236618995667,-0.4808589220046997
-0.10450918972492218,-0.09569796174764633,-0.6710386872291565
0.3654916286468506,0.19975405931472778,0.2455744743347168
0.1405058205127716,0.19631987810134888,0.19333681464195251
-0.030608713626861572,0.2247215360403061,-0.31961870193481445
0.8021166324615479,0.16047394275665283,-0.2822329103946686
-0.13653068244457245,-0.005202453583478928,0.7364217042922974
0.07377117872238159,0.35419970750808716,0.39660364389419556
0.7805833220481873,0.06375975906848907,-0.15210501849651337
0.5682015419006348,0.05673593282699585,0.0030093491077423096
-0.45338523387908936,0.3040791451931,-0.4349340796470642
0.5330622792243958,-0.6467649936676025,-0.3707704246044159
0.07250002771615982,-0.1927834153175354,-0.5647644996643066
-0.9096872210502625,0.30361461639404297,-0.07806575298309326
0.49582409858703613,0.24911312758922577,0.7299245595932007
-0.16205506026744843,-0.2941383719444275,-0.36604565382003784
-0.4614982008934021,-0.4692081809043884,-0.8798935413360596
-0.2673082947731018,0.13411422073841095,0.7935962677001953
0.7258219718933105,0.12223377078771591,0.40079933404922485
-0.6015573740005493,-0.6232826113700867,-0.449134886264801
-0.36957240104675293,0.2784619629383087,-0.02817678451538086
-0.875809371471405,0.26340675354003906,-0.20853708684444427
0.3085954189300537,-0.2620430588722229,0.18154919147491455
0.24345766007900238,0.3091464638710022,0.8723042011260986
0.8099321126937866,-0.4567708373069763,0.6284958124160767
0.0977366715669632,-0.32569578289985657,0.2972168028354645
0.7841103076934814,0.07406231760978699,0.1682955026626587
0.018545717000961304,-0.004255324602127075,0.10278646647930145
-0.8805620074272156,-0.17201164364814758,0.9031381011009216
-0.321698397397995,0.12279067933559418,-0.7748069167137146
0.004753698129206896,0.010854680091142654,0.7600897550582886
0.8075188994407654,0.060373395681381226,-1.07332181930542
-0.6006101965904236,0.35389021039009094,0.6944689154624939
-0.3305897116661072,0.4402400851249695,-0.267270565032959
1.0157978534698486,-0.2685401737689972,0.5888633728027344
-0.26467275619506836,-0.08157098293304443,0.29597166180610657
0.21867579221725464,-0.09142843633890152,-0.6457927823066711
-0.2519008219242096,0.19156727194786072,-0.837272047996521
0.10627573728561401,0.276762992143631,0.8863193988800049
0.5837208032608032,-0.04186473414301872,-0.4208998680114746
-0.8356391191482544,-0.47292083501815796,0.5669587850570679
-0.06691874563694,-0.3535405695438385,-0.220046266913414
-0.5860190987586975,0.6559674739837646,0.5691864490509033
0.1882321685552597,0.11592229455709457,0.8083540201187134
0.23354534804821014,-0.6696904897689819,0.41863900423049927
-0.34391897916793823,-0.5286104083061218,-0.8190062642097473
-0.44883716106414795,0.2811536192893982,-0.2914128303527832
0.9498985409736633,-0.39885371923446655,0.4684811532497406
0.3701513707637787,-0.30156368017196655,0.06699622422456741
0.47997158765792847,-0.1593886762857437,-1.128361701965332
-0.6789658069610596,-0.5044782161712646,0.7007993459701538
0.699647843837738,0.27321743965148926,-0.5546476244926453
0.4645451307296753,0.14441677927970886,-0.7063087821006775
0.8132544755935669,0.25737375020980835,0.34947216510772705
0.3995929956436157,-0.3041814863681793,-1.0504891872406006
-0.287923127412796,0.5904161930084229,-0.6099468469619751
0.18878908455371857,-0.35929518938064575,0.03671040013432503
0.8824023604393005,0.26340675354003906,-0.08559311926364899
-0.5555016994476318,-0.19547507166862488,-0.09290701895952225
-0.4416903853416443,0.06023138761520386,0.8461491465568542
-0.47400933504104614,0.041298314929008484,-0.6340979933738708
0.4781152606010437,-0.6274592876434326,-0.567103922367096
-0.5389994382858276,-0.594323992729187,0.619678258895874
-0.2649689316749573,0.2896926701068878,-0.2038772702217102
0.5877118706703186,0.09095482528209686,-0.5739533305168152
-0.5332996845245361,0.4747675955295563,0.5308534502983093
-0.29550620913505554,0.4241829514503479,0.5327646136283875
0.15414977073669434,0.267880916595459,0.8659188747406006
0.1721011996269226,-0.06996899843215942,0.23462219536304474
-0.11713215708732605,0.16158771514892578,0.8389832377433777
0.3713579773902893,0.12511107325553894,-0.7476118803024292
-0.5512131452560425,0.43912628293037415,-0.34046605229377747
0.5080758333206177,-0.21635863184928894,-0.15572482347488403
0.39550912380218506,0.0954289585351944,0.2377028465270996
-0.7198786735534668,0.16028830409049988,0.45862364768981934
0.07835714519023895,0.2642611265182495,0.39363354444503784
0.15955205261707306,-0.21487361192703247,-0.5163146257400513
0.1303340494632721,0.05324143171310425,-1.2081832885742188
-0.4410596787929535,0.19657932221889496,-0.7568934559822083
-0.24371403455734253,0.43392860889434814,-0.34588563442230225
-0.533875584602356,-0.21468794345855713,0.05488375201821327
-0.3873192369937897,-0.115189328789711,-0.5381263494491577
-0.6683658361434937,0.21588502824306488,0.5685177445411682
-0.7984936833381653,0.14618028700351715,-0.2951343357563019
0.17635174095630646,0.32693925499916077,-0.8988089561462402
-0.941820502281189,-0.3564368486404419,0.6200495362281799
-0.7893049716949463,0.2819328308105469,0.4478570222854614
0.8185449838638306,0.15184205770492554,0.21934425830841064
0.502785325050354,0.16223743557929993,0.6784117817878723
-0.7990695834159851,-0.3159691393375397,0.852182149887085
0.01839807629585266,-0.49547508358955383,0.18489056825637817
-0.771317720413208,0.05668768286705017,1.0951741933822632
-0.8276379108428955,0.30209243297576904,-0.37495601177215576
-1.0792808532714844,-0.24756379425525665,0.4772058427333832
0.10040932893753052,0.0083676278591156,-0.3242325484752655
-0.16743837296962738,0.08380800485610962,0.7922968864440918
-0.13246577978134155,0.3301604092121124,0.45906877517700195
-0.13356058299541473,0.1282668113708496,-0.8309605717658997
-0.3940019905567169,-0.28986886143684387,-0.11655651032924652
0.702710747718811,0.1704980432987213,0.4785791039466858
0.31223422288894653,0.2645205855369568,0.8288663625717163
0.7758497595787048,0.0356365442276001,-0.04403016343712807
0.2035936564207077,-0.006297290325164795,0.0568045973777771
-0.3679945468902588,0.18740952014923096,-0.29712194204330444
-0.4519191384315491,-0.15324385464191437,0.41926971077919006
0.29114603996276855,-0.154283806681633,0.3033236861228943
-0.1713176667690277,0.07603047788143158,-0.07146698236465454
-0.7457742691040039,0.02422017604112625,-0.23313330113887787
-0.05558592081069946,-0.23649971187114716,0.4988130033016205
-0.3820570409297943,-0.04648655652999878,-0.06608366966247559
0.04355120658874512,0.3423193097114563,-0.4471477270126343
-0.656392514705658,0.27856361865997314,-0.6238882541656494
-0.32318347692489624,-0.12530621886253357,0.5581223368644714
0.8198444843292236,0.11517978459596634,-0.05573424696922302
0.10941249132156372,0.2846806049346924,-0.32760089635849
-0.6782971620559692,0.08250858634710312,0.44609352946281433
-0.6879500150680542,-0.061170466244220734,0.18370294570922852
0.4118257164955139,-0.1420130878686905,-0.47371208667755127
0.723223090171814,-0.006687505636364222,-0.2062166929244995
0.3193722069263458,-0.2595370411872864,-1.0902143716812134
0.8762955069541931,0.060744673013687134,-0.4185604453086853
0.7271213531494141,0.2763917148113251,0.513106644153595
-0.18962137401103973,-0.2739045321941376,0.38919737935066223
0.14607477188110352,0.04491770267486572,0.5014856457710266
0.4863758683204651,-0.23540490865707397,-1.0852952003479004
0.3385939598083496,-0.19696010649204254,0.43226394057273865
-0.9018906354904175,0.2989831268787384,0.09051577746868134
0.8492860794067383,-0.26306405663490295,0.24949049949645996
-0.03250303864479065,-0.003512769937515259,0.03243201971054077
-0.7827340364456177,-0.5355715751647949,-0.4637070298194885
-0.4247240722179413,0.2836035192012787,-0.8040438890457153
-0.778723955154419,0.02997477538883686,0.07354902476072311
-0.31371623277664185,0.08083789795637131,0.7430115938186646
0.11648547649383545,0.15694692730903625,0.8381479382514954
-1.1436951160430908,-0.11650773882865906,-0.5061239004135132
-0.5878015756607056,-0.032397519797086716,0.43950358033180237
0.006517648696899414,0.09589305520057678,-0.17501148581504822
-0.2537761628627777,-0.6637502908706665,0.13174504041671753
0.4920186698436737,-0.1138899102807045,0.42112603783607483
-0.0656193196773529,0.25690963864326477,-0.8948178887367249
-0.39864277839660645,0.05531352013349533,-0.7016680240631104
0.3279939293861389,0.2578568160533905,0.6443673372268677
0.3992217481136322,-0.14101113379001617,-1.150451898574829
0.42493173480033875,-0.5826292634010315,-0.7089266777038574
0.24243667721748352,-0.16447456181049347,0.5458706021308899
-1.0631308555603027,0.6567647457122803,-0.2262459397315979
0.4300176501274109,0.01744462363421917,0.6301475167274475
0.8607762455940247,0.23008586466312408,0.15799294412136078
-0.17792657017707825,0.28626734018325806,0.8799151182174683
0.31177017092704773,-0.1031232476234436,-0.5963219404220581
-1.0436395406723022,-0.165421724319458,-0.710318922996521
0.2945866584777832,0.178035169839859,0.34787535667419434
0.6585303544998169,-0.032397519797086716,-0.3177814185619354
0.5998707413673401,-0.11583903431892395,-0.25828641653060913
-0.21228745579719543,0.5514335632324219,-1.1876710653305054
0.21197408437728882,0.0832701027393341,-0.16196249425411224
0.2800275683403015,-0.5845783948898315,0.7180631160736084
0.16538050770759583,0.5833992958068848,-0.47610628604888916
0.5717475414276123,-0.18099577724933624,-0.05536298453807831
0.8406351804733276,0.14738689363002777,0.04251139238476753
-0.7704823017120361,0.10220454633235931,-0.017224490642547607
-0.298308789730072,0.27792319655418396,-0.8517512679100037
-0.27241313457489014,0.29369258880615234,0.8610734343528748
-0.574900209903717,-0.15305820107460022,-0.22496549785137177
-0.015108905732631683,0.2832229733467102,0.8990351557731628
0.5117694735527039,0.4281740188598633,0.0935048758983612
1.026286005973816,-0.21080870926380157,-0.06224021315574646
0.677557647228241,-0.07119455933570862,-0.14700013399124146
-0.25520554184913635,0.2517309784889221,0.4118254780769348
-0.12296053767204285,0.10935138165950775,-0.09259101748466492
0.45106786489486694,0.3125253915786743,-0.1927773654460907
0.6396149396896362,0.06133034825325012,-1.1583412885665894
0.44653886556625366,-0.2044782191514969,0.30891159176826477
1.1727495193481445,0.660564661026001,0.5847795009613037
-0.12927201390266418,0.38529306650161743,0.39669644832611084
-0.3704550266265869,0.4771808087825775,-1.1600120067596436
0.7790982723236084,0.1812646985054016,0.34557390213012695
0.010610383003950119,-0.20262187719345093,0.5456849932670593
0.1156691312789917,-0.037390559911727905,-0.08641034364700317
0.031828101724386215,-0.09179970622062683,-0.6862605214118958
0.11639266461133957,-0.25682640075683594,0.45212653279304504
0.07024416327476501,-0.39458417892456055,0.8559876084327698
-0.5035247802734375,-0.020888345316052437,-0.5548332333564758
-0.1384798139333725,-0.156585231423378,0.5897725820541382
0.08281230926513672,0.06526382267475128,0.15713858604431152
0.08439017832279205,0.578127384185791,-0.5820093154907227
0.9096164107322693,-0.13451401889324188,-0.9076455235481262
-0.6231644749641418,0.04334024339914322,-0.4908830523490906
0.26294898986816406,-0.2061489075422287,0.47653713822364807
-0.5814900994300842,0.280624121427536,-0.6935930252075195
0.038686782121658325,0.406826376914978,0.4457961320877075
-0.9369012713432312,-0.40238070487976074,-0.5254296064376831
-0.29448431730270386,-0.4706932306289673,0.3836659789085388
-0.14932027459144592,0.2104278951883316,0.21394193172454834
-0.8515844345092773,0.15471935272216797,0.05514363572001457
0.3651118874549866,-0.5956234931945801,0.6864129304885864
-0.6434911489486694,-0.12836915254592896,-0.07776874303817749
-0.08040489256381989,0.002965346211567521,-0.7565221786499023
-0.7979368567466736,0.16038112342357635,0.30213603377342224
-0.21551701426506042,-0.12159363925457001,0.608242928981781
0.0014127790927886963,0.2966538667678833,0.3907562494277954
-0.9778330326080322,-0.01161646842956543,0.8984044790267944
0.7349368929862976,-0.5563622713088989,-0.13727346062660217
-1.1200270652770996,-0.02862963080406189,0.6735115051269531
0.08706284314393997,0.010483437217772007,0.7506225109100342
0.7948769330978394,0.29680195450782776,0.4217757284641266
-0.5533859133720398,-0.6462081670761108,-0.3801169991493225
-0.7869107723236084,0.05579657852649689,-0.1897144466638565
-1.111116647720337,0.06089964509010315,0.754725456237793
-1.0758466720581055,-0.03594350814819336,-0.7719486355781555
0.14869260787963867,-0.07843421399593353,-0.6804131269454956
0.6221655607223511,-0.6138153672218323,0.4275493323802948
0.680620551109314,-0.03341849520802498,0.24347639083862305
0.5349186062812805,-0.09748047590255737,-1.1474816799163818
0.15999716520309448,0.14601367712020874,-0.10799846053123474
-0.5094649791717529,0.17708797752857208,-0.7007398009300232
0.429460734128952,-0.2419758141040802,0.2389284074306488
-1.0360286235809326,-0.24533620476722717,0.6085403561592102
-0.48226994276046753,0.23751111328601837,0.7468171119689941
0.5078163146972656,-0.5527424812316895,0.7242817878723145
0.30211731791496277,-0.08882960677146912,0.6045303344726562
0.26311564445495605,0.15863662958145142,-0.04742768406867981
-0.39604395627975464,0.1274314671754837,-0.7449201941490173
0.12697367370128632,-0.10581491142511368,0.6520520448684692
0.3477827310562134,0.2162562906742096,-0.8056218028068542
-0.4049542546272278,-0.29172515869140625,-0.035036299377679825
0.3755156397819519,0.3837151825428009,0.14368027448654175
-0.8879682421684265,0.22433127462863922,-0.045812226831912994
-0.3591032028198242,-0.2866203188896179,0.20932014286518097
0.5707265734672546,0.21115142107009888,-0.6586942076683044
-0.2427120804786682,-0.021352417767047882,-0.7072369456291199
0.5995732545852661,0.5831766128540039,0.2964487373828888
-1.120862364768982,-0.21173685789108276,0.3290902078151703
-0.3548336923122406,-0.22499050199985504,-0.3937976360321045
-0.09292620420455933,0.00734671950340271,0.03991210460662842
0.8629109859466553,0.21078015863895416,0.07811557501554489
0.33315539360046387,-0.6762804985046387,0.21111193299293518
-0.3762551546096802,0.5119867920875549,-0.26448607444763184
-0.5849243402481079,-0.15287259221076965,0.19344860315322876
0.3032732903957367,-0.6463009715080261,-0.5632984638214111
-0.5988277196884155,0.6605730056762695,0.050809577107429504
-0.8551114201545715,0.17541728913784027,0.1277349591255188
0.40597832202911377,-0.2771530747413635,-0.12676626443862915
-0.8158503174781799,0.09308958053588867,-0.10681083798408508
0.30617380142211914,0.06255921721458435,-1.2311089038848877
0.013719715178012848,0.10357777774333954,-0.8304036259651184
0.35214507579803467,0.01809433288872242,-0.6873742938041687
0.2796558737754822,-0.24698787927627563,-0.3994593918323517
0.6973274350166321,0.34409165382385254,-0.5927020907402039
-0.3050931394100189,-0.6793433427810669,0.37699252367019653
0.6593657732009888,0.3000783324241638,0.6083357334136963
0.5761098861694336,-0.028127998113632202,0.44553661346435547
-0.3760885000228882,-0.02385844849050045,-0.6491341590881348
0.7940606474876404,-0.5418830513954163,0.30609044432640076
0.7047527432441711,0.02960350550711155,-0.3227006494998932
-0.13979823887348175,-0.05845978856086731,0.1728624850511551
-0.8517890572547913,-0.24199482798576355,0.8792843818664551
0.7139414548873901,-0.047712139785289764,-0.0337740033864975
-0.49767738580703735,-0.24559567868709564,-0.010798354633152485
0.39354097843170166,-0.1535222977399826,0.46456387639045715
0.4618534743785858,-0.21682274341583252,-0.2674751877784729
-0.2172805219888687,-0.18619349598884583,-0.5345064997673035
0.7002975344657898,-0.04659835621714592,0.11891743540763855
0.7618534564971924,-0.19892826676368713,0.9679235816001892
-0.2505824565887451,0.5270229578018188,0.38676518201828003
-0.5473338961601257,-0.1944541037082672,-0.17103946208953857
-0.5539238452911377,-0.10869218409061432,-0.3808034062385559
-0.11796750128269196,-0.36421439051628113,-0.13762573897838593
0.017431914806365967,0.012637197971343994,-0.053182244300842285
-0.2136240005493164,-0.6643072366714478,-0.1414501816034317
0.5829972624778748,-0.5759465098381042,0.62394779920578
-0.8336899876594543,-0.46271103620529175,-0.5960624814033508
-0.625948965549469,0.297080397605896,0.6565072536468506
0.11741364002227783,-0.35771727561950684,-0.1860756278038025
-0.37367531657218933,-0.02803516574203968,0.6351595520973206
0.022685730829834938,-0.14024962484836578,-0.6327057480812073
-0.7597894668579102,0.0007377544534392655,-0.060978345572948456
0.5779851675033569,-0.6305222511291504,-0.43567660450935364
0.15184834599494934,-0.1449832022190094,-0.6068100929260254
-0.3737681210041046,-0.29812946915626526,0.11000712215900421
0.17336267232894897,0.24727581441402435,-0.23608434200286865
-0.7206401824951172,-0.5349218845367432,0.5808812379837036
0.42387276887893677,0.500756025314331,-0.17696067690849304
-0.18193666636943817,-0.07219654321670532,-0.3041026294231415
-0.7470927238464355,-0.5362212657928467,-0.5542024970054626
-0.8211407661437988,0.12316194921731949,0.17284347116947174
-0.2950606942176819,-0.5887550711631775,-0.7180225849151611
-0.8905671238899231,0.3094898760318756,0.2131255865097046
0.07766944169998169,-0.5248977541923523,-0.6578778624534607
-0.5056595802307129,-0.14266280829906464,0.3725833296775818
0.1908310204744339,-0.25719764828681946,-0.42424124479293823
-0.5371240973472595,0.32667937874794006,-0.7419500946998596
0.6030265092849731,0.3074664771556854,-0.6785567998886108
-0.22192132472991943,-0.3345133066177368,-0.211043119430542
-0.6679945588111877,-0.09282068908214569,-0.1614794135093689
0.4863568842411041,0.21569940447807312,-0.7284917831420898
-1.2299211025238037,0.0599575936794281,-0.3388046324253082
-0.4323349595069885,0.03062448464334011,0.6457405686378479
-0.8712614178657532,0.3018232583999634,-0.2821401059627533
-0.04011395573616028,0.3896554112434387,-0.4779626727104187
0.6313353180885315,-0.13709387183189392,-0.003830664325505495
0.4707448482513428,0.455554723739624,-0.6470184326171875
-0.3619615435600281,0.3065851628780365,-0.09286949038505554
-0.14154274761676788,-0.21468794345855713,-0.5256890058517456
0.5509567260742188,0.3061763644218445,0.7108973264694214
-0.5126397609710693,-0.6562322378158569,-0.2205200493335724
0.9029146432876587,0.3280530571937561,-0.06570267677307129
-0.005072721745818853,-0.33915409445762634,0.2716924250125885
-0.508277416229248,-0.6090817451477051,-0.5994967222213745
0.8010956645011902,0.26637691259384155,-0.3994593918323517
0.2571015954017639,0.12279067933559418,0.7870063781738281
1.2043068408966064,0.6613349914550781,0.434417724609375
0.2390025109052658,0.030438849702477455,-0.7462196350097656
0.5158722996711731,-0.1634535789489746,-0.3074788451194763
0.33933648467063904,-0.00325332791544497,0.6699655055999756
-0.6082211136817932,0.07833186537027359,0.541322648525238
1.187228798866272,0.04452788829803467,-0.5305344462394714
-0.03803399205207825,0.02126908302307129,-0.576385498046875
-0.05297735333442688,-0.01446506381034851,-0.2567460834980011
-0.175049290060997,-0.0660896971821785,-0.6912726163864136
-0.1590849608182907,-0.21617302298545837,0.5055885314941406
-0.5891748666763306,0.5637780427932739,0.16153892874717712
-0.16940650343894958,-0.016506999731063843,-0.01694604754447937
0.6361807584762573,-0.6184561252593994,-0.32422325015068054
0.6301287412643433,-0.11249765753746033,-0.19099487364292145
-0.13820137083530426,-0.3673701286315918,0.06914955377578735
0.06624423712491989,-0.34778597950935364,0.23967094719409943
-0.4250953197479248,0.20140574872493744,0.7611107230186462
-0.8517700433731079,0.31903132796287537,0.32181301712989807
0.2110648900270462,-0.01123549323529005,0.7114542126655579
-0.16272376477718353,0.5190407633781433,0.5593099594116211
0.2252657264471054,0.2829073965549469,-0.8790392279624939
-0.6975100040435791,-0.07035921514034271,0.06452732533216476
0.3023029565811157,-0.19287624955177307,-0.4764965772628784
-1.136826753616333,-0.15697546303272247,-0.44904208183288574
0.6970490217208862,0.1123952865600586,-0.44215473532676697
0.4462413787841797,-0.26445630192756653,0.5279761552810669
1.0168187618255615,-0.22723710536956787,0.05476263165473938
-0.9393144845962524,-0.41398268938064575,0.4810112714767456
-0.571577787399292,-0.4173240661621094,-0.8992920517921448
-0.32624638080596924,0.0645022988319397,-0.7356386184692383
-0.019230365753173828,0.026745200157165527,-0.03244629502296448
0.10982173681259155,-0.25749507546424866,-0.47443562746047974
0.9112871289253235,-0.28422605991363525,-0.7561699151992798
-0.6567637920379639,0.10060767084360123,-0.5038772821426392
-0.15665271878242493,0.16504094004631042,-0.1560770869255066
-0.3293747305870056,0.19000840187072754,-0.36352062225341797
-0.3616189658641815,0.30240845680236816,1.050715446472168
0.061519503593444824,0.23901517689228058,-0.3149779438972473
-0.207906112074852,0.14952164888381958,0.821348249912262
0.3563218116760254,0.2820442020893097,-0.8277119398117065
-0.3738609552383423,0.30249154567718506,0.8218123316764832
0.926508903503418,-0.06564460694789886,0.918731153011322
-0.2718195915222168,-0.5250833630561829,-0.8261530995368958
0.1837031990289688,-0.05938795208930969,-0.12223729491233826
0.21784044802188873,-0.331914484500885,0.20885604619979858
0.8560426235198975,0.19138163328170776,-0.06582333892583847
0.525989294052124,-0.042328838258981705,-0.4962663948535919
0.5144801139831543,-0.22276294231414795,0.06672706454992294
0.3098020553588867,0.22741320729255676,-0.04312014579772949
-0.23008912801742554,-0.2810513377189636,-0.3623330593109131
0.8329314589500427,0.1963936984539032,-0.23526807129383087
-0.5622962713241577,-0.6461153030395508,-0.27701708674430847
-0.05700600519776344,0.20103448629379272,0.8645076751708984
0.2545955777168274,-0.020424271002411842,-0.6977697014808655
-0.6272484064102173,0.020414728671312332,0.4459078907966614
-0.007999628782272339,0.05328875780105591,0.5636723041534424
-0.11082066595554352,-0.13997113704681396,-0.6223104000091553
0.15658195316791534,-0.14554013311862946,0.6004464030265808
-0.4419878125190735,-0.07852701842784882,-0.5413748621940613
0.14804290235042572,-0.3600376546382904,0.11845336109399796
0.8297019600868225,-0.21572794020175934,-0.9134928584098816
-0.660012423992157,-0.06376930326223373,0.24635368585586548
-0.12975510954856873,0.3019532263278961,-0.898716151714325
-0.44887518882751465,-0.35402363538742065,0.9925197958946228
1.0865235328674316,0.028257250785827637,-0.7676790952682495
0.777427613735199,0.2063249945640564,-0.3882286548614502
-0.8275641202926636,-0.18463462591171265,0.9397075176239014
0.36523211002349854,-0.21710117161273956,0.37620314955711365
-1.0775172710418701,-0.14333152770996094,-0.6560215950012207
-1.049208402633667,-0.2584232687950134,0.5401350259780884
0.6747732162475586,0.0011090243933722377,0.3294239044189453
0.010137468576431274,0.005768805742263794,-0.021067947149276733
0.1156691312789917,0.4789443016052246,-0.5501734018325806
0.3740496337413788,0.194258913397789,0.7778176069259644
0.32525673508644104,-0.6713612079620361,0.4375734329223633
0.8729541301727295,-0.4085994362831116,0.6294239163398743
0.4644523561000824,0.2894601821899414,0.7696498036384583
0.8261749148368835,-0.40442267060279846,-0.10502836108207703
0.8625397682189941,0.23240628838539124,-0.15693144500255585
-0.10645832121372223,-0.19547507166862488,0.5493048429489136
0.08457580208778381,0.04289516806602478,-0.12052860856056213
0.8400782942771912,0.30690959095954895,0.3179147243499756
-0.7325016260147095,0.2227534055709839,-0.4959878921508789
0.25515246391296387,-0.18220241367816925,-0.5239255428314209
-0.9363443851470947,0.03354775905609131,-0.9741016626358032
0.18275603652000427,0.2893117070198059,0.8811216950416565
-0.386298269033432,-0.09792555123567581,0.5512539744377136
-0.35605931282043457,-0.6773942708969116,-0.34482839703559875
0.1504371166229248,0.50428307056427,0.4381852149963379
0.5847417712211609,0.09327521920204163,0.5666614174842834
-0.20922452211380005,0.24773988127708435,-0.40890759229660034
-0.5552232265472412,0.17133338749408722,0.6542795896530151
-0.26489508152008057,-0.06414057314395905,-0.6586942076683044
-0.1031169444322586,-0.043906692415475845,-0.719674289226532
0.9673479199409485,0.6626529693603516,0.9276414513587952
-0.6441598534584045,-0.3817756175994873,0.8994254469871521
0.8135330080986023,0.20660343766212463,0.29860901832580566
0.6369971036911011,0.17810896039009094,0.5656404495239258
0.21312585473060608,0.1828615665435791,0.34230637550354004
-0.7735262513160706,0.08538585901260376,-0.2757357954978943
-0.7081838250160217,-0.0013970060972496867,-0.2821401059627533
0.629571795463562,0.13365012407302856,-0.5532553791999817
-0.30125993490219116,0.4562044143676758,-0.3208252787590027
0.39790332317352295,-0.24522441625595093,-0.28288260102272034
-0.5311101078987122,-0.6157644987106323,0.5517370104789734
-0.30862945318222046,-0.016135752201080322,-0.6465543508529663
-0.5529028177261353,-0.06831728667020798,-0.44094809889793396
-0.5668252110481262,-0.1328243464231491,0.3071480989456177
-0.5235730409622192,-0.10163819789886475,0.4189912676811218
-0.2667982280254364,-0.3184751570224762,-1.0474262237548828
0.17161813378334045,-0.3169711232185364,0.2942466735839844
-0.337458074092865,0.4604739546775818,0.27594298124313354
-0.8090746998786926,0.22730138897895813,-0.35732099413871765
0.7695572376251221,-0.23726123571395874,-0.9452359080314636
-1.0474449396133423,0.29990240931510925,0.465139776468277
-0.5436950922012329,0.06169882416725159,-0.08525854349136353
-0.3573397099971771,0.27861928939819336,-0.8310533165931702
-0.5749930143356323,0.29708966612815857,0.6972533464431763
-0.2859642803668976,-0.2769674062728882,-0.3351379930973053
-0.3994043171405792,-0.6033271551132202,-0.671985924243927
-0.09032736718654633,-0.05001351237297058,-0.20187333226203918
0.7920186519622803,-0.27568700909614563,0.2859671115875244
0.7935775518417358,0.07452639192342758,0.1070370078086853
-0.5573769807815552,-0.1042560338973999,1.1316508054733276
0.25281310081481934,0.341019868850708,-0.26327943801879883
-0.12327700853347778,0.2254640758037567,0.37117213010787964
-0.4015390872955322,-0.48340901732444763,-0.8759024143218994
-0.6753460168838501,-0.533251166343689,0.6443673372268677
-0.5979375243186951,-0.6079679727554321,-0.5148485898971558
-0.4412643015384674,-0.5731620192527771,-0.7231274843215942
-0.7664722204208374,0.32769107818603516,0.500298023223877
-0.7030789256095886,0.04723852127790451,-0.3721715211868286
0.26347848773002625,0.6543636322021484,0.6183408498764038
-1.0118964910507202,-0.34502047300338745,-0.4530331790447235
-0.4273228943347931,-0.2672217786312103,-0.162778839468956
0.13115039467811584,-0.24559567868709564,-0.47157734632492065
-0.8821208477020264,0.2369542419910431,0.09060858935117722
0.26608574390411377,0.13543261587619781,0.11095426976680756
0.2930951714515686,0.5765030980110168,0.36680978536605835
-0.18776506185531616,-0.362636536359787,-0.07508637011051178
-0.7635021209716797,0.22683730721473694,0.4502702057361603
-0.9160915017127991,0.3072344660758972,0.0054499986581504345
0.14106270670890808,0.029158413410186768,-0.2841360569000244
-0.15862086415290833,-0.2997073233127594,0.34381037950515747
-0.7848687767982483,-0.5329726934432983,0.47005903720855713
-0.21208283305168152,-0.08270373195409775,0.6564143896102905
-0.7198048233985901,-0.2771720588207245,-0.953960657119751
0.06745970249176025,0.024146348237991333,0.0680733174085617
-1.1630008220672607,-0.06350983679294586,0.5294612050056458
-0.07103976607322693,-0.2657366991043091,0.44433000683784485
0.6185457706451416,-0.2459859400987625,1.0210142135620117
-0.3367345929145813,-0.1604834794998169,-0.509631872177124
0.386115700006485,-0.12103670090436935,-0.5239255428314209
0.33681148290634155,0.17794233560562134,0.1943957805633545
-0.46658405661582947,0.007327698636800051,0.602117121219635
0.356210857629776,-0.6311719417572021,-0.6008889079093933
-0.6990878582000732,0.007513306103646755,0.31290268898010254
0.1525718867778778,0.2777194082736969,-0.28648340702056885
-0.8020207285881042,0.2981756031513214,-0.4300886392593384
0.5159651637077332,-0.21756528317928314,-0.09631336480379105
-0.769813597202301,0.15017136931419373,0.3686850368976593
-0.9151822924613953,-0.37045204639434814,-0.6527730226516724
0.910804033279419,0.33455944061279297,0.051245369017124176
-0.9013527631759644,0.13190563023090363,-0.3632059395313263
-0.7161660194396973,0.3239227533340454,-0.5737676620483398
0.2533889412879944,0.25440362095832825,0.850770890712738
0.4614083766937256,-0.6668132543563843,0.255329430103302
0.4667537212371826,0.32097163796424866,-0.2540265917778015
0.005848926492035389,0.05967584252357483,0.7941532135009766
-0.41544246673583984,0.34423086047172546,0.8137373328208923
-0.1930365264415741,-0.20709607005119324,-0.3564665913581848
0.8523300290107727,0.27163955569267273,-0.2717446982860565
-0.9106343388557434,-0.2249167263507843,-0.8394257426261902
-0.43641889095306396,0.138198122382164,0.7225921154022217
0.669853925704956,0.29331204295158386,-0.6061604022979736
0.2503635883331299,0.42659613490104675,-0.537179172039032
0.004447405692189932,-0.1699506640434265,0.594691812992096
0.7722298502922058,0.06672985851764679,-0.2105790227651596
0.6110086441040039,-0.14739643037319183,0.07715028524398804
-0.1474829614162445,-0.3491782248020172,-0.1968422830104828
0.5844443440437317,0.5871862173080444,0.143903911113739
-0.9600124359130859,-0.36432620882987976,-0.5639481544494629
-0.30805447697639465,0.17588137090206146,0.8006502985954285
-0.3085663318634033,0.04762879014015198,-0.17853853106498718
0.13337798416614532,0.040648605674505234,-0.77694171667099
-0.7854995131492615,0.05271465703845024,-0.1489492803812027
-0.3738609552383423,0.24243037402629852,0.8011143803596497
0.6837025284767151,0.0030762851238250732,1.112809181213379
-0.4682547450065613,0.2583947479724884,-0.7713726758956909
0.25775131583213806,-0.07332935184240341,0.6393362283706665
0.8819382786750793,0.2958180904388428,0.16857396066188812
-0.04349200800061226,0.30913716554641724,-0.9123601317405701
0.2525536119937897,0.1830282062292099,0.8206056952476501
-0.1710391640663147,0.18267595767974854,0.161036878824234
-0.25048959255218506,-0.0827227383852005,-0.39071565866470337
0.6712461709976196,0.056056030094623566,-0.4273041784763336
-0.3190067410469055,-0.2593323886394501,0.3399121165275574
-0.12416714429855347,0.6539932489395142,-0.5274335145950317
-0.13680912554264069,0.21254366636276245,0.8599596619606018
0.5298686027526855,0.6186600923538208,-0.05834195017814636
0.6827553510665894,0.14237482845783234,-0.49273934960365295
-0.7034502029418945,0.1187995970249176,-0.45644837617874146
-0.8122304677963257,0.21180112659931183,0.32496875524520874
0.37811458110809326,-0.10676205158233643,0.22758585214614868
0.2955927848815918,-0.06304576992988586,-1.1937968730926514
-0.7170941233634949,0.2118939459323883,0.5031753778457642
-0.9993663430213928,-0.23930318653583527,0.6956017017364502
-0.3233690857887268,-0.16317515075206757,0.5143132209777832
-0.5193035006523132,-0.22805345058441162,-0.061600212007761
-0.25849077105522156,-0.14062084257602692,0.5713021755218506
0.5118812322616577,0.1701267957687378,-0.6852395534515381
0.620383083820343,0.00528574176132679,0.42920103669166565
0.5512351989746094,-0.17022916674613953,0.2009667009115219
0.6002609729766846,0.01911485195159912,-1.1601974964141846
0.5154082775115967,-0.07444313168525696,0.4562104642391205
0.5247827172279358,-0.2156161516904831,-0.035027019679546356
0.35483676195144653,-0.16920818388462067,-0.476960688829422
-0.639407217502594,0.20910947024822235,-0.6086664795875549
0.22339046001434326,0.17979863286018372,0.07081979513168335
-0.7754943370819092,0.002101719379425049,1.0775392055511475
0.3104707598686218,0.11490131914615631,-0.7676600813865662
0.05519914627075195,0.149800106883049,0.8411180377006531
-0.3336716592311859,-0.20206499099731445,0.4359765648841858
0.6951189041137695,-0.5810513496398926,0.42959126830101013
-0.33515670895576477,-0.11426118016242981,-0.5777587294578552
-0.7114323973655701,-0.06506871432065964,0.00912550836801529
-0.11295543611049652,-0.24466748535633087,-0.4860565960407257
0.40586644411087036,0.30723488330841064,0.029926002025604248
-0.30471310019493103,0.1989925354719162,-0.8166669011116028
0.8052913546562195,-0.3090079128742218,-0.8534409999847412
0.26174238324165344,0.015309863723814487,0.7115470767021179
0.7503253221511841,0.1308656632900238,0.35030749440193176
0.7015969753265381,0.22600196301937103,-0.5231829881668091
-0.7611817121505737,0.11211685091257095,0.32747477293014526
0.43992990255355835,0.6412793397903442,0.8261008858680725
0.6528686285018921,0.21207956969738007,-0.5849055647850037
0.6096163988113403,-0.12521344423294067,0.19827502965927124
0.23018498718738556,-0.3504776358604431,-0.014403324574232101
0.86738520860672,0.6600503921508789,1.0152597427368164
-0.23946350812911987,-0.21942156553268433,-0.4803020656108856
-0.6651362180709839,-0.1399901658296585,-1.0789836645126343
0.04020009562373161,0.304412841796875,0.9020981192588806
-0.3378293514251709,0.31976503133773804,-0.14196908473968506
0.5441622138023376,0.44599467515945435,-0.3135494291782379
-0.3284739553928375,-0.30889612436294556,0.1678314357995987
0.3684806823730469,0.06422383338212967,-0.7148478031158447
0.4599781632423401,0.4048772156238556,-0.007664471864700317
0.5658073425292969,-0.1828521192073822,0.09747696667909622
0.17442159354686737,0.3801881670951843,-0.503208577632904
-0.09639707952737808,-0.33219292759895325,0.2900699973106384
1.065732717514038,-0.2649203836917877,-0.40634676814079285
0.3468545973300934,0.16344404220581055,-0.7801902294158936
0.7929468154907227,0.0893031507730484,-0.5162408351898193
0.2535555958747864,0.11018671095371246,0.16450904309749603
-0.3226265609264374,0.13021595776081085,0.7675150632858276
0.71451735496521,-0.4915768504142761,-0.6833094358444214
-0.6139947175979614,0.6528080105781555,-1.1702216863632202
-0.30432283878326416,0.1483340710401535,-0.15880675613880157
-0.11787468194961548,0.10599100589752197,0.8089109063148499
0.12138575315475464,-0.24060261249542236,0.36829477548599243
0.4554491937160492,-0.24355372786521912,-0.1683477908372879
0.4608135223388672,0.5658199787139893,0.17022565007209778
-0.5199722051620483,-0.6382259726524353,0.4710800051689148
-0.8421362042427063,0.08735401928424835,0.29302844405174255
0.75069659948349,0.3072066009044647,-0.506476104259491
0.23100131750106812,0.5266516804695129,0.3934479355812073
0.4165593087673187,0.26247861981391907,-0.7925347685813904
0.030556976795196533,-0.19642223417758942,-0.4840884804725647
-0.5084440112113953,-0.16892974078655243,0.3148518204689026
-0.39168161153793335,-0.2613743543624878,-0.25865769386291504
0.8451094031333923,0.4199133813381195,0.31938081979751587
0.37080109119415283,-0.28727003931999207,-0.1679765284061432
0.7893080115318298,0.10172145813703537,0.2156316190958023
-0.720342755317688,0.30740150809288025,0.5534815788269043
-0.28404343128204346,-0.383539080619812,0.9811962842941284
0.32764169573783875,-0.2466166615486145,0.3492865264415741
0.5575656890869141,-0.42261457443237305,0.8881018757820129
-0.14683325588703156,-0.3719181418418884,-0.0040617757476866245
0.3926318287849426,0.07918618619441986,-0.22225481271743774
-0.4013534486293793,-0.635719895362854,-0.5826970338821411
-0.8501183390617371,-0.28543269634246826,-0.8501924276351929
-0.15316373109817505,-0.11455860733985901,-0.554257333278656
-0.22619085013866425,-0.14396221935749054,-0.584998369216919
-0.10411891341209412,0.12810015678405762,0.7375544309616089
-0.8322977423667908,-0.3293346166610718,0.8111575245857239
0.28847336769104004,-0.33516302704811096,-0.044429268687963486
-1.1286588907241821,-0.12142698466777802,-0.5634841322898865
0.535642147064209,0.32953810691833496,-0.736659586429596
0.08628319203853607,-0.23696376383304596,0.4927799701690674
0.4555230140686035,0.3044504225254059,-0.30449244379997253
0.3858284056186676,-0.07015460729598999,0.17462597787380219
-0.07204261422157288,-0.0010067224502563477,-0.008221358060836792
-0.18162021040916443,0.049392253160476685,0.35678648948669434
0.2664570212364197,0.5576522350311279,-0.38607490062713623
-0.727508544921875,-0.41955170035362244,-0.7989580631256104
0.32597142457962036,-0.4780256748199463,-0.8880612850189209
-0.29264703392982483,0.35331013798713684,0.8733251690864563
-0.8325571417808533,0.21180112659931183,0.27401283383369446
-0.6049726009368896,-0.04929002374410629,0.3911464810371399
0.6971418261528015,-0.06098483130335808,-0.08511976152658463
-0.6225337982177734,-0.0073097944259643555,1.1410253047943115
0.6121224761009216,0.061160922050476074,-0.5136229395866394
0.12929408252239227,-0.19334028661251068,-0.5553900599479675
0.18702557682991028,-0.18127426505088806,0.5456849932670593
-0.11267699301242828,0.042969003319740295,0.771506130695343
0.818823516368866,0.309833288192749,0.3752749562263489
0.11613321304321289,0.3432474434375763,0.46083229780197144
0.7746621370315552,-0.44971683621406555,0.6849278211593628
-0.0876166895031929,-0.05337391048669815,0.7018941640853882
-0.8167784214019775,0.3238670527935028,0.41629961133003235
0.8135330080986023,0.21634911000728607,-0.30692192912101746
-0.2206028699874878,0.3650591969490051,-0.3198971748352051
0.051626160740852356,-0.6389684677124023,-0.434469997882843
0.25977426767349243,0.15993604063987732,0.012383788824081421
0.4586239159107208,-0.6400822401046753,0.08116036653518677
0.6445151567459106,-0.048361849039793015,0.2932257354259491
-0.15288527309894562,0.38436490297317505,0.49526697397232056
0.10646136850118637,0.32821086049079895,0.9007986783981323
-0.2250770628452301,0.0826013907790184,0.7797667384147644
0.27060672640800476,0.32394173741340637,-0.47610628604888916
0.8077784180641174,0.10135018825531006,-0.12574529647827148
0.4585121273994446,-0.09059309214353561,-0.5015568733215332
-0.05947446823120117,1.424551010131836e-05,0.14408954977989197
-0.04517197981476784,0.10738322883844376,0.8232045769691467
0.4214785695075989,-0.06924543529748917,0.5460562705993652
-0.1265803873538971,0.04428744316101074,-0.08798821270465851
-0.481786847114563,0.3297891616821289,-0.27965307235717773
0.3208661377429962,-0.2863418161869049,-0.25550195574760437
-0.6523276567459106,-0.6129800081253052,-0.3783906102180481
0.056489285081624985,0.04445405304431915,0.7779104113578796
-0.6950039863586426,-0.06924543529748917,0.1243007630109787
-0.2403726577758789,0.053278565406799316,0.44217628240585327
0.5368677377700806,-0.6243035793304443,-0.5271930694580078
0.205867201089859,0.06505917757749557,0.7703922986984253
0.08576342463493347,0.23017866909503937,0.8717473149299622
0.6087072491645813,-0.6059260368347168,0.49808943271636963
0.7290894985198975,-0.19447311758995056,-1.0113208293914795
-0.5782605409622192,-0.5261971950531006,0.7420096397399902
0.38070496916770935,-0.2602795958518982,-1.0810256004333496
0.11479580402374268,0.27623435854911804,0.300167977809906
-0.7364189028739929,-0.571120023727417,0.38796335458755493
0.6181554794311523,-0.14396221935749054,-0.054471950978040695
-0.8991061449050903,0.31360161304473877,0.14936105906963348
0.8164292573928833,-0.47375616431236267,0.5790249109268188
1.1097275018692017,0.6473309397697449,0.7203835248947144
0.43844491243362427,0.4754173159599304,0.13978201150894165
0.02313166856765747,-0.027088016271591187,-0.14209988713264465
-0.2294393926858902,0.26340675354003906,0.8631154298782349
-0.9291974902153015,-0.44489043951034546,0.3294057846069336
0.19981521368026733,0.40469157695770264,-0.35451745986938477
-0.25514939427375793,0.24883468449115753,-0.8585268259048462
0.6287364959716797,-0.12409964203834534,0.12764213979244232
-1.0788167715072632,0.34296900033950806,0.42569300532341003
0.9883242845535278,-0.3512391448020935,-0.13031227886676788
-0.01566535234451294,-0.3434426188468933,-0.35841572284698486
0.141433984041214,-0.12829534709453583,-0.44454890489578247
-0.31507179141044617,-0.6593879461288452,-0.5160552263259888
0.8476154208183289,0.4629799723625183,0.3489890694618225
-0.7351932525634766,-0.028220800682902336,-0.0980861485004425
0.4110831916332245,0.10626944154500961,0.7087625861167908
0.29429706931114197,0.2670455873012543,0.43103837966918945
0.3311687111854553,-0.23538589477539062,-0.3790399134159088
0.7062377333641052,0.30592575669288635,0.5561732053756714
-0.48403340578079224,0.10097894072532654,0.6644893884658813
0.35530081391334534,-0.10368012636899948,-0.5677345991134644
-0.7409478425979614,-0.021723687648773193,0.061074573546648026
-0.3233690857887268,-0.03917309641838074,0.6464831233024597
0.6846116781234741,-0.07806294411420822,0.0372672937810421
-1.1971570253372192,0.006733208894729614,-0.4664914906024933
0.4364957809448242,-0.08262993395328522,0.17124661803245544
-0.3643009066581726,0.1907319277524948,0.7800451517105103
0.8925192952156067,0.2772177755832672,0.04742135480046272
-0.1389438956975937,-0.28142258524894714,0.39643698930740356
0.8195659518241882,0.09893698990345001,-0.003307182341814041
-1.1240181922912598,-0.16430792212486267,0.09313361346721649
-0.5660637021064758,0.5157922506332397,0.1336013525724411
-0.19279611110687256,0.5972938537597656,-0.601036548614502
-0.31530383229255676,0.4651147425174713,0.5570823550224304
0.11639266461133957,-0.33998942375183105,0.24876688420772552
0.2949170768260956,-0.08101403713226318,0.24532386660575867
-0.6116743087768555,-0.629594087600708,-0.2835606038570404
0.18134483695030212,0.07324598729610443,-0.12177319824695587
-0.23259514570236206,-0.20290036499500275,0.4988130033016205
0.7379807829856873,-0.0011185675393790007,-0.15720988810062408
0.28469619154930115,-0.6789721250534058,-0.2733972668647766
-0.43547171354293823,0.26156944036483765,0.2629774510860443
0.29524892568588257,0.00992653239518404,-0.7059375047683716
0.29144346714019775,-0.14414788782596588,0.5460562705993652
0.42714032530784607,-0.2742758095264435,-0.08017268031835556
0.4820873737335205,-0.16224700212478638,-0.36251869797706604
0.09651109576225281,0.0819706916809082,0.03564256429672241
0.5096346735954285,0.4225122332572937,-0.12650682032108307
0.5790061950683594,-0.03256416320800781,-0.19259174168109894
0.13959664106369019,-0.2281462699174881,0.4902738928794861
0.9454433917999268,0.3884488046169281,0.18479779362678528
-0.8893604874610901,0.31380581855773926,-0.2308128923177719
-0.1835145354270935,0.3448253273963928,0.4744762182235718
0.20317554473876953,0.33476364612579346,0.8925380706787109
-0.4866322875022888,-0.055044595152139664,0.5191397070884705
0.18704457581043243,0.598723292350769,0.5909601449966431
-0.2128063440322876,0.3212500810623169,-0.2844414710998535
-0.4584352374076843,-0.6193842887878418,-0.600796103477478
-0.8395183682441711,0.13597053289413452,-0.08990906924009323
0.7359388470649719,0.2572809159755707,-0.5022066235542297
-0.19929322600364685,0.14601367712020874,-0.3056963086128235
-0.8516772389411926,0.18599830567836761,0.17739146947860718
-0.044383466243743896,-0.4327315092086792,-0.28574085235595703
0.23705334961414337,-0.3471362590789795,0.04705009236931801
-0.05568801984190941,-0.20726270973682404,0.5403944849967957
0.008614420890808105,0.2571142911911011,0.34963881969451904
0.7876372933387756,0.11954210698604584,-0.250304251909256
-0.3846275806427002,-0.26026061177253723,0.25285080075263977
-0.6350448727607727,0.07721805572509766,0.49825605750083923
-0.23417344689369202,-0.07934334874153137,-0.26354020833969116
0.22721485793590546,-0.2690780758857727,0.380379855632782
0.33503955602645874,-0.6265311241149902,0.6090972423553467
0.5381481647491455,-0.06256268918514252,-0.451436311006546
1.046891212463379,-0.2250095158815384,-0.017169684171676636
-0.44057661294937134,-0.3035317659378052,-0.4832911789417267
-0.04563605412840843,-0.36068737506866455,0.19827502965927124
0.3893642723560333,-0.18136703968048096,0.42186856269836426
0.370058536529541,-0.1260487586259842,0.514962911605835
-0.5179112553596497,-0.11444678902626038,-0.41560935974121094
-0.6066432595252991,-0.09244941920042038,0.32246270775794983
0.562206506729126,-0.3972758650779724,-0.9211037755012512
-0.34228456020355225,0.6532293558120728,0.36077672243118286
0.4366265535354614,-0.009638607501983643,0.029702365398406982
-0.4844975173473358,0.2118939459323883,-0.7365667819976807
-1.202540397644043,-0.04290473461151123,0.2965424656867981
0.8410993218421936,0.184791699051857,0.16810986399650574
-0.8992918133735657,0.27264195680618286,0.047764770686626434
-0.025866268202662468,0.23593325912952423,0.882885217666626
0.02402186393737793,-0.00833919644355774,0.1525357961654663
0.10636855661869049,-0.1733848750591278,0.5754789113998413
0.15862390398979187,-0.2902401387691498,-0.3725427985191345
-0.8643930554389954,0.25616714358329773,-0.2568013668060303
0.4616868495941162,-0.2891453206539154,-1.0480759143829346
0.38093701004981995,-0.3943057656288147,0.9677379727363586
-0.26331719756126404,-0.17329204082489014,0.5296278595924377
-0.4505268931388855,0.07424795627593994,-0.6745657324790955
0.5217387080192566,-0.347804993391037,0.9775763750076294
-1.0816012620925903,0.33702877163887024,0.19810840487480164
-0.312231183052063,-0.22099941968917847,-0.4321306049823761
-0.7728955745697021,-0.30835819244384766,-0.8919596076011658
-0.9148848652839661,0.354887992143631,0.11854618042707443
-0.5616275668144226,-0.06970950961112976,0.41964098811149597
0.20326834917068481,-0.21533766388893127,-0.49273934960365295
0.23891939222812653,-0.07637324929237366,0.36971575021743774
0.7964548468589783,0.07628990709781647,-0.07580104470252991
-0.5570985078811646,-0.1559544950723648,-1.1099841594696045
-0.09940431267023087,0.04241209849715233,-0.7845525741577148
0.22636055946350098,0.5160706639289856,-0.3970271348953247
0.39018064737319946,0.24857522547245026,0.10937640070915222
-0.8256149888038635,-0.35272422432899475,-0.7927393913269043
0.9417307376861572,-0.3254363536834717,-0.6638181209564209
-0.7198786735534668,0.12279067933559418,0.42632371187210083
0.050103552639484406,0.15323428809642792,-0.8518441319465637
-1.1639289855957031,-0.12393300235271454,-0.3743438422679901
-0.16929470002651215,-0.18600782752037048,0.5466131567955017
-0.07989397644996643,0.4047844111919403,0.43066710233688354
0.43623629212379456,0.02672620676457882,-0.6398525834083557
-0.46547022461891174,-0.21357420086860657,0.2764260172843933
-0.8555755019187927,0.31667381525039673,-0.32836243510246277
0.18767528235912323,0.1593601405620575,0.8317436575889587
0.6398743987083435,0.30353111028671265,-0.6439365148544312
0.5620208978652954,-0.6127943992614746,-0.07805691659450531
0.04772791266441345,-0.5729763507843018,0.6620023250579834
0.756079912185669,0.034615568816661835,0.15947799384593964
-0.26712265610694885,-0.03796648606657982,0.6752560138702393
0.37560850381851196,0.42956626415252686,0.17932161688804626
0.57276850938797,-0.08094024658203125,-0.3821956515312195
0.4184156358242035,-0.17032194137573242,-0.4282323122024536
-0.7345435619354248,0.04315463826060295,-0.29921820759773254
0.08671057224273682,0.6324617862701416,-0.6000155806541443
0.13172629475593567,0.18295440077781677,-0.3395741581916809
0.8175240755081177,0.12065591663122177,0.09803386777639389
0.5164482593536377,-0.18352080881595612,-1.106364369392395
-0.32782426476478577,-0.2547844350337982,-0.34748250246047974
-0.01718840003013611,0.12438751757144928,0.20957958698272705
0.6981818079948425,0.6611289381980896,0.5258034467697144
0.6552818417549133,-0.06943106651306152,0.22231435775756836
0.189995676279068,-0.3431451916694641,0.17033745348453522
-0.5134560465812683,-0.19463971257209778,0.22927555441856384
0.3754051923751831,-0.09367501735687256,-1.1736558675765991
0.6346766948699951,-0.06506871432065964,-0.29049354791641235
-0.16365192830562592,0.6565187573432922,-0.6132882237434387
0.2945992350578308,0.1968577653169632,-0.8181519508361816
0.18667331337928772,-0.04769313335418701,0.0664026290178299
0.6225178241729736,-0.02645730972290039,0.3901255130767822
0.26035985350608826,-0.6365553140640259,-0.5847389698028564
