0.6839662194252014,-0.33234602212905884,0.24865390360355377
-0.6951460242271423,0.6279613375663757,-0.3196665644645691
-0.68576979637146,-0.6867272257804871,0.24058833718299866
0.4571220278739929,0.6262474656105042,-0.3251108229160309
-0.11896160244941711,0.1885892003774643,0.30349981784820557
0.030967336148023605,-0.6243197917938232,-0.3053501844406128
-0.6000730991363525,-0.13504193723201752,-0.29052966833114624
0.6307334303855896,0.37802934646606445,0.30430638790130615
0.40983760356903076,-0.04029160737991333,-0.2921428084373474
-0.07164692878723145,-0.4507083296775818,0.30349981784820557
0.6623908281326294,-0.6937845349311829,-0.2721804976463318
-0.6316296458244324,0.5437768697738647,0.30279406905174255
-0.134790301322937,0.36220067739486694,-0.2921428084373474
-0.6385862231254578,-0.09553071111440659,0.3009793162345886
-0.5450255274772644,-0.6930788159370422,-0.3015190362930298
0.1335916817188263,0.6279613375663757,0.12242767959833145
-0.09536980092525482,-0.13504193723201752,-0.2921428084373474
0.3231326937675476,-0.6409550309181213,0.09097195416688919
0.33875972032546997,-0.0008207088685594499,0.30349981784820557
-0.6863747835159302,0.23597446084022522,-0.03543373942375183
0.6837645769119263,0.2912236452102661,-0.1380903571844101
-0.30840176343917847,0.6279613375663757,0.011919243261218071
-0.30709108710289,-0.6409550309181213,0.030953994020819664
0.6840670704841614,-0.300789475440979,-0.16964691877365112
-0.6863747835159302,-0.41915178298950195,-0.04332590103149414
0.6837645769119263,0.03863002732396126,0.15398423373699188
0.638698160648346,0.6279613375663757,0.01981342025101185
0.36245232820510864,-0.4507083296775818,-0.2921428084373474
0.6307334303855896,-0.6935828924179077,0.2959383428096771
0.26768186688423157,0.3149162530899048,-0.2921428084373474
-0.4504566788673401,-0.40332308411598206,0.30349981784820557
-0.34792304039001465,-0.38759520649909973,-0.2921428084373474
0.32303184270858765,-0.3560386598110199,0.30349981784820557
0.09410061687231064,0.6279613375663757,-0.24062396585941315
0.19670478999614716,0.3306441307067871,0.30349981784820557
-0.4504566788673401,0.22014577686786652,-0.2921428084373474
-0.48997798562049866,0.21228182315826416,0.30349981784820557
-0.14265422523021698,0.5437768697738647,0.30349981784820557
-0.21373209357261658,-0.14290587604045868,0.30349981784820557
-0.3399583101272583,0.6262474656105042,-0.3251108229160309
-0.7095632553100586,0.6249366998672485,0.0016558001516386867
0.007315041031688452,-0.6404508948326111,0.01625448651611805
0.41770151257514954,0.6221137642860413,0.25339242815971375
-0.6863747835159302,-0.07974234968423843,-0.003859036136418581
0.6837645769119263,-0.56907057762146,0.004014980513602495
0.08618626743555069,-0.16659849882125854,0.3037014603614807
0.6842687129974365,-0.0008408738649450243,-0.193339541554451
0.09064249694347382,0.08867690712213516,-0.29052966833114624
0.35458841919898987,0.6279613375663757,-0.059118300676345825
0.19670478999614716,-0.22184766829013824,-0.2921428084373474
0.7247982025146484,0.61455237865448,-0.2791370749473572
-0.3094099462032318,-0.6408542394638062,0.3025924265384674
0.12159413844347,-0.6406525373458862,0.29160308837890625
-0.2452886402606964,-0.6375272274017334,-0.29617559909820557
-0.3399583101272583,-0.04029160737991333,-0.2921428084373474
-0.623664915561676,-0.3954591453075409,-0.2945624887943268
-0.6676222681999207,0.3569580614566803,-0.2686518132686615
0.4528875946998596,-0.6402493119239807,-0.13255535066127777
-0.6863747835159302,-0.36390259861946106,0.20923341810703278
-0.5580312609672546,-0.6409550309181213,-0.04663883522152901
-0.37947961688041687,0.44910722970962524,0.30349981784820557
-0.08744536340236664,-0.40332308411598206,-0.2921428084373474
0.5597563982009888,-0.11921325325965881,0.30349981784820557
-0.6768977046012878,0.10964740067720413,-0.25494036078453064
0.4966433048248291,0.22014577686786652,-0.2921428084373474
0.43353021144866943,0.22811052203178406,0.30349981784820557
0.7096752524375916,0.6068900227546692,0.25329160690307617
-0.07164692878723145,0.6279613375663757,-0.04333094507455826
0.20477035641670227,-0.6402493119239807,-0.1391993761062622
-0.6863747835159302,0.10964740067720413,0.1855407953262329
0.6837645769119263,-0.1902911216020584,0.04347579926252365
-0.6863747835159302,0.3543367385864258,0.16981293261051178
-0.48997798562049866,0.6279613375663757,-0.1380903571844101
0.10198471695184708,0.10964740067720413,0.30349981784820557
0.39400890469551086,-0.5770353674888611,0.30349981784820557
0.6837645769119263,0.2596670687198639,0.09087113291025162
-0.3163665235042572,0.062322650104761124,0.30349981784820557
-0.5136706829071045,0.6279613375663757,0.11456374824047089
0.5834490060806274,-0.4822648763656616,-0.2921428084373474
0.5834490060806274,0.4254146218299866,-0.2921428084373474
-0.12168373167514801,0.5924727916717529,-0.29698216915130615
-0.1900394856929779,0.1491687148809433,-0.2921428084373474
-0.43472880125045776,-0.16659849882125854,0.30349981784820557
-0.34792304039001465,0.4095859229564667,-0.2921428084373474
-0.12168373167514801,-0.6409550309181213,0.18654897809028625
0.14145560562610626,-0.4428443908691406,-0.2921428084373474
0.07041806727647781,0.5359129905700684,0.30349981784820557
0.07895749807357788,0.4095859229564667,-0.28740426898002625
0.5281998515129089,-0.2138829231262207,-0.2921428084373474
-0.3163665235042572,0.6279613375663757,0.22506208717823029
0.259817898273468,0.5200842618942261,-0.2921428084373474
0.1335916817188263,-0.4270157217979431,0.30349981784820557
-0.5006648302078247,-0.6409550309181213,0.17687030136585236
0.6837645769119263,0.4569711685180664,0.12242767959833145
0.37828102707862854,0.43327853083610535,0.30349981784820557
-0.6863747835159302,0.4411424994468689,-0.06700239330530167
-0.6863747835159302,-0.56907057762146,-0.1775108426809311
0.6840670704841614,-0.5296500325202942,0.20126865804195404
0.5259818434715271,-0.6409550309181213,0.09651701897382736
0.6729769110679626,0.18596789240837097,0.28353750705718994
-0.6863747835159302,-0.5375140905380249,0.11456374824047089
-0.5136706829071045,0.5122203826904297,-0.2921428084373474
-0.2452886402606964,-0.36390259861946106,0.30349981784820557
0.6837645769119263,0.48852771520614624,-0.10648338496685028
-0.6863747835159302,-0.23757554590702057,-0.15381821990013123
0.5676203370094299,0.6279613375663757,-0.16964691877365112
-0.15061898529529572,0.6279613375663757,0.13029161095619202
0.6837645769119263,-0.379630446434021,0.027687441557645798
-0.06375274807214737,0.3701654374599457,0.30349981784820557
-0.07955119013786316,-0.00871791411191225,0.30349981784820557
-0.39611485600471497,-0.6409550309181213,-0.14242559671401978
-0.608340322971344,-0.5059574842453003,0.3038022518157959
0.5203359127044678,-0.40332308411598206,0.30349981784820557
0.299339234828949,0.1333400160074234,-0.2921428084373474
-0.40317222476005554,-0.2138829231262207,-0.2921428084373474
0.6837645769119263,0.093919537961483,-0.01966756209731102
0.117762990295887,0.6279613375663757,-0.059118300676345825
-0.5057058930397034,0.03074592910706997,0.30349981784820557
-0.07954110205173492,-0.2691320776939392,0.30349981784820557
0.2756465971469879,-0.18232636153697968,0.30349981784820557
0.4019736349582672,-0.6243197917938232,-0.3053501844406128
-0.22159603238105774,-0.26126816868782043,-0.2921428084373474
-0.47414928674697876,-0.5296500325202942,-0.2921428084373474
-0.3163665235042572,0.2832588851451874,0.30400389432907104
-0.6863747835159302,-0.18232636153697968,0.15398423373699188
-0.14749357104301453,-0.6401484608650208,-0.15028953552246094
0.07331159710884094,-0.08763653039932251,-0.28538787364959717
-0.27684518694877625,0.6279613375663757,-0.1616821587085724
0.4571220278739929,0.6279613375663757,0.08290638029575348
-0.5215345621109009,0.038640107959508896,-0.2921428084373474
0.6524097323417664,0.14120396971702576,-0.29234445095062256
0.5439277291297913,0.0702168345451355,0.30349981784820557
-0.568919837474823,-0.27709686756134033,0.3038022518157959
-0.5767837166786194,0.36220067739486694,0.30349981784820557
0.14579084515571594,-0.6409550309181213,0.11889899522066116
0.36245232820510864,-0.2691320776939392,-0.2921428084373474
-0.007989385165274143,0.22811052203178406,-0.2763140797615051
0.20456872880458832,-0.600727915763855,-0.3053501844406128
0.6837645769119263,-0.5296500325202942,-0.16178297996520996
0.41770151257514954,0.4569711685180664,-0.2921428084373474
-0.6662107706069946,0.5810801982879639,-0.15643952786922455
0.02187340147793293,-0.25340425968170166,-0.2770198583602905
0.2756465971469879,0.17286133766174316,0.30349981784820557
-0.7107730507850647,0.6194925308227539,0.16880472004413605
0.5518924593925476,0.5359129905700684,0.30349981784820557
0.26052364706993103,0.5751318335533142,0.27234652638435364
-0.6863747835159302,-0.03237726539373398,-0.1616821587085724
0.6837645769119263,-0.12707717716693878,0.19340471923351288
-0.06264372915029526,0.022851750254631042,-0.2891182005405426
0.6837645769119263,-0.15076981484889984,-0.11437755823135376
0.46508678793907166,-0.25340425968170166,0.30349981784820557
-0.6863747835159302,0.08605559915304184,0.027707602828741074
-0.47414928674697876,0.5751318335533142,0.2802104651927948
0.6663227677345276,-0.13504193723201752,-0.28387558460235596
-0.663186252117157,0.22811052203178406,0.28726786375045776
0.30720317363739014,0.6279613375663757,0.13029161095619202
0.2124326527118683,-0.016613101586699486,-0.2921428084373474
0.04748159646987915,-0.6401484608650208,-0.15069280564785004
-0.008503565564751625,0.6279613375663757,0.19340471923351288
-0.45842140913009644,-0.5612066984176636,0.30349981784820557
-0.6863747835159302,-0.24543948471546173,0.011919243261218071
-0.15041734278202057,-0.6409550309181213,0.004236784763634205
0.2715130150318146,-0.6409550309181213,0.23665635287761688
-0.6863747835159302,0.48066380620002747,0.08300719410181046
0.23612527549266815,0.6279613375663757,-0.18537478148937225
0.575585126876831,0.6279613375663757,0.17767685651779175
0.5597563982009888,-0.024506274610757828,-0.2921428084373474
-0.2294599562883377,-0.5138213634490967,0.30349981784820557
0.05462971329689026,0.25170230865478516,0.30349981784820557
0.5676203370094299,-0.5453780293464661,0.3038022518157959
-0.10323373228311539,-0.5607026219367981,-0.29194116592407227
-0.2611173391342163,0.2832588851451874,-0.2921428084373474
-0.02976643480360508,-0.6379304528236389,0.303398996591568
-0.22159603238105774,-0.4665369987487793,-0.2921428084373474
0.6663227677345276,0.2990875542163849,-0.28387558460235596
0.1571834683418274,0.22014577686786652,-0.2921428084373474
0.48867857456207275,-0.3717665374279022,-0.2921428084373474
0.6837645769119263,0.3701654374599457,-0.0038792011328041553
0.14145560562610626,-0.032387349754571915,0.30349981784820557
0.25195395946502686,-0.5138213634490967,0.30349981784820557
-0.5215345621109009,0.346472829580307,-0.2921428084373474
-0.22159603238105774,0.48066380620002747,-0.2921428084373474
0.6695489883422852,-0.013973644003272057,0.2874695062637329
0.6837645769119263,-0.048185791820287704,0.004014980513602495
-0.6863747835159302,-0.040271446108818054,0.17767685651779175
0.4255654513835907,0.6279613375663757,-0.18537478148937225
-0.04007020592689514,0.6279613375663757,-0.18537478148937225
0.72036212682724,0.6256424784660339,-0.11699886620044708
-0.22159603238105774,0.4254146218299866,0.30349981784820557
-0.5452271699905396,-0.27709686756134033,-0.2921428084373474
0.6484776735305786,-0.6638410687446594,-0.13191010057926178
-0.5456304550170898,-0.6914656758308411,0.30128178000450134
-0.36365094780921936,0.10964740067720413,-0.2921428084373474
-0.04887176305055618,0.47269901633262634,-0.2871018052101135
0.30720317363739014,-0.13504193723201752,-0.2921428084373474
-0.6516927480697632,0.4990129768848419,-0.2829682230949402
0.33260971307754517,-0.6407533884048462,-0.04736272245645523
-0.680930495262146,-0.6905582547187805,-0.2438502013683319
0.6337580680847168,-0.33758866786956787,-0.2933526635169983
-0.6863747835159302,-0.6085918545722961,-0.003859036136418581
-0.5609550476074219,0.6279613375663757,-0.019657479599118233
0.06252388656139374,-0.30865341424942017,0.30349981784820557
-0.2673681378364563,-0.6403501629829407,0.16265471279621124
0.6622899770736694,-0.6389386653900146,0.12091539055109024
-0.6105583310127258,-0.5453780293464661,-0.296074777841568
-0.6053156852722168,0.22014577686786652,-0.2934534549713135
0.5913129448890686,0.5616220235824585,-0.28891655802726746
0.011094770394265652,-0.6409550309181213,0.1578153818845749
0.4571220278739929,0.08595478534698486,-0.2921428084373474
-0.6863747835159302,0.2596670687198639,-0.1775108426809311
-0.37947961688041687,-0.6322845816612244,-0.3052493631839752
0.6837645769119263,0.1333400160074234,-0.16178297996520996
0.188840851187706,0.46483510732650757,0.30349981784820557
-0.6863747835159302,0.22811052203178406,0.09873506426811218
-0.6863747835159302,0.3543367385864258,0.03560178726911545
0.5348539352416992,-0.6403501629829407,-0.2963772416114807
0.23612527549266815,-0.34807392954826355,-0.2921428084373474
0.4907957911491394,-0.6409550309181213,0.2428063452243805
-0.6384853720664978,0.0702168345451355,0.3006768822669983
-0.5767837166786194,0.6279613375663757,-0.264316588640213
-0.46628537774086,-0.07975243031978607,-0.2921428084373474
0.7230842709541321,0.6269531846046448,0.11920145899057388
0.5597563982009888,-0.6402493119239807,-0.03958549350500107
-0.21373209357261658,-0.008720939047634602,-0.2921428084373474
-0.17975586652755737,-0.6379304528236389,0.303398996591568
-0.43624112010002136,-0.6409550309181213,0.0399571917951107
-0.30840176343917847,-0.2297116219997406,0.30349981784820557
0.3308957815170288,0.6279613375663757,-0.2721804976463318
0.599277675151825,-0.25340425968170166,0.30349981784820557
0.6843695044517517,0.48852771520614624,-0.24062396585941315
0.1988219916820526,-0.6404508948326111,-0.011722969822585583
-0.6863747835159302,-0.40332308411598206,0.08300719410181046
0.228261336684227,0.6279613375663757,0.004025061149150133
0.5676203370094299,0.26753100752830505,0.30349981784820557
0.6837645769119263,0.346472829580307,0.19340471923351288
-0.5589386820793152,-0.6409550309181213,-0.17347805202007294
0.02187340147793293,-0.4822648763656616,-0.2770198583602905
0.0020109182223677635,0.603966236114502,-0.3242034614086151
-0.6863747835159302,-0.4111870229244232,-0.16964691877365112
-0.087435282766819,-0.13504193723201752,0.30349981784820557
-0.3163665235042572,-0.06396406888961792,0.30349981784820557
-0.4504566788673401,0.6279613375663757,-0.264316588640213
0.14931954443454742,0.6285662055015564,0.24754488468170166
-0.6162042021751404,-0.6409550309181213,0.10538915544748306
-0.6863747835159302,0.10964740067720413,-0.13014575839042664
-0.2847091555595398,0.5359129905700684,0.30349981784820557
0.3703162670135498,0.243838369846344,-0.2921428084373474
-0.1900394856929779,0.08595478534698486,0.30349981784820557
0.03095725178718567,-0.5217861533164978,0.30349981784820557
0.08620642870664597,0.39385804533958435,0.30349981784820557
-0.5846477150917053,0.6279613375663757,0.21709732711315155
-0.2688804566860199,-0.6402493119239807,-0.12443935871124268
0.39400890469551086,-0.11131906509399414,0.30349981784820557
-0.27684518694877625,-0.15076981484889984,-0.2921428084373474
-0.43472880125045776,0.32278016209602356,0.30349981784820557
-0.3399583101272583,-0.45857226848602295,0.30349981784820557
-0.43472880125045776,0.6279613375663757,0.01981342025101185
0.6837645769119263,-0.25340425968170166,0.15398423373699188
-0.6849632859230042,0.44900640845298767,0.24794816970825195
0.20456872880458832,0.6279613375663757,-0.3038378953933716
-0.6517935991287231,-0.006083496380597353,-0.2829682230949402
0.6780179142951965,0.4859064221382141,0.2751694917678833
-0.6767968535423279,-0.2138829231262207,0.2705317735671997
0.46508678793907166,-0.5217861533164978,-0.2921428084373474
0.4966433048248291,0.4095859229564667,0.30349981784820557
0.117762990295887,-0.3243812620639801,-0.2921428084373474
-0.174210786819458,0.3149162530899048,0.30349981784820557
0.6837645769119263,-0.4270157217979431,0.13815556466579437
0.6837645769119263,0.243838369846344,-0.027560733258724213
-0.46628537774086,-0.3717665374279022,-0.2921428084373474
0.6616851091384888,-0.4402230978012085,0.2942243814468384
0.4487539827823639,-0.6409550309181213,0.0034705549478530884
0.6837645769119263,-0.4270157217979431,-0.23276002705097198
0.6734809875488281,-0.5612066984176636,-0.2759108245372772
-0.000611401570495218,0.6279613375663757,0.07504243403673172
0.48867857456207275,0.3543367385864258,-0.2921428084373474
0.18087609112262726,-0.30865341424942017,0.30349981784820557
-0.2058681696653366,0.6279613375663757,-0.0670124813914299
-0.49784189462661743,0.44900640845298767,0.30400389432907104
0.6837645769119263,-0.29282474517822266,-0.05123419687151909
0.41770151257514954,0.08595478534698486,0.30349981784820557
-0.324230432510376,-0.5296500325202942,-0.2921428084373474
0.38090232014656067,-0.6409550309181213,0.19532030820846558
-0.2452886402606964,0.1885892003774643,0.30400389432907104
0.6837645769119263,0.15703265368938446,0.14612030982971191
-0.3716157078742981,0.18072527647018433,0.30349981784820557
-0.38573044538497925,-0.6409550309181213,0.17949160933494568
0.6837645769119263,-0.4112878143787384,-0.08282100409269333
0.40983760356903076,-0.4348796308040619,0.30349981784820557
0.5045072436332703,0.6279613375663757,-0.07489657402038574
0.25195395946502686,-0.4980935752391815,-0.2921428084373474
-0.2294599562883377,0.6279613375663757,-0.264316588640213
-0.6635895371437073,-0.6868278980255127,-0.13223272562026978
0.299339234828949,0.28335970640182495,0.30349981784820557
-0.4268648624420166,-0.29282474517822266,0.30349981784820557
0.46508678793907166,-0.016607053577899933,0.30349981784820557
-0.6316296458244324,-0.3954591453075409,0.30279406905174255
-0.5215345621109009,-0.09553071111440659,0.30349981784820557
-0.36365094780921936,0.6279613375663757,-0.0906849354505539
-0.38734355568885803,0.6279613375663757,0.13825637102127075
0.22039741277694702,0.04653428494930267,0.30349981784820557
-0.6831485033035278,-0.30865341424942017,-0.2393133044242859
-0.6863747835159302,0.41744986176490784,-0.1775108426809311
0.05872299149632454,0.5227056741714478,-0.27429771423339844
-0.2058681696653366,-0.032387349754571915,0.30349981784820557
-0.09536980092525482,-0.2455403059720993,-0.2921428084373474
0.6837645769119263,0.5279482007026672,0.011899078264832497
0.3150670826435089,0.022851750254631042,-0.2921428084373474
-0.032186105847358704,0.4963916540145874,0.30349981784820557
0.4255654513835907,-0.1744624376296997,-0.2921428084373474
-0.1900394856929779,0.6279613375663757,0.23292604088783264
0.3703162670135498,0.3543367385864258,-0.2921428084373474
0.3505556285381317,-0.6402493119239807,-0.1655132919549942
-0.10323373228311539,-0.5533427596092224,0.30349981784820557
0.5928252339363098,-0.6409550309181213,0.20278096199035645
-0.37947961688041687,0.30695149302482605,-0.2921428084373474
0.038851432502269745,-0.06396406888961792,0.30349981784820557
-0.6863747835159302,-0.15076981484889984,-0.0906849354505539
-0.14265422523021698,0.6279613375663757,-0.15381821990013123
0.16514822840690613,0.22811052203178406,0.30349981784820557
-0.15848290920257568,0.25170230865478516,-0.2921428084373474
0.6837645769119263,0.3937572240829468,-0.16964691877365112
0.18087609112262726,0.37802934646606445,-0.2921428084373474
-0.055697254836559296,0.1333400160074234,-0.28770673274993896
0.10989905893802643,-0.5533427596092224,-0.2921428084373474
0.2756465971469879,0.4017219841480255,0.30349981784820557
-0.04008028656244278,0.11761215329170227,0.30349981784820557
-0.68576979637146,-0.158633753657341,-0.22469446063041687
-0.6863747835159302,-0.008703799918293953,0.07504243403673172
-0.6863747835159302,-0.29282474517822266,0.10659899562597275
-0.3952074944972992,0.5042555928230286,-0.2921428084373474
0.14145560562610626,-0.5375140905380249,0.30349981784820557
-0.2847091555595398,0.6279613375663757,0.11456374824047089
-0.18217554688453674,-0.2455403059720993,0.30349981784820557
-0.6316296458244324,-0.6085918545722961,0.30279406905174255
-0.6863747835159302,-0.5612066984176636,0.21709732711315155
-0.6863747835159302,0.33860886096954346,-0.0906849354505539
0.6616851091384888,-0.14028455317020416,0.2942243814468384
-0.047974467277526855,0.26753100752830505,0.30349981784820557
0.007497524842619896,0.3306441307067871,-0.2791370749473572
0.5597563982009888,0.093919537961483,-0.2921428084373474
0.6837645769119263,0.007063388824462891,-0.09070509672164917
0.3861449658870697,0.5359129905700684,0.30349981784820557
-0.21373209357261658,-0.36390259861946106,-0.2921428084373474
0.25195395946502686,-0.05606989189982414,0.30349981784820557
-0.6863747835159302,-0.5059574842453003,0.011919243261218071
-0.6863747835159302,-0.3243812620639801,-0.09857910871505737
0.02187340147793293,-0.379630446434021,-0.2770198583602905
0.1730121523141861,-0.11132914572954178,-0.2921428084373474
0.39400890469551086,0.32278016209602356,0.30349981784820557
0.14649659395217896,-0.6402493119239807,-0.23064282536506653
0.1571834683418274,0.5042555928230286,-0.2921428084373474
-0.6320329308509827,0.6279613375663757,0.06717850267887115
0.6802359223365784,0.08595478534698486,0.27002769708633423
0.29137447476387024,0.41744986176490784,-0.2921428084373474
0.6838654279708862,-0.23757554590702057,-0.24828624725341797
0.5401973724365234,-0.6409550309181213,-0.18224936723709106
-0.09637799113988876,-0.6403501629829407,0.08945964276790619
0.3078080713748932,-0.5901418924331665,-0.3014182150363922
0.6754974126815796,0.28598102927207947,0.2795047461986542
-0.33209437131881714,0.204417884349823,-0.2921428084373474
0.20456872880458832,0.10178346931934357,-0.2921428084373474
0.6623908281326294,0.6279613375663757,-0.20120346546173096
0.6837645769119263,-0.05607997253537178,0.12242767959833145
-0.6793173551559448,-0.4691583216190338,-0.2502018213272095
0.4808146357536316,0.5359129905700684,-0.2921428084373474
0.35458841919898987,0.6279613375663757,0.04348587989807129
0.6802359223365784,-0.6006271243095398,0.27002769708633423
-0.40317222476005554,-0.016607053577899933,0.30349981784820557
0.015168893150985241,-0.3954591453075409,0.30349981784820557
-0.6863747835159302,0.5279482007026672,-0.019647398963570595
0.6837645769119263,0.5516409277915955,0.169712096452713
0.25739821791648865,-0.6402493119239807,-0.22257722914218903
0.6776146292686462,-0.6934820413589478,0.20923341810703278
-0.6794182062149048,0.32278016209602356,0.2658940851688385
0.5991769433021545,0.22800970077514648,-0.2921428084373474
0.6577531695365906,-0.024505266919732094,-0.2898239493370056
-0.6309239268302917,-0.2297116219997406,-0.29274773597717285
-0.2452886402606964,0.385893315076828,-0.2921428084373474
-0.16634684801101685,-0.4270157217979431,0.30349981784820557
-0.174210786819458,0.6282638311386108,0.035581618547439575
-0.4268648624420166,0.014957567676901817,-0.2921428084373474
-0.5846477150917053,0.1727605164051056,0.30400389432907104
0.09550201147794724,-0.6401484608650208,-0.024819444864988327
0.6787236332893372,0.3937572240829468,-0.2674419581890106
0.47295069694519043,-0.5216853618621826,0.3037014603614807
-0.6863747835159302,-0.4901288151741028,-0.11435739696025848
-0.3952074944972992,0.6279613375663757,-0.18537478148937225
-0.4268648624420166,0.10178346931934357,0.30349981784820557
-0.6863747835159302,0.02286183089017868,-0.08279075473546982
0.5123711228370667,0.17286133766174316,0.30349981784820557
-0.3790763318538666,0.5738211870193481,0.29472851753234863
-0.4095238745212555,-0.6406525373458862,0.2801096439361572
0.6837645769119263,-0.47440096735954285,0.04347579926252365
-0.5846477150917053,-0.18232636153697968,0.30349981784820557
0.02306307479739189,0.6279613375663757,-0.07490665465593338
-0.46628537774086,0.12547609210014343,-0.2921428084373474
0.228261336684227,-0.4112878143787384,0.30349981784820557
0.03266110643744469,0.014957567676901817,-0.2721804976463318
-0.3399583101272583,-0.33234602212905884,0.30349981784820557
0.36245232820510864,-0.2691320776939392,0.30349981784820557
-0.27684518694877625,0.07020675390958786,-0.2921428084373474
-0.6863747835159302,-0.4507083296775818,0.16981293261051178
-0.5373632311820984,-0.45857226848602295,-0.2921428084373474
-0.34792304039001465,-0.5533427596092224,0.30349981784820557
0.1730121523141861,-0.2138829231262207,0.3037014603614807
0.6308342814445496,0.6279613375663757,-0.07489657402038574
0.6837645769119263,-0.5059574842453003,-0.06702256202697754
-0.5820263624191284,0.12809740006923676,-0.29093295335769653
-0.6863747835159302,-0.11921325325965881,0.08300719410181046
-0.40317222476005554,-0.4665369987487793,-0.2921428084373474
-0.6863747835159302,0.5279482007026672,0.16981293261051178
0.038851432502269745,0.03074592910706997,0.30349981784820557
-0.4425927400588989,0.4095859229564667,-0.2921428084373474
0.6837645769119263,0.3543367385864258,0.09087113291025162
-0.08485430479049683,-0.6405516862869263,-0.07949395477771759
0.5123711228370667,0.6282638311386108,-0.24858872592449188
-0.5856558680534363,-0.6409550309181213,0.21679487824440002
-0.09536980092525482,0.6068900227546692,0.2535940706729889
-0.19689521193504333,-0.6409550309181213,0.08441866934299469
0.2424769103527069,-0.6409550309181213,0.1365424245595932
0.575585126876831,0.32278016209602356,-0.2921428084373474
0.08620642870664597,0.6279613375663757,0.027707602828741074
0.4571220278739929,-0.2849607765674591,-0.2921428084373474
-0.5767837166786194,0.6279613375663757,-0.16964691877365112
0.6837645769119263,0.204417884349823,-0.23276002705097198
0.21253347396850586,0.6279613375663757,0.16981293261051178
-0.568919837474823,0.4254146218299866,-0.2921428084373474
-0.3005378246307373,0.5279482007026672,-0.2921428084373474
-0.5136706829071045,-0.16659849882125854,-0.2921428084373474
-0.11109766364097595,0.44910722970962524,0.30349981784820557
-0.14013373851776123,-0.6401484608650208,-0.2639133036136627
0.630027711391449,-0.6396444439888,0.028211701661348343
0.3308957815170288,0.6279613375663757,0.22506208717823029
0.43736135959625244,-0.6409550309181213,0.11839490383863449
0.6837645769119263,-0.1034349724650383,-0.20120346546173096
0.5440285205841064,0.6279613375663757,0.05927424132823944
-0.29267388582229614,0.3701654374599457,0.30349981784820557
-0.5136706829071045,-0.4901288151741028,0.30349981784820557
-0.6863747835159302,-0.34807392954826355,0.011919243261218071
-0.0163977462798357,-0.1902911216020584,0.30349981784820557
-0.14265422523021698,-0.3402099609375,0.30349981784820557
0.6837645769119263,-0.3402099609375,0.11446292698383331
-0.48997798562049866,0.6279613375663757,0.20136946439743042
-0.3163665235042572,-0.23757554590702057,-0.2921428084373474
0.6837645769119263,0.062312569469213486,0.06717850267887115
0.26778265833854675,0.6279613375663757,-0.08279075473546982
0.117762990295887,0.6279613375663757,-0.15381821990013123
-0.36365094780921936,-0.12707717716693878,-0.2921428084373474
0.0733015164732933,0.1885892003774643,-0.28538787364959717
-0.016569139435887337,-0.09553071111440659,-0.2753058969974518
-0.5846477150917053,0.26753100752830505,0.3038022518157959
-0.6863747835159302,0.22014577686786652,0.20136946439743042
0.5123711228370667,0.6282638311386108,0.24068914353847504
0.228261336684227,-0.6006271243095398,0.30349981784820557
-0.7103697657585144,0.6115277409553528,-0.2277190387248993
-0.6794182062149048,-0.000810628233011812,0.2658940851688385
-0.6863747835159302,0.5043564438819885,-0.20120346546173096
0.6311367154121399,0.5751318335533142,0.2802104651927948
-0.6872820854187012,0.6068900227546692,0.25329160690307617
-0.5847485065460205,-0.008711865171790123,0.3038022518157959
0.34662365913391113,-0.3560386598110199,-0.2921428084373474
0.2440900355577469,0.204417884349823,-0.2921428084373474
0.117762990295887,-0.18232636153697968,-0.2921428084373474
0.6837645769119263,0.18072527647018433,0.05136997997760773
0.6837645769119263,-0.5533427596092224,0.09087113291025162
-0.134790301322937,-0.048185791820287704,-0.2921428084373474
-0.6398968696594238,0.6279613375663757,-0.059118300676345825
-0.5452271699905396,-0.5770353674888611,0.3042055368423462
0.5834490060806274,-0.3402099609375,0.3038022518157959
-0.6863747835159302,0.1491687148809433,-0.05121403560042381
-0.46628537774086,-0.6164559125900269,-0.3053501844406128
0.06252388656139374,0.6147539019584656,0.2535940706729889
0.0395672544836998,-0.6409550309181213,0.2493596374988556
-0.5546033978462219,-0.6409550309181213,0.04283055663108826
-0.07338102161884308,0.2990875542163849,-0.2921428084373474
0.5834490060806274,-0.008713881485164165,0.30349981784820557
0.7238908410072327,0.6116285920143127,0.03297039493918419
-0.4110361933708191,-0.300789475440979,-0.2921428084373474
0.39400890469551086,0.5437768697738647,-0.2921428084373474
0.47295069694519043,-0.16659849882125854,0.30349981784820557
0.41770151257514954,-0.34807392954826355,0.30349981784820557
0.6265998482704163,-0.6409550309181213,-0.2129993587732315
-0.6000730991363525,0.30695149302482605,-0.29052966833114624
-0.6863747835159302,-0.6085918545722961,-0.0906849354505539
-0.5846477150917053,0.44910722970962524,0.30349981784820557
-0.5189132690429688,0.603966236114502,-0.3242034614086151
-0.576682984828949,-0.048185791820287704,-0.29204198718070984
0.299339234828949,0.5043564438819885,0.30349981784820557
0.09064249694347382,0.30967363715171814,-0.29052966833114624
-0.015732336789369583,0.5751318335533142,0.27234652638435364
0.5538080334663391,-0.6406525373458862,0.30168506503105164
0.6465621590614319,0.6147539019584656,-0.3280346095561981
-0.3676837086677551,-0.6409550309181213,0.09167768806219101
-0.22159603238105774,-0.6409550309181213,-0.04319685697555542
-0.6815353631973267,-0.4507083296775818,0.26075226068496704
0.29137447476387024,-0.22184766829013824,-0.2921428084373474
-0.5136706829071045,0.12547609210014343,0.30349981784820557
0.4808146357536316,0.2990875542163849,0.30349981784820557
-0.055697254836559296,-0.3243812620639801,-0.28770673274993896
0.6837645769119263,0.4017219841480255,-0.08281092345714569
-0.6831485033035278,-0.07184817641973495,-0.2393133044242859
-0.1900394856929779,-0.5453780293464661,-0.2921428084373474
0.5991769433021545,0.1491687148809433,0.3038022518157959
0.6832605004310608,-0.6370230317115784,-0.05936026573181152
0.5860703587532043,-0.5732041597366333,-0.29052966833114624
-0.5452271699905396,0.5359129905700684,0.30349981784820557
-0.6708484888076782,0.26490968465805054,-0.26461902260780334
0.6837645769119263,0.5595048069953918,-0.15381821990013123
0.34662365913391113,-0.4901288151741028,0.30349981784820557
-0.6863747835159302,0.17286133766174316,-0.18537478148937225
0.4808146357536316,-0.11132914572954178,-0.2921428084373474
0.6837645769119263,0.18072527647018433,-0.08281092345714569
-0.48997798562049866,-0.23757554590702057,0.30349981784820557
-0.6863747835159302,-0.6243197917938232,0.16184817254543304
0.18722772598266602,-0.6409550309181213,0.19965554773807526
0.4571220278739929,0.6279613375663757,0.17767685651779175
-0.4643697738647461,-0.6409550309181213,-0.09385067969560623
0.6120818257331848,-0.23757554590702057,-0.29083216190338135
-0.06271430850028992,-0.6375272274017334,-0.2944616377353668
0.10198471695184708,0.6011433005332947,-0.3188600242137909
-0.6863747835159302,-0.2691320776939392,0.20923341810703278
0.12613101303577423,-0.6404508948326111,-0.11260312795639038
-0.03180299326777458,-0.1902911216020584,-0.27853214740753174
0.5440285205841064,0.6262474656105042,-0.3251108229160309
-0.6702435612678528,-0.3243812620639801,0.28000882267951965
0.3308957815170288,0.6279613375663757,-0.1380903571844101
0.188840851187706,0.6282638311386108,-0.10648338496685028
-0.33209437131881714,-0.15076981484889984,0.30349981784820557
-0.19790340960025787,-0.18232636153697968,-0.2921428084373474
0.19670478999614716,0.1491687148809433,0.30349981784820557
-0.21685749292373657,-0.6409550309181213,0.22990144789218903
0.43353021144866943,0.6279613375663757,0.004025061149150133
0.469926118850708,-0.6402493119239807,-0.2461690455675125
0.5597563982009888,-0.300789475440979,-0.2921428084373474
-0.5530911684036255,-0.3717665374279022,0.3038022518157959
0.5913129448890686,-0.1034349724650383,-0.2921428084373474
0.7007023096084595,0.5936827063560486,-0.04333397001028061
0.48020970821380615,0.5738211870193481,0.2948293089866638
-0.12692636251449585,0.093919537961483,-0.2921428084373474
-0.06264372915029526,-0.4901288151741028,-0.2891182005405426
-0.4504566788673401,0.6279613375663757,-0.0670124813914299
0.10989905893802643,-0.0008307913667522371,-0.2921428084373474
0.18087609112262726,-0.10342488437891006,0.30349981784820557
0.6837645769119263,-0.16659849882125854,0.12242767959833145
0.34662365913391113,0.21228182315826416,0.30349981784820557
-0.5609550476074219,-0.6085918545722961,-0.3053501844406128
0.6782194972038269,-0.2560255527496338,0.274766206741333
-0.6863747835159302,0.43327853083610535,0.15398423373699188
-0.6863747835159302,0.12547609210014343,0.10659899562597275
0.259817898273468,-0.29282474517822266,0.30349981784820557
0.6837645769119263,0.44900640845298767,0.027687441557645798
-0.05585856735706329,0.6279613375663757,-0.264316588640213
0.6837645769119263,-0.2138829231262207,-0.03545289486646652
0.3150670826435089,-0.5927631855010986,0.30349981784820557
0.16978593170642853,0.5713006258010864,0.300273597240448
0.24933265149593353,-0.6409550309181213,0.056360553950071335
-0.6863747835159302,-0.2297116219997406,-0.06700239330530167
0.37828102707862854,-0.1902911216020584,0.30349981784820557
-0.40317222476005554,0.6279613375663757,0.21709732711315155
0.6837645769119263,-0.2691320776939392,0.059254080057144165
0.6837645769119263,-0.024500224739313126,0.20923341810703278
-0.7103697657585144,0.6115277409553528,-0.09355829656124115
0.6457555890083313,0.05442846938967705,-0.2944616377353668
0.6842687129974365,0.4411424994468689,0.20923341810703278
-0.007989385165274143,-0.5612066984176636,-0.2763140797615051
-0.7103697657585144,0.6115277409553528,0.08008342236280441
-0.5924108028411865,0.5515400767326355,-0.28780755400657654
0.188840851187706,0.2990875542163849,-0.2921428084373474
0.6840670704841614,-0.37973129749298096,-0.16178297996520996
0.3861449658870697,0.6279613375663757,0.13815556466579437
-0.3005378246307373,0.4569711685180664,0.30349981784820557
0.32293105125427246,-0.05607997253537178,-0.2921428084373474
-0.07954110205173492,0.6279613375663757,0.03559170663356781
-0.6863747835159302,-0.07184817641973495,-0.08279075473546982
-0.6863747835159302,-0.6164559125900269,0.07504243403673172
-0.06375274807214737,-0.34807392954826355,0.30349981784820557
0.48867857456207275,0.48852771520614624,0.30349981784820557
-0.23742471635341644,0.26753100752830505,0.30349981784820557
0.6837645769119263,-0.23757554590702057,-0.12227173894643784
-0.6863747835159302,0.43327853083610535,0.01981342025101185
0.6837645769119263,-0.12707717716693878,-0.0038792011328041553
0.40983760356903076,0.1491687148809433,-0.2921428084373474
-0.663186252117157,0.1491687148809433,0.28726786375045776
-0.14265422523021698,0.48066380620002747,-0.2921428084373474
0.5834490060806274,-0.40332308411598206,-0.2921428084373474
0.038851432502269745,0.15703265368938446,0.30349981784820557
0.5834490060806274,-0.4507083296775818,0.3037014603614807
0.4255654513835907,0.6279613375663757,-0.10647329688072205
0.228261336684227,0.6279613375663757,0.08290638029575348
-0.0006164428195916116,0.41744986176490784,0.30349981784820557
-0.15061898529529572,0.6279613375663757,-0.23276002705097198
0.02187340147793293,0.12547609210014343,-0.2770198583602905
-0.07048749923706055,-0.6409550309181213,-0.002336661098524928
-0.6768977046012878,-0.5533427596092224,-0.25494036078453064
0.09544151276350021,-0.6409550309181213,0.178987517952919
-0.31959274411201477,-0.6406525373458862,0.2211301326751709
0.6837645769119263,-0.05607997253537178,-0.1380903571844101
-0.6863747835159302,0.054438550025224686,-0.18537478148937225
0.27826789021492004,0.603966236114502,-0.3242034614086151
0.48867857456207275,0.007063388824462891,-0.2921428084373474
-0.4110361933708191,-0.4901288151741028,0.30349981784820557
0.1730121523141861,0.6279613375663757,-0.23276002705097198
0.5834490060806274,0.46483510732650757,0.30349981784820557
0.6837645769119263,0.07020675390958786,-0.22489607334136963
-0.43472880125045776,-0.08763653039932251,0.30349981784820557
-0.6863747835159302,0.18072527647018433,0.01981342025101185
0.6840670704841614,0.32278016209602356,-0.20906740427017212
-0.21373209357261658,0.5043564438819885,0.30349981784820557
0.2124326527118683,0.44900640845298767,-0.2921428084373474
0.6837645769119263,0.5279482007026672,0.09087113291025162
-0.6858706474304199,-0.14290587604045868,0.24058833718299866
-0.49804356694221497,-0.6404508948326111,0.25419899821281433
-0.37877389788627625,0.5776523947715759,-0.27510425448417664
-0.6312263607978821,-0.6409550309181213,-0.21209198236465454
0.4170966148376465,-0.6408542394638062,0.26498669385910034
-0.4988500773906708,-0.6409550309181213,0.10044899582862854
0.5518924593925476,0.4963916540145874,-0.2921428084373474
-0.34449517726898193,-0.6409550309181213,-0.03551137074828148
-0.6863747835159302,0.5359129905700684,-0.09857910871505737
-0.024997666478157043,0.5516409277915955,-0.2763140797615051
0.41639086604118347,-0.6407533884048462,-0.06605469435453415
-0.09446241706609726,-0.6409550309181213,0.2573243975639343
0.6837645769119263,-0.6085918545722961,-0.16964691877365112
0.5794162154197693,-0.6401484608650208,-0.11295599490404129
-0.2531525790691376,0.5830965638160706,0.2542998194694519
-0.1900394856929779,0.6219122409820557,-0.32793378829956055
0.10989905893802643,0.32278016209602356,0.30349981784820557
-0.11896160244941711,0.10964740067720413,0.30349981784820557
0.628515362739563,0.49377039074897766,-0.2902272343635559
0.5676203370094299,0.6279613375663757,-0.011763297952711582
-0.5057058930397034,0.2990875542163849,0.30349981784820557
-0.23742471635341644,0.21228182315826416,-0.2921428084373474
-0.2847091555595398,-0.3402099609375,-0.2921428084373474
-0.3952074944972992,-0.5533427596092224,-0.2921428084373474
0.6837645769119263,0.23597446084022522,0.16184817254543304
0.43342939019203186,-0.4270157217979431,-0.2921428084373474
0.3861449658870697,0.062312569469213486,-0.2921428084373474
0.5148916244506836,-0.6409550309181213,0.17223258316516876
0.1730121523141861,-0.5138213634490967,-0.2921428084373474
0.5439277291297913,0.33860886096954346,0.30349981784820557
-0.38734355568885803,-0.2297116219997406,0.30349981784820557
-0.6241689920425415,0.6279613375663757,0.15398423373699188
-0.008503565564751625,0.6279613375663757,-0.003869116771966219
-0.024291926994919777,0.19645313918590546,0.30349981784820557
0.299339234828949,0.062322650104761124,0.30349981784820557
-0.529398500919342,0.18072527647018433,-0.2921428084373474
-0.6863747835159302,0.26753100752830505,0.03560178726911545
0.615005612373352,-0.6401484608650208,-0.3053501844406128
0.575585126876831,-0.6936836838722229,-0.26421573758125305
0.06023528426885605,-0.6407533884048462,0.10196128487586975
0.6577531695365906,-0.4822648763656616,-0.2898239493370056
-0.6793173551559448,0.4306572377681732,-0.2502018213272095
0.6663227677345276,0.5595048069953918,-0.28387558460235596
0.36668676137924194,-0.6409550309181213,0.03190170228481293
0.08620642870664597,0.6279613375663757,0.1855407953262329
0.5439277291297913,-0.20601898431777954,0.30349981784820557
0.6840670704841614,-0.19815504550933838,0.20923341810703278
0.401872843503952,0.15703265368938446,0.30349981784820557
0.5045072436332703,-0.4428443908691406,-0.2921428084373474
-0.04008028656244278,-0.07975243031978607,0.30349981784820557
-0.3557870090007782,0.6279613375663757,0.06717850267887115
-0.5057058930397034,-0.31651735305786133,0.30349981784820557
-0.5057058930397034,0.26753100752830505,-0.2921428084373474
-0.12692636251449585,-0.19815504550933838,0.30349981784820557
0.299339234828949,-0.11131906509399414,0.30349981784820557
-0.11109766364097595,0.19645313918590546,-0.2921428084373474
0.6837645769119263,0.062312569469213486,-0.1380903571844101
-0.3557870090007782,0.03074592910706997,-0.2921428084373474
-0.19790340960025787,0.062312569469213486,-0.2921428084373474
-0.22956077754497528,-0.07975243031978607,-0.2921428084373474
-0.6863747835159302,0.22014577686786652,-0.10646321624517441
-0.008513648062944412,-0.2849607765674591,0.30349981784820557
-0.134790301322937,-0.45857226848602295,-0.2921428084373474
-0.07954110205173492,0.6279613375663757,0.17767685651779175
-0.05585856735706329,0.6279613375663757,-0.11436747759580612
-0.6863747835159302,0.038650188595056534,0.20136946439743042
0.117762990295887,0.038640107959508896,0.30349981784820557
0.4413941204547882,0.2990875542163849,-0.2921428084373474
-0.36365094780921936,0.3543367385864258,0.30349981784820557
0.48867857456207275,0.4411424994468689,-0.2921428084373474
0.5045072436332703,-0.33234602212905884,0.30349981784820557
0.29137447476387024,-0.40332308411598206,-0.2921428084373474
0.10198471695184708,0.46483510732650757,0.30349981784820557
-0.4821140468120575,0.37802934646606445,0.30349981784820557
0.6837645769119263,0.22014577686786652,-0.16178297996520996
-0.6863747835159302,0.346472829580307,-0.19323870539665222
-0.18217554688453674,0.5529515743255615,-0.2892190217971802
-0.3163665235042572,0.6279613375663757,-0.25645262002944946
0.6455539464950562,-0.5453780293464661,0.3018867075443268
0.6836637854576111,-0.07975243031978607,0.256316214799881
-0.637578010559082,-0.6558763384819031,-0.29042887687683105
-0.5999722480773926,-0.3243812620639801,-0.29042887687683105
-0.2611173391342163,0.6085031628608704,-0.3273288607597351
-0.6675214767456055,0.5701916813850403,-0.2685509920120239
0.007497524842619896,0.4095859229564667,-0.2791370749473572
-0.27684518694877625,-0.5770353674888611,0.30349981784820557
0.5834490060806274,0.6279613375663757,-0.24062396585941315
-0.5609550476074219,0.6279613375663757,0.05927424132823944
0.299339234828949,0.6279613375663757,-0.003869116771966219
0.46508678793907166,-0.5927631855010986,0.30349981784820557
0.3703162670135498,-0.5217861533164978,-0.2921428084373474
-0.6831485033035278,-0.3954591453075409,-0.2393133044242859
0.02306307479739189,0.6279613375663757,-0.24858872592449188
-0.6863747835159302,-0.008703799918293953,-0.011753215454518795
-0.134790301322937,0.37802934646606445,0.30349981784820557
-0.30840176343917847,0.1333400160074234,0.30349981784820557
-0.5530911684036255,0.6279613375663757,-0.0906849354505539
-0.07164692878723145,0.6279613375663757,0.10659899562597275
0.2835105359554291,-0.29282474517822266,-0.2921428084373474
0.6840670704841614,0.14120396971702576,0.2249612808227539
0.49220725893974304,-0.6409550309181213,-0.06268731504678726
0.6702547669410706,-0.6937845349311829,-0.19323870539665222
0.22039741277694702,0.6282638311386108,0.24068914353847504
0.31536954641342163,-0.6409550309181213,0.16184817254543304
0.401872843503952,0.6279613375663757,-0.2801452577114105
-0.608340322971344,0.6085031628608704,-0.3273288607597351
0.05293593928217888,-0.16125506162643433,-0.27197885513305664
-0.11896160244941711,0.2596670687198639,0.30349981784820557
-0.623664915561676,-0.4665369987487793,-0.2945624887943268
0.06252388656139374,-0.23757554590702057,0.30349981784820557
-0.6863747835159302,-0.10341480374336243,-0.1616821587085724
0.4966433048248291,0.6279613375663757,-0.16964691877365112
-0.29267388582229614,0.6279613375663757,-0.0906849354505539
0.03095725178718567,-0.5927631855010986,0.30349981784820557
-0.6863747835159302,-0.3402099609375,-0.16964691877365112
-0.6863747835159302,-0.19019030034542084,0.08300719410181046
0.07752585411071777,-0.6402493119239807,-0.25423458218574524
-0.68576979637146,-0.23757554590702057,-0.22469446063041687
0.299339234828949,0.25170230865478516,-0.2921428084373474
0.06252388656139374,-0.45857226848602295,0.30349981784820557
0.32293105125427246,0.48066380620002747,-0.2921428084373474
-0.6863747835159302,-0.15076981484889984,0.01981342025101185
0.6837645769119263,0.32278016209602356,-0.07491673529148102
-0.2847091555595398,-0.4348796308040619,-0.2921428084373474
0.6837645769119263,-0.4665369987487793,-0.13014575839042664
-0.04008028656244278,-0.5217861533164978,0.30349981784820557
0.23612527549266815,-0.14290587604045868,-0.2921428084373474
0.6837645769119263,-0.09554079174995422,0.059254080057144165
-0.5767837166786194,-0.4428443908691406,0.30349981784820557
0.14145560562610626,-0.6322845816612244,-0.3052493631839752
-0.6863747835159302,0.4017219841480255,0.09087113291025162
-0.6863747835159302,-0.3559378385543823,0.13815556466579437
0.18087609112262726,-0.29282474517822266,-0.2921428084373474
-0.27684518694877625,-0.300789475440979,0.30349981784820557
-0.27684518694877625,-0.4270157217979431,0.30349981784820557
0.32293105125427246,0.5509352087974548,-0.29194116592407227
0.6228694915771484,-0.6243197917938232,0.3038022518157959
0.6843695044517517,-0.6243197917938232,0.1855407953262329
0.6455539464950562,-0.3717665374279022,0.3018867075443268
-0.6200354099273682,-0.679568886756897,0.26337358355522156
0.29439905285835266,-0.6403501629829407,-0.12448976933956146
0.5985719561576843,-0.6409550309181213,0.09339161962270737
-0.42676404118537903,0.6147539019584656,-0.3280346095561981
0.3435990810394287,-0.6409550309181213,0.2534932494163513
-0.06794685125350952,0.37802934646606445,-0.29052966833114624
-0.5373632311820984,0.5831974148750305,0.2542998194694519
-0.6863747835159302,-0.4901288151741028,-0.18537478148937225
-0.46578124165534973,-0.6409550309181213,-0.16228707134723663
0.6524097323417664,-0.40332308411598206,-0.29234445095062256
-0.6668157577514648,0.39385804533958435,0.2837391495704651
-0.6385862231254578,-0.26126816868782043,0.3009793162345886
0.4808146357536316,-0.5878230333328247,-0.2957723140716553
-0.27684518694877625,0.007073471322655678,0.30349981784820557
0.6837645769119263,-0.3717665374279022,0.17767685651779175
0.6308342814445496,0.6279613375663757,0.13815556466579437
0.5123711228370667,0.6279613375663757,0.12242767959833145
-0.37947961688041687,0.6279613375663757,-0.019657479599118233
0.6837645769119263,0.4569711685180664,-0.043346066027879715
0.6837645769119263,0.3149162530899048,0.035581618547439575
-0.6320329308509827,0.6279613375663757,-0.20906740427017212
-0.6863747835159302,0.3149162530899048,-0.019647398963570595
-0.41890010237693787,0.5043564438819885,0.30349981784820557
-0.15061898529529572,0.03074592910706997,0.30349981784820557
0.6465621590614319,0.6282638311386108,0.24068914353847504
0.1730121523141861,0.39385804533958435,0.30349981784820557
-0.2058681696653366,0.6279613375663757,-0.1775108426809311
-0.6863747835159302,0.28335970640182495,0.17767685651779175
-0.34792304039001465,0.5122203826904297,0.30349981784820557
0.07041806727647781,0.6279613375663757,0.09873506426811218
0.6838654279708862,-0.3402099609375,-0.24828624725341797
0.10198471695184708,0.18072527647018433,0.30349981784820557
-0.18217554688453674,0.16489659249782562,0.30349981784820557
0.6840670704841614,-0.4507083296775818,0.20126865804195404
-0.5136706829071045,0.6279613375663757,-0.20120346546173096
-0.6863747835159302,-0.47440096735954285,0.09087113291025162
0.6837645769119263,-0.4901288151741028,0.11446292698383331
0.015168893150985241,-0.12707717716693878,0.30349981784820557
-0.016569139435887337,0.0702168345451355,-0.2753058969974518
0.2818974256515503,-0.6409550309181213,-0.003173462813720107
-0.2716025710105896,-0.5713894963264465,-0.28891655802726746
0.08533938229084015,-0.4059444069862366,-0.2891182005405426
-0.05463864654302597,-0.6409550309181213,0.1867506206035614
0.4413941204547882,0.3701654374599457,0.30349981784820557
0.37818023562431335,-0.12707717716693878,-0.2921428084373474
-0.43472880125045776,0.6279613375663757,0.09087113291025162
-0.19790340960025787,0.33850806951522827,-0.2921428084373474
0.26768186688423157,0.07020675390958786,-0.2921428084373474
-0.683350145816803,0.093919537961483,0.25520721077919006
0.6071416735649109,-0.07186833769083023,0.30349981784820557
0.6830588579177856,-0.6243197917938232,-0.25564607977867126
0.40983760356903076,-0.33234602212905884,-0.2921428084373474
0.188840851187706,-0.3954591453075409,-0.2921428084373474
0.299339234828949,-0.4428443908691406,0.30349981784820557
-0.5260714292526245,-0.6409550309181213,-0.23165100812911987
-0.6368722319602966,0.07020675390958786,-0.29083216190338135
-0.024997666478157043,-0.4348796308040619,-0.2763140797615051
0.05801725387573242,-0.6404508948326111,-0.08505919575691223
0.6826555728912354,0.3701654374599457,0.2635752260684967
-0.3148542046546936,-0.6375272274017334,-0.29426002502441406
-0.6815353631973267,-0.6243197917938232,0.26075226068496704
-0.6557255387306213,-0.679568886756897,0.17989489436149597
0.03894216939806938,-0.31651735305786133,-0.2710714638233185
0.15466298162937164,0.5813827514648438,-0.2749026119709015
-0.6863747835159302,0.5516409277915955,0.09087113291025162
0.23612527549266815,0.26753100752830505,0.30349981784820557
-0.2531525790691376,-0.07975243031978607,0.30349981784820557
-0.47414928674697876,-0.4428443908691406,-0.2921428084373474
0.6837645769119263,0.03073584847152233,-0.0038792011328041553
-0.3948042094707489,-0.6409550309181213,-0.07682222872972488
0.6070408225059509,-0.16659849882125854,-0.29204198718070984
0.6843695044517517,-0.16659849882125854,-0.1775108426809311
-0.134790301322937,0.6279613375663757,-0.059118300676345825
-0.6863747835159302,-0.11921325325965881,0.16981293261051178
0.47295069694519043,-0.4507083296775818,0.30349981784820557
0.35458841919898987,0.10178346931934357,0.30349981784820557
-0.45842140913009644,0.47269901633262634,-0.2921428084373474
0.6837645769119263,-0.56907057762146,-0.08281092345714569
0.16514822840690613,0.6279613375663757,-0.011763297952711582
-0.49784189462661743,0.6279613375663757,0.004025061149150133
-0.34792304039001465,-0.31651735305786133,-0.2921428084373474
-0.38734355568885803,-0.38759520649909973,0.30349981784820557
0.7221769094467163,0.603966236114502,-0.19263380765914917
0.6840670704841614,0.25170230865478516,0.2249612808227539
-0.6371747255325317,-0.07185825705528259,-0.2906305193901062
0.09607668220996857,0.47269901633262634,-0.2921428084373474
-0.07230225205421448,0.5660580992698669,0.30279406905174255
-0.20123045146465302,0.5713006258010864,0.300273597240448
0.23612527549266815,0.5779547691345215,-0.2752051055431366
-0.5609550476074219,-0.379630446434021,-0.2921428084373474
-0.6421148777008057,0.16751790046691895,-0.28851327300071716
-0.03180299326777458,-0.03239743039011955,-0.27853214740753174
0.6228694915771484,0.22014577686786652,0.3042055368423462
0.1718023270368576,-0.6406525373458862,0.06035301461815834
-0.5013705492019653,-0.6409550309181213,-0.016784118488430977
0.6228694915771484,0.3701654374599457,-0.28780755400657654
-0.6767968535423279,0.5122203826904297,0.2705317735671997
-0.24307061731815338,-0.6409550309181213,0.295736700296402
-0.6863747835159302,-0.6480123996734619,-0.1775108426809311
0.5650998950004578,-0.6401484608650208,0.03904981538653374
-0.21736159920692444,-0.6409550309181213,0.02397727407515049
-0.5928140878677368,-0.6865255236625671,-0.25685590505599976
0.6071416735649109,0.08595478534698486,0.3038022518157959
0.19055478274822235,-0.6409550309181213,0.263272762298584
-0.46628537774086,-0.2691320776939392,-0.2921428084373474
0.26778265833854675,0.6279613375663757,-0.24062396585941315
0.5439277291297913,0.26753100752830505,-0.2921428084373474
0.015173934400081635,0.6279613375663757,-0.1380903571844101
-0.6863747835159302,-0.16659849882125854,-0.15381821990013123
0.094090536236763,-0.10342488437891006,0.30349981784820557
-0.11906242370605469,-0.34807392954826355,-0.2921428084373474
0.6837645769119263,0.093919537961483,0.12242767959833145
0.6838654279708862,-0.0008408738649450243,0.07504243403673172
0.21253347396850586,-0.158633753657341,0.30349981784820557
0.5360637903213501,-0.14290587604045868,-0.2921428084373474
-0.5609550476074219,0.062322650104761124,0.30349981784820557
-0.0006164428195916116,-0.4665369987487793,0.30349981784820557
-0.2847091555595398,-0.008720939047634602,-0.2921428084373474
0.5203359127044678,-0.048175711184740067,0.30349981784820557
0.44925808906555176,-0.07975243031978607,0.30349981784820557
0.3861449658870697,-0.048175711184740067,0.30349981784820557
-0.6863747835159302,0.32278016209602356,0.11456374824047089
-0.48997798562049866,-0.04028152674436569,0.30349981784820557
-0.2531525790691376,0.10178346931934357,0.30349981784820557
0.4255654513835907,0.21228182315826416,-0.2921428084373474
0.16514822840690613,0.6279613375663757,0.06717850267887115
-0.3005378246307373,0.1491687148809433,-0.2921428084373474
0.3308957815170288,0.3701654374599457,0.30349981784820557
-0.6863747835159302,0.04654437303543091,0.10659899562597275
-0.6863747835159302,-0.4980935752391815,-0.05121403560042381
-0.30840176343917847,0.22014577686786652,0.30349981784820557
-0.4425927400588989,0.3149162530899048,-0.2921428084373474
-0.134790301322937,-0.1902911216020584,-0.2921428084373474
-0.42676404118537903,0.6279613375663757,-0.13014575839042664
-0.6863747835159302,-0.4428443908691406,0.01981342025101185
0.4808146357536316,0.062322650104761124,0.30349981784820557
0.4966433048248291,0.6279613375663757,-0.003869116771966219
-0.6863747835159302,0.37802934646606445,-0.027540570124983788
-0.37947961688041687,0.2753949463367462,0.30349981784820557
0.6837645769119263,-0.30865341424942017,0.1855407953262329
0.6071416735649109,-0.1902911216020584,0.30349981784820557
-0.21373209357261658,-0.30865341424942017,0.30349981784820557
0.6837645769119263,0.5516409277915955,-0.09070509672164917
-0.16634684801101685,-0.5059574842453003,0.30349981784820557
0.40983760356903076,0.022851750254631042,0.30349981784820557
-0.6450386643409729,-0.158633753657341,0.2982572019100189
0.36245232820510864,0.6147539019584656,-0.3280346095561981
0.6842687129974365,-0.3560386598110199,-0.05125436186790466
-0.4504566788673401,-0.16659849882125854,-0.2921428084373474
-0.5373632311820984,-0.5296500325202942,-0.2921428084373474
-0.016387665644288063,-0.008702791295945644,0.30349981784820557
-0.6768977046012878,-0.6164559125900269,-0.25494036078453064
0.3308957815170288,0.6279613375663757,-0.20120346546173096
0.5597563982009888,0.15703265368938446,-0.2921428084373474
-0.21373209357261658,-0.5770353674888611,0.30349981784820557
-0.5215345621109009,-0.158633753657341,0.30349981784820557
-0.6241689920425415,0.5831974148750305,0.2542998194694519
-0.576682984828949,-0.19815504550933838,-0.29204198718070984
0.6860834956169128,0.6279613375663757,0.16981293261051178
0.11383102089166641,0.5751318335533142,0.27234652638435364
-0.4489443600177765,-0.6408542394638062,0.21528257429599762
0.31446215510368347,0.5660580992698669,0.30279406905174255
0.6832605004310608,-0.6370230317115784,0.0608268640935421
-0.6448370218276978,0.46483510732650757,0.2979547381401062
-0.6794182062149048,-0.06395398825407028,0.2658940851688385
-0.6863747835159302,0.385893315076828,0.22506208717823029
-0.6551206111907959,-0.5453780293464661,0.2930145561695099
-0.3095107972621918,-0.6409550309181213,0.11345472931861877
0.6899145841598511,0.589044988155365,0.08290638029575348
-0.6162042021751404,0.37802934646606445,-0.2957723140716553
-0.4504566788673401,0.16489659249782562,0.30349981784820557
-0.40317222476005554,0.15703265368938446,-0.2921428084373474
-0.12692636251449585,-0.08763653039932251,0.30349981784820557
-0.6863747835159302,0.4569711685180664,-0.13014575839042664
0.038851432502269745,0.3543367385864258,0.30349981784820557
0.6837645769119263,-0.30865341424942017,0.011899078264832497
-0.5136706829071045,-0.04029160737991333,-0.2921428084373474
-0.5452271699905396,0.6282638311386108,0.169712096452713
-0.6863747835159302,0.16489659249782562,0.15398423373699188
0.3308957815170288,0.19645313918590546,-0.2921428084373474
0.41770151257514954,-0.5612066984176636,-0.2921428084373474
-0.3005378246307373,0.44900640845298767,-0.2921428084373474
-0.18217554688453674,-0.30865341424942017,-0.2921428084373474
-0.324230432510376,0.6279613375663757,0.16184817254543304
0.1571834683418274,0.038640107959508896,-0.2921428084373474
0.6837645769119263,0.08595478534698486,0.19340471923351288
-0.6240682005882263,0.32278016209602356,0.30390310287475586
0.23612527549266815,-0.4348796308040619,-0.2921428084373474
-0.41890010237693787,0.22014577686786652,0.30349981784820557
0.07895749807357788,-0.2297116219997406,-0.28740426898002625
0.6802359223365784,-0.5059574842453003,0.27002769708633423
-0.2579919099807739,-0.6409550309181213,0.07826866954565048
-0.03018987737596035,-0.6402493119239807,-0.10719919949769974
-0.6704452633857727,0.5856171250343323,0.027707602828741074
0.6842687129974365,0.5043564438819885,0.21709732711315155
0.30720317363739014,-0.5296500325202942,-0.2921428084373474
0.6839662194252014,-0.1744624376296997,-0.24062396585941315
-0.5192157030105591,-0.6409550309181213,-0.12732280790805817
-0.6768977046012878,0.204417884349823,-0.25494036078453064
-0.6239673495292664,-0.6409550309181213,-0.1279277205467224
0.06340102106332779,0.2570457458496094,-0.27742311358451843
-0.649071455001831,-0.6409550309181213,0.03131694346666336
-0.15293782949447632,-0.6409550309181213,0.23837029933929443
-0.4821140468120575,0.5200842618942261,0.30349981784820557
0.06987364590167999,-0.6403501629829407,0.042457520961761475
-0.5925116539001465,0.48066380620002747,-0.2879083454608917
0.6837645769119263,0.46483510732650757,-0.16178297996520996
-0.0163977462798357,0.062322650104761124,0.30349981784820557
0.07895749807357788,-0.4980935752391815,-0.28740426898002625
-0.34550338983535767,-0.6401484608650208,-0.17488954961299896
-0.5057058930397034,-0.4270157217979431,0.30349981784820557
-0.6162042021751404,0.6279613375663757,-0.11436747759580612
0.14145560562610626,-0.2455403059720993,-0.2921428084373474
-0.134790301322937,0.6279613375663757,0.20923341810703278
0.20456872880458832,-0.4665369987487793,0.30349981784820557
0.43342939019203186,0.37802934646606445,-0.2921428084373474
0.401872843503952,-0.5138213634490967,0.30349981784820557
-0.22159603238105774,-0.4507083296775818,0.30349981784820557
-0.3952074944972992,0.243838369846344,-0.2921428084373474
0.22039741277694702,0.204417884349823,0.30349981784820557
0.3703162670135498,0.26753100752830505,0.30349981784820557
0.08620642870664597,-0.36390259861946106,0.30349981784820557
0.5360637903213501,-0.07975243031978607,-0.2921428084373474
0.5597563982009888,0.6279613375663757,-0.09857910871505737
0.06253397464752197,0.6279613375663757,-0.027545612305402756
0.19670478999614716,-0.008713881485164165,0.30349981784820557
-0.6862739324569702,-0.008708841167390347,-0.2169313281774521
0.6837645769119263,-0.3243812620639801,-0.11437755823135376
-0.2611173391342163,0.6279613375663757,0.16981293261051178
-0.568919837474823,-0.6321837306022644,0.30349981784820557
0.6350686550140381,-0.6407533884048462,0.24532683193683624
0.6695489883422852,0.4280359148979187,0.2874695062637329
0.5596556067466736,-0.690054178237915,0.2693219482898712
-0.324230432510376,0.5751318335533142,0.27234652638435364
0.6826555728912354,0.5437768697738647,0.2635752260684967
0.6577531695365906,0.23597446084022522,-0.2898239493370056
-0.7019009590148926,0.6279613375663757,-0.16107724606990814
-0.6858706474304199,-0.5059574842453003,0.24058833718299866
-0.5762796998023987,-0.6409550309181213,0.15872275829315186
0.14145560562610626,0.5200842618942261,0.30349981784820557
-0.6676222681999207,-0.12445586919784546,-0.2686518132686615
-0.6768977046012878,0.038650188595056534,-0.25494036078453064
0.2780662477016449,-0.6379304528236389,0.303398996591568
0.6837645769119263,-0.6362164616584778,-0.0010260019917041063
-0.43472880125045776,0.567469596862793,-0.2876059114933014
0.10989905893802643,0.5437768697738647,-0.2921428084373474
-0.2009279876947403,-0.6401484608650208,-0.12783698737621307
-0.11109766364097595,0.5359129905700684,-0.2921428084373474
0.5695359110832214,0.5754343271255493,0.26528915762901306
-0.5925116539001465,0.007073471322655678,-0.2879083454608917
-0.2847091555595398,-0.6401484608650208,-0.24536247551441193
-0.4504566788673401,0.6279613375663757,-0.20120346546173096
-0.6863747835159302,-0.23757554590702057,0.13815556466579437
-0.15061898529529572,0.007063388824462891,-0.2921428084373474
0.6837645769119263,-0.45857226848602295,-0.01177338045090437
0.4571220278739929,-0.3954591453075409,0.30349981784820557
0.6465621590614319,0.6279613375663757,-0.25645262002944946
-0.324230432510376,0.32278016209602356,-0.2921428084373474
0.6837645769119263,-0.5138213634490967,-0.21703216433525085
0.5281998515129089,-0.4980935752391815,-0.2921428084373474
0.6837645769119263,0.12547609210014343,0.035581618547439575
0.6837645769119263,0.12547609210014343,-0.09859927743673325
-0.6863747835159302,0.093919537961483,-0.03543373942375183
0.6899145841598511,0.589044988155365,-0.24062396585941315
0.188840851187706,0.15703265368938446,-0.2921428084373474
-0.3952074944972992,0.6279613375663757,-0.24858872592449188
0.6837645769119263,0.204417884349823,0.10659899562597275
0.47295069694519043,-0.048185791820287704,-0.2921428084373474
-0.22159603238105774,0.6279613375663757,-0.011763297952711582
0.3711228370666504,0.5750309824943542,0.2642809748649597
-0.6817370057106018,0.5907589793205261,-0.04662371426820755
0.680941641330719,0.02286183089017868,-0.2619977295398712
0.044104140251874924,0.5810801982879639,-0.2739952504634857
0.6169211864471436,-0.6398459672927856,-0.043241214007139206
