0.3197194039821625,-0.11638718098402023,-0.22542372345924377 
-0.3062877357006073,0.6077437400817871,0.3504306674003601 
-0.3031843304634094,-0.7835472226142883,0.13829922676086426 
0.2991241216659546,0.7488402724266052,-0.23821349442005157 
0.501724362373352,-0.9592843651771545,0.022909224033355713 
-0.5059115886688232,0.01200421154499054,0.029210053384304047 
0.030506141483783722,0.428282767534256,0.33745285868644714 
-0.13431717455387115,-0.5515776872634888,-0.2259879857301712 
-0.23842209577560425,0.36608782410621643,-0.22796286642551422 
0.13050614297389984,-0.37176865339279175,0.23942773044109344 
0.5026648044586182,0.607555627822876,0.3501485586166382 
-0.2551945745944977,0.9182435870170593,-0.12081565707921982 
0.36702272295951843,-0.570480227470398,-0.22796286642551422 
0.40304094552993774,0.31878453493118286,-0.1357073038816452 
-0.13431717455387115,-0.0880051925778389,-0.22796286642551422 
0.5011601448059082,-0.13123181462287903,0.3143184185028076 
-0.5045949816703796,-0.978186845779419,-0.3254237174987793 
-0.2857254147529602,-0.47587355971336365,0.23745284974575043 
0.007573951501399279,-0.7785959839820862,0.23745284974575043 
-0.2857254147529602,0.2903837263584137,0.23942773044109344 
0.011975133791565895,0.7053927183151245,0.13363005220890045 
0.0021993815898895264,-0.9592843651771545,-0.32664626836776733 
-0.13026870787143707,0.06874938309192657,0.33745285868644714 
-0.5059115886688232,-0.22446534037590027,-0.05460982769727707 
-0.01675015687942505,0.09577708691358566,-0.1279628574848175 
0.5030409693717957,-0.4339636266231537,-0.06541537493467331 
-0.40779241919517517,0.630911111831665,-0.08840399235486984 
0.04537898674607277,0.5363985300064087,-0.22570586204528809 
-0.30779242515563965,0.1822679340839386,-0.2546098232269287 
-0.40779241919517517,-0.6272817850112915,-0.03164001554250717 
0.0021993815898895264,-0.24346187710762024,-0.1279628574848175 
0.38583117723464966,-0.570480227470398,0.2375468760728836 
0.40304094552993774,0.41339111328125,0.14811259508132935 
0.2993732988834381,-0.7840174436569214,-0.10764972120523453 
0.4011601209640503,0.6215068697929382,-0.02215113863348961 
-0.005916386842727661,0.3890952169895172,0.13942772150039673 
-0.40591156482696533,0.3092862367630005,-0.012690477073192596 
0.30116012692451477,0.15386712551116943,0.058927539736032486 
-0.11541467159986496,-0.2772560715675354,0.23745284974575043 
-0.15321968495845795,-0.8164010047912598,-0.22796286642551422 
0.12110190838575363,-0.5988810062408447,-0.22796286642551422 
0.19680602848529816,0.5742035508155823,0.23942773044109344 
-0.3194255232810974,0.8072735667228699,-0.04647524282336235 
-0.40779241919517517,0.48900115489959717,0.14811259508132935 
-0.40779241919517517,-0.33396363258361816,0.09134860336780548 
0.1778094619512558,0.08226793259382248,0.23745284974575043 
0.4011601209640503,-0.6366860270500183,-0.0032298127189278603 
-0.05865068733692169,-0.5420793890953064,0.23745284974575043 
0.040004439651966095,0.8077437877655029,0.030498526990413666 
0.3008168935775757,0.5079977512359619,-0.22796286642551422 
-0.14381545782089233,0.14847376942634583,-0.22542372345924377 
-0.23842209577560425,-0.7028918862342834,0.23942773044109344 
-0.1722162514925003,-0.315061092376709,-0.22796286642551422 
0.5009720325469971,-0.24346187710762024,-0.3254237174987793 
-0.068111352622509,0.21467959880828857,0.23942773044109344 
0.2946711778640747,0.09577708691358566,0.13980388641357422 
-0.26672884821891785,0.06336542218923569,0.23942773044109344 
0.2968060374259949,-0.2542298436164856,0.33745285868644714 
0.0021993815898895264,0.04982805624604225,-0.1259879767894745 
0.3008168935775757,0.13897548615932465,-0.22551776468753815 
-0.5059115886688232,-0.7536417841911316,0.09677018970251083 
-0.21002130210399628,0.6025103330612183,-0.22570586204528809 
-0.36142951250076294,-0.5326751470565796,-0.22570586204528809 
0.1346110701560974,-0.6312926411628723,0.33989793062210083 
-0.36133548617362976,-0.11638718098402023,-0.22796286642551422 
-0.007298894226551056,0.9201244115829468,-0.3449845612049103 
0.3006898760795593,-0.3425544202327728,0.13773494958877563 
-0.40779241919517517,0.12007296830415726,0.08188793808221817 
-0.05321968346834183,0.796928882598877,0.3599289655685425 
-0.30779242515563965,0.5700986981391907,-0.11141141504049301 
-0.3140321671962738,-0.23935697972774506,0.23942773044109344 
0.2630118429660797,0.707273542881012,0.09136740863323212 
-0.40779241919517517,-0.6177834868431091,0.17651337385177612 
-0.03972936049103737,0.34718528389930725,-0.22796286642551422 
0.4035111665725708,-0.13531790673732758,0.0061678411439061165 
-0.0775626078248024,0.707273542881012,-0.07891511917114258 
-0.44628867506980896,0.6361445188522339,-0.14188113808631897 
0.14940866827964783,-0.5610759854316711,0.23970983922481537 
0.19680602848529816,0.34718528389930725,-0.22796286642551422 
-0.40779241919517517,-0.1731511503458023,-0.041100673377513885 
0.4011601209640503,0.22417789697647095,0.053534168750047684 
0.2724160850048065,-0.7312926650047302,-0.2259879857301712 
-0.48973625898361206,0.35257869958877563,-0.32796287536621094 
-0.2951296269893646,-0.7028918862342834,-0.2259879857301712 
-0.05321968346834183,-0.9592843651771545,0.3386753797531128 
0.4011601209640503,-0.46637529134750366,-0.08840399235486984 
-0.27622711658477783,0.5742035508155823,0.23745284974575043 
-0.2005230039358139,-0.10692651569843292,0.23745284974575043 
0.23461106419563293,-0.45697101950645447,-0.22796286642551422 
-0.40591156482696533,0.6590297818183899,0.08191614598035812 
0.1075645461678505,-0.3015519678592682,-0.32796287536621094 
0.40304094552993774,-0.7974985241889954,-0.06002200394868851 
0.32921770215034485,-0.4096677005290985,0.23745284974575043 
0.0048109861090779305,-0.7211360931396484,-0.2495926320552826 
-0.26672884821891785,0.025513360276818275,-0.22796286642551422 
-0.13660715520381927,0.5879948139190674,-0.3415049612522125 
0.4011601209640503,0.44179192185401917,-0.02215113863348961 
0.40304094552993774,-0.49477607011795044,0.09134860336780548 
0.15580354630947113,0.6674935817718506,-0.23078414797782898 
-0.40591156482696533,-0.46637529134750366,-0.059993792325258255 
-0.40591156482696533,0.47019273042678833,-0.04107246175408363 
0.2630118429660797,0.4227953553199768,0.23942773044109344 
0.3859252333641052,0.5458027720451355,0.23999199271202087 
-0.3059115707874298,0.08768951892852783,0.07784886658191681 
0.026485873386263847,0.5837018489837646,0.23942773044109344 
0.4011601209640503,0.6310051679611206,-0.18301060795783997 
0.24410931766033173,-0.267757773399353,-0.22796286642551422 
-0.045132141560316086,-0.12995275855064392,0.33942773938179016 
0.39467117190361023,-0.7407909631729126,0.23970983922481537 
-0.5063817501068115,0.2871251702308655,0.1310579478740692 
-0.011347374878823757,0.06336542218923569,-0.22796286642551422 
0.4011601209640503,-0.22045446932315826,-0.12620902061462402 
0.06026123836636543,-0.5285702347755432,-0.12570586800575256 
-0.40779241919517517,-0.759693443775177,-0.12620902061462402 
0.021101906895637512,0.607555627822876,0.14262515306472778 
-0.40779241919517517,0.3281887471675873,0.15761086344718933 
0.4011601209640503,0.006610838230699301,-0.19241484999656677 
0.04950270801782608,-0.9536418318748474,0.3375468850135803 
-0.40591156482696533,-0.48527780175209045,0.11030753701925278 
-0.40779241919517517,-0.759693443775177,0.13861429691314697 
-0.09651214629411697,0.49849945306777954,-0.22796286642551422 
-0.030268700793385506,-0.4001694619655609,0.23745284974575043 
-0.06405346095561981,0.21066874265670776,0.13942772150039673 
-0.011347374878823757,0.35658955574035645,0.23745284974575043 
0.40304094552993774,0.10117045044898987,0.12921005487442017 
-0.39512962102890015,-0.2907651960849762,-0.1279628574848175 
-0.25732460618019104,0.4322936534881592,0.23942773044109344 
0.4078371226787567,0.6752991080284119,0.11030753701925278 
-0.3063817620277405,-0.49941709637641907,0.1310579478740692 
0.28210243582725525,0.7058628797531128,-0.0790373757481575 
0.4210360050201416,-0.9839234352111816,0.3376409113407135 
-0.40318432450294495,0.025522762909531593,0.22513329982757568 
0.40304094552993774,0.176874577999115,-0.12620902061462402 
0.4035111665725708,-0.6839893460273743,-0.1452055722475052 
-0.27980074286460876,0.7053927183151245,0.1809333711862564 
0.23461106419563293,-0.00286862812936306,-0.22796286642551422 
-0.01541467010974884,0.1822679340839386,0.1374528408050537 
0.1630118489265442,0.8031356930732727,0.35804811120033264 
-0.314126193523407,-0.24885527789592743,-0.22570586204528809 
-0.2951296269893646,0.707273542881012,-0.11680478602647781 
0.34410932660102844,0.35257869958877563,0.33745285868644714 
0.34410932660102844,-0.19615858793258667,0.33745285868644714 
-0.35193124413490295,0.5931060910224915,-0.22542372345924377 
-0.10591638833284378,-0.6744910478591919,0.23745284974575043 
-0.22892381250858307,-0.35286614298820496,0.23745284974575043 
0.08324984461069107,0.46069443225860596,0.23745284974575043 
-0.15732461214065552,0.12417789548635483,-0.32796287536621094 
0.11160362511873245,-0.05017194524407387,0.23942773044109344 
-0.05321968346834183,0.24718528985977173,0.1374528408050537 
-0.1911187618970871,-0.570480227470398,0.23745284974575043 
0.31031516194343567,0.2714812159538269,-0.22796286642551422 
0.40304094552993774,-0.15424863994121552,0.13861429691314697 
-0.12491293251514435,-0.6839893460273743,-0.22796286642551422 
0.37241607904434204,0.0876707062125206,0.13942772150039673 
0.14000444114208221,-0.7312926650047302,-0.2259879857301712 
0.4011601209640503,0.45119616389274597,-0.1640140563249588 
0.10219938308000565,-0.6839893460273743,0.23745284974575043 
0.4011601209640503,0.5458027720451355,0.09137681871652603 
0.07920137047767639,0.603323757648468,0.1583302617073059 
0.4011601209640503,-0.03123181127011776,0.08191614598035812 
-0.07757201045751572,-0.15422983467578888,0.23942773044109344 
0.09810106456279755,-0.46098193526268005,-0.3257058560848236 
-0.310021311044693,0.2862788140773773,0.33952176570892334 
-0.11541467159986496,0.707273542881012,0.12921005487442017 
0.2589069604873657,-0.07315114885568619,-0.32796287536621094 
0.4011601209640503,-0.7217943668365479,0.09137681871652603 
0.34812021255493164,0.32828277349472046,0.23942773044109344 
0.158906951546669,0.47959694266319275,-0.2259879857301712 
-0.40779241919517517,0.176874577999115,-0.03164001554250717 
-0.40591156482696533,0.36608782410621643,-0.12620902061462402 
0.135396346449852,0.7053927183151245,0.10560542345046997 
-0.4519312381744385,-0.016387179493904114,0.13989794254302979 
-0.3857254087924957,-0.9353976249694824,-0.1259879767894745 
0.3008168935775757,0.11066873371601105,0.23942773044109344 
0.144109308719635,-0.7536417841911316,-0.32786881923675537 
-0.27622711658477783,-0.8353976011276245,0.23942773044109344 
-0.40779241919517517,-0.6366860270500183,-0.17351233959197998 
-0.40591156482696533,-0.22045446932315826,0.15761086344718933 
0.3197194039821625,-0.13530851900577545,0.23942773044109344 
0.08324984461069107,-0.46637529134750366,-0.22796286642551422 
-0.06405346095561981,0.8075556755065918,0.09672316908836365 
-0.3059115707874298,-0.24346187710762024,0.0683882012963295 
0.24410931766033173,-0.5799784660339355,-0.22570586204528809 
-0.2857254147529602,0.48909521102905273,-0.2259879857301712 
0.030506141483783722,0.1822679340839386,-0.3259879946708679 
-0.39810603857040405,0.5837018489837646,0.23293881118297577 
0.0730321854352951,0.9399673342704773,-0.13764923810958862 
0.2724160850048065,0.6310051679611206,-0.22570586204528809 
-0.23842209577560425,-0.15422983467578888,-0.22796286642551422 
0.4011601209640503,-0.059613797813653946,-0.08840399235486984 
0.054867859929800034,0.23367615044116974,0.23942773044109344 
0.054867859929800034,-0.485371857881546,0.23942773044109344 
-0.14381545782089233,-0.45697101950645447,0.23942773044109344 
-0.40779241919517517,0.40389284491539,0.06296661496162415 
-0.38973626494407654,0.41339111328125,0.23999199271202087 
-0.23302873969078064,0.607273519039154,-0.10323921591043472 
-0.5077924132347107,-0.1501813530921936,-0.23570731282234192 
0.2724160850048065,-0.6177834868431091,0.23745284974575043 
0.4011601209640503,-0.33396363258361816,-0.08840399235486984 
0.20621027052402496,0.21467959880828857,-0.2259879857301712 
-0.043815456330776215,0.3903837203979492,-0.3259879946708679 
-0.25732460618019104,-0.5893827080726624,-0.22796286642551422 
0.22511278092861176,-0.46637529134750366,0.23942773044109344 
0.1832498461008072,0.47549206018447876,-0.1279628574848175 
-0.35193124413490295,-0.7312926650047302,0.23745284974575043 
0.06027064099907875,-0.7448017597198486,-0.32796287536621094 
0.5011601448059082,-0.7082852721214294,0.2292100489139557 
0.40304094552993774,-0.33396363258361816,0.16701510548591614 
-0.04921823740005493,0.21467959880828857,-0.22551776468753815 
0.5250468850135803,0.8280569314956665,-0.3404705226421356 
-0.011384991928935051,-0.06908762454986572,-0.22542372345924377 
-0.40751028060913086,-0.4191659986972809,-0.2199692726135254 
-0.12491293251514435,0.03496461734175682,-0.2259879857301712 
-0.40779241919517517,-0.1920536756515503,-0.1546098291873932 
-0.40779241919517517,-0.7407909631729126,0.02512396313250065 
0.03595593944191933,0.707273542881012,-0.1546098291873932 
0.18730773031711578,0.7728210687637329,-0.19786930084228516 
0.49401289224624634,-0.8690977096557617,-0.3210977613925934 
-0.09111876040697098,-0.5380685329437256,-0.1279628574848175 
-0.16271798312664032,0.707273542881012,-0.1546098291873932 
0.35752445459365845,-0.45697101950645447,-0.22542372345924377 
-0.40779241919517517,0.5458027720451355,0.04404529184103012 
-0.13431717455387115,-0.20155195891857147,-0.22796286642551422 
-0.40779241919517517,0.23358212411403656,0.08188793808221817 
-0.3140321671962738,-0.5988810062408447,0.23745284974575043 
0.32921770215034485,0.3944886028766632,-0.22796286642551422 
0.40304094552993774,0.35658955574035645,0.053505949676036835 
0.4011601209640503,0.2809794545173645,0.14811259508132935 
-0.32904598116874695,0.5890292525291443,-0.2893114686012268 
0.03594653680920601,-0.5988810062408447,0.23745284974575043 
0.4166770875453949,0.699185848236084,-0.1010056734085083 
-0.38033202290534973,0.00659203203395009,-0.22570586204528809 
0.33871597051620483,0.707273542881012,0.01568210870027542 
-0.35193124413490295,0.13906951248645782,-0.22570586204528809 
-0.36133548617362976,0.37549206614494324,-0.22796286642551422 
-0.289736270904541,-0.6042743921279907,0.13942772150039673 
-0.2446288913488388,0.7030416131019592,-0.22570586204528809 
-0.3986702859401703,-0.7312926650047302,-0.22786882519721985 
0.05890695005655289,0.2863728702068329,0.33942773938179016 
0.2914126515388489,-0.36236441135406494,-0.22570586204528809 
-0.15321968495845795,0.5837018489837646,0.23745284974575043 
-0.40591156482696533,0.19577708840370178,-0.1357073038816452 
0.30322903394699097,0.1822679340839386,0.3321864604949951 
0.3765209913253784,-0.22045446932315826,-0.22796286642551422 
0.4011601209640503,-0.570480227470398,-0.09780823439359665 
-0.3059115707874298,-0.08392849564552307,-0.008623182773590088 
-0.10591638833284378,0.6026043891906738,-0.22796286642551422 
-0.40779241919517517,-0.6177834868431091,0.07242727279663086 
-0.40591156482696533,-0.22045446932315826,0.053534168750047684 
-0.07221625000238419,-0.10286863148212433,0.1374528408050537 
-0.10052300244569778,-0.320454478263855,0.13942772150039673 
0.3008168935775757,0.6026043891906738,0.23942773044109344 
0.4035111665725708,-0.24885527789592743,-0.022198161110281944 
0.4011601209640503,0.2998819649219513,-0.03161180019378662 
0.09810952842235565,0.5417919158935547,-0.12504756450653076 
-0.02491293102502823,0.8072735667228699,0.11568211019039154 
-0.3076983690261841,-0.7536417841911316,0.2008092701435089 
0.30087798833847046,0.2957770824432373,-0.12551775574684143 
-0.503560483455658,-0.18590795993804932,0.3363243043422699 
0.3327912986278534,0.7053927183151245,0.17068274319171906 
0.40304094552993774,-0.12586665153503418,-0.16410809755325317 
-0.3049711585044861,-0.6420794129371643,-0.026209019124507904 
0.4011601209640503,0.5269002318382263,-0.09780823439359665 
0.36702272295951843,0.44179192185401917,0.23745284974575043 
0.3030409514904022,0.048473767936229706,-0.11271869391202927 
-0.14381545782089233,0.39439457654953003,-0.22551776468753815 
0.3030409514904022,-0.6231769323348999,0.09674197435379028 
-0.40591156482696533,0.5363985300064087,-0.11671075224876404 
0.4011601209640503,-0.4379744827747345,0.17651337385177612 
0.3940128982067108,0.5363985300064087,-0.22109776735305786 
-0.30779242515563965,-0.19748467206954956,0.12512396275997162 
0.11703461408615112,-0.21638718247413635,0.1374528408050537 
0.5011601448059082,-0.3393569886684418,-0.008623182773590088 
0.20367111265659332,0.7053927183151245,0.1738801896572113 
-0.304627925157547,0.16737627983093262,0.23745284974575043 
0.34812021255493164,-0.6650868058204651,-0.22796286642551422 
-0.24782632291316986,0.12007296830415726,-0.22570586204528809 
-0.14381545782089233,0.6896876096725464,-0.24705348908901215 
0.1075645461678505,-0.4339636266231537,-0.1279628574848175 
-0.27622711658477783,-0.031250618398189545,0.23942773044109344 
-0.054602205753326416,-0.4245593547821045,0.3397098481655121 
-0.30779242515563965,-0.01773206889629364,-0.14110067486763 
-0.2803320288658142,0.18097946047782898,0.13999199867248535 
0.22511278092861176,-0.09746585786342621,-0.22796286642551422 
-0.011347374878823757,-0.6839893460273743,0.23942773044109344 
0.4011601209640503,0.10117045044898987,-0.20181909203529358 
-0.05865068733692169,-0.8536418080329895,0.2375468760728836 
0.31031516194343567,-0.7880942821502686,0.23745284974575043 
-0.33302873373031616,0.49849945306777954,0.23745284974575043 
0.5030409693717957,-0.9258993268013,0.13458463549613953 
-0.05869770795106888,-0.267757773399353,-0.22570586204528809 
-0.40591156482696533,-0.532581090927124,0.006231789942830801 
-0.5077924132347107,-0.309667706489563,-0.06541537493467331 
0.34812021255493164,0.707743763923645,-0.16410809755325317 
0.15486785769462585,-0.7592843174934387,0.3386753797531128 
0.31031516194343567,-0.5042743682861328,0.23745284974575043 
0.1778094619512558,0.46069443225860596,0.23942773044109344 
0.09270110726356506,-0.23935697972774506,-0.22542372345924377 
0.30116012692451477,-0.32857024669647217,0.09677018970251083 
0.07919196784496307,0.35119616985321045,0.1374528408050537 
-0.21002130210399628,-0.7407909631729126,-0.22796286642551422 
0.4011601209640503,0.6215068697929382,0.1860116571187973 
-0.20462793111801147,0.8072735667228699,0.19136741757392883 
-0.04512273520231247,0.6156432628631592,-0.1451726257801056 
0.4948592483997345,0.4187845289707184,-0.32786881923675537 
0.21971940994262695,-0.0650353878736496,-0.12542372941970825 
-0.1722162514925003,-0.7690976858139038,0.23942773044109344 
0.3004077672958374,-0.7385009527206421,0.13773494958877563 
0.3030409514904022,-0.3001694679260254,-0.05460982769727707 
0.29360857605934143,0.606050968170166,0.1332492232322693 
-0.5290459990501404,0.5889351963996887,0.09989991784095764 
-0.045141544193029404,0.18097946047782898,-0.12570586800575256 
0.0021993815898895264,-0.2447691559791565,0.33745285868644714 
0.168405219912529,-0.23935697972774506,0.23942773044109344 
-0.26672884821891785,-0.06908762454986572,-0.2259879857301712 
0.18730773031711578,-0.6461843252182007,0.23745284974575043 
-0.3140321671962738,-0.38126692175865173,0.23745284974575043 
0.21160362660884857,0.512008547782898,0.13942772150039673 
0.2535135746002197,0.707273542881012,-0.1640140563249588 
0.3576184809207916,-0.6555885672569275,0.23745284974575043 
-0.5116481184959412,0.8065211772918701,0.05761086195707321 
0.23461106419563293,0.4322936534881592,-0.22796286642551422 
-0.21002130210399628,0.5079977512359619,0.23745284974575043 
-0.40779241919517517,0.5836077928543091,0.12921005487442017 
-0.4046889841556549,-0.24565783143043518,-0.22551776468753815 
0.10219938308000565,-0.7785959839820862,0.23745284974575043 
-0.18848559260368347,0.7053927183151245,0.18036912381649017 
0.5030409693717957,0.4363044798374176,-0.10325802862644196 
0.2819143831729889,0.517401933670044,0.23942773044109344 
-0.12491293251514435,-0.37176865339279175,0.23942773044109344 
-0.05865068733692169,-0.6272817850112915,-0.22570586204528809 
-0.1965121477842331,-0.46236440539360046,-0.1279628574848175 
0.21570853888988495,0.5647052526473999,-0.22570586204528809 
-0.1586506962776184,-0.04476916044950485,-0.32796287536621094 
-0.17757201194763184,-0.6596934199333191,0.1374528408050537 
-0.33842208981513977,0.8072735667228699,0.04945747181773186 
0.2684052288532257,-0.500263512134552,-0.12542372941970825 
0.1630118489265442,-0.08264944702386856,-0.1259879767894745 
-0.27622711658477783,-0.47587355971336365,-0.22796286642551422 
-0.3059115707874298,-0.309667706489563,-0.026209019124507904 
0.13780850172042847,-0.9592843651771545,0.33811113238334656 
-0.33302873373031616,0.6404094099998474,0.23745284974575043 
-0.07758142054080963,0.7823193669319153,-0.19786930084228516 
0.07378918677568436,-0.6744910478591919,-0.22796286642551422 
-0.14782631397247314,0.5898756980895996,0.15917661786079407 
0.03594653680920601,-0.7974985241889954,-0.2259879857301712 
-0.14381545782089233,0.26198291778564453,0.23942773044109344 
0.40332308411598206,-0.11640598624944687,0.2237226516008377 
0.0021993815898895264,0.13496461510658264,0.1374528408050537 
0.14000444114208221,-0.47587355971336365,0.23745284974575043 
0.4011601209640503,-0.712390124797821,-0.050533127039670944 
0.3030409514904022,0.08627880364656448,0.2386142909526825 
0.32921770215034485,-0.2961585819721222,0.23970983922481537 
0.144109308719635,-0.2812669277191162,0.1374528408050537 
-0.40591156482696533,0.45119616389274597,-0.12620902061462402 
0.14540719985961914,0.7214128375053406,-0.12542372941970825 
0.5011601448059082,0.2944886088371277,0.00219176709651947 
-0.03972936049103737,-0.23935697972774506,0.23942773044109344 
0.16432853043079376,-0.22584784030914307,-0.32796287536621094 
-0.11002130061388016,-0.3393569886684418,-0.1259879767894745 
-0.2951296269893646,0.2998819649219513,-0.2259879857301712 
-0.40591156482696533,-0.24885527789592743,-0.07890570908784866 
-0.3299582898616791,0.8845763802528381,-0.09984419494867325 
0.521473228931427,0.5948598980903625,-0.07171621918678284 
0.06434733420610428,0.025513360276818275,-0.2259879857301712 
-0.04919002577662468,0.6215068697929382,0.23745284974575043 
-0.2059163898229599,0.030911430716514587,0.1374528408050537 
0.4011601209640503,0.06336542218923569,-0.12620902061462402 
0.40304094552993774,0.5079977512359619,0.16701510548591614 
0.3513176441192627,0.6836689114570618,-0.24404411017894745 
-0.07493416965007782,0.23700061440467834,-0.33905988931655884 
0.03594653680920601,0.7823193669319153,-0.19786930084228516 
0.06974070519208908,0.8072735667228699,-0.03700517117977142 
-0.2803320288658142,0.607273519039154,-0.1789151132106781 
0.40304094552993774,-0.7691917419433594,0.15761086344718933 
0.40304094552993774,-0.523176908493042,-0.16410809755325317 
0.168405219912529,-0.5042743682861328,-0.22504755854606628 
0.2859252393245697,-0.16908857226371765,-0.1279628574848175 
0.14000444114208221,0.26198291778564453,-0.22796286642551422 
0.31031516194343567,0.20527537167072296,0.23942773044109344 
-0.5077924132347107,0.161982923746109,-0.18840399384498596 
-0.30779242515563965,0.26737627387046814,0.24811258912086487 
-0.03972936049103737,0.5363985300064087,0.23745284974575043 
-0.2005230039358139,-0.021789956837892532,-0.22796286642551422 
0.5030409693717957,-0.3001694679260254,0.1818879395723343 
0.32921770215034485,-0.2866603136062622,-0.22796286642551422 
-0.40591156482696533,-0.6839893460273743,-0.09780823439359665 
0.20621027052402496,0.11066873371601105,-0.22570586204528809 
0.21570853888988495,-0.6556826233863831,-0.22551776468753815 
-0.27622711658477783,-0.14476916193962097,0.23942773044109344 
0.40304094552993774,0.44179192185401917,0.07242727279663086 
-0.04919002577662468,0.707273542881012,-0.1640140563249588 
0.3030409514904022,-0.12179936468601227,-0.11271869391202927 
0.11160362511873245,0.707273542881012,0.025142770260572433 
-0.40591156482696533,0.5647993087768555,-0.04107246175408363 
-0.030278103426098824,0.5647052526473999,-0.2259879857301712 
-0.10052300244569778,-0.7555885910987854,-0.32796287536621094 
0.19680602848529816,-0.040711283683776855,0.23942773044109344 
-0.39782389998435974,-0.7974985241889954,0.23293881118297577 
-0.30779242515563965,-0.7258992791175842,0.021066077053546906 
0.04667677357792854,0.7053927183151245,0.20613671839237213 
-0.35193124413490295,-0.33396363258361816,-0.22570586204528809 
0.19680602848529816,-0.7880942821502686,-0.22796286642551422 
0.33871597051620483,-0.8353976011276245,-0.22796286642551422 
0.5011601448059082,-0.06365286558866501,-0.16944505274295807 
-0.10052300244569778,0.5511961579322815,-0.1279628574848175 
0.2914126515388489,-0.5136786103248596,-0.2259879857301712 
0.40304094552993774,-0.5799784660339355,0.053505949676036835 
0.40304094552993774,-0.7880942821502686,-0.1452055722475052 
-0.35193124413490295,-0.6177834868431091,-0.22551776468753815 
-0.40779241919517517,0.6120085716247559,-0.17351233959197998 
0.40304094552993774,-0.6745851039886475,0.17651337385177612 
0.31570854783058167,0.6156432628631592,-0.345172643661499 
-0.30779242515563965,0.14308041334152222,0.27651336789131165 
-0.406381756067276,-0.6737387180328369,0.23105795681476593 
-0.21541467308998108,-0.3758735656738281,-0.32796287536621094 
-0.3424329459667206,0.08226793259382248,0.23745284974575043 
-0.0775626078248024,0.707273542881012,0.2049141824245453 
-0.011347374878823757,0.0444628968834877,0.23745284974575043 
0.20621027052402496,0.34718528389930725,0.23745284974575043 
0.168405219912529,-0.2866603136062622,-0.22796286642551422 
-0.1911187618970871,0.10117045044898987,0.23745284974575043 
0.11160362511873245,0.7539185285568237,-0.19786930084228516 
0.4011601209640503,0.08226793259382248,0.053534168750047684 
0.08324984461069107,0.46069443225860596,-0.22796286642551422 
-0.03567147254943848,0.47549206018447876,0.33745285868644714 
-0.40779241919517517,0.3849903643131256,-0.050561338663101196 
-0.1491900235414505,0.039069510996341705,0.13942772150039673 
0.17790350317955017,0.707273542881012,-0.14511153101921082 
0.40304094552993774,-0.2961585819721222,-0.16410809755325317 
0.3006898760795593,-0.46546778082847595,0.13773494958877563 
0.3990911841392517,0.2714812159538269,0.22522732615470886 
0.19680602848529816,0.6674935817718506,0.24281325936317444 
-0.5077924132347107,0.4079977571964264,0.3238166868686676 
-0.10099322348833084,-0.41424283385276794,-0.12984371185302734 
-0.3059115707874298,-0.08392849564552307,0.00219176709651947 
-0.30779242515563965,-0.47186267375946045,0.05761086195707321 
0.40304094552993774,0.6215068697929382,-0.10730651021003723 
0.14000444114208221,0.5553010702133179,-0.22796286642551422 
-0.16271798312664032,0.5363985300064087,-0.2259879857301712 
-0.09651214629411697,0.41339111328125,0.23745284974575043 
-0.40779241919517517,0.40389284491539,0.14811259508132935 
-0.40779241919517517,0.3092862367630005,0.07242727279663086 
-0.3424329459667206,0.34718528389930725,0.23942773044109344 
0.22511278092861176,0.14847376942634583,0.23942773044109344 
0.5030409693717957,0.34308040142059326,-0.2641080915927887 
-0.17757201194763184,-0.13125061988830566,-0.1279628574848175 
-0.08703268319368362,-0.7501952052116394,-0.22796286642551422 
-0.3059115707874298,0.01200421154499054,-0.15053312480449677 
-0.4895481765270233,-0.11095618456602097,0.3375468850135803 
0.4011601209640503,0.6120085716247559,0.053534168750047684 
-0.16811135411262512,-0.5663753151893616,0.1374528408050537 
-0.07757201045751572,0.31878453493118286,0.23745284974575043 
0.4011601209640503,0.23367615044116974,-0.06944505125284195 
-0.03566206991672516,0.607273519039154,0.02108488231897354 
0.2914126515388489,-0.22995275259017944,0.23942773044109344 
-0.36142951250076294,-0.7974985241889954,-0.22570586204528809 
-0.3227780759334564,0.6655187010765076,-0.2266462743282318 
0.3017243444919586,-0.7592843174934387,-0.2041090726852417 
0.3030409514904022,-0.41377267241477966,0.27651336789131165 
-0.3035604953765869,0.05060860887169838,0.13632431626319885 
-0.04515094682574272,-0.509667694568634,0.13942772150039673 
0.30116012692451477,0.2755860984325409,0.11431842297315598 
-0.30779242515563965,-0.7353975772857666,-0.2641080915927887 
-0.40779241919517517,-0.02179935947060585,0.16701510548591614 
0.4011601209640503,-0.6082852482795715,-0.17351233959197998 
0.39467117190361023,-0.47587355971336365,0.23970983922481537 
-0.3289238214492798,0.4376870393753052,0.33745285868644714 
-0.26672884821891785,-0.305562824010849,-0.22796286642551422 
-0.1816204935312271,-0.6555885672569275,0.23942773044109344 
0.32511278986930847,-0.6609819531440735,0.33745285868644714 
-0.5059115886688232,-0.38666030764579773,0.11569151282310486 
0.33871597051620483,0.6717255115509033,0.24083837866783142 
-0.40779241919517517,0.06336542218923569,0.14811259508132935 
0.158906951546669,-0.00286862812936306,-0.22796286642551422 
-0.1911187618970871,0.0727696493268013,-0.2259879857301712 
-0.40779241919517517,0.12957125902175903,-0.09790226817131042 
0.4011601209640503,-0.07853512465953827,0.15761086344718933 
0.04134931415319443,0.22007296979427338,-0.1279628574848175 
0.06433793157339096,0.707273542881012,0.0819067433476448 
0.19680602848529816,-0.7974985241889954,0.23942773044109344 
0.33862191438674927,-0.059623200446367264,0.23970983922481537 
0.4011601209640503,0.03496461734175682,0.17651337385177612 
-0.40591156482696533,0.31878453493118286,-0.20181909203529358 
0.4011601209640503,0.3755860924720764,-0.18301060795783997 
0.3576184809207916,0.707273542881012,-0.059993792325258255 
0.23461106419563293,0.2809794545173645,-0.22796286642551422 
-0.40591156482696533,-0.5515776872634888,0.13870835304260254 
0.20219938457012177,0.23906952142715454,0.13942772150039673 
0.3197194039821625,-0.040711283683776855,-0.22542372345924377 
-0.40591156482696533,-0.15421102941036224,0.08191614598035812 
0.32921770215034485,0.0444628968834877,0.23745284974575043 
-0.1816204935312271,0.41339111328125,0.23942773044109344 
0.4011601209640503,-0.759693443775177,0.006231789942830801 
-0.304627925157547,-0.6744910478591919,0.23970983922481537 
-0.12491293251514435,-0.5988810062408447,0.23745284974575043 
0.054867859929800034,-0.4001694619655609,-0.22796286642551422 
-0.05865068733692169,-0.33396363258361816,0.23745284974575043 
-0.40591156482696533,0.5458027720451355,-0.20181909203529358 
-0.24782632291316986,-0.6272817850112915,0.23942773044109344 
0.2630118429660797,0.707273542881012,0.01568210870027542 
-0.40779241919517517,-0.11640598624944687,-0.17351233959197998 
-0.4330287277698517,-0.984769880771637,0.3244749903678894 
-0.5046889781951904,0.18546536564826965,-0.32551777362823486 
-0.1911187618970871,0.7445142865180969,-0.24498455226421356 
-0.34327933192253113,0.7053927183151245,0.21253161132335663 
0.24812021851539612,0.8072735667228699,0.19136741757392883 
-0.23302873969078064,-0.7846757769584656,-0.3119756579399109 
0.09088049083948135,0.6063330769538879,-0.168636292219162 
0.33871597051620483,0.6120085716247559,-0.22796286642551422 
-0.07757201045751572,0.41339111328125,-0.22796286642551422 
-0.3046889901161194,-0.06995371729135513,-0.12551775574684143 
0.18191438913345337,0.3052753806114197,-0.1259879767894745 
-0.304627925157547,0.4227953553199768,-0.22570586204528809 
-0.40779241919517517,-0.6082852482795715,-0.09790226817131042 
0.4008168876171112,-0.812390148639679,0.33745285868644714 
-0.40591156482696533,0.47959694266319275,0.0629948303103447 
-0.07351412624120712,-0.36775776743888855,-0.1259879767894745 
-0.24782632291316986,-0.2866603136062622,0.23942773044109344 
-0.21002130210399628,-0.4190719723701477,0.23942773044109344 
-0.35193124413490295,0.5079977512359619,-0.22796286642551422 
-0.13431717455387115,-0.20155195891857147,0.23745284974575043 
0.4011601209640503,-0.22045446932315826,0.15761086344718933 
0.4011601209640503,-0.4001694619655609,-0.06944505125284195 
0.06431911885738373,-0.5420793890953064,-0.2259879857301712 
-0.40779241919517517,-0.6839893460273743,0.09134860336780548 
0.4011601209640503,0.2903837263584137,0.07245548814535141 
-0.1911187618970871,0.20527537167072296,-0.22796286642551422 
-0.25732460618019104,-0.7690976858139038,0.23942773044109344 
0.2535135746002197,0.05386713147163391,0.23942773044109344 
0.4011601209640503,-0.1731511503458023,0.07245548814535141 
0.5229779481887817,0.7864902019500732,0.07651337236166 
0.48592522740364075,-0.04476916044950485,-0.32796287536621094 
-0.40779241919517517,0.40389284491539,-0.18301060795783997 
0.10219938308000565,0.707273542881012,-0.1357073038816452 
-0.40591156482696533,-0.48527780175209045,-0.1640140563249588 
-0.11951956897974014,0.18097946047782898,-0.32796287536621094 
-0.3289238214492798,-0.6136786341667175,0.33745285868644714 
-0.40779241919517517,-0.7218884229660034,-0.041100673377513885 
0.03594653680920601,-0.6177834868431091,-0.22542372345924377 
0.04540720209479332,-0.7217943668365479,0.23745284974575043 
-0.4330287277698517,0.11467959731817245,-0.32796287536621094 
-0.04919002577662468,-0.6272817850112915,0.23745284974575043 
-0.3235304355621338,-0.1731511503458023,-0.22796286642551422 
0.017034614458680153,0.2903837263584137,0.23745284974575043 
0.1495027095079422,0.176874577999115,-0.22796286642551422 
-0.32362446188926697,-0.031250618398189545,-0.22542372345924377 
0.35351356863975525,-0.21638718247413635,0.1374528408050537 
0.158906951546669,-0.7407909631729126,0.23745284974575043 
-0.5059115886688232,-0.34747278690338135,0.26701509952545166 
0.14000444114208221,0.517401933670044,0.23942773044109344 
-0.5063817501068115,-0.6697278618812561,0.1310579478740692 
0.10219938308000565,0.707273542881012,0.16701510548591614 
-0.24218377470970154,0.7053927183151245,0.11792498081922531 
-0.40779241919517517,-0.5799784660339355,-0.21141141653060913 
-0.40591156482696533,-0.7974985241889954,0.0629948303103447 
-0.35193124413490295,-0.45697101950645447,-0.22796286642551422 
-0.40591156482696533,-0.15421102941036224,0.20482014119625092 
-0.1586506962776184,0.18097946047782898,-0.1279628574848175 
0.14000444114208221,0.26198291778564453,0.23942773044109344 
0.03594653680920601,0.517401933670044,0.23942773044109344 
-0.12892380356788635,-0.2812669277191162,-0.12542372941970825 
-0.11541467159986496,0.16737627983093262,0.23745284974575043 
0.2589069604873657,0.49448859691619873,0.33942773938179016 
-0.22892381250858307,0.6215068697929382,0.23942773044109344 
0.1778094619512558,-0.4190719723701477,0.23745284974575043 
0.04950270801782608,0.002534143626689911,-0.32796287536621094 
0.007573951501399279,-0.18264944851398468,0.23745284974575043 
0.08865262567996979,-0.5947760939598083,-0.1279628574848175 
-0.21002130210399628,0.2714812159538269,0.23745284974575043 
0.13594654202461243,-0.10286863148212433,0.33745285868644714 
-0.5077924132347107,0.08627880364656448,-0.30191314220428467 
0.4011601209640503,0.36608782410621643,-0.012690477073192596 
-0.13431717455387115,-0.5326751470565796,0.23942773044109344 
-0.2951296269893646,0.5553010702133179,-0.22796286642551422 
-0.40779241919517517,-0.7880942821502686,-0.02217935211956501 
-0.40591156482696533,-0.267757773399353,0.11030753701925278 
0.0075645470060408115,-0.5326751470565796,0.23942773044109344 
-0.09243545681238174,0.2863728702068329,0.13942772150039673 
0.5035111904144287,-0.8028919100761414,-0.31987524032592773 
-0.16811135411262512,-0.4420793950557709,-0.12570586800575256 
0.2819143831729889,0.31878453493118286,0.23942773044109344 
-0.23302873969078064,0.11605269461870193,0.1374528408050537 
0.4011601209640503,0.14847376942634583,0.0629948303103447 
0.20621027052402496,0.7075556516647339,-0.0789245218038559 
-0.5077924132347107,-0.15825951099395752,-0.04520557075738907 
0.08324984461069107,-0.5515776872634888,0.23942773044109344 
-0.40779241919517517,-0.4191659986972809,0.1008092612028122 
-0.40816858410835266,0.6592178344726562,0.2049141824245453 
0.3859252333641052,0.46069443225860596,-0.22796286642551422 
0.33871597051620483,-0.7312926650047302,-0.22796286642551422 
-0.40591156482696533,-0.6744910478591919,0.0251521747559309 
-0.13026870787143707,0.8539185523986816,-0.3449845612049103 
-0.2857254147529602,-0.7690976858139038,-0.2259879857301712 
0.07378918677568436,-0.7407909631729126,-0.22796286642551422 
0.40304094552993774,-0.6366860270500183,-0.0694732666015625 
-0.12491293251514435,-0.267757773399353,-0.22796286642551422 
-0.011347374878823757,-0.00286862812936306,-0.22796286642551422 
-0.40779241919517517,0.24308040738105774,-0.012718689627945423 
-0.40591156482696533,-0.5515776872634888,0.07245548814535141 
0.4011601209640503,-0.09745645523071289,0.08191614598035812 
0.5030409693717957,-0.15964296460151672,-0.06410809606313705 
-0.13431717455387115,-0.6177834868431091,-0.22570586204528809 
0.06840521842241287,-0.9592843651771545,-0.32664626836776733 
-0.3140321671962738,-0.305562824010849,0.23942773044109344 
-0.40591156482696533,0.016071505844593048,-0.1640140563249588 
-0.21541467308998108,0.3146795928478241,-0.3259879946708679 
-0.37120991945266724,0.7053927183151245,-0.14435920119285583 
-0.21002130210399628,-0.8258993029594421,0.23745284974575043 
0.5023826360702515,-0.7592843174934387,0.07783005386590958 
-0.14212270081043243,0.7063331007957458,-0.06770526617765427 
0.2434839904308319,0.9205946326255798,-0.09993823617696762 
0.2664914131164551,0.7053927183151245,0.18949124217033386 
0.054867859929800034,0.6499077081680298,0.23745284974575043 
-0.22892381250858307,0.707273542881012,-0.1640140563249588 
-0.4268830120563507,0.6864901781082153,-0.11990818381309509 
0.3576184809207916,0.13906951248645782,0.23745284974575043 
0.4011601209640503,-0.305562824010849,0.09137681871652603 
0.5035111904144287,0.24709126353263855,0.05761086195707321 
-0.27622711658477783,0.22417789697647095,0.23745284974575043 
0.3008168935775757,0.33768704533576965,-0.22796286642551422 
-0.40591156482696533,-0.35286614298820496,-0.09780823439359665 
0.4011601209640503,-0.6934876441955566,0.0251521747559309 
-0.10591638833284378,0.6594059467315674,0.2402741014957428 
-0.1722162514925003,-0.305562824010849,0.23942773044109344 
0.01704401895403862,0.37549206614494324,-0.22542372345924377 
-0.40779241919517517,-0.1447879821062088,-0.09790226817131042 
-0.3235304355621338,0.05386713147163391,-0.22796286642551422 
-0.40591156482696533,-0.5609819293022156,-0.050533127039670944 
0.168405219912529,-0.09746585786342621,0.23745284974575043 
-0.030268700793385506,-0.7785959839820862,-0.22796286642551422 
0.37241607904434204,0.1822679340839386,-0.1279628574848175 
-0.058641280978918076,-0.6934876441955566,-0.22551776468753815 
0.40304094552993774,-0.7974985241889954,0.1008092612028122 
0.11160362511873245,0.6120085716247559,-0.22570586204528809 
0.30116012692451477,-0.10284982621669769,-0.01671075075864792 
0.5011601448059082,0.22016701102256775,0.03055495023727417 
-0.33302873373031616,-0.5326751470565796,0.23999199271202087 
0.24812021851539612,-0.3015519678592682,0.13970983028411865 
0.3008168935775757,-0.6082852482795715,-0.22796286642551422 
-0.21002130210399628,-0.09746585786342621,-0.2259879857301712 
0.3197194039821625,0.3944886028766632,0.23942773044109344 
-0.40779241919517517,-0.305562824010849,0.17651337385177612 
0.2724160850048065,-0.7974985241889954,-0.22551776468753815 
-0.40346643328666687,0.34718528389930725,0.22522732615470886 
0.11160362511873245,-0.7974985241889954,-0.2259879857301712 
-0.32500216364860535,0.6167717576026917,-0.1447964608669281 
0.24749484658241272,0.7738555073738098,-0.2145148068666458 
-0.3035604953765869,0.19251854717731476,0.13632431626319885 
0.01314600557088852,0.7283060550689697,-0.1447964608669281 
-0.35061463713645935,0.7053927183151245,0.15102790296077728 
0.41413795948028564,0.6784025430679321,-0.04109127074480057 
-0.06257699429988861,0.9396852254867554,-0.3187467157840729 
0.41507837176322937,0.6872425079345703,-0.16410809755325317 
-0.020808037370443344,0.6310051679611206,-0.22796286642551422 
-0.25321969389915466,-0.2907651960849762,-0.3254237174987793 
-0.3424329459667206,0.23367615044116974,0.23745284974575043 
-0.40591156482696533,-0.059613797813653946,0.07245548814535141 
0.13050614297389984,-0.2866603136062622,0.23745284974575043 
0.2589069604873657,0.2944886088371277,-0.1259879767894745 
0.21570853888988495,0.5079977512359619,0.23942773044109344 
0.40304094552993774,0.5742035508155823,-0.1452055722475052 
-0.30779242515563965,-0.812390148639679,-0.06410809606313705 
-0.40779241919517517,0.2998819649219513,-0.1357073038816452 
0.2535135746002197,-0.18264944851398468,0.23942773044109344 
0.31031516194343567,-0.570480227470398,0.23745284974575043 
-0.35193124413490295,-0.45697101950645447,0.23745284974575043 
-0.1911187618970871,0.707273542881012,-0.012699880637228489 
-0.30779242515563965,0.2862788140773773,-0.055954709649086 
-0.38033202290534973,0.707273542881012,0.034603435546159744 
0.08324984461069107,0.2903837263584137,0.23745284974575043 
-0.05321968346834183,0.8072735667228699,0.18187853693962097 
-0.0018951751990243793,0.7257058620452881,-0.19815143942832947 
0.5030409693717957,0.11604329198598862,0.1345658153295517 
-0.405629426240921,0.07286369055509567,0.04401707649230957 
-0.40591156482696533,0.6026043891906738,0.006231789942830801 
-0.36133548617362976,-0.34346187114715576,0.23745284974575043 
0.2535135746002197,0.6404094099998474,0.23942773044109344 
-0.40591156482696533,0.44179192185401917,0.015691513195633888 
0.40304094552993774,-0.36236441135406494,-0.02217935211956501 
-0.10591638833284378,0.34718528389930725,-0.2259879857301712 
0.4011601209640503,0.0444628968834877,0.1008092612028122 
-0.24782632291316986,0.13906951248645782,0.23745284974575043 
-0.40779241919517517,-0.7407909631729126,0.2143184244632721 
-0.0018914134707301855,-0.6650868058204651,-0.22796286642551422 
0.1075645461678505,0.13367614150047302,-0.32796287536621094 
0.4011601209640503,-0.27716201543807983,0.1860116571187973 
-0.33302873373031616,-0.7880942821502686,0.23970983922481537 
0.3940128982067108,-0.4096677005290985,-0.22109776735305786 
-0.37083375453948975,-0.6177834868431091,0.23942773044109344 
0.4011601209640503,-0.6177834868431091,0.1954158991575241 
0.40304094552993774,0.47009867429733276,-0.07893392443656921 
-0.15321968495845795,-0.14476916193962097,0.23942773044109344 
-0.068111352622509,0.025513360276818275,0.23942773044109344 
-0.35193124413490295,-0.6839893460273743,-0.22570586204528809 
-0.10591638833284378,0.707273542881012,-0.1357073038816452 
0.21570853888988495,0.49849945306777954,-0.2259879857301712 
0.11160362511873245,-0.21095618605613708,0.23745284974575043 
-0.3329346776008606,-0.1731511503458023,0.23942773044109344 
0.24410931766033173,0.1579720377922058,-0.22796286642551422 
0.22511278092861176,-0.523176908493042,-0.22796286642551422 
-0.09651214629411697,0.5647052526473999,0.23942773044109344 
0.4011601209640503,-0.07853512465953827,0.0251521747559309 
0.2819143831729889,0.5647052526473999,-0.22551776468753815 
0.09270110726356506,-0.6177834868431091,0.23745284974575043 
0.4011601209640503,-0.6366860270500183,0.07245548814535141 
-0.3289238214492798,0.6458027958869934,-0.1279628574848175 
0.34812021255493164,0.49849945306777954,0.23942773044109344 
0.40304094552993774,-0.267757773399353,-0.07893392443656921 
-0.5059115886688232,0.22828277945518494,-0.16944505274295807 
0.20219938457012177,0.4187845289707184,-0.32796287536621094 
0.19680602848529816,-0.712390124797821,-0.2259879857301712 
0.14000444114208221,-0.6555885672569275,-0.22796286642551422 
-0.21951957046985626,-0.16365286707878113,0.23942773044109344 
0.40304094552993774,0.12007296830415726,-0.1452055722475052 
0.1983107030391693,0.7053927183151245,0.09276863932609558 
0.40304094552993774,0.1579720377922058,0.1954158991575241 
-0.05740932747721672,0.7053927183151245,0.1496172696352005 
0.4011601209640503,-0.835303544998169,0.17651337385177612 
0.1170252114534378,-0.9592843651771545,-0.32664626836776733 
0.3940128982067108,-0.5136786103248596,-0.22109776735305786 
0.4011601209640503,-0.8258993029594421,-0.20181909203529358 
0.14000444114208221,0.7728210687637329,-0.24498455226421356 
-0.27622711658477783,0.630911111831665,-0.22542372345924377 
0.39467117190361023,0.025503957644104958,0.23980389535427094 
0.08730772882699966,-0.6704802513122559,-0.1279628574848175 
0.4011601209640503,-0.25825950503349304,0.03461283817887306 
0.3765209913253784,0.6026043891906738,0.23745284974575043 
0.2913186252117157,0.45119616389274597,-0.2259879857301712 
-0.40591156482696533,0.6404094099998474,0.13870835304260254 
-0.1018914133310318,-0.9353976249694824,0.33942773938179016 
-0.22892381250858307,-0.8448017835617065,-0.22796286642551422 
0.09808601438999176,-0.23530852794647217,-0.12504756450653076 
0.031898051500320435,0.8072735667228699,-0.0937776118516922 
0.2819143831729889,-0.6744910478591919,-0.2259879857301712 
-0.33302873373031616,0.5647052526473999,0.23745284974575043 
0.3197194039821625,-0.21095618605613708,-0.22796286642551422 
-0.24381545186042786,-0.04476916044950485,-0.1259879767894745 
-0.40591156482696533,-0.6934876441955566,0.14811259508132935 
0.3008168935775757,-0.4191659986972809,-0.22523564100265503 
0.07780946046113968,-0.4434618651866913,-0.3257058560848236 
0.04540720209479332,-0.05962226167321205,-0.22551776468753815 
-0.26672884821891785,0.48909521102905273,0.23942773044109344 
-0.15321968495845795,-0.7501952052116394,-0.22796286642551422 
0.04950270801782608,-0.32995274662971497,-0.32796287536621094 
0.18730773031711578,-0.305562824010849,0.23745284974575043 
-0.13431717455387115,0.7539185285568237,-0.24498455226421356 
0.11646086722612381,0.6059569120407104,-0.11959318816661835 
-0.007298894226551056,0.039069510996341705,-0.12504756450653076 
-0.03976697847247124,0.48909521102905273,-0.22570586204528809 
-0.40591156482696533,0.12957125902175903,0.0251521747559309 
0.5011601448059082,0.07822885364294052,0.048112593591213226 
-0.11541467159986496,-0.012329292483627796,0.23745284974575043 
-0.26271799206733704,-0.15962789952754974,0.33745285868644714 
-0.5077924132347107,-0.13935697078704834,-0.12217935174703598 
-0.33302873373031616,0.4227953553199768,0.23745284974575043 
0.40304094552993774,-0.5515776872634888,0.11971178650856018 
-0.1911187618970871,-0.5988810062408447,-0.22570586204528809 
-0.12892380356788635,0.10659203678369522,0.33942773938179016 
0.35752445459365845,0.1579720377922058,-0.22570586204528809 
-0.07757201045751572,-0.21095618605613708,-0.22796286642551422 
0.054867859929800034,-0.059628840535879135,0.23942773044109344 
-0.14381545782089233,0.46069443225860596,-0.22796286642551422 
0.4011601209640503,-0.1825553923845291,-0.17351233959197998 
0.3008168935775757,0.26198291778564453,0.23745284974575043 
0.38583117723464966,-0.305562824010849,0.2375468760728836 
0.099001944065094,0.6802833676338196,-0.2377432882785797 
-0.5059115886688232,-0.7536417841911316,0.05761086195707321 
0.40304094552993774,-0.07856333255767822,-0.03164001554250717 
-0.23441120982170105,0.06876818835735321,-0.3257058560848236 
-0.27622711658477783,0.707273542881012,-0.0032392176799476147 
0.4948592483997345,0.36198291182518005,-0.12786883115768433 
-0.40779241919517517,-0.35286614298820496,0.03458462655544281 
0.1778094619512558,0.025513360276818275,0.23942773044109344 
-0.40751028060913086,-0.49477607011795044,-0.2199692726135254 
-0.5077924132347107,-0.25424864888191223,-0.07487604022026062 
-0.011347374878823757,-0.46637529134750366,0.23745284974575043 
0.12110190838575363,-0.542173445224762,-0.22551776468753815 
0.21570853888988495,0.6310051679611206,-0.22796286642551422 
-0.304627925157547,-0.11638718098402023,-0.22570586204528809 
0.11160362511873245,-0.4001694619655609,-0.22796286642551422 
-0.0397481694817543,-0.3718626797199249,-0.22523564100265503 
-0.12491293251514435,0.09167215973138809,-0.22570586204528809 
0.5035111904144287,-0.5461843013763428,-0.31987524032592773 
0.3667405843734741,0.7325708866119385,-0.21141141653060913 
-0.13431717455387115,0.707273542881012,0.1954158991575241 
0.2661152482032776,0.6836689114570618,-0.24404411017894745 
0.34812021255493164,0.21467959880828857,-0.22542372345924377 
-0.19333352148532867,-0.9592843651771545,-0.32730457186698914 
-0.1722162514925003,0.6499077081680298,0.23745284974575043 
-0.2803320288658142,0.8072735667228699,0.19136741757392883 
0.4011601209640503,0.23367615044116974,0.11030753701925278 
-0.10052300244569778,0.24847376346588135,-0.1279628574848175 
-0.40591156482696533,0.5931060910224915,0.07245548814535141 
-0.26672884821891785,-0.570480227470398,0.23942773044109344 
0.5011601448059082,0.19038373231887817,0.011596009135246277 
0.2819143831729889,-0.06908857077360153,0.23942773044109344 
-0.011347374878823757,0.24308040738105774,0.23942773044109344 
-0.07758142054080963,0.6499077081680298,-0.22551776468753815 
0.40304094552993774,-0.11640598624944687,-0.09790226817131042 
-0.40591156482696533,-0.5893827080726624,0.0251521747559309 
-0.40779241919517517,0.35658955574035645,0.015663299709558487 
-0.304627925157547,0.11066873371601105,-0.22551776468753815 
-0.1911187618970871,0.32828277349472046,-0.22796286642551422 
0.2535135746002197,-0.5136786103248596,0.23942773044109344 
-0.15321968495845795,-0.7028918862342834,0.23942773044109344 
0.4011601209640503,0.47019273042678833,0.0251521747559309 
0.4011601209640503,0.5742035508155823,0.15761086344718933 
-0.24782632291316986,0.4227953553199768,-0.22796286642551422 
-0.37622711062431335,-0.10155195742845535,-0.32796287536621094 
0.03594653680920601,0.4322936534881592,0.23745284974575043 
-0.40779241919517517,-0.06910267472267151,-0.20191313326358795 
0.10621026903390884,-0.3015519678592682,-0.1279628574848175 
-0.15321968495845795,0.6310051679611206,-0.22796286642551422 
-0.40779241919517517,0.12957125902175903,-0.18301060795783997 
0.40304094552993774,0.3849903643131256,0.1008092612028122 
-0.30779242515563965,-0.3001694679260254,0.0305173322558403 
0.4011601209640503,0.5742035508155823,-0.050533127039670944 
-0.40779241919517517,-0.45697101950645447,0.006202636752277613 
-0.22892381250858307,-0.059628840535879135,0.23942773044109344 
0.24410931766033173,0.37549206614494324,-0.2259879857301712 
-0.15321968495845795,0.517401933670044,0.23745284974575043 
0.40304094552993774,-0.5893827080726624,-0.041100673377513885 
0.19270110130310059,-0.07315114885568619,-0.32796287536621094 
0.14000444114208221,-0.44747278094291687,-0.22796286642551422 
0.16433793306350708,0.8033238053321838,0.35833024978637695 
-0.05865068733692169,-0.09746585786342621,0.23745284974575043 
0.3008168935775757,0.707743763923645,-0.1357073038816452 
-0.40591156482696533,0.49849945306777954,0.006231789942830801 
-0.40779241919517517,0.5553010702133179,0.17651337385177612 
-0.405629426240921,0.016071505844593048,0.025095749646425247 
-0.09242604672908783,0.20928624272346497,-0.3250475525856018 
-0.19741961359977722,0.6755812764167786,-0.23294711112976074 
-0.02085505798459053,0.167470321059227,-0.22551776468753815 
-0.4046889841556549,-0.3497627377510071,-0.22551776468753815 
-0.266822874546051,-0.6556826233863831,-0.22570586204528809 
0.4011601209640503,0.45119616389274597,0.1954158991575241 
-0.40779241919517517,0.45119616389274597,0.20482014119625092 
0.4142319858074188,0.6783084869384766,-0.22081565856933594 
-0.27011436223983765,0.7637929916381836,-0.23031394183635712 
-0.3740311861038208,0.6803774237632751,-0.2377432882785797 
0.40332308411598206,-0.7880942821502686,0.2143184244632721 
0.40608325600624084,-0.7774344682693481,-0.3172420263290405 
0.3940128982067108,0.5931060910224915,-0.22109776735305786 
0.34812021255493164,-0.35286614298820496,0.23745284974575043 
0.5004077553749084,-0.5222694277763367,0.33773496747016907 
-0.3268830180168152,0.5864901542663574,0.04628824442625046 
-0.020808037370443344,-0.5799784660339355,0.23942773044109344 
-0.3140321671962738,-0.5799784660339355,-0.22796286642551422 
0.3857371509075165,0.40389284491539,-0.22579990327358246 
0.07378918677568436,0.5553010702133179,0.23942773044109344 
0.16022354364395142,0.7053927183151245,0.20613671839237213 
0.40304094552993774,0.47009867429733276,0.12921005487442017 
0.08730772882699966,-0.4042743742465973,0.13942772150039673 
-0.40779241919517517,-0.7974985241889954,0.17651337385177612 
0.20621027052402496,0.2903837263584137,0.23745284974575043 
0.05080997571349144,0.1822679340839386,0.13942772150039673 
-0.11541467159986496,-0.7974985241889954,0.23942773044109344 
0.10219938308000565,-0.4380685091018677,0.2398979365825653 
0.2914126515388489,-0.33396363258361816,0.23745284974575043 
-0.40591156482696533,0.2620769441127777,-0.17351233959197998 
0.4011601209640503,0.2620769441127777,0.006231789942830801 
-0.40779241919517517,-0.49477607011795044,0.04404529184103012 
-0.3140321671962738,-0.06908857077360153,0.23942773044109344 
0.09680602699518204,-0.0650353878736496,-0.32796287536621094 
-0.40591156482696533,0.5079977512359619,-0.1640140563249588 
-0.41450235247612,0.8422573208808899,-0.09937398880720139 
0.35752445459365845,0.08226793259382248,-0.22570586204528809 
-0.2951296269893646,0.7075556516647339,0.2426251620054245 
-0.37083375453948975,0.14847376942634583,0.23745284974575043 
0.2765209972858429,-0.7801616787910461,0.11563500016927719 
-0.5077924132347107,-0.18666031956672668,-0.09241484850645065 
-0.004294196143746376,0.7053927183151245,0.18356657028198242 
0.4008168876171112,0.8072735667228699,0.029210053384304047 
-0.29099175333976746,0.7058628797531128,-0.16899830102920532 
0.2909753918647766,0.9025384783744812,-0.14056456089019775 
0.19642984867095947,0.7056748270988464,-0.19777527451515198 
0.3058951795101166,0.7056748270988464,-0.03291898965835571 
0.30116012692451477,0.4187845289707184,0.3049141764640808 
0.29047223925590515,0.7060509920120239,-0.19984419643878937 
-0.3059115707874298,-0.4325810968875885,0.09541589766740799 
0.5033230781555176,-0.55697101354599,-0.30191314220428467 
0.4038873314857483,0.6593118906021118,0.23256264626979828 
0.11386539041996002,0.5787786841392517,-0.3392479717731476 
-0.09111876040697098,0.8075556755065918,0.2292100489139557 
0.32511278986930847,0.607273519039154,0.3238166868686676 
-0.18063780665397644,0.6057688593864441,-0.028409704566001892 
0.5011601448059082,0.2674703299999237,-0.2830106019973755 
0.04540720209479332,0.4227953553199768,-0.22796286642551422 
0.40304094552993774,-0.7312926650047302,-0.09790226817131042 
0.4011601209640503,-0.47587355971336365,0.13870835304260254 
0.34812021255493164,-0.00286862812936306,0.23970983922481537 
0.40304094552993774,-0.485371857881546,-0.041100673377513885 
0.40304094552993774,0.20527537167072296,0.006203576922416687 
-0.22892381250858307,-0.7880942821502686,-0.22551776468753815 
0.35351356863975525,-0.7839893698692322,0.33745285868644714 
-0.40779241919517517,-0.04072068631649017,0.02512396313250065 
0.10219938308000565,0.5079977512359619,-0.2259879857301712 
0.054858457297086716,-0.315061092376709,-0.22542372345924377 
-0.272216260433197,0.24847376346588135,0.13970983028411865 
0.24410931766033173,-0.38126692175865173,-0.22796286642551422 
-0.40779241919517517,-0.1731511503458023,0.12921005487442017 
-0.2951296269893646,0.36608782410621643,0.23745284974575043 
0.2535135746002197,0.5837018489837646,0.23745284974575043 
-0.1722162514925003,-0.7028918862342834,-0.2259879857301712 
-0.36672884225845337,-0.5001694560050964,0.13942772150039673 
-0.05865068733692169,0.37549206614494324,0.23942773044109344 
0.0034878551959991455,-0.5285702347755432,-0.3259879946708679 
0.24410931766033173,0.19577708840370178,0.23942773044109344 
-0.40591156482696533,-0.39067116379737854,-0.17351233959197998 
0.4011601209640503,0.40389284491539,0.03461283817887306 
0.4032290279865265,0.49849945306777954,0.2321864664554596 
0.4011601209640503,-0.315061092376709,-0.04107246175408363 
-0.01675015687942505,0.1822679340839386,0.1374528408050537 
0.04130229353904724,0.011994808912277222,-0.12570586800575256 
0.04540720209479332,0.0727696493268013,-0.22796286642551422 
0.5011601448059082,-0.5758735537528992,0.1440735012292862 
-0.5077924132347107,0.2565895617008209,-0.008651398122310638 
0.0075645470060408115,0.6310051679611206,0.23942773044109344 
0.2914126515388489,-0.45697101950645447,0.23745284974575043 
-0.40779241919517517,0.26198291778564453,0.12921005487442017 
0.40304094552993774,-0.570480227470398,0.16701510548591614 
0.2819143831729889,-0.305562824010849,-0.22796286642551422 
-0.30779242515563965,0.49310609698295593,-0.22620901465415955 
-0.40779241919517517,-0.7880942821502686,-0.18301060795783997 
-0.05865068733692169,0.0444628968834877,-0.22796286642551422 
0.40304094552993774,-0.24885527789592743,-0.18301060795783997 
-0.1911187618970871,-0.47587355971336365,0.23942773044109344 
0.4011601209640503,-0.7785959839820862,0.053534168750047684 
-0.40591156482696533,-0.305562824010849,-0.07893392443656921 
-0.3059115707874298,-0.4528661370277405,0.1048201397061348 
0.40304094552993774,0.517401933670044,0.04404529184103012 
0.40304094552993774,0.3092862367630005,0.02512396313250065 
-0.34252697229385376,0.32828277349472046,-0.22542372345924377 
-0.27212220430374146,0.607273519039154,-0.06539656221866608 
0.4011601209640503,-0.8536418080329895,-0.1546098291873932 
-0.28954818844795227,0.6306900382041931,-0.31141141057014465 
-0.36133548617362976,-0.25825950503349304,0.23745284974575043 
0.5023826360702515,-0.7592843174934387,0.1724366843700409 
-0.30779242515563965,-0.706996738910675,0.01971178501844406 
-0.09111876040697098,0.607273519039154,-0.1789151132106781 
0.5009720325469971,0.14446289837360382,-0.3254237174987793 
0.36702272295951843,-0.00286862812936306,-0.22796286642551422 
0.1778094619512558,0.6215068697929382,0.23745284974575043 
-0.40356048941612244,-0.1156066283583641,0.23632431030273438 
-0.20845553278923035,0.9305630922317505,-0.10003229230642319 
0.5030409693717957,-0.49076518416404724,0.09541589766740799 
-0.2992064356803894,0.8053927421569824,0.34422388672828674 
0.4860192537307739,0.8072735667228699,0.0873001217842102 
0.32921770215034485,-0.8353976011276245,0.23745284974575043 
-0.4424329400062561,0.7898757457733154,0.3591766059398651 
0.4011601209640503,0.5269002318382263,-0.17351233959197998 
0.06432852894067764,0.7257058620452881,-0.19815143942832947 
-0.08703268319368362,0.7728210687637329,-0.24498455226421356 
-0.2005230039358139,0.7350160479545593,-0.19786930084228516 
-0.29810604453086853,-0.7429869174957275,-0.12109776586294174 
0.3990911841392517,-0.2961585819721222,-0.21310417354106903 
-0.40779241919517517,-0.46646931767463684,0.2143184244632721 
-0.40779241919517517,-0.24885527789592743,0.20482014119625092 
0.04540720209479332,0.7634168267250061,-0.24498455226421356 
0.40304094552993774,0.24308040738105774,0.18591761589050293 
0.08251631259918213,0.8277418613433838,-0.1980573982000351 
0.0678551122546196,0.7053927183151245,0.13268962502479553 
-0.36142951250076294,-0.267757773399353,-0.22542372345924377 
-0.4029962420463562,-0.8258993029594421,-0.21310417354106903 
0.40332308411598206,-0.5137726664543152,-0.09790226817131042 
-0.40591156482696533,0.2525787055492401,0.03461283817887306 
-0.40779241919517517,-0.5326751470565796,-0.17351233959197998 
0.0075645470060408115,0.49849945306777954,-0.22796286642551422 
0.4011601209640503,-0.4096677005290985,0.12921005487442017 
-0.11541467159986496,-0.315061092376709,-0.22570586204528809 
-0.3424329459667206,-0.7312926650047302,-0.22796286642551422 
-0.09243545681238174,-0.3190719783306122,-0.1279628574848175 
-0.21951957046985626,-0.32455936074256897,-0.22570586204528809 
-0.40591156482696533,-0.09745645523071289,-0.10730651021003723 
-0.21002130210399628,0.49849945306777954,-0.2259879857301712 
-0.2951296269893646,0.12007296830415726,0.23942773044109344 
0.18730773031711578,-0.37176865339279175,0.23942773044109344 
-0.25732460618019104,-0.24885527789592743,-0.22796286642551422 
-0.05865068733692169,-0.6934876441955566,0.23745284974575043 
0.144109308719635,0.04982805624604225,-0.1259879767894745 
0.33871597051620483,-0.523176908493042,-0.22796286642551422 
0.08730772882699966,0.17148122191429138,-0.1259879767894745 
0.14000444114208221,-0.6366860270500183,0.23942773044109344 
0.35351356863975525,0.2754920721054077,0.1374528408050537 
0.09810952842235565,-0.21506109833717346,0.1374528408050537 
-0.12491293251514435,-0.7501952052116394,0.23745284974575043 
0.4011601209640503,-0.35286614298820496,-0.14511153101921082 
-0.40779241919517517,-0.09748466312885284,0.17651337385177612 
-0.36133548617362976,-0.38126692175865173,-0.22796286642551422 
-0.05865068733692169,0.26198291778564453,0.23745284974575043 
0.054867859929800034,-0.1731511503458023,0.23942773044109344 
-0.1722162514925003,0.025513360276818275,-0.22796286642551422 
-0.18703268468379974,-0.32995274662971497,0.33745285868644714 
0.11160362511873245,-0.7312926650047302,0.23942773044109344 
-0.1722162514925003,-0.36236441135406494,0.23745284974575043 
0.11160362511873245,0.19577708840370178,0.23745284974575043 
0.3197194039821625,0.45119616389274597,0.23942773044109344 
0.3062102794647217,0.5038928389549255,0.1374528408050537 
0.2914126515388489,0.1579720377922058,0.23745284974575043 
0.04540720209479332,0.0444628968834877,0.23745284974575043 
0.40304094552993774,-0.1731511503458023,-0.11680478602647781 
-0.40779241919517517,-0.04072068631649017,0.11971178650856018 
-0.5059115886688232,-0.5001694560050964,-0.11269047856330872 
0.4011601209640503,-0.012310482561588287,-0.059993792325258255 
-0.23842209577560425,-0.46637529134750366,0.23942773044109344 
-0.14782631397247314,-0.12995275855064392,0.13942772150039673 
-0.2857254147529602,-0.523176908493042,-0.22796286642551422 
-0.030278103426098824,0.7918176054954529,-0.19786930084228516 
-0.2005230039358139,0.46069443225860596,0.23745284974575043 
0.34812021255493164,0.49849945306777954,-0.22796286642551422 
-0.11541467159986496,0.5553010702133179,-0.22796286642551422 
0.44812020659446716,0.17148122191429138,0.33745285868644714 
-0.40779241919517517,0.5363044738769531,0.11971178650856018 
0.2819143831729889,-0.46637529134750366,-0.2259879857301712 
-0.26672884821891785,-0.09746585786342621,0.23942773044109344 
0.054867859929800034,0.176874577999115,0.23942773044109344 
0.40304094552993774,-0.806996762752533,-0.012718689627945423 
-0.40779241919517517,0.03496461734175682,-0.050561338663101196 
0.40304094552993774,-0.5326751470565796,-0.050561338663101196 
-0.04919002577662468,-0.2866603136062622,0.23745284974575043 
0.10219938308000565,0.7075556516647339,-0.022169947624206543 
0.03594653680920601,-0.6744910478591919,0.23942773044109344 
0.19270110130310059,0.14308041334152222,-0.1279628574848175 
