-0.4851817190647125,-0.03381127119064331,-0.2093985676765442 
0.6075676679611206,0.44588619470596313,1.1705012321472168 
0.9540733695030212,-0.032345324754714966,-0.3442063331604004 
0.32043159008026123,-0.5263457298278809,-0.03197506070137024 
-0.6321967244148254,0.09366253018379211,-0.03593704104423523 
1.2113317251205444,0.060381561517715454,-0.5490188002586365 
0.24623143672943115,0.06483882665634155,-0.029597818851470947 
-0.34700626134872437,0.14509378373622894,0.263963907957077 
-1.8323948383331299,0.44578713178634644,-0.6307355165481567 
0.29345446825027466,0.15034346282482147,0.11410044878721237 
-0.06047288328409195,0.1534140408039093,-0.22960488498210907 
0.708079993724823,0.1534140408039093,-0.1285337209701538 
-0.7480617761611938,0.1534140408039093,0.11419950425624847 
-0.019122064113616943,-0.5372412800788879,-1.068985939025879 
-1.39528489112854,0.05741003155708313,1.1557427644729614 
0.6116288304328918,0.08355937898159027,-0.15549105405807495 
0.1384163498878479,0.11654320359230042,0.23214465379714966 
0.5024270415306091,0.11723655462265015,0.25235095620155334 
0.2943565547466278,-0.16788184642791748,1.1706002950668335 
0.640647828578949,-0.15889227390289307,-0.33915477991104126 
0.5867431163787842,0.09705428779125214,0.24643196165561676 
0.7856124639511108,0.24162420630455017,0.27258697152137756 
0.8869652152061462,0.049807190895080566,-0.3442063331604004 
0.2765677869319916,0.15034346282482147,0.5523509979248047 
1.1833512783050537,-1.0052366256713867,-0.02989494800567627 
0.3574920892715454,-0.10525642335414886,-0.34608834981918335 
-0.5357965230941772,-0.030800137668848038,0.073687843978405 
0.22263333201408386,0.15242353081703186,-0.15888281166553497 
-0.23250384628772736,-0.12548254430294037,0.19502472877502441 
-0.7076491713523865,0.15034346282482147,-0.16898594796657562 
-1.2301167249679565,0.3059971332550049,-0.3375062942504883 
0.6271557211875916,-0.03381127119064331,-0.3105291426181793 
0.909548819065094,0.005997134372591972,-0.01729997619986534 
-0.4481608271598816,-0.9522466063499451,-0.6459892988204956 
-0.32343223690986633,0.14925391972064972,-0.3315278887748718 
-0.7177523970603943,-0.06479427963495255,0.2703031301498413 
-0.6321967840194702,0.9666457772254944,0.5640629529953003 
0.04063788056373596,0.12884950637817383,-0.5869706869125366 
0.4653071165084839,0.15034346282482147,-0.21960076689720154 
0.7585957646369934,-0.07492715120315552,0.2709965109825134 
0.697877824306488,-0.03381127119064331,0.05347162485122681 
-0.2863122820854187,0.44598525762557983,0.570402204990387 
-0.7177523970603943,-0.056355174630880356,-0.057762112468481064 
-0.16158366203308105,0.12884950637817383,0.11419951915740967 
0.515921950340271,0.1534140408039093,0.01303920242935419 
-0.8661060333251953,-0.15074609220027924,-0.03152784705162048 
-0.6049578189849854,0.06503692269325256,-0.24650858342647552 
-0.333535373210907,-0.058375805616378784,-0.01729997619986534 
1.0215027332305908,1.05064058303833,0.5559917688369751 
-0.5896914005279541,0.41416600346565247,0.05348151922225952 
-0.5458996891975403,0.1534140408039093,-0.027403129264712334 
0.7889052629470825,0.15034346282482147,0.073687843978405 
0.4653071165084839,-0.058375805616378784,0.18492157757282257 
0.7990083694458008,-0.05536466836929321,-0.17908911406993866 
-0.14476913213729858,0.25544077157974243,0.5679259300231934 
0.31366077065467834,-0.030800137668848038,-0.1285337209701538 
0.708079993724823,0.14925391972064972,-0.33152785897254944 
0.23075547814369202,-0.18553686141967773,-0.280219703912735 
0.9115297794342041,0.14519283175468445,-0.16977836191654205 
-0.6321967244148254,0.1745174676179886,-0.039154767990112305 
0.2095586657524109,-0.024332135915756226,0.0736878514289856 
0.36749619245529175,0.0464196503162384,-0.1891922652721405 
0.909548819065094,-0.196234330534935,-0.05774230509996414 
-0.26948508620262146,0.14081059396266937,-0.43867650628089905 
-0.8491923809051514,-0.058375805616378784,0.12430264800786972 
0.38448190689086914,0.09695523977279663,0.2709965109825134 
0.9136608242988586,0.15242353081703186,-0.3307355046272278 
0.48895615339279175,-0.14866603910923004,-0.03108358383178711 
1.5126192569732666,-0.014238893985748291,0.17481839656829834 
-0.4548722803592682,0.1534140408039093,-0.1891922652721405 
0.4721175730228424,0.11416599154472351,-0.15549105405807495 
-1.0481607913970947,0.45093780755996704,-0.6441073417663574 
-0.8592955470085144,-0.058375805616378784,-0.1891922652721405 
-0.7177523970603943,-0.24239186942577362,0.24851201474666595 
-0.9324938654899597,0.12736374139785767,0.09389413893222809 
-1.1897040605545044,0.45341405272483826,-0.45888280868530273 
-0.4345669150352478,0.1257789433002472,0.10409635305404663 
0.6271557211875916,-0.05536466836929321,-0.12854361534118652 
0.4687258005142212,-0.18345680832862854,-0.23980706930160522 
0.4282863140106201,-0.5425900220870972,0.5557427406311035 
0.4653071165084839,-0.058375805616378784,-0.21950171887874603 
-0.11106789857149124,0.15034346282482147,-0.057762112468481064 
-0.2256212830543518,0.7503435015678406,-0.07798823714256287 
-0.7683671712875366,0.09695523977279663,0.2709965109825134 
-0.9234322905540466,-0.24050992727279663,0.26891642808914185 
0.7484925985336304,0.12884950637817383,0.2355363965034485 
-0.647030234336853,-0.058375805616378784,-0.2093985676765442 
0.6743787527084351,0.05949009954929352,-0.03108358383178711 
0.21262922883033752,0.005977323278784752,-0.24991023540496826 
-0.6874428987503052,-0.05536466836929321,0.11410044878721237 
-1.1661059856414795,-0.03694227337837219,-0.9459893107414246 
-0.2426069974899292,0.026203440502285957,0.2709965109825134 
0.5967472195625305,-0.06481409072875977,0.2709965109825134 
1.2123222351074219,-0.405256450176239,-0.6391547918319702 
-0.3840511441230774,0.5630577802658081,-0.34598928689956665 
0.04293164610862732,0.30598723888397217,0.4039973020553589 
0.4485195279121399,0.3574100434780121,0.25574272871017456 
0.07094735652208328,0.12865139544010162,-0.1386764943599701 
-0.553997814655304,-0.4052366316318512,0.13101406395435333 
-0.7885734438896179,0.1534140408039093,-0.0375201515853405 
-0.46158367395401,-0.14906223118305206,-0.6441073417663574 
0.23412318527698517,0.09695523977279663,-0.01729997619986534 
0.964275598526001,-0.058375805616378784,-0.5364153385162354 
-0.9941543340682983,-0.05536466836929321,0.12430265545845032 
-0.5762091279029846,-0.11533976346254349,0.2679259181022644 
0.648055374622345,0.1257789433002472,0.1147937998175621 
-0.5661060214042664,-0.058375805616378784,-0.0678652673959732 
-0.4312742352485657,-1.08583402633667,-0.20610588788986206 
-0.5864113569259644,0.1281561553478241,0.12430264800786972 
-1.1694977283477783,-0.3749271631240845,0.5709965229034424 
0.5361282825469971,0.137169748544693,-0.34598925709724426 
0.14921286702156067,-0.16025494039058685,-0.029201626777648926 
0.45520395040512085,0.1534140408039093,0.144508957862854 
-0.9294233322143555,-0.1457185596227646,-0.05774230509996414 
0.09119328111410141,0.1534140408039093,0.16471527516841888 
-0.22982947528362274,0.03633630648255348,-0.04768867790699005 
0.6001389622688293,0.14417830109596252,-0.029003500938415527 
0.9121240973472595,0.14509379863739014,-0.5979257225990295 
0.237193763256073,0.016100285574793816,0.20512789487838745 
-0.6324938535690308,-0.29402267932891846,0.00967717170715332 
0.5327364802360535,0.06483882665634155,-0.029597818851470947 
0.9124212861061096,-0.10527622699737549,0.06358467787504196 
0.5563345551490784,0.15034346282482147,-0.11844047158956528 
-0.30322590470314026,0.15034346282482147,0.12430264800786972 
0.3095487952232361,0.01611018180847168,0.3906014561653137 
0.5867431163787842,-0.030800137668848038,0.13440580666065216 
1.0889053344726562,-0.35544392466545105,-0.6305373907089233 
0.7972254753112793,0.12647229433059692,-0.23564696311950684 
0.3642275333404541,0.026213347911834717,-0.938065230846405 
-0.3132300078868866,0.1534140408039093,-0.17908911406993866 
0.7788020372390747,-0.05536466836929321,-0.04764905944466591 
-0.0301436148583889,0.1278589963912964,0.12430264800786972 
-0.07394799590110779,-0.33381128311157227,-0.43867650628089905 
0.9271557331085205,-0.14658597111701965,-0.5297039747238159 
0.9126193523406982,-0.11536947637796402,-0.15888281166553497 
0.6473620533943176,0.12884950637817383,-0.017309879884123802 
1.1395200490951538,0.33633631467819214,0.5679259300231934 
0.2095586508512497,-0.10523661226034164,-0.14877964556217194 
-0.25706836581230164,-0.15582171082496643,0.013029295019805431 
-0.32664984464645386,-0.45510435104370117,-0.6375181674957275 
0.7889052629470825,-0.030800137668848038,0.15461212396621704 
0.6001389622688293,-0.14658597111701965,-0.15549105405807495 
0.12492144107818604,0.07674893736839294,0.2709965109825134 
-0.5863122940063477,0.15034346282482147,-0.19929541647434235 
-0.606518566608429,0.005967419128865004,0.2700059711933136 
1.0856125354766846,-0.6310676336288452,-0.33915477991104126 
-0.8491923809051514,0.1534140408039093,0.18492157757282257 
0.236995667219162,-0.07510543614625931,-0.33895668387413025 
-0.14476913213729858,0.43716976046562195,-0.04598924517631531 
-0.6651564836502075,0.1257789433002472,-0.03044695220887661 
0.12831319868564606,-0.14658597111701965,-0.4790891408920288 
0.2124311327934265,-0.03448481485247612,-0.04766886681318283 
0.33386707305908203,0.12884950637817383,-0.19929541647434235 
-0.9294233322143555,-0.15582171082496643,0.15461212396621704 
-0.3132300078868866,-0.07489743083715439,0.2679259181022644 
0.10129642486572266,-0.18583402037620544,-0.23980706930160522 
0.36417654156684875,-0.01670524850487709,0.2405879944562912 
0.8092105984687805,0.1534140408039093,-0.05774230509996414 
-0.15026786923408508,-0.17422106862068176,0.3614947199821472 
-0.4548722803592682,-0.030800137668848038,-0.037525102496147156 
-0.29605042934417725,0.4379621744155884,-0.6429187059402466 
-0.818882942199707,-0.056355174630880356,0.0029162357095628977 
-0.06048278883099556,-0.16126948595046997,0.18492157757282257 
1.207270622253418,1.0525226593017578,-1.191115379333496 
-0.9294233322143555,0.02622324787080288,0.15461212396621704 
-0.32343223690986633,-0.058375805616378784,-0.24991023540496826 
0.4855134189128876,0.016090381890535355,0.2709965109825134 
-1.2324938774108887,-0.2636834979057312,0.15122036635875702 
0.687774658203125,0.016090381890535355,0.2709965109825134 
0.38448190689086914,0.1534140408039093,0.043378375470638275 
0.4856124818325043,0.1534140408039093,0.25564366579055786 
-0.004957795143127441,-0.5349631309509277,0.5793676972389221 
-0.808779776096344,-0.17602801322937012,0.2679259181022644 
-0.22569334506988525,-0.35536468029022217,-0.11507843434810638 
0.31366077065467834,-0.05536466836929321,-0.23980708420276642 
-0.35036975145339966,0.13873052597045898,-0.3577621281147003 
0.17550930380821228,-0.43556588888168335,0.5679259300231934 
-0.606518566608429,-0.22654378414154053,0.2709965109825134 
0.3068503141403198,-0.3556915521621704,-0.3172900676727295 
-0.42456281185150146,-0.15582171082496643,0.2703031301498413 
0.4248945116996765,0.13182102143764496,-0.33182501792907715 
0.1113995909690857,-0.16126948595046997,0.2355363965034485 
0.21253018081188202,0.15034346282482147,-0.27011653780937195 
-0.20880672335624695,0.11723655462265015,-0.3375360071659088 
0.29345446825027466,0.1534140408039093,0.22543324530124664 
-0.4346659481525421,0.15034346282482147,-0.027422940358519554 
-0.3099155128002167,-0.4858340620994568,0.6601929664611816 
0.6675683259963989,-0.1457185596227646,0.24336139857769012 
0.8880547881126404,0.046449363231658936,0.08379098773002625 
0.04293164610862732,-0.19294163584709167,-0.26674461364746094 
-0.808779776096344,0.12884950637817383,-0.22970393300056458 
-0.6672366261482239,0.1529187709093094,0.19502472877502441 
-0.06944264471530914,0.3565426170825958,-0.6459892988204956 
-0.0637967586517334,0.14417830109596252,0.35346174240112305 
0.708079993724823,-0.058375805616378784,-0.23980708420276642 
0.07097706943750381,0.1278589963912964,-0.24991023540496826 
-0.35374167561531067,0.026203440502285957,0.2709965109825134 
-0.7582640051841736,-0.056355174630880356,-0.22970393300056458 
0.237193763256073,0.046429574489593506,-0.12854361534118652 
-0.5425079464912415,1.0503435134887695,-1.1600134372711182 
-0.9294233322143555,-0.06479427963495255,0.043378375470638275 
-0.7851817607879639,1.0524234771728516,0.49502474069595337 
-0.4076704680919647,-1.082268238067627,-1.2443053722381592 
-0.6268239617347717,-0.05536466836929321,0.023122545331716537 
-0.6571334004402161,0.12884950637817383,-0.280219703912735 
0.687774658203125,-0.056355174630880356,0.17481841146945953 
-0.14808876812458038,0.4503434896469116,-0.3577621281147003 
-0.5324047803878784,-0.4858340322971344,0.029883474111557007 
0.237193763256073,-0.08502040058374405,0.17481841146945953 
-0.6324938535690308,0.15428145229816437,0.08039924502372742 
-0.23250384628772736,0.11716153472661972,0.19502472877502441 
0.08448189496994019,-0.3308001458644867,-0.3375251293182373 
0.4957156777381897,-0.03179064393043518,0.073687843978405 
-0.2593945264816284,-0.04459786415100098,-0.34608834981918335 
0.7113996148109436,-0.15819895267486572,-0.5364153385162354 
-0.7548242211341858,-1.0749385356903076,-0.6396500468254089 
0.26986628770828247,-0.14658597111701965,-0.42853373289108276 
-0.22943326830863953,-0.0951235443353653,-0.0678553655743599 
0.5766399502754211,-0.03179064393043518,-0.21950171887874603 
-0.8390892744064331,0.15034346282482147,0.05347162485122681 
0.8849842548370361,0.06664577126502991,-0.09818463772535324 
0.5880547761917114,-0.5063375234603882,0.34338828921318054 
1.7496230602264404,-0.5423918962478638,-0.05148798227310181 
0.8597263693809509,0.5347204208374023,-0.35366714000701904 
0.19896024465560913,0.1258779764175415,0.15084819495677948 
0.8193137049674988,-0.03381127119064331,0.04335856810212135 
-0.2425079494714737,-0.18583402037620544,0.11419950425624847 
-0.0705859437584877,-0.18583402037620544,-0.15888281166553497 
0.4451008141040802,-0.03381127119064331,-0.11843056976795197 
-0.626724898815155,-0.058375805616378784,0.19502472877502441 
0.6114307045936584,0.09366253018379211,-0.044107288122177124 
-0.0910002589225769,0.12627418339252472,0.03709857538342476 
-0.30312687158584595,-0.058375805616378784,0.16471527516841888 
-0.798676609992981,-0.030800137668848038,-0.1083076000213623 
0.31366077065467834,-0.030800137668848038,0.144508957862854 
0.8872624039649963,-0.2263457030057907,-0.14877964556217194 
0.13160590827465057,-0.16126948595046997,-0.12854361534118652 
-0.253997802734375,0.11716153472661972,-0.1083076000213623 
-0.35374167561531067,0.12884950637817383,0.043368469923734665 
-0.6571334004402161,-0.056355174630880356,-0.3105291426181793 
0.8880547881126404,-0.12545281648635864,0.17481841146945953 
1.1849842071533203,0.20488637685775757,-0.36784547567367554 
-0.7784703373908997,-0.05536466836929321,0.19502472877502441 
-0.22963137924671173,-0.06483389437198639,0.03323560580611229 
-0.08069899678230286,0.15242353081703186,-0.39487212896347046 
-1.8274421691894531,-1.142292857170105,0.2422577142715454 
-0.0855368971824646,0.4262741804122925,0.04989168047904968 
-0.5256933569908142,0.1278589963912964,-0.12855352461338043 
-0.6773397326469421,-0.15582171082496643,0.24643196165561676 
0.5024751424789429,-0.16243407130241394,-0.03935283422470093 
0.5563345551490784,0.15034346282482147,0.12430264800786972 
0.2833513021469116,-0.058375805616378784,0.01303920242935419 
-1.829423189163208,0.38685208559036255,0.07039511203765869 
-0.8897040486335754,-0.055859923362731934,-0.09822425991296768 
0.3743787407875061,-0.1457185596227646,0.2679259181022644 
0.8880547881126404,-0.08500058948993683,-0.24991023540496826 
-0.1716868132352829,-0.15819893777370453,-0.15888281166553497 
0.4653071165084839,0.12884950637817383,-0.12854361534118652 
-0.24924907088279724,0.13873052597045898,-0.1655942052602768 
0.237193763256073,0.07674892991781235,0.073687843978405 
0.09790468215942383,-0.14965654909610748,-0.3375399708747864 
-0.8492914438247681,0.016070570796728134,0.2700059711933136 
0.3473889231681824,-0.17602801322937012,0.27060025930404663 
0.3748739957809448,0.12686848640441895,0.18264341354370117 
0.6126193404197693,0.3767489492893219,-0.10497528314590454 
0.7788020372390747,-0.16592487692832947,0.2679259181022644 
-0.17507857084274292,0.24775344133377075,-1.2459893226623535 
-0.6571334004402161,0.0868520736694336,0.2709965109825134 
0.8193137049674988,0.15034346282482147,-0.14877964556217194 
-1.5324938297271729,-0.5636835098266602,0.6635847091674805 
-0.9324938654899597,-0.06480418145656586,0.16471527516841888 
0.20584571361541748,-0.44965654611587524,0.18492156267166138 
0.5361282825469971,-0.03381127119064331,-0.12854361534118652 
-0.3267518877983093,0.07674893736839294,-0.3290035128593445 
-0.5152931213378906,0.12627418339252472,-0.25922098755836487 
0.8715133666992188,-0.028482355177402496,-0.1285337209701538 
-0.1514805108308792,-0.16126948595046997,0.2152310311794281 
-1.2324938774108887,-0.7827394604682922,-0.11507844924926758 
0.4015936255455017,0.4266704022884369,0.5690155029296875 
-0.013329088687896729,-0.3583758473396301,0.37368786334991455 
-0.2930237352848053,-0.030800137668848038,-0.09819453954696655 
-0.6672366261482239,0.15034346282482147,0.073687843978405 
0.7991074323654175,0.1534140408039093,0.16471527516841888 
-0.44476914405822754,-0.030800137668848038,0.05348153039813042 
0.04303070902824402,0.12436819076538086,0.2017955631017685 
-1.1593945026397705,-0.1726362705230713,0.5706002712249756 
-1.0379586219787598,0.2691998779773712,0.333255410194397 
-0.6250410676002502,0.1257789433002472,-0.12171903997659683 
0.2830541431903839,0.1258779764175415,-0.0871305987238884 
0.5664377212524414,-0.1457185596227646,0.24603575468063354 
0.6675683259963989,0.14598523080348969,0.27069932222366333 
-0.9066417217254639,-0.24031181633472443,0.18492157757282257 
-0.5154911875724792,0.12884950637817383,0.05348153039813042 
0.6372588872909546,-0.22644473612308502,0.2682230770587921 
0.38448190689086914,-0.03381127119064331,-0.1891922652721405 
-0.23250384628772736,-0.054701030254364014,-0.23980708420276642 
0.1822207272052765,-0.1827634572982788,-0.19929541647434235 
0.7282863259315491,-0.03381127119064331,-0.12854361534118652 
-0.0889555811882019,0.24616467952728271,0.5680249929428101 
0.2370947152376175,-0.1756318211555481,0.20512789487838745 
0.22941407561302185,0.14180107414722443,-0.26674461364746094 
-0.38081789016723633,-0.17006094753742218,-0.017363637685775757 
0.7336350083351135,0.1258779764175415,-0.003888533217832446 
-0.3840511441230774,0.1534140408039093,-0.1285337209701538 
-0.6368280649185181,-0.058375805616378784,-0.11842065304517746 
-0.5289860963821411,0.45341405272483826,-1.2105292081832886 
0.5462314486503601,0.15034346282482147,-0.2600133717060089 
-0.5325038433074951,-0.39514338970184326,0.4141004681587219 
0.687774658203125,-0.03381127119064331,-0.037535008043050766 
0.020421680063009262,-0.15819893777370453,0.2152310311794281 
-0.7278555035591125,-0.058375805616378784,-0.14877964556217194 
0.3035576343536377,0.15034346282482147,-0.00720672681927681 
0.45520395040512085,-0.22664283215999603,0.24336139857769012 
-0.14137735962867737,0.15034346282482147,-0.2600133717060089 
-0.5458996891975403,-0.03179064393043518,-0.14877964556217194 
0.43499767780303955,-0.054701030254364014,0.2705012261867523 
0.9126192927360535,0.5756480693817139,0.2894708812236786 
0.04293164610862732,-0.2636834979057312,-0.11507843434810638 
-0.4042574465274811,-0.03381127119064331,-0.2600133717060089 
-0.4548722803592682,-0.056355174630880356,-0.11842065304517746 
0.6271557211875916,0.1278589963912964,-0.3105291426181793 
-0.2559788227081299,0.1513339728116989,0.26891642808914185 
-0.7683941125869751,-1.1423919200897217,-0.051487997174263 
-0.36587685346603394,0.49476340413093567,-0.22970396280288696 
-0.6079293489456177,0.15428145229816437,0.37368786334991455 
-0.9058493375778198,-0.1457185596227646,-0.1386764943599701 
0.2370947152376175,-0.03039403073489666,-0.1757214069366455 
-0.06046298146247864,-0.2263457030057907,0.2453424036502838 
0.8849842548370361,-0.16592487692832947,-0.21950171887874603 
-0.7885734438896179,0.1534140408039093,-0.14877964556217194 
0.5766399502754211,0.016110192984342575,0.2679259181022644 
0.21262922883033752,0.0868520736694336,-0.2094976305961609 
-0.5661060214042664,-0.03381127119064331,-0.22970393300056458 
-0.9324938654899597,-0.06480418145656586,-0.23980708420276642 
-0.5255943536758423,-0.024332135915756226,0.8679259419441223 
0.8900358080863953,0.15034346282482147,-0.07798823714256287 
-0.8289861083030701,-0.030800137668848038,-0.27011653780937195 
0.02038206160068512,0.12865139544010162,-0.06788507848978043 
-0.003126859664916992,0.268536239862442,-0.03073546290397644 
-0.7042574882507324,-0.5372412800788879,-0.04366299510002136 
0.7451008558273315,-0.14965654909610748,0.27257707715034485 
-0.9324938654899597,-0.024351954460144043,0.2355363965034485 
-0.7581649422645569,0.016110192984342575,0.2679259181022644 
-0.7379586696624756,0.1534140408039093,0.03326531499624252 
-0.7683671712875366,0.15034346282482147,0.19502472877502441 
0.3945850431919098,-0.058375805616378784,0.144508957862854 
0.36501991748809814,-0.49294164776802063,-0.34579116106033325 
0.7585957646369934,0.056542616337537766,0.2709965109825134 
-0.7683671712875366,-0.058375805616378784,0.11419950425624847 
0.708079993724823,0.15034346282482147,-0.2093985676765442 
-0.5053879618644714,-0.1457185596227646,0.24336139857769012 
-0.829433262348175,0.5554417371749878,0.19502472877502441 
0.9170525670051575,0.4503434896469116,-0.11507843434810638 
-0.9191221594810486,0.06664577126502991,0.25886425375938416 
-0.13466593623161316,-0.15401478111743927,-0.029300689697265625 
0.8283273577690125,0.12290646880865097,0.23731930553913116 
-1.2079293727874756,-0.43556588888168335,0.5355364084243774 
0.8715133666992188,-0.06069358438253403,0.12430264800786972 
-0.23250384628772736,-0.024361852556467056,-0.14877964556217194 
-0.8897040486335754,0.15034346282482147,-0.2600133717060089 
0.40468817949295044,-0.058375805616378784,-0.27011653780937195 
0.36417654156684875,0.15034346282482147,-0.27011653780937195 
0.15191124379634857,0.15034346282482147,-0.21960076689720154 
-0.8491923213005066,-0.2425900101661682,0.25574272871017456 
-0.333535373210907,-0.16592487692832947,0.24573861062526703 
0.5238460302352905,0.1257789433002472,0.1926475167274475 
-0.8593945503234863,0.15034346282482147,-0.07798823714256287 
0.3574920892715454,-0.7858340740203857,-0.7790891528129578 
1.0114476680755615,-0.357038676738739,-0.6440082788467407 
-0.25706836581230164,0.0868520736694336,0.12430264800786972 
0.5361282825469971,-0.03179064393043518,0.20512789487838745 
0.6878737211227417,0.1534140408039093,0.05349143221974373 
0.377147912979126,-0.17412203550338745,-0.20986977219581604 
-0.18178997933864594,-0.15849606692790985,-0.33915477991104126 
0.22263333201408386,0.137367844581604,-0.34608834981918335 
-0.1514805108308792,-0.16126948595046997,0.02314235270023346 
0.909548819065094,0.0868520736694336,-0.24991023540496826 
-0.30322590470314026,-0.03381127119064331,-0.17908911406993866 
-0.9056511521339417,0.07674892991781235,-0.06787516921758652 
-0.931602418422699,0.1511358618736267,0.25564366579055786 
-0.33012381196022034,-0.1474774330854416,-0.30717703700065613 
0.47550931572914124,0.1278589963912964,0.073687843978405 
0.010278905741870403,0.1534140408039093,0.18492157757282257 
0.6271557211875916,0.1534140408039093,-0.14877964556217194 
0.12831319868564606,-0.14727932214736938,0.3332752287387848 
1.028286337852478,-0.14965654909610748,0.4344058036804199 
-0.4750785827636719,-0.03080013394355774,-0.4756973683834076 
-0.08737078309059143,-0.405256450176239,0.2826802134513855 
0.14973214268684387,0.1257789433002472,-0.13064350187778473 
-0.5964154601097107,-0.05536466836929321,0.11410044878721237 
0.9126193523406982,0.01609039306640625,0.25564366579055786 
0.5765409469604492,-0.058375805616378784,0.06358467787504196 
0.3035576343536377,-0.17602801322937012,0.24336139857769012 
0.8226333260536194,0.1534140408039093,0.03326532244682312 
-0.37394800782203674,-0.03381127119064331,0.19502472877502441 
0.5260251760482788,-0.058375805616378784,-0.280219703912735 
0.31228965520858765,-0.17402298748493195,0.11239255964756012 
-0.606518566608429,0.1278589963912964,0.03325541317462921 
0.2099548727273941,-0.1346248835325241,0.2632705569267273 
-0.2357724905014038,-0.6782850027084351,0.2629733979701996 
0.677671492099762,-0.07489743083715439,0.2679259181022644 
-0.5560028553009033,0.07674892991781235,0.2709965109825134 
-0.7683671712875366,-0.1153496652841568,0.24643196165561676 
-0.5154911875724792,0.1534140408039093,0.12430264800786972 
-0.23250384628772736,0.6767489910125732,0.32988348603248596 
-0.9049578309059143,0.10695933550596237,0.02316216379404068 
-0.9324938654899597,-0.06480418145656586,-0.15888281166553497 
-0.3133291006088257,0.12884950637817383,0.19502472877502441 
0.0675952136516571,0.4503434896469116,-0.20610588788986206 
0.45520395040512085,0.0868520736694336,0.24336139857769012 
-0.44476914405822754,-0.058375805616378784,0.19502472877502441 
0.8496232032775879,-0.030800137668848038,-0.05775221064686775 
-0.8491923809051514,-0.03381127119064331,0.19502472877502441 
0.8329827189445496,0.1257789433002472,0.006501867435872555 
-0.6469312310218811,-0.08501049876213074,0.2679259181022644 
-1.5294232368469238,0.5251026153564453,-0.037523120641708374 
0.29345446825027466,-0.03129538893699646,0.2153300791978836 
-0.5458996891975403,-0.058375805616378784,0.002926143119111657 
-0.33015352487564087,0.1162460595369339,-0.010529130697250366 
-0.5661060214042664,0.12884950637817383,0.19502472877502441 
-0.630413830280304,0.08355937898159027,0.06019292771816254 
-0.1278824508190155,0.11416599154472351,0.3332653343677521 
-0.30312687158584595,0.0868520736694336,0.2679259181022644 
0.909548819065094,-0.024342043325304985,0.073687843978405 
0.909548819065094,-0.06479427963495255,0.002926143119111657 
0.43499767780303955,-0.03381127119064331,0.0332455076277256 
-0.6878660917282104,0.9161003232002258,0.9129996299743652 
-0.498676598072052,0.25544077157974243,0.5679259300231934 
0.27654093503952026,-0.14965654909610748,-0.24652838706970215 
0.2370947152376175,0.10695933550596237,0.2153300791978836 
0.31029874086380005,-0.4612694978713989,-0.3173098862171173 
0.8880547881126404,-0.1457185596227646,0.002926143119111657 
0.8395200371742249,-0.030800137668848038,-0.24991023540496826 
0.6574651598930359,-0.030800137668848038,0.11419950425624847 
-0.44476914405822754,0.12884950637817383,-0.09820444881916046 
-0.08737078309059143,0.34641966223716736,-0.1655942052602768 
-0.9324938654899597,-0.17602801322937012,0.01301939133554697 
0.8849842548370361,0.07674892991781235,-0.17908911406993866 
-0.7177523970603943,0.1534140408039093,-0.24991023540496826 
-0.25706836581230164,-0.12547263503074646,-0.23980708420276642 
-0.7076491713523865,-0.058375805616378784,0.18492157757282257 
0.21262922883033752,-0.0951433777809143,-0.5162090063095093 
0.9122231006622314,0.07674892991781235,-0.027472464367747307 
-0.6975460052490234,0.15034346282482147,-0.09821435809135437 
-0.12117104977369308,0.1534140408039093,-0.1285337209701538 
-0.7076491713523865,0.137367844581604,0.270600289106369 
0.6124212741851807,0.09356348216533661,0.5152310132980347 
0.53055739402771,-0.44571858644485474,-1.2459893226623535 
-0.49528488516807556,-0.03381127119064331,-0.280219703912735 
0.5866440534591675,0.15034346282482147,-0.04764905944466591 
-0.08737078309059143,0.3767489492893219,0.01978030800819397 
-0.3133291006088257,0.15034346282482147,-0.24991023540496826 
-0.9294233322143555,0.005997134372591972,-0.21950171887874603 
0.6069493889808655,-0.03381127119064331,0.20512789487838745 
-0.6773397326469421,0.005937704350799322,0.2705012261867523 
0.5260251760482788,-0.06478437781333923,0.2679259181022644 
0.5024270415306091,-0.48276346921920776,-0.4184305667877197 
0.5563345551490784,-0.031235959380865097,-0.33915477991104126 
0.909548819065094,-0.15582171082496643,-0.29032284021377563 
0.33386707305908203,0.04645927622914314,0.24603575468063354 
-0.09004515409469604,-0.2527087330818176,0.563369631767273 
-0.09417978674173355,-0.16790586709976196,0.2638648450374603 
-0.23250384628772736,0.11716153472661972,-0.19929541647434235 
-0.19068048894405365,0.42577895522117615,-0.2991539239883423 
-0.1313011646270752,0.24162417650222778,0.9938941597938538 
-0.2154911756515503,-0.1684761494398117,0.5563369989395142 
-0.22943326830863953,0.046449366956949234,0.05349143221974373 
0.7990083694458008,-0.024054797366261482,0.24613478779792786 
0.5108463168144226,-0.3108612895011902,-1.244206428527832 
-0.9048588275909424,-0.16592487692832947,-0.280219703912735 
0.7282863259315491,-0.03084966167807579,0.22523514926433563 
-0.4042574465274811,-0.05536466836929321,0.0029162357095628977 
-0.1716868132352829,0.15034346282482147,0.19502472877502441 
-0.20209532976150513,-0.18583402037620544,0.17481841146945953 
0.8597263693809509,0.12884950637817383,0.09389413893222809 
0.8849842548370361,-0.15582171082496643,-0.10829769819974899 
0.2095586508512497,0.046449366956949234,-0.05774230509996414 
0.2732481360435486,-0.030800137668848038,-0.29032284021377563 
0.00014603779709432274,0.1530178189277649,0.06358467787504196 
0.6870812773704529,0.1257789433002472,0.20453357696533203 
-0.0705859363079071,-0.15819893777370453,-0.2600134015083313 
0.7046881914138794,-0.17164576053619385,-0.19590365886688232 
-0.6492363214492798,0.23930642008781433,0.8017956018447876 
0.23451939225196838,-0.16572676599025726,0.12430264800786972 
-0.808779776096344,0.12884950637817383,0.13440580666065216 
0.7585957646369934,-0.058375805616378784,0.02315226010978222 
-0.9672366976737976,0.45093780755996704,-0.6441073417663574 
0.5563345551490784,-0.03381127119064331,-0.057762112468481064 
0.5631450414657593,-0.771150529384613,-0.5297039747238159 
0.7383894920349121,0.1278589963912964,-0.27011653780937195 
0.07767146825790405,0.5446353554725647,-0.17908912897109985 
-0.3840511441230774,-0.07492715120315552,0.2709965109825134 
-0.39415431022644043,-0.03381127119064331,-0.06787516921758652 
-0.5863122940063477,0.12855234742164612,-0.27011653780937195 
-0.6324938535690308,0.08355937898159027,-0.17569735646247864 
-0.42456281185150146,-0.05552314966917038,-0.17908911406993866 
1.5121240615844727,-0.15582171082496643,0.11410045623779297 
0.4248945116996765,0.1534140408039093,0.22543324530124664 
0.40468817949295044,0.15034346282482147,-0.1891922652721405 
-1.832493782043457,-0.35469114780426025,-0.6206323504447937 
0.4856124818325043,0.15034346282482147,-0.29032284021377563 
0.21233206987380981,0.12429317086935043,-0.09820444881916046 
-0.8694977760314941,-0.03381127119064331,-0.037535008043050766 
0.08780153095722198,0.11416599154472351,-0.24651847779750824 
0.323763906955719,-0.058375805616378784,-0.047639150172472 
-0.253997802734375,0.016100285574793816,-0.24991023540496826 
-0.7379586696624756,-0.17602801322937012,0.2679259181022644 
0.4248945116996765,0.026203440502285957,0.24336139857769012 
0.14973214268684387,0.1257789433002472,-0.2822997570037842 
0.17211756110191345,-0.18850839138031006,0.24583765864372253 
-0.23250383138656616,-0.03447490930557251,-0.3105291426181793 
-0.6571334004402161,-0.030800137668848038,-0.047639150172472 
-0.4043565094470978,0.0868520736694336,0.2709965109825134 
0.2269774228334427,-0.7740229964256287,1.1655488014221191 
-0.2290370762348175,-0.23407164216041565,0.24880915880203247 
0.5260251760482788,0.0868520736694336,0.2709965109825134 
0.8563345670700073,-0.14668503403663635,-0.03613516688346863 
-0.2728174030780792,-0.03381127119064331,-0.0071968212723731995 
0.24964018166065216,-0.4858340322971344,-0.17569735646247864 
0.1990847885608673,0.4524235129356384,0.4243026375770569 
-0.931602418422699,0.1510368287563324,0.4916825294494629 
-0.63160240650177,-0.14896318316459656,0.09060144424438477 
0.515921950340271,0.12884950637817383,-0.047639150172472 
0.5665367841720581,0.1281561553478241,-0.17908911406993866 
0.909548819065094,0.005997134372591972,-0.0880814790725708 
0.8880547881126404,0.026233159005641937,-0.27011653780937195 
-0.43377450108528137,0.125977024435997,0.0389409139752388 
-0.10092511773109436,-0.15819893777370453,-0.1083076000213623 
0.38448190689086914,-0.05536466836929321,0.4916825294494629 
0.38448190689086914,0.12884950637817383,-0.017309879884123802 
0.323763906955719,0.15034346282482147,-0.1386764943599701 
0.6574651598930359,0.06664577126502991,0.24336139857769012 
-0.3975459933280945,-0.3308001458644867,-0.5398070812225342 
0.7585957646369934,0.1260760873556137,-0.08816073089838028 
-0.8762091398239136,0.12397199869155884,-0.05663861334323883 
-0.26439812779426575,0.1237979307770729,-0.04127911850810051 
-0.6031778454780579,-0.5405099391937256,1.1444510221481323 
0.3608739376068115,-0.14658597111701965,-0.07456676661968231 
0.8880547881126404,0.0869511291384697,0.13440580666065216 
0.640647828578949,-0.18583402037620544,-0.677968442440033 
0.14180810749530792,0.1534140408039093,0.20512789487838745 
-0.8592955470085144,-0.058375805616378784,0.05348153039813042 
0.05076086148619652,-0.15918941795825958,-0.27011653780937195 
-0.32630470395088196,0.1257789433002472,-0.12137236446142197 
0.6473620533943176,0.15034346282482147,-0.07798823714256287 
-0.2593975365161896,0.1513339877128601,0.26891642808914185 
0.3810802400112152,0.11723655462265015,0.1209108978509903 
0.1113995909690857,-0.18365490436553955,-0.4756973683834076 
-0.5325038433074951,-0.3243618607521057,-0.3678850829601288 
0.1620144098997116,-0.18583402037620544,-0.2600133717060089 
-0.5120003819465637,-0.4582979679107666,-0.3375251293182373 
0.4147913455963135,-0.05244565010070801,-0.34579113125801086 
0.6372588872909546,-0.030800137668848038,0.03325541317462921 
-0.647030234336853,0.15034346282482147,0.13440580666065216 
0.9115297198295593,0.11716154217720032,-0.3442063331604004 
0.7889052629470825,-0.03381127119064331,-0.10831750184297562 
-0.9079293608665466,-0.014228985644876957,0.09399319440126419 
-0.8796009421348572,0.12884950637817383,0.13440580666065216 
-0.38098058104515076,0.1258779764175415,-0.0606444887816906 
0.505818784236908,-0.18613117933273315,0.24336139857769012 
0.2799694538116455,0.7141660451889038,-0.40830761194229126 
1.149623155593872,0.45341402292251587,-0.5600134134292603 
-1.0346660614013672,0.1534140408039093,-0.8802197575569153 
0.2900656759738922,0.13298559188842773,-0.029498785734176636 
0.2732481360435486,0.5416241884231567,-0.496002733707428 
1.2271556854248047,-0.05536466836929321,0.35008978843688965 
0.8395200371742249,-0.12546272575855255,0.24643196165561676 
-0.38979607820510864,0.12667039036750793,-0.1869141012430191 
-0.7278555035591125,0.12884950637817383,-0.03752906620502472 
0.40468817949295044,-0.058375805616378784,0.2152310311794281 
0.5992475152015686,0.3767489492893219,-0.033856987953186035 
0.34397023916244507,-0.0951235443353653,0.24643196165561676 
-0.9079293608665466,0.056542616337537766,0.20522694289684296 
0.3095487952232361,-0.07489743828773499,0.8051279187202454 
-0.3638448417186737,0.12884950637817383,0.13440580666065216 
-0.21889998018741608,-0.14658597111701965,0.25234106183052063 
-0.9048588275909424,0.046439461410045624,0.002926143119111657 
-0.2829205393791199,-0.03381127119064331,0.22533418238162994 
0.505818784236908,-0.03381127119064331,0.144508957862854 
-0.9324938654899597,-0.20633748173713684,-0.10831750184297562 
-0.3638448417186737,-0.030800137668848038,0.043368469923734665 
0.5260251760482788,-0.03381127119064331,0.013029295019805431 
0.21262922883033752,-0.10525642335414886,-0.29032284021377563 
0.5799325704574585,1.0534141063690186,-0.6846699714660645 
1.2122230529785156,0.20485664904117584,0.5637657642364502 
0.006976276636123657,-0.7465859651565552,0.3534914553165436 
-0.06280624866485596,0.14417830109596252,-0.48919227719306946 
0.8597263693809509,-0.03381127119064331,-0.1891922652721405 
0.6115297675132751,0.06563124060630798,0.29365503787994385 
-0.4866674840450287,0.12686848640441895,-0.052997786551713943 
-0.7683671712875366,0.12884950637817383,-0.29032284021377563 
-0.6672366261482239,0.12884950637817383,-0.21950171887874603 
-0.23042377829551697,0.056542616337537766,-0.12851391732692719 
0.4248945116996765,-0.03129538893699646,0.09389413893222809 
0.7686988711357117,-0.05536466836929321,-0.24991023540496826 
0.2597532570362091,-0.14658597111701965,-0.36785537004470825 
0.21163871884346008,-0.11536946892738342,-0.07798823714256287 
-0.6324938535690308,-0.20304477214813232,-0.45888280868530273 
0.2833513021469116,0.15034346282482147,0.05347162485122681 
-0.11106789857149124,0.1534140408039093,-0.1891922652721405 
-0.6571604013442993,-0.1496565341949463,-0.9476490616798401 
-0.5053879618644714,0.14509378373622894,-0.3393528461456299 
0.6071715354919434,-0.1475764811038971,-0.23720774054527283 
-0.49199217557907104,-0.4670144319534302,-0.030093073844909668 
-0.3818720281124115,0.13142481446266174,-0.32726868987083435 
-1.6885733604431152,-1.1424909830093384,1.1638648509979248 
-0.626724898815155,-0.030800137668848038,-0.2600133717060089 
-0.5154911875724792,-0.030800137668848038,-0.047639150172472 
0.515921950340271,-0.030800137668848038,-0.19929541647434235 
0.07097706943750381,-0.18583402037620544,0.19502472877502441 
0.26314499974250793,0.12884950637817383,0.16471527516841888 
-0.5762091279029846,0.1534140408039093,-0.09819453954696655 
-0.2592955231666565,0.1534140408039093,-0.6173000335693359 
-0.4750785827636719,0.016110192984342575,0.2679259181022644 
-0.9048588275909424,-0.10522671043872833,-0.280219703912735 
-0.08737078309059143,0.28575122356414795,-0.1655942052602768 
0.6709870100021362,0.15242353081703186,-0.3105291426181793 
0.8597263693809509,0.1534140408039093,-0.19929541647434235 
-0.9079293608665466,0.07674892991781235,0.12430264800786972 
-0.7784703373908997,-0.056355174630880356,-0.057762112468481064 
-0.2998143434524536,0.1162460595369339,0.46471530199050903 
0.6170525550842285,-0.12548254430294037,0.2709965109825134 
0.8597263693809509,-0.03381127119064331,0.19502472877502441 
0.10129643231630325,-0.18583402037620544,-0.30042600631713867 
-0.11106789857149124,-0.18583402037620544,0.16471527516841888 
-0.46497541666030884,-0.09514336287975311,0.24336139857769012 
-0.8491923809051514,-0.12546272575855255,0.24643196165561676 
0.02042168378829956,0.15242353081703186,-0.27011650800704956 
-0.1480887532234192,1.0534141063690186,0.4141995310783386 
-0.5661060214042664,-0.03381127119064331,0.22533418238162994 
-0.7582640051841736,-0.03381127119064331,-0.29032284021377563 
-0.611693263053894,0.30597734451293945,-0.04579111933708191 
0.22263333201408386,0.1534140408039093,0.10409635305404663 
-0.9048588275909424,-0.09511364251375198,0.10409635305404663 
0.7686988711357117,0.1534140408039093,-0.17908911406993866 
0.7383894920349121,-0.05536466836929321,-0.1891922652721405 
-0.9294232726097107,0.005997121334075928,-0.6981945633888245 
-0.1751055121421814,-0.776028037071228,0.845441460609436 
-0.1278824508190155,-0.14965654909610748,0.302906334400177 
-0.16500234603881836,-0.6583758592605591,-0.05775222182273865 
-0.1716868132352829,0.15034346282482147,-0.08810129016637802 
-0.818882942199707,0.1530178189277649,0.2355363965034485 
0.343030720949173,-0.075095534324646,-0.11843055486679077 
0.677671492099762,0.1530178189277649,-0.2600133717060089 
-0.7076491713523865,0.056542616337537766,0.2709965109825134 
-0.35374167561531067,-0.056355174630880356,-0.19929541647434235 
-0.05418317764997482,0.1257789433002472,-0.17809860408306122 
-0.9079293608665466,-0.12545281648635864,-0.007177012041211128 
-0.26947519183158875,0.13873052597045898,0.10070459544658661 
0.14170904457569122,-0.16126948595046997,-0.057762112468481064 
1.7868661880493164,-1.1404109001159668,0.3972618579864502 
-0.19189311563968658,-0.15819893777370453,0.12430264800786972 
-0.891387939453125,-0.028472449630498886,-0.2600133717060089 
-0.20199628174304962,0.15242353081703186,-0.3543604612350464 
-0.6773397326469421,-0.03080013394355774,-0.15888281166553497 
0.7181831002235413,-0.03179064393043518,-0.29032284021377563 
-0.8964154720306396,-0.35470104217529297,0.5700060129165649 
-0.9079293608665466,-0.18613117933273315,0.20522694289684296 
-0.26948508620262146,-0.14965654909610748,0.4141004681587219 
1.1597263813018799,1.0450937747955322,-0.6393528580665588 
0.7181831002235413,-0.1457185596227646,0.2709965109825134 
0.4316059350967407,-0.4581989645957947,0.4748184084892273 
-0.5458996891975403,-0.21653969585895538,0.2709965109825134 
0.708079993724823,-0.058375805616378784,0.11419950425624847 
0.31366077065467834,-0.030800137668848038,0.06358467787504196 
0.09790468215942383,0.13873052597045898,-0.408317506313324 
-0.4851817190647125,-0.058375805616378784,0.002926143119111657 
-0.9005005955696106,-0.022955335676670074,0.016397014260292053 
0.8849842548370361,0.03634621948003769,0.16471527516841888 
-0.6975460052490234,-0.058375805616378784,0.002926143119111657 
1.200139045715332,-1.1265437602996826,1.1709965467453003 
1.2110345363616943,-0.14955750107765198,-0.5338640809059143 
0.9126193523406982,-0.024351947009563446,-0.24991023540496826 
-0.9051559567451477,-0.17602801322937012,-0.33915477991104126 
-0.8325038552284241,0.6059773564338684,0.013019382953643799 
0.909548819065094,-0.07489743083715439,-0.11842065304517746 
-1.129433274269104,-1.005226731300354,-1.1903228759765625 
0.4957156777381897,-0.030800137668848038,-0.0880814790725708 
-0.10425743460655212,-0.3041060268878937,0.5679259300231934 
-0.5053879618644714,-0.031136907637119293,-0.10834721475839615 
-0.2762361168861389,-0.6445850133895874,0.270006000995636 
0.3541724383831024,-0.03179064393043518,0.18492157757282257 
0.34397023916244507,0.1534140408039093,0.08379099518060684 
-0.606518566608429,-0.058375805616378784,-0.16898594796657562 
0.8833513259887695,0.15242353081703186,-0.17908912897109985 
0.6473620533943176,-0.03381127119064331,-0.07798823714256287 
-0.23250384628772736,-0.13559560477733612,0.073687843978405 
0.6473620533943176,-0.024361852556467056,0.2709965109825134 
-0.7885734438896179,0.12884950637817383,0.02314235270023346 
-0.20209532976150513,-0.18583402037620544,-0.21950171887874603 
0.2095586508512497,-0.05467131361365318,-0.21950171887874603 
-0.3200404644012451,0.13873052597045898,0.13101406395435333 
-0.5964154601097107,0.12884950637817383,-0.03752906620502472 
0.06085410341620445,-0.18613117933273315,0.2700059711933136 
-0.6672366261482239,-0.21653969585895538,0.24603575468063354 
0.7484925985336304,-0.004135735798627138,0.2709965109825134 
0.5395200252532959,-0.33140435814857483,-0.6391547918319702 
0.4653071165084839,0.1278589963912964,0.19502472877502441 
-0.5560028553009033,-0.03381127119064331,-0.29032284021377563 
0.2096577137708664,-0.1354866474866867,0.16471527516841888 
-0.23250384628772736,-0.03447491303086281,0.13440580666065216 
0.21262922883033752,-0.03447491303086281,0.2152310311794281 
-0.8390892744064331,0.1534140408039093,-0.1891922652721405 
-0.798676609992981,-0.03381127119064331,0.073687843978405 
0.43499767780303955,-0.10525642335414886,0.24336139857769012 
-0.34363853931427,-0.058375805616378784,-0.09819453954696655 
0.69797682762146,0.1534140408039093,-0.0375201515853405 
0.17211756110191345,-0.16126948595046997,0.08379099518060684 
-0.25706836581230164,0.07674892991781235,0.22533418238162994 
-0.3638448417186737,-0.058375805616378784,-0.29032284021377563 
-0.6368280649185181,0.12855234742164612,0.2354373335838318 
-0.5357965230941772,-0.08510954678058624,0.24336139857769012 
0.4451008141040802,-0.03381127119064331,-0.30042600631713867 
-0.5570683479309082,0.14417830109596252,-0.010529130697250366 
0.6844819188117981,0.4288495182991028,-0.4285436272621155 
0.7383894920349121,0.12884950637817383,0.06358467787504196 
0.609548807144165,-0.20304477214813232,0.37368786334991455 
0.34397023916244507,0.1534140408039093,0.144508957862854 
0.3035576343536377,0.15242353081703186,-0.2600133717060089 
0.8715133666992188,-0.060703493654727936,0.043378375470638275 
0.2510608434677124,-0.028472449630498886,0.17481841146945953 
0.47880202531814575,-0.14658597111701965,-0.28696081042289734 
-0.7642070651054382,0.1257789433002472,-0.0793452262878418 
0.03728574514389038,1.0524234771728516,-0.13528472185134888 
0.6334949731826782,0.1258779764175415,0.23197057843208313 
0.24283963441848755,0.14925391972064972,0.2564360499382019 
-0.13127420842647552,-0.15819893777370453,-0.30042600631713867 
0.8824089169502258,0.12092545628547668,-0.12954403460025787 
0.677671492099762,0.1280570924282074,-0.16898594796657562 
0.5968462824821472,-0.18613117933273315,0.2679259181022644 
-0.4407080411911011,0.1257789433002472,0.16877633333206177 
0.5341231822967529,-0.3041159510612488,-0.38809138536453247 
-0.44476914405822754,-0.05536466836929321,-0.29032284021377563 
-0.6672366261482239,-0.03381127119064331,0.05347162485122681 
-0.1784972846508026,-0.4612694978713989,0.3029162585735321 
0.7394549250602722,1.0259771347045898,0.3213198482990265 
-1.2166218757629395,0.15034346282482147,-0.3105291724205017 
-0.808779776096344,-0.030800137668848038,-0.3307354748249054 
-0.23072093725204468,0.10289826989173889,0.26861926913261414 
0.708079993724823,0.0868520736694336,0.24643196165561676 
-0.8694977760314941,-0.17602801322937012,0.24336139857769012 
-0.18178997933864594,-0.18296155333518982,-0.29032284021377563 
0.5631450414657593,0.4288495182991028,-0.010529130697250366 
-0.13127420842647552,0.7534140348434448,-0.6071869134902954 
0.43499767780303955,0.15242353081703186,-0.27011653780937195 
-0.6294233202934265,-0.19284257292747498,0.01978030800819397 
-0.20880672335624695,0.11723655462265015,0.2017955631017685 
-0.2931227684020996,-0.12548254430294037,0.2709965109825134 
0.6069493889808655,-0.058375805616378784,-0.17908911406993866 
0.9126193523406982,-0.004135735798627138,-0.15888281166553497 
0.9126193523406982,-0.04458004981279373,-0.19929541647434235 
0.6372588872909546,0.1534140408039093,0.03326531499624252 
0.515921950340271,0.12884950637817383,-0.15888281166553497 
-0.8897040486335754,0.12884950637817383,0.22533418238162994 
0.3608244061470032,-0.4829615652561188,0.333255410194397 
0.4451008141040802,-0.05569153651595116,-0.16898594796657562 
-0.63160240650177,0.05968821048736572,-0.893716037273407 
-0.25706836581230164,-0.10524651408195496,-0.0071968212723731995 
-0.7784703373908997,-0.030800137668848038,-0.15888281166553497 
0.26314499974250793,-0.058365900069475174,-0.03752609342336655 
-0.08737078309059143,-0.35470104217529297,0.302906334400177 
-0.829433262348175,0.06664577126502991,0.6029360294342041 
0.8876585960388184,0.06664577126502991,0.03325541317462921 
-0.7976861596107483,0.1257789433002472,0.07883846759796143 
-1.5324938297271729,0.5149697065353394,-0.3847689926624298 
-0.818882942199707,0.07674892991781235,0.2709965109825134 
-1.1694977283477783,-0.1543118953704834,-0.6457911729812622 
-0.2501348555088043,-0.17493847012519836,0.2084956020116806 
-0.9274422526359558,-0.446982204914093,0.144508957862854 
0.5103751420974731,0.1258779764175415,0.7387640476226807 
-0.39187613129615784,0.1258779764175415,-0.005295053124427795 
0.09119328111410141,0.1534140408039093,0.043378375470638275 
-0.606518566608429,-0.03381127119064331,-0.3105291426181793 
0.3541724383831024,-0.196234330534935,0.24603575468063354 
0.4215027391910553,-0.14965654909610748,-0.46898597478866577 
0.31366077065467834,-0.058375805616378784,-0.32063233852386475 
-0.33014363050460815,1.0288496017456055,-0.6004260182380676 
0.18747040629386902,0.1258779764175415,0.2202826291322708 
-0.7581649422645569,0.1529187560081482,0.26376575231552124 
-0.25706836581230164,-0.08502039313316345,0.16471527516841888 
-0.5998072028160095,0.4503434896469116,-0.24652838706970215 
-0.7582640051841736,-0.058375805616378784,-0.0071869175881147385 
0.7990083694458008,0.07674892991781235,0.24336139857769012 
0.6126193404197693,0.09366253018379211,0.10070459544658661 
0.7686988711357117,-0.058375805616378784,0.19502472877502441 
-0.2956980764865875,0.1257789433002472,-0.29319530725479126 
0.7754102945327759,-0.16283026337623596,-0.04598924517631531 
0.9001390337944031,-0.2425900101661682,-0.30042600631713867 
0.02376389503479004,-0.19294163584709167,0.5459367036819458 
-0.4851817190647125,-0.6337122321128845,0.2355363965034485 
-0.6975460052490234,-0.037338461726903915,-0.33836236596107483 
0.5900290012359619,0.44110774993896484,0.10399730503559113 
-0.20209532976150513,0.15034346282482147,-0.3105291426181793 
-0.44476914405822754,-0.196234330534935,0.24336139857769012 
-0.22902294993400574,0.05949009954929352,-0.03108358383178711 
-0.7480617761611938,-0.03179064393043518,0.15461212396621704 
-0.2930237352848053,-0.030800137668848038,0.11419950425624847 
0.2866440415382385,-0.14935939013957977,-0.044008225202560425 
0.2732481360435486,-0.0369422622025013,-0.34598925709724426 
-0.37394800782203674,-0.196234330534935,0.2679259181022644 
0.6675683259963989,-0.4465859830379486,0.15461212396621704 
-1.819122076034546,-0.2838898301124573,0.5660439729690552 
-0.5223016738891602,0.45341402292251587,-0.42853373289108276 
-0.7481608390808105,-0.03309811279177666,0.24217279255390167 
0.2833513021469116,-0.03381127119064331,-0.19929541647434235 
0.26963138580322266,0.5857710242271423,0.24583762884140015 
0.8715133666992188,-0.060703493654727936,-0.3105291426181793 
-0.8256933689117432,-0.14965654909610748,0.2220117747783661 
-0.2863122820854187,-0.14658597111701965,-0.22631216049194336 
0.5758475661277771,0.1257789433002472,0.20453357696533203 
0.24625834822654724,-0.12548255920410156,0.2709965109825134 
-0.606518566608429,0.09705428779125214,0.2679259181022644 
0.23412318527698517,-0.0951334536075592,0.22543324530124664 
-0.8356974720954895,-0.14658597111701965,0.11080774664878845 
-0.808779776096344,0.1534140408039093,-0.0880814790725708 
-0.4750785827636719,0.1283542513847351,-0.14877964556217194 
-0.05036972835659981,-0.15918941795825958,0.2355363965034485 
0.8294169306755066,-0.17602801322937012,0.24336139857769012 
-0.9055521488189697,-0.196234330534935,-0.19929541647434235 
0.515921950340271,0.15034346282482147,-0.2093985676765442 
0.909548819065094,-0.15582171082496643,0.05349143221974373 
-0.8390892744064331,-0.056355174630880356,-0.08809138834476471 
0.7383894920349121,0.12884950637817383,0.18492157757282257 
0.3540733754634857,-0.058375805616378784,-0.280219703912735 
-0.6571334004402161,0.1534140408039093,-0.15888281166553497 
-0.5762091279029846,-0.031136907637119293,0.17481841146945953 
-0.12117104977369308,-0.18583402037620544,-0.14877964556217194 
0.974378764629364,0.15242353081703186,0.27936768531799316 
0.8091115355491638,-0.03381127119064331,-0.0071968212723731995 
0.01366075873374939,-0.29402267932891846,0.5709965229034424 
-0.10093502700328827,-0.16126948595046997,-0.04764905944466591 
0.3743787407875061,-0.030800137668848038,0.01303920242935419 
-0.060482800006866455,-0.18375396728515625,-0.2093985676765442 
-0.3133291006088257,0.15034346282482147,0.0029063320253044367 
0.0204117763787508,0.1278589963912964,-0.12854361534118652 
-0.7177523970603943,0.1530178189277649,0.20522694289684296 
0.24625834822654724,-0.03080013394355774,-0.506105899810791 
0.5260251760482788,0.03633630648255348,0.24643196165561676 
-0.23012661933898926,0.0868520736694336,-0.057801734656095505 
-0.3267518877983093,0.5452989935874939,-0.3299940526485443 
0.677671492099762,-0.05536466836929321,-0.11843056976795197 
1.1091115474700928,0.2149697095155716,0.5709965229034424 
-0.1237463653087616,0.12716564536094666,0.228800967335701 
0.4856124818325043,0.1534140408039093,-0.0880814790725708 
-0.8897040486335754,-0.03381127119064331,0.144508957862854 
-0.043638527393341064,-0.33381128311157227,0.44450896978378296 
-0.39415431022644043,0.15034346282482147,0.08379099518060684 
0.5765409469604492,-0.058375805616378784,-0.09819453954696655 
0.8395200371742249,-0.058375805616378784,0.08379099518060684 
0.6001389622688293,0.05741003155708313,-0.377968430519104 
-0.25706836581230164,-0.004125832114368677,-0.1891922652721405 
0.7383894920349121,-0.030800137668848038,-0.027413032948970795 
-0.390441358089447,0.01611018180847168,-0.30042600631713867 
-0.9079293608665466,-0.004106021020561457,-0.16898594796657562 
0.12150273472070694,-0.15819893777370453,-0.19929541647434235 
0.6675683259963989,-0.058375805616378784,-0.29032284021377563 
-0.6773397326469421,0.15034346282482147,0.01301939133554697 
0.8850832581520081,-0.014050694182515144,0.02316216379404068 
-0.12117104977369308,0.1280570924282074,0.16471527516841888 
0.3709629476070404,-0.1822682023048401,-0.3443053960800171 
-0.8323537707328796,-0.06391272693872452,0.23454587161540985 
-0.606518566608429,0.1529187709093094,0.17481841146945953 
0.323763906955719,0.1283542513847351,0.18492157757282257 
-1.231602430343628,-0.14896318316459656,-0.28697067499160767 
0.24244342744350433,-0.06621070206165314,-0.27011653780937195 
-0.2728174328804016,0.15242353081703186,0.8153300881385803 
-0.03322408348321915,0.12686848640441895,0.18155387043952942 
-0.5964154601097107,-0.030800137668848038,-0.037525102496147156 
0.6675683259963989,-0.058375805616378784,0.002926143119111657 
0.782220721244812,-0.4711505174636841,-0.17908911406993866 
0.1939086765050888,0.1258779764175415,-0.03611264377832413 
-0.27123260498046875,0.1258779764175415,-0.16759924590587616 
-0.36027902364730835,0.1257789433002472,0.21889589726924896 
0.7990083694458008,0.15034346282482147,-0.29032284021377563 
-1.2294232845306396,0.18465036153793335,0.1209108978509903 
0.33386707305908203,-0.030800137668848038,-0.1891922652721405 
0.6126193404197693,-0.3445800542831421,-0.054360464215278625 
-0.2728174030780792,0.1534140408039093,-0.21950171887874603 
-0.6672366261482239,-0.05536466836929321,0.22533418238162994 
-0.3402665853500366,-0.4612694978713989,-0.30719682574272156 
0.41585686802864075,-0.17412203550338745,0.8164253830909729 
-0.7076491713523865,-0.11536947637796402,0.24336139857769012 
0.5766399502754211,0.1534140408039093,0.002926143119111657 
0.23412318527698517,0.04643946886062622,-0.17908911406993866 
0.237193763256073,0.06664577126502991,0.02314235270023346 
-0.9048588275909424,0.006007038056850433,0.20522694289684296 
0.14973214268684387,0.1257789433002472,0.1626352071762085 
-0.8491923809051514,0.1534140408039093,-0.1285337209701538 
-0.23250384628772736,-0.06481409072875977,-0.027432844042778015 
0.6126193404197693,-0.29402267932891846,0.4141004681587219 
-0.5694977641105652,-0.223251074552536,-0.029003500938415527 
-0.04025667905807495,-0.18583402037620544,0.6736878752708435 
-0.2829205393791199,-0.056355174630880356,-0.21960076689720154 
-0.22943326830863953,-0.024332137778401375,0.06358467787504196 
0.4248945116996765,0.1534140408039093,-0.07796842604875565 
-0.5053879618644714,0.1534140408039093,0.002926143119111657 
-0.7481608390808105,0.15034346282482147,-0.19929541647434235 
-0.7346659898757935,-0.14965654909610748,-0.08476898074150085 
-0.9294233322143555,-0.10523661226034164,-0.0880814790725708 
-0.009931355714797974,0.15034346282482147,-0.8297039866447449 
0.38448190689086914,-0.05467131361365318,0.2679259181022644 
-0.9324938654899597,0.09695523977279663,-0.10831750184297562 
0.34397023916244507,-0.030800137668848038,-0.0880814790725708 
-0.5762091279029846,-0.058375805616378784,0.043368469923734665 
0.4856124818325043,-0.03444519639015198,0.2679259181022644 
0.8849842548370361,0.026233159005641937,-0.1285238116979599 
0.017079472541809082,-0.3041060268878937,0.5679259300231934 
-0.7177523970603943,-0.05618678778409958,0.073687843978405 
-0.808779776096344,-0.05618678778409958,0.15461212396621704 
-0.6166217923164368,-0.1457185596227646,0.24336139857769012 
0.697877824306488,-0.18613117933273315,0.24336139857769012 
0.09119328111410141,0.15034346282482147,-0.2093985676765442 
0.8125302195549011,0.15034347772598267,0.38039925694465637 
-0.6975460052490234,0.15034346282482147,0.13440580666065216 
-0.050359826534986496,0.15242353081703186,0.06358467787504196 
0.6675683259963989,-0.03381127119064331,0.2152310311794281 
-1.199906349182129,-0.5350621342658997,-0.06535506248474121 
0.20698334276676178,-0.14651095867156982,-0.23980708420276642 
0.7686988711357117,-0.21653969585895538,0.27079838514328003 
-0.8570683598518372,-0.12547263503074646,-0.7184305787086487 
0.5665367841720581,0.1281561553478241,-0.30042600631713867 
0.9675683379173279,0.267654687166214,-0.6442063450813293 
0.8400152921676636,0.1257789433002472,0.15510736405849457 
0.04399716854095459,0.15034346282482147,0.6332455277442932 
-0.4312742352485657,0.10366663336753845,0.5457386374473572 
-0.25602978467941284,0.15034347772598267,0.5624600648880005 
0.6170525550842285,0.12884950637817383,0.073687843978405 
0.4451008141040802,0.12736374139785767,0.2709965109825134 
0.1586226522922516,-0.4581989645957947,-0.1655942052602768 
0.1822207272052765,-0.23407164216041565,0.263963907957077 
-0.5053879618644714,-0.05536466836929321,-0.16898594796657562 
-0.6166217923164368,-0.03381127119064331,0.073687843978405 
0.033867061138153076,0.24162417650222778,0.3029261529445648 
-0.4042574465274811,-0.058375805616378784,0.06358467787504196 
-0.7379586696624756,-0.030800137668848038,-0.1083076000213623 
0.4856124818325043,-0.030800137668848038,-0.27011653780937195 
-0.8491923809051514,-0.030800137668848038,-0.14877964556217194 
-0.46497541666030884,0.1278589963912964,-0.24991023540496826 
0.2529427707195282,0.15034346282482147,-0.11844047158956528 
0.6122230887413025,0.16441433131694794,0.2422577142715454 
0.9126193523406982,0.11726058274507523,0.22533418238162994 
-0.06320245563983917,-0.28394925594329834,0.3837909996509552 
0.22263333201408386,0.15034346282482147,0.19502472877502441 
0.2370947152376175,0.10695933550596237,0.11419950425624847 
0.6975806355476379,0.1257789433002472,0.09359699487686157 
0.5563345551490784,-0.05569153651595116,0.16471527516841888 
0.1822207272052765,0.15034346282482147,-0.3105291426181793 
-0.9058493375778198,-0.196234330534935,-0.06787516921758652 
0.006976276636123657,0.26618874073028564,0.01978030800819397 
-0.07059584558010101,0.12884950637817383,-0.09820444881916046 
-0.4851817190647125,0.1534140408039093,0.08379099518060684 
0.24214628338813782,-0.022945431992411613,0.026510069146752357 
-0.34363853931427,-0.05832628160715103,0.22523514926433563 
0.8489298224449158,0.1257789433002472,-0.0484018437564373 
-0.9048588275909424,-0.20633748173713684,-0.01729007065296173 
0.14832140505313873,-0.17422106862068176,-0.3446270227432251 
-0.35374167561531067,0.09695523977279663,0.2709965109825134 
0.8849842548370361,0.11468527466058731,0.17481841146945953 
0.41139960289001465,0.10376568138599396,-0.029994040727615356 
0.5947661995887756,0.1257789433002472,0.1423298567533493 
0.5327364802360535,0.7138688564300537,-0.02999401092529297 
0.9126193523406982,-0.12547263503074646,-0.21960076689720154 
0.2095586657524109,-0.08501049876213074,-0.46559423208236694 
-0.7076491713523865,-0.056355174630880356,-0.19929541647434235 
0.909548819065094,-0.10523661226034164,-0.29032284021377563 
-0.0705859437584877,-0.15819893777370453,-0.32063233852386475 
0.7181831002235413,-0.04458598792552948,0.2709965109825134 
-0.7851817607879639,0.10376568138599396,-0.029399722814559937 
-0.2795528471469879,-0.23407164216041565,0.24880915880203247 
1.1869652271270752,-0.30075812339782715,-1.244206428527832 
0.8058187961578369,-0.5351611971855164,-0.05634148418903351 
-0.49528488516807556,-0.05536466836929321,0.08379099518060684 
-0.25706836581230164,0.016100285574793816,-0.12854361534118652 
0.8880547881126404,-0.07488752901554108,-0.16898594796657562 
0.48222073912620544,0.13873052597045898,0.29280319809913635 
-0.09082197397947311,0.12884950637817383,-0.017309879884123802 
0.21262922883033752,0.056542616337537766,0.19502472877502441 
-0.06280624866485596,0.2149796187877655,0.34335857629776 
-0.25706836581230164,-0.08502040058374405,0.073687843978405 
-0.4110679030418396,-0.4858340620994568,0.31303921341896057 
-0.25706836581230164,-0.13558568060398102,0.15461212396621704 
0.5664377212524414,-0.03381127119064331,-0.29032284021377563 
0.8496232032775879,0.1534140408039093,0.05349143221974373 
-0.19189311563968658,-0.18573497235774994,0.22513608634471893 
0.909548819065094,0.09695523977279663,-0.30042600631713867 
-0.9051559567451477,-0.11536947637796402,0.16471527516841888 
0.8880547881126404,-0.11533976346254349,0.12430264800786972 
0.5765409469604492,-0.03381127119064331,0.013029295019805431 
0.37338823080062866,0.1260760873556137,0.23434780538082123 
0.08780153095722198,0.4288495182991028,-0.2566414475440979 
0.5361282825469971,-0.05536466836929321,0.11410044878721237 
0.7080078721046448,0.4503434896469116,-0.15549105405807495 
-0.08533456921577454,0.1260760873556137,-0.2602114975452423 
-0.27093544602394104,-0.06069358438253403,-0.0678652673959732 
0.8715133666992188,-0.06069358438253403,-0.027403129264712334 
-0.6368280649185181,-0.03179064393043518,0.12430264800786972 
0.8597263693809509,-0.45401477813720703,0.27069932222366333 
0.023715823888778687,-0.16897138953208923,-0.04331487417221069 
0.7788020372390747,-0.03179064393043518,-0.29032284021377563 
0.8006922602653503,0.1257789433002472,0.12588746845722198 
-0.16158366203308105,-0.15819893777370453,-0.027413032948970795 
0.6329997181892395,-0.06008937954902649,0.240389883518219 
-0.39415431022644043,-0.125502347946167,0.24573861062526703 
0.7991074323654175,0.1534140408039093,0.2153300791978836 
0.8163422346115112,0.1257789433002472,-0.19216378033161163 
0.05076086148619652,0.15242353081703186,-0.17908911406993866 
0.7788020372390747,0.137367844581604,0.2709965109825134 
-0.8897040486335754,0.12884950637817383,-0.10831750184297562 
0.4012964367866516,-0.17115050554275513,0.5051279067993164 
-0.7052720189094543,0.12627418339252472,0.058909498155117035 
0.4653071165084839,-0.03184016793966293,0.22523514926433563 
-0.030133724212646484,0.15242353081703186,0.2355363965034485 
-0.27776992321014404,0.1258779764175415,0.08884256333112717 
-0.09082197397947311,-0.16126948595046997,0.12430264800786972 
0.8563345670700073,-0.49623435735702515,-0.05455857515335083 
0.8849842548370361,0.11468527466058731,-0.2093985676765442 
-0.30312687158584595,-0.058375805616378784,-0.1386764943599701 
-0.771686851978302,0.7288495302200317,0.4613235294818878 
0.3540733754634857,-0.030800137668848038,-0.23980708420276642 
1.209548830986023,0.10376568138599396,-0.40830761194229126 
-0.25706836581230164,0.07674892991781235,-0.22970393300056458 
-0.808779776096344,-0.12548254430294037,0.2709965109825134 
0.6170525550842285,0.06664577126502991,0.2679259181022644 
-0.30312687158584595,0.1284533143043518,0.24544143676757812 
