0.2780001759529114,0.11966770142316818,0.4328386187553406 
-0.055202871561050415,-0.6593526601791382,-1.3088045120239258 
-0.023129642009735107,-0.17490249872207642,0.016103148460388184 
-0.48718684911727905,-0.35994505882263184,-0.06490534543991089 
-0.09954193234443665,0.4242627024650574,0.2619694471359253 
0.35569584369659424,0.010745614767074585,-0.8534899353981018 
0.17039111256599426,0.7267308235168457,0.21949627995491028 
0.6262147426605225,0.0017222762107849121,-0.7784048914909363 
-0.028559446334838867,0.4402812719345093,0.7101321220397949 
-0.3446076512336731,-0.6356589794158936,0.42716753482818604 
-0.04070033133029938,-0.17264388501644135,0.07555683702230453 
-0.2068329006433487,-0.48698076605796814,-0.26898956298828125 
-0.004187299404293299,0.45909035205841064,0.5817142128944397 
0.16752810776233673,-0.3186565339565277,-0.4988188147544861 
-0.24849438667297363,0.6188255548477173,0.17467562854290009 
1.002392292022705,0.10412299633026123,0.579443633556366 
-0.3995968699455261,-0.021936357021331787,-0.3867233395576477 
-0.181954488158226,-0.1616855263710022,-0.49822643399238586 
0.010887839831411839,-0.34146174788475037,0.4110206365585327 
0.04157616198062897,0.3599715530872345,0.22008861601352692 
0.22409690916538239,0.08480829000473022,0.07851853966712952 
0.07273125648498535,-0.17637348175048828,-0.22937938570976257 
0.25420770049095154,0.12488032877445221,-0.5580530762672424 
-0.37096691131591797,-1.259352684020996,-0.5051371455192566 
-0.030719339847564697,-0.01332324743270874,0.45623618364334106 
0.34513241052627563,0.43618637323379517,0.35672250390052795 
0.08376088738441467,-0.3563690483570099,-0.1849755197763443 
0.048247724771499634,-0.46978092193603516,0.11611045897006989 
-0.31325727701187134,0.4057794213294983,0.571052074432373 
-0.22568915784358978,0.11850275844335556,-0.6210389733314514 
-0.033740296959877014,-0.6015004515647888,-0.04599598050117493 
-0.055173251777887344,0.7264346480369568,0.4238547384738922 
-0.14710494875907898,-0.43534818291664124,-0.5554863214492798 
-0.24227477610111237,0.34930935502052307,0.2424989491701126 
0.11244017630815506,-0.12081383913755417,-0.32239919900894165 
-0.08370229601860046,0.15973755717277527,-0.371235728263855 
-0.00951346755027771,-0.42557448148727417,0.7582874894142151 
0.06447023898363113,0.19984138011932373,0.5755934119224548 
-0.23289601504802704,-0.659846305847168,-0.4638705253601074 
0.14837567508220673,0.6874387264251709,0.5820104479789734 
0.4067360758781433,0.7171545624732971,0.32700657844543457 
-0.039713092148303986,0.12306379526853561,0.24585555493831635 
0.2958097457885742,-0.23011580109596252,0.27837303280830383 
0.24719828367233276,0.3914644420146942,0.5775678157806396 
0.08078929781913757,-0.1455935388803482,0.28672727942466736 
0.16654086112976074,-0.10649888217449188,-0.6141282916069031 
-0.6506736278533936,0.22049659490585327,0.0650152862071991 
-0.2885672152042389,-0.35431772470474243,0.05504417419433594 
-0.19468986988067627,0.619220495223999,0.5824052691459656 
0.28834426403045654,0.03445693850517273,-0.33328068256378174 
0.1029626801609993,-0.5142285227775574,-0.6283445358276367 
0.5061291456222534,-0.19369396567344666,-0.05300357937812805 
-0.24859309196472168,-0.6402989625930786,-0.10876068472862244 
-0.6270073652267456,0.6040170192718506,0.8060698509216309 
-0.1718846559524536,0.13472309708595276,0.5653260946273804 
0.2633890211582184,0.2534484565258026,0.25849223136901855 
-0.27949368953704834,0.725842297077179,0.360868901014328 
-0.02627677097916603,-0.11311337351799011,-0.13603809475898743 
-0.008869588375091553,-0.3874451816082001,-0.13760995864868164 
0.20533937215805054,0.10912398248910904,-0.13345153629779816 
-0.19508476555347443,0.04875432699918747,-0.13308626413345337 
-0.01937812566757202,0.3091561794281006,-0.7601190209388733 
-0.07575718313455582,-0.3568626642227173,-0.05529182031750679 
-0.08370229601860046,0.8279008865356445,-0.07694967091083527 
-0.08052555471658707,-0.02235649712383747,-0.6068227291107178 
0.17888136208057404,-0.6053506731987,0.013400266878306866 
-0.18698939681053162,-0.3027620017528534,-0.35991427302360535 
-0.06395752727985382,0.42032915353775024,-0.05991426110267639 
0.06605968624353409,-0.5456227660179138,-0.20175859332084656 
-0.8056482672691345,-0.04765942692756653,-0.31963497400283813 
0.1636778861284256,0.09553957730531693,0.2803102135658264 
0.09358391910791397,-0.040748756378889084,0.12768305838108063 
0.23238971829414368,0.725941002368927,0.3958171606063843 
-0.4851136803627014,-0.4034384489059448,0.2764972746372223 
-0.07476995140314102,-0.05950630083680153,0.23864872753620148 
0.38055238127708435,-0.003058135509490967,0.3285938799381256 
-0.22859936952590942,-0.1767091453075409,-0.3478918671607971 
-0.22233255207538605,0.14187070727348328,0.2553330659866333 
0.66073077917099,0.24310433864593506,0.8013530373573303 
-0.3418871760368347,0.32966330647468567,0.41013213992118835 
0.009325040504336357,-0.11893809586763382,-0.4700901508331299 
0.2794809937477112,-0.15181314945220947,-0.24588817358016968 
-0.19488731026649475,-0.6059430837631226,0.05916866660118103 
-0.05954672023653984,-0.4938914477825165,0.32917851209640503 
-0.10327153652906418,0.3143610954284668,0.5784564018249512 
0.19309760630130768,-0.28854575753211975,-0.32891497015953064 
-0.6596553325653076,-0.17669156193733215,0.9852537512779236 
-0.10672686994075775,-0.2760078012943268,-0.20649732649326324 
0.16434703767299652,1.0264346599578857,0.5637245774269104 
-0.6875941753387451,0.7247322797775269,-0.7249953150749207 
0.024301648139953613,0.5253121256828308,0.2616732716560364 
-0.02717730402946472,0.5305445194244385,0.25298553705215454 
-0.3194253444671631,0.4027408957481384,0.29356110095977783 
-0.040307581424713135,0.26720839738845825,0.07899025082588196 
-0.09547234326601028,0.4516860246658325,0.21683074533939362 
-0.01121150515973568,-0.2871636152267456,0.2573075294494629 
0.06448011100292206,0.11966770142316818,0.4328386187553406 
-0.04980267211794853,-0.13483263552188873,-0.3071957230567932 
-0.1408853381872177,0.10896603018045425,0.4084538221359253 
-0.4028547406196594,0.03164547681808472,-0.09152781963348389 
-0.15737223625183105,-0.5903447270393372,-0.5984312295913696 
0.008604556322097778,-0.3070641756057739,-0.3918887972831726 
-0.22027692198753357,0.4262526035308838,-0.16461649537086487 
-0.2003171294927597,0.12350805103778839,-0.4638705253601074 
-0.09675575792789459,0.024152332916855812,0.10507527738809586 
-0.06454215198755264,-0.4485771954059601,-0.21064375340938568 
-0.2488892823457718,-0.647209644317627,-0.30699825286865234 
0.133468359708786,-0.003569335211068392,-0.04753902927041054 
-0.35412895679473877,0.5734125971794128,0.5488392114639282 
-0.07143308222293854,-0.5705012083053589,0.15068572759628296 
-0.10564091056585312,0.27348941564559937,0.22680185735225677 
-0.04816168546676636,-0.3592539429664612,-0.6273354291915894 
0.07972308248281479,-0.4103710353374481,0.28791195154190063 
-0.44471368193626404,-0.6599450707435608,-0.048681676387786865 
0.17118088901042938,0.5277034640312195,0.5826027989387512 
-0.19913244247436523,-0.5099834203720093,-0.42082691192626953 
0.3437502682209015,0.29135844111442566,0.4253356158733368 
0.08160870522260666,0.725941002368927,0.3425062596797943 
-0.17188464105129242,0.45909035205841064,0.5814180970191956 
-0.045123159885406494,-0.4967544674873352,-0.6503599882125854 
0.08085840195417404,-0.22931140661239624,-0.10517700761556625 
0.07286176085472107,-0.5553964376449585,0.11247958242893219 
-0.1035677120089531,-0.5905421376228333,-0.1831984966993332 
0.09545966237783432,-0.01378726214170456,0.3565250635147095 
0.18440990149974823,-0.05002880468964577,-0.1862589418888092 
0.07174402475357056,0.23851923644542694,-0.8981350064277649 
-0.3285594582557678,0.7135863304138184,-0.7324643135070801 
0.18411372601985931,-0.463978111743927,-0.497041791677475 
0.19546698033809662,0.0029859261121600866,-0.5034588575363159 
0.02145623229444027,-0.10590653866529465,-0.6805694699287415 
0.35520222783088684,0.581310510635376,0.32671043276786804 
0.913540780544281,0.7031359076499939,-0.38662463426589966 
-0.21917122602462769,-0.4970287084579468,-0.14911684393882751 
0.07499420642852783,-0.5627020001411438,0.2571100890636444 
0.6784100532531738,0.4730653166770935,-0.5925626754760742 
0.1797698736190796,-0.1753094345331192,-0.4843063950538635 
0.09531158208847046,-0.36890697479248047,-0.6128448843955994 
0.1175738200545311,0.2380475252866745,0.22976356744766235 
-0.2008107453584671,0.725941002368927,0.486741840839386 
-0.663782000541687,-0.31401652097702026,0.6829611659049988 
0.8092883229255676,0.14040958881378174,-0.03309434652328491 
0.6141111850738525,-0.46358317136764526,-0.02471703290939331 
0.47866201400756836,0.5837939977645874,-0.7431604266166687 
0.1102682501077652,0.3523698151111603,0.5804308652877808 
-0.14434069395065308,-0.29308703541755676,-0.5362351536750793 
-0.3997393846511841,0.6895118951797485,0.42523688077926636 
-0.34800809621810913,0.6942506432533264,0.2422027885913849 
0.23890548944473267,0.3904772400856018,0.2366742342710495 
0.2778027057647705,0.6345226764678955,0.5801346898078918 
0.23071140050888062,-0.010381288826465607,-0.3145012855529785 
0.322425901889801,0.04683908075094223,-0.4684118330478668 
-0.2798886001110077,0.5012454390525818,0.2495083212852478 
0.03163465857505798,0.726829469203949,0.8081430792808533 
-0.1466113179922104,-0.08408855646848679,-0.19247855246067047 
-0.034243788570165634,0.11590632051229477,0.5397565960884094 
0.3393076956272125,0.11752539873123169,-0.17381972074508667 
-0.24000413715839386,-0.16553576290607452,-0.3773884177207947 
-0.11845310032367706,-0.5280280113220215,-0.49356451630592346 
-0.2873916029930115,-0.050127532333135605,-0.091118723154068 
-0.004328280687332153,-0.18105299770832062,-0.3362104892730713 
0.19586187601089478,-0.3972407579421997,-0.2529962956905365 
0.10809632390737534,-0.2347412109375,-0.5867817401885986 
0.06955451518297195,-0.2256586104631424,0.3900911808013916 
-0.09695320576429367,-0.1936720907688141,-0.059586308896541595 
0.3707019090652466,0.725941002368927,0.4522872269153595 
-0.19409751892089844,-0.026443663984537125,-0.4559726417064667 
-0.13160529732704163,0.1229749545454979,-0.04703356698155403 
0.08535034209489822,-0.0037766576278954744,-0.6237044930458069 
0.6875420212745667,-1.2028826475143433,-0.0857580304145813 
-0.00807979702949524,0.43704313039779663,0.6021282076835632 
0.39490681886672974,0.18969473242759705,-0.08514375984668732 
0.11056441813707352,0.12399180978536606,-0.02892266772687435 
-0.005951672792434692,0.5223504304885864,0.6054848432540894 
0.07553718239068985,0.725941002368927,0.4878278076648712 
-0.11620437353849411,-0.14243438839912415,-0.6026763319969177 
-0.8783090710639954,0.06333288550376892,0.5745722055435181 
0.08078929781913757,-0.11755595356225967,-0.19919176399707794 
0.24157103896141052,-0.1735324114561081,-0.36297470331192017 
-0.07068277895450592,-0.04440154507756233,-0.042882226407527924 
-0.0749673917889595,-0.18824225664138794,0.21890392899513245 
-0.4725538194179535,-0.06033986806869507,0.312000572681427 
-0.09326093643903732,0.016471613198518753,0.33381855487823486 
0.350068598985672,0.4210816025733948,1.108855962753296 
-0.3264862596988678,0.40844497084617615,0.3147648274898529 
-0.08857154846191406,-0.6026851534843445,0.28060635924339294 
-0.11186051368713379,0.4916253983974457,-0.4134226441383362 
0.055002614855766296,-0.6048570871353149,-0.6939959526062012 
-0.026782453060150146,0.24365288019180298,-0.058532118797302246 
-0.09831343591213226,0.5607540607452393,0.2760869860649109 
-0.9507723450660706,-0.1483139991760254,0.46324554085731506 
-0.31730493903160095,-0.4835013747215271,-0.40680813789367676 
-0.16359184682369232,0.04292961582541466,-0.5505501627922058 
-0.07293368875980377,-0.3692031800746918,-0.6219274997711182 
-0.22519555687904358,0.07276397943496704,-0.32713791728019714 
0.032227009534835815,-0.11133634299039841,0.4346156418323517 
0.23275282979011536,-0.09497007727622986,0.5645143985748291 
-0.047273188829422,0.2733786404132843,-0.3024788498878479 
-0.1564837247133255,0.5584065914154053,0.2147575169801712 
-0.05862642824649811,0.42594099044799805,0.21724754571914673 
-0.08043669909238815,0.5963165760040283,0.583096444606781 
0.18391627073287964,-0.510279655456543,-0.22821658849716187 
0.0791504755616188,-0.3719674348831177,-0.07057427614927292 
-0.13812106847763062,0.09958726167678833,0.18188247084617615 
-0.21403975784778595,0.34753233194351196,0.5785550475120544 
-0.21552060544490814,-0.5901471972465515,-0.21054501831531525 
-0.019760994240641594,-0.28578147292137146,-0.1266593337059021 
0.09661473333835602,-0.029109209775924683,0.2422027885913849 
-0.893413782119751,0.12146447598934174,0.5383744835853577 
0.3732249140739441,0.7199441194534302,-0.22160208225250244 
-0.0072625488974153996,-0.0899132639169693,0.15058700740337372 
0.14235351979732513,0.08498599380254745,-0.5666421055793762 
0.5344629287719727,-0.1912807822227478,-0.5462830662727356 
-0.18027618527412415,0.007260672748088837,0.02924545668065548 
-0.18926005065441132,-0.22881779074668884,-0.26879212260246277 
-0.027036946266889572,0.12626245617866516,0.07437214255332947 
0.223603293299675,-0.5849148631095886,-0.4182600975036621 
0.34621837735176086,0.0013076208997517824,-0.36791089177131653 
-0.1582607477903366,-0.3724610507488251,-0.23196810483932495 
0.29577043652534485,0.49255773425102234,0.5776665806770325 
0.2530229687690735,-0.6541203260421753,0.5449352860450745 
-0.02121223509311676,0.05399853736162186,-0.6630953550338745 
0.023835478350520134,-0.2933832108974457,0.14920486509799957 
-0.07453300803899765,-0.2881508469581604,0.3628433644771576 
0.010981626808643341,-0.21203471720218658,-0.017125161364674568 
0.09711822867393494,0.687789797782898,-0.750071108341217 
-0.16921909153461456,0.725941002368927,0.373505562543869 
-0.2922290563583374,-0.12535513937473297,-0.2791581153869629 
0.23327822983264923,0.008682296611368656,-0.0015267855487763882 
0.08708788454532623,-0.0775727704167366,-0.5415662527084351 
0.15775443613529205,-0.0775727704167366,-0.43800488114356995 
-0.4812633991241455,-0.06495803594589233,-0.7507402896881104 
0.12527428567409515,0.6270196437835693,0.20735323429107666 
-0.0217453446239233,-0.5247920751571655,-0.12392467260360718 
-0.30141040682792664,0.6649296283721924,0.579542338848114 
-0.026266898959875107,-0.5050472021102905,0.07506320625543594 
0.5627945065498352,0.7262371778488159,0.31565335392951965 
0.17848646640777588,0.11883842200040817,0.38693198561668396 
-0.15668116509914398,-0.6023890376091003,-0.06290343403816223 
0.19368994235992432,-0.3951675295829773,-0.41253411769866943 
-0.36311283707618713,0.6315609216690063,0.3303632140159607 
-0.14394578337669373,0.11508136987686157,1.1939561367034912 
0.30366837978363037,0.4815993905067444,0.267179936170578 
-0.17048059403896332,0.23950646817684174,-0.4045593738555908 
0.18016476929187775,-0.561714768409729,-0.5426521897315979 
0.30909818410873413,-0.6866554021835327,0.43546032905578613 
-0.01987174153327942,0.42623716592788696,0.79039466381073 
0.026313453912734985,0.6039182543754578,0.5824052691459656 
0.3284480571746826,0.12235298752784729,-0.29495394229888916 
0.3227769732475281,0.6468292474746704,0.03878772258758545 
-0.31507161259651184,-0.37303149700164795,0.3456040024757385 
0.005565634462982416,0.2883967161178589,0.5785550475120544 
-0.10050726681947708,0.1074160635471344,-0.6165964007377625 
0.23584502935409546,-0.6588590741157532,0.7201800346374512 
-0.18708813190460205,0.24555054306983948,0.5756920576095581 
0.051703080534935,0.42673081159591675,0.5327252745628357 
0.029435276985168457,0.03736373782157898,0.6256244778633118 
-0.2336638867855072,-0.1784071922302246,0.552272617816925 
0.3155152201652527,-0.09238135814666748,-0.3333575427532196 
0.17759795486927032,0.1229749545454979,0.180500328540802 
-0.11057710647583008,-0.07599319517612457,-0.512146532535553 
0.32834935188293457,0.2304457724094391,0.34260496497154236 
0.05692773312330246,-0.553619384765625,0.010102890431880951 
-0.23348835110664368,0.017903108149766922,-0.23986601829528809 
-0.7926166653633118,0.6451805830001831,-1.285703182220459 
-0.04765049368143082,-0.4944837987422943,0.22670312225818634 
0.11786999553442001,0.11966770142316818,0.5243556499481201 
0.12999112904071808,-0.5140092372894287,0.160240039229393 
-0.24809949100017548,0.5277034640312195,0.5806282758712769 
0.029857635498046875,-0.4395933151245117,-0.15940605103969574 
-0.0270270723849535,0.11966770142316818,0.3870307207107544 
0.028799116611480713,0.21709614992141724,-0.19210556149482727 
-0.19567710161209106,-0.40434888005256653,-0.35714998841285706 
-0.009780008345842361,-0.40267056226730347,0.05906994268298149 
0.13968797028064728,0.031102493405342102,0.0603533498942852 
-0.08103891462087631,-0.5991311073303223,0.04378748685121536 
0.33792558312416077,0.3245296776294708,0.5485430359840393 
-0.05756237357854843,0.20744311809539795,0.5752972364425659 
0.2458161562681198,0.725941002368927,0.2860361635684967 
-0.08059465885162354,-0.09356605261564255,-0.6829388737678528 
-0.22492682933807373,-0.610956072807312,0.0026217997074127197 
-0.10591517388820648,-0.17713364958763123,-0.34374547004699707 
-0.1899511069059372,-0.562208354473114,-0.5059269666671753 
0.30406326055526733,-0.47753843665122986,1.1423234939575195 
-0.15135008096694946,-0.03824117034673691,-0.10087263584136963 
-0.12617547810077667,0.12599590420722961,0.08197388052940369 
-0.07277572900056839,0.6905978918075562,0.19076761603355408 
-0.05753275379538536,0.3599715530872345,0.22048351168632507 
0.15597742795944214,0.3292683959007263,-0.3730994462966919 
0.026374846696853638,0.4187100827693939,-0.7005885243415833 
0.23357439041137695,-0.09909457713365555,-0.5381109118461609 
-0.2481982260942459,0.11966770142316818,0.3565250635147095 
0.16575108468532562,-0.5952808856964111,-0.17648527026176453 
-0.10631006956100464,0.39643797278404236,-0.17295312881469727 
0.17372579872608185,0.39688223600387573,0.5880106687545776 
-0.22529427707195282,0.2526586651802063,0.24378235638141632 
0.37188658118247986,0.6129021644592285,0.4177338778972626 
0.3341027796268463,0.22538894414901733,0.2378271371126175 
0.23308078944683075,-0.5867906212806702,-0.26375719904899597 
0.6949759721755981,0.4666920304298401,0.5818129777908325 
-0.177906796336174,-0.24263913929462433,-0.43622785806655884 
-0.013807944022119045,-0.07994214445352554,-0.5657536387443542 
-0.3667656183242798,0.5969088673591614,0.45574259757995605 
0.3750019073486328,-1.2503688335418701,0.7468355298042297 
0.03246394917368889,-0.463978111743927,0.35267481207847595 
0.06425304710865021,0.02144729532301426,0.44053909182548523 
0.026303576305508614,0.20744311809539795,0.22798654437065125 
0.018405664712190628,-0.13868287205696106,-0.37501901388168335 
0.2880699932575226,0.5893071889877319,0.24091936647891998 
0.10335757583379745,-0.4558827579021454,-0.21913400292396545 
-0.1939987987279892,0.46688953042030334,0.22374141216278076 
-0.08096981048583984,-0.0662195235490799,0.39394140243530273 
-0.04984000325202942,0.13100890815258026,-0.45555579662323 
0.025958042591810226,-0.4337685704231262,-0.6456212401390076 
-0.33793824911117554,0.23794880509376526,0.4328386187553406 
-0.37189924716949463,0.7264346480369568,-0.2572963237762451 
0.3390115201473236,0.18858686089515686,0.452089786529541 
-0.1337772160768509,0.1768387109041214,0.23529210686683655 
-0.3431705832481384,0.039395302534103394,-0.35971683263778687 
-0.2189759463071823,-0.5666509866714478,-0.3447107970714569 
-0.05349494889378548,-0.4052374064922333,0.35899314284324646 
0.18401500582695007,-0.2503395974636078,-0.4285273551940918 
0.09941849112510681,0.04706614464521408,0.18119141459465027 
0.14936290681362152,-0.3110547959804535,-0.2338438630104065 
-0.08699196577072144,0.03557468578219414,0.004603968001902103 
-0.3408012092113495,0.32966330647468567,0.524651825428009 
-0.07885711640119553,0.7261384725570679,0.5256391167640686 
-0.021597258746623993,-0.16830003261566162,-0.6264688372612 
-0.07573743909597397,-0.23483996093273163,0.13528478145599365 
0.31166085600852966,-0.17741996049880981,-0.4387178421020508 
0.29557299613952637,-0.02671021968126297,-0.5184648633003235 
-0.06550964713096619,-0.2587311267852783,0.007190534379333258 
0.22518287599086761,0.040273942053318024,-0.40621575713157654 
-0.004159656353294849,0.4667907953262329,0.2142639011144638 
-0.9498838782310486,0.06175428628921509,-0.22318166494369507 
-0.09566979855298996,0.40568071603775024,0.5816155672073364 
0.1635572463274002,0.19320495426654816,0.0030715763568878174 
0.1787826269865036,-0.6022902727127075,-0.07814639806747437 
0.08230747282505035,0.4235771894454956,-0.37811678647994995 
-0.22944067418575287,-0.1473705768585205,-0.09799978137016296 
-0.11213476955890656,0.22134128212928772,-0.3099183440208435 
0.1255485564470291,0.2530316412448883,-0.3756332993507385 
0.21402707695960999,-0.20996151864528656,-0.2842917740345001 
-0.24027839303016663,-0.30145666003227234,-0.2945568859577179 
0.35772526264190674,-1.217888593673706,-0.017391711473464966 
-0.45162433385849,-1.204955816268921,0.7200813293457031 
0.22227820754051208,-0.6494584083557129,-0.4546672999858856 
-0.7420700788497925,-1.255699872970581,-1.2588502168655396 
0.21689005196094513,0.649726152420044,0.21268431842327118 
0.19428227841854095,0.19204218685626984,0.24131426215171814 
-0.10346898436546326,-0.23365524411201477,-0.5902371406555176 
-0.31177639961242676,0.5840747356414795,0.2623424530029297 
-0.31631770730018616,0.31120193004608154,0.30933502316474915 
0.01354074478149414,0.41518014669418335,0.2942521572113037 
-0.01861579716205597,-0.24234294891357422,0.42977818846702576 
-0.37149232625961304,-0.4285143315792084,-0.004782497882843018 
-0.3961634337902069,0.3162248134613037,0.4964936375617981 
0.06444060802459717,-0.11459425091743469,-0.3948187232017517 
-0.238325834274292,0.032168712466955185,-0.40621575713157654 
-0.4193416237831116,0.5233157873153687,-0.28439050912857056 
-0.5438621044158936,-0.19031547009944916,0.0663754940032959 
0.04371847212314606,-0.50188809633255,0.17615647614002228 
0.09000794589519501,-0.359846293926239,-0.24847686290740967 
0.1307809203863144,0.3985944390296936,0.4877071976661682 
0.18529841303825378,0.07008757442235947,-0.05766119435429573 
0.4343568682670593,-0.47985073924064636,0.24214136600494385 
0.3825487494468689,0.657821536064148,0.5089547634124756 
0.35697928071022034,0.512894868850708,0.39492863416671753 
0.09498579800128937,0.11966770142316818,0.3337198495864868 
-0.4049498438835144,0.4137837588787079,0.18674182891845703 
0.5484817028045654,-0.35510754585266113,0.3349911868572235 
-0.5023903250694275,0.41966772079467773,0.18624824285507202 
0.10888611525297165,-0.08389110863208771,-0.12511923909187317 
-0.12331248819828033,-0.5115630030632019,-0.601294219493866 
-0.07350628077983856,-0.12268958985805511,0.007516324054449797 
-0.015484064817428589,-0.17693620920181274,-0.17522376775741577 
0.22784841060638428,0.023145345970988274,-0.19168874621391296 
-0.25427526235580444,0.02718314528465271,-0.16039329767227173 
-0.0975455567240715,-0.03857683017849922,0.04757848381996155 
-0.15914925932884216,0.3421024978160858,0.22670312225818634 
0.9488839507102966,-0.21692711114883423,0.43303605914115906 
0.049612291157245636,-0.21539132297039032,0.25010067224502563 
-0.15668116509914398,-0.6021915674209595,0.18109269440174103 
-0.07872878015041351,-0.12328194826841354,-0.2237740159034729 
-0.03465842828154564,0.1256207525730133,0.15828746557235718 
0.026807067915797234,-0.5461164116859436,0.3349045217037201 
-0.14078661799430847,-0.5023816823959351,-0.21933144330978394 
-0.02972223423421383,-0.05605096369981766,-0.73822420835495 
0.18776650726795197,0.0031043975614011288,-0.11098197102546692 
0.3553996980190277,0.6546623706817627,0.28643107414245605 
-0.3575130105018616,0.08707678318023682,0.5967971086502075 
0.2563796043395996,-0.059999920427799225,-0.053919557482004166 
-0.3758482336997986,0.6501210331916809,0.5240594744682312 
-0.019435206428170204,0.36767199635505676,0.5798385143280029 
0.14600630104541779,-0.4710862338542938,-0.5704923272132874 
-0.01242363452911377,-0.25267717242240906,-0.25469648838043213 
-0.314935564994812,0.032928887754678726,-0.09317217767238617 
0.0247514545917511,-0.17806166410446167,-0.22656023502349854 
0.34159591794013977,-0.17649196088314056,-0.2789881229400635 
0.07946639508008957,-0.13809053599834442,-0.6319973468780518 
-0.6613534092903137,0.05710539221763611,-0.7636950612068176 
-0.08229271322488785,-0.5905421376228333,-0.6731652021408081 
-0.05487491190433502,-0.238332599401474,-0.32330960035324097 
0.030521243810653687,-0.3661208152770996,-0.5417417883872986 
0.41629040241241455,-0.3582229018211365,0.3295811414718628 
0.08351407945156097,-0.121406190097332,-0.4207281768321991 
0.7263602614402771,0.008524328470230103,-1.3476030826568604 
0.15597741305828094,0.12500865757465363,0.09727609157562256 
-0.30338484048843384,-0.10867080092430115,-0.1981058120727539 
-0.16132117807865143,0.12407079339027405,-0.5472922325134277 
-0.07004107534885406,0.05542806163430214,0.43836715817451477 
0.15469400584697723,-0.38707220554351807,-0.5401841402053833 
-0.5403990149497986,0.4772336184978485,0.27194058895111084 
0.03384608030319214,0.5509035587310791,0.20992006361484528 
0.0720917284488678,1.3105401992797852,0.5949432253837585 
0.15439783036708832,0.004279211163520813,-0.5729604363441467 
0.07064048200845718,-0.3720661699771881,0.35840079188346863 
-0.19617071747779846,-0.020875636488199234,-0.17372100055217743 
0.37812376022338867,-0.29547828435897827,0.48375824093818665 
-0.3678077459335327,0.7026421427726746,1.19356107711792 
-0.21206526458263397,0.10752466320991516,0.151771679520607 
0.021554958075284958,-0.5979464054107666,-0.13109202682971954 
-0.03448289632797241,0.4772336184978485,0.19355380535125732 
-0.004351168870925903,1.32643461227417,1.0933563709259033 
-0.04381013289093971,-0.5398967862129211,-0.19978411495685577 
0.6807498335838318,-0.10699248313903809,-0.2433762550354004 
-0.0037578504998236895,0.08799707144498825,0.47153836488723755 
0.10209391266107559,0.04723397642374039,0.26500800251960754 
0.05556534230709076,-0.37670615315437317,0.011070381850004196 
-0.18304044008255005,-0.4412716031074524,-0.4736441969871521 
-0.10327153652906418,0.5200029611587524,0.5829976797103882 
0.35322776436805725,0.6117174625396729,0.5688802003860474 
0.025958042591810226,-0.14085479080677032,-0.2842917740345001 
0.1357390135526657,-0.16464725136756897,-0.5620020627975464 
0.2067214995622635,-0.04143982753157616,-0.38341057300567627 
0.06663229316473007,-0.4788854122161865,0.25019943714141846 
0.8017853498458862,0.12358704209327698,0.013390392065048218 
0.12073298543691635,0.725941002368927,0.4230649769306183 
0.3123560845851898,0.725941002368927,0.399173766374588 
0.05829012021422386,-0.2788707911968231,-0.048165928572416306 
0.34939509630203247,-0.6544933319091797,-0.058685749769210815 
0.03652150183916092,-0.3436336815357208,0.08305984735488892 
-0.5337845087051392,-0.3235708177089691,0.28090035915374756 
-0.24479994177818298,0.24187585711479187,-0.4326956868171692 
0.1984286904335022,-0.04084748402237892,-0.6621081233024597 
0.13336965441703796,-0.5862969756126404,-0.6289368867874146 
0.12999112904071808,-0.1799769103527069,-0.38629549741744995 
0.7106631994247437,-0.6033762693405151,-0.5485022068023682 
0.20237764716148376,-0.4025718569755554,-0.33069199323654175 
0.003473675111308694,0.11966770142316818,0.3108159005641937 
0.4101695418357849,0.11328241229057312,-0.08070117235183716 
0.1221151202917099,0.06448202580213547,-0.6401914358139038 
-0.021498534828424454,-0.536935031414032,0.004031367599964142 
0.09534119814634323,0.27595752477645874,0.5782589316368103 
-0.08637000620365143,-0.05022624880075455,0.12541240453720093 
0.26523298025131226,-0.11994725465774536,0.22510161995887756 
0.22459052503108978,-0.5689216256141663,-0.34234142303466797 
-0.1454266458749771,0.01880149357020855,-0.043307725340127945 
-0.06438419222831726,-0.14213819801807404,0.15088316798210144 
-0.2758409082889557,-0.10965804010629654,-0.41687795519828796 
-0.19468986988067627,-0.948767364025116,0.30149200558662415 
0.0335400365293026,-0.5259767174720764,-0.6596400141716003 
-0.8414850234985352,0.725941002368927,0.5520970821380615 
0.10720781236886978,-0.2702818214893341,-0.18428446352481842 
0.15499018132686615,0.725941002368927,0.515964150428772 
0.007652657572180033,-0.013333133421838284,-0.6405863165855408 
-0.2661440670490265,0.583855390548706,0.5239388942718506 
0.18628565967082977,0.34476804733276367,0.579542338848114 
0.20178531110286713,0.11966770142316818,0.4938499629497528 
-0.8444467186927795,-1.2544164657592773,-0.38281822204589844 
0.2520906925201416,0.6167085766792297,0.3160044252872467 
0.04920751973986626,0.40568071603775024,0.5816155672073364 
-0.3522531986236572,0.5050956606864929,0.5165565013885498 
0.049859099090099335,0.12341921031475067,0.5568358302116394 
-0.004247521050274372,-0.13127857446670532,-0.2149875909090042 
-0.06512462347745895,0.20744311809539795,0.22917121648788452 
0.04785500466823578,-0.31144970655441284,-0.6311087608337402 
-0.006897269748151302,-0.3569613993167877,0.1887931525707245 
-0.1355542540550232,0.06770043075084686,-0.7343739867210388 
-0.32209861278533936,0.12593665719032288,-0.12391480803489685 
-0.4825468361377716,-0.3622705936431885,-0.08953142166137695 
-0.24039901793003082,0.42858466506004333,0.579542338848114 
-0.08888746052980423,-0.2365182489156723,-0.12056805938482285 
-0.34475019574165344,0.4057794213294983,0.3873268961906433 
-0.056308578699827194,-0.6244044303894043,0.34556668996810913 
0.032495737075805664,-0.22474819421768188,-0.40502893924713135 
-0.19972477853298187,-0.4785892367362976,-0.35310232639312744 
-0.13298742473125458,-0.3599231243133545,-0.5665434002876282 
-0.08679452538490295,-0.08320004492998123,-0.10511776804924011 
0.18371883034706116,-0.19475805759429932,-0.11127814650535583 
-0.25204843282699585,-0.0544164776802063,-0.8152837753295898 
0.614429235458374,0.426335871219635,0.2053019404411316 
0.20316743850708008,-0.646321177482605,-0.5732566118240356 
-0.050770167261362076,0.534120500087738,0.21140091121196747 
-0.19587455689907074,-0.21262706816196442,-0.34056439995765686 
-0.03670969605445862,0.37274423241615295,-0.01104593276977539 
-0.04285251349210739,0.12504814565181732,-0.6667481660842896 
-0.5933150053024292,0.42421889305114746,0.2364252507686615 
-0.22085170447826385,0.06462419778108597,-0.5025703310966492 
-0.25589868426322937,0.1255713850259781,-0.36791089177131653 
0.038219552487134933,-0.21223217248916626,-0.6281471252441406 
0.04582345485687256,0.4266320466995239,0.5773484706878662 
-0.16220970451831818,-0.025209616869688034,-0.5239934325218201 
-0.20949845016002655,0.725941002368927,0.2946251630783081 
0.163184255361557,-0.24273785948753357,-0.5063218474388123 
-0.6278859972953796,-0.008416682481765747,0.0036858320236206055 
0.056935444474220276,-0.25972607731819153,-0.3250865936279297 
0.3755766749382019,0.01846367120742798,-0.20213158428668976 
-0.019476860761642456,0.32465028762817383,-0.11110813915729523 
0.23327822983264923,-0.1448037475347519,-0.4459027647972107 
-0.14068789780139923,0.7261384725570679,0.4402429163455963 
0.12626151740550995,-0.30394667387008667,-0.5753298401832581 
0.2848120927810669,0.040283817797899246,-0.041426047682762146 
0.24206465482711792,-1.259253978729248,-0.43395715951919556 
0.19398611783981323,0.45909035205841064,0.5808257460594177 
-0.052004218101501465,-0.2868674397468567,-0.05796723812818527 
-0.011014057323336601,-0.22713947296142578,-0.08540260046720505 
0.18440990149974823,0.7261384725570679,0.3238474428653717 
-0.07870902866125107,-0.29812195897102356,-0.6115615367889404 
0.19763891398906708,-0.5242984294891357,-0.4600203037261963 
-0.16596120595932007,-0.18073922395706177,0.524420440196991 
-0.18777918815612793,-0.12249214202165604,-0.5583493113517761 
-0.09566979855298996,0.11966770142316818,0.34892332553863525 
0.31410130858421326,0.17158442735671997,-0.21012820303440094 
0.35549840331077576,0.47468870878219604,0.45574259757995605 
-0.16615866124629974,-0.29585132002830505,-0.2414456009864807 
-0.040591735392808914,-0.11814828962087631,0.42237386107444763 
0.029048100113868713,-0.42508089542388916,0.22147077322006226 
-0.3307313919067383,-0.060296088457107544,-0.2864637076854706 
-0.5840350389480591,-0.14705248177051544,-0.01011359691619873 
0.15064632892608643,-0.05170711129903793,-0.5145158767700195 
0.30031177401542664,0.3906746804714203,0.2733995318412781 
-0.0090121328830719,-0.17434963583946228,-0.5001790523529053 
-0.36402881145477295,-0.19134989380836487,0.2783138155937195 
-0.06154094636440277,-0.111829973757267,-0.47127482295036316 
-0.20253625512123108,0.3704143762588501,0.6933490633964539 
-0.2126554548740387,0.9420257210731506,0.28309643268585205 
-0.08944031596183777,-0.0511147640645504,0.31190186738967896 
-0.136541485786438,-0.18676140904426575,-0.5468973517417908 
-0.3332960605621338,-0.5616928339004517,0.4856339693069458 
0.051300469785928726,-0.2866699695587158,-0.1349521279335022 
-0.2553063631057739,0.12486058473587036,0.005472737364470959 
0.21817347407341003,-0.023807737976312637,-0.24598689377307892 
0.41591745615005493,0.6990880966186523,-0.20507138967514038 
0.2472969889640808,0.19994008541107178,1.172137975692749 
0.341479629278183,0.24574798345565796,0.4935538172721863 
-0.6460336446762085,0.08287546038627625,0.17854773998260498 
-0.041657954454422,-0.42330387234687805,-0.14884258806705475 
0.02619498036801815,0.6501210331916809,0.20231831073760986 
0.2702009677886963,0.5582091212272644,0.5796410441398621 
0.22459052503108978,0.11966770142316818,0.3337198495864868 
-0.024470124393701553,-0.5023816823959351,0.15887980163097382 
-0.3634660840034485,-0.059528201818466187,0.3139037787914276 
-0.2633029818534851,0.6040170192718506,0.5797397494316101 
-0.01942533254623413,0.5505086779594421,0.5824052691459656 
-0.0985327884554863,-0.4470963478088379,-0.614424467086792 
0.1102682501077652,0.12567998468875885,0.043896082788705826 
0.32528889179229736,-0.026275834068655968,-0.433562308549881 
-0.3181934654712677,-0.050127532333135605,-0.15417367219924927 
0.1349492371082306,0.05393930524587631,-0.007351494859904051 
0.05160433053970337,0.12577654421329498,-0.6039378643035889 
-0.06903409212827682,-0.32704806327819824,0.28188979625701904 
-0.2842324376106262,-0.6304123997688293,-0.5367287993431091 
0.7330734729766846,0.7260057926177979,-1.2805695533752441 
-0.11886990815401077,-0.604462206363678,0.11247958242893219 
-0.10376515239477158,0.725941002368927,0.34961438179016113 
0.12547172605991364,0.16913823783397675,0.2348972111940384 
-0.19113580882549286,0.09919236600399017,0.3129878044128418 
-0.03912290930747986,0.3313986659049988,-0.45832008123397827 
0.06676062941551208,-0.3057236969470978,0.3903873562812805 
0.13522349298000336,-0.8038625717163086,-0.846107542514801 
-0.31128060817718506,-0.23602443933486938,-0.25193777680397034 
0.13356707990169525,-0.3797666132450104,-0.2278217077255249 
-0.4719833731651306,-0.1763438582420349,0.328643262386322 
-0.004209018778055906,-0.35676395893096924,-0.6374271512031555 
0.2412748634815216,0.9214692711830139,0.24259765446186066 
-0.3282632827758789,0.512894868850708,0.2976856231689453 
-0.4180801212787628,-0.35431772470474243,0.01604822278022766 
-0.1670471727848053,-0.09978565573692322,-0.6222236752510071 
0.21550792455673218,-0.5929115414619446,-0.486478328704834 
0.19596058130264282,-0.46358320116996765,-0.4215179979801178 
-0.13219763338565826,0.031191343441605568,-0.6107717156410217 
0.07377990335226059,0.725941002368927,0.27409058809280396 
-0.034549832344055176,0.27625367045402527,0.22443246841430664 
-0.21976573765277863,0.1226886510848999,-0.15318644046783447 
-0.05045425146818161,-0.13206836581230164,-0.3759075403213501 
0.10037395358085632,-0.7181702852249146,-0.5623750686645508 
-0.28354135155677795,0.4059768617153168,0.2611577808856964 
0.051801785826683044,0.41966772079467773,0.1252368688583374 
0.4101695418357849,-0.3016979694366455,-0.3171449303627014 
0.09497592598199844,0.5353052020072937,0.5826027989387512 
-0.21660657227039337,-0.5549028515815735,-0.2693844437599182 
-0.09557107090950012,0.6042144894599915,0.20764942467212677 
0.22459052503108978,0.12618348002433777,-0.05524245649576187 
-0.22233255207538605,-0.15536721050739288,-0.44274359941482544 
0.25874897837638855,0.1846378892660141,0.26273736357688904 
-0.27998730540275574,-0.10768356919288635,-0.1271134614944458 
-0.1793876737356186,-0.6019940972328186,-0.15387749671936035 
-0.1464138925075531,0.05764539912343025,0.07239766418933868 
-0.03932037949562073,0.5683557987213135,0.7938499450683594 
0.1407739371061325,0.5887147784233093,0.5826027989387512 
-0.28729286789894104,0.7261384725570679,0.2886030077934265 
0.1596301943063736,-0.6114715933799744,0.27715104818344116 
0.3470081686973572,0.0740671306848526,-0.3391822576522827 
0.35066094994544983,0.4820930063724518,0.5385718941688538 
0.055654194205999374,-0.0629616379737854,0.05916866660118103 
0.08533059060573578,-0.6092996597290039,0.3258219063282013 
0.08845026791095734,-0.07411743700504303,0.2918609082698822 
0.23939913511276245,1.3098490238189697,-0.4081464409828186 
-0.30978989601135254,-0.4449024796485901,-0.29264163970947266 
0.07379963994026184,0.06620871275663376,0.035978417843580246 
0.20385849475860596,0.06761947274208069,-0.5452190637588501 
-0.29035332798957825,-0.11587764322757721,-0.34579676389694214 
0.40503591299057007,-0.24566680192947388,-0.1868293583393097 
-0.1823274791240692,0.4034319519996643,0.48474547266960144 
0.28046825528144836,-0.14648205041885376,-0.31400763988494873 
0.09923092275857925,-0.4480835497379303,-0.6171887516975403 
0.3473043441772461,0.3385484218597412,0.48318779468536377 
0.05111289396882057,0.04853713512420654,-0.6475957036018372 
-0.011547165922820568,-0.5722782611846924,-0.6770154237747192 
0.12626151740550995,0.10123594850301743,0.45070764422416687 
-0.208609938621521,-0.5742526650428772,-0.4366227388381958 
0.03250342607498169,-1.196169376373291,0.5607923269271851 
0.373762309551239,0.6430129408836365,0.3495156466960907 
0.14116883277893066,-0.0921839103102684,-0.21459269523620605 
-0.2237146943807602,0.05719423294067383,0.0217819232493639 
-0.3886801600456238,-0.08736833930015564,-0.5206148624420166 
0.05100429803133011,-0.05466882884502411,-0.5925077795982361 
0.2115589827299118,-0.487178236246109,-0.2839955985546112 
0.03216777741909027,-0.42883238196372986,-0.09397184103727341 
-0.1952822059392929,0.6336342096328735,0.21140091121196747 
-0.3202666640281677,0.16982930898666382,0.34329602122306824 
-0.15914925932884216,-0.6143345832824707,0.2738931477069855 
0.929731547832489,-0.20231595635414124,0.5672017931938171 
0.4047178030014038,-0.20261213183403015,0.8279865384101868 
0.06173557788133621,-0.05229945853352547,0.43560290336608887 
-0.17129230499267578,-0.29861557483673096,-0.47630974650382996 
0.19043205678462982,0.725941002368927,0.4603826105594635 
0.06495398283004761,-0.19436314702033997,-0.05058170109987259 
-0.08536302298307419,-0.6001183390617371,-0.1205878034234047 
0.3512609899044037,0.42594099044799805,0.7266190052032471 
0.5735576152801514,-0.41785213351249695,0.18121886253356934 
0.891920268535614,0.883855402469635,1.172137975692749 
0.5780001878738403,0.4261736273765564,-0.5001790523529053 
-0.17889404296875,-0.06641697138547897,-0.24687540531158447 
0.0639568641781807,-0.24145443737506866,0.0135483518242836 
-0.2393130660057068,-0.6875439286231995,-0.056723326444625854 
0.1329747438430786,0.543005645275116,0.2137702852487564 
0.1787826269865036,0.47439253330230713,0.22097712755203247 
0.19270269572734833,-0.21677348017692566,-0.3456980288028717 
-0.3418871760368347,0.11429154872894287,1.1929688453674316 
-0.18363279104232788,0.0696294903755188,-0.05785864219069481 
0.014486325904726982,-0.4637806713581085,0.10487782955169678 
0.06441099941730499,0.09663541615009308,0.4937512278556824 
0.1971452832221985,-0.32625827193260193,-0.2759989798069 
0.17382453382015228,-0.07735341787338257,0.8763831257820129 
0.3002130091190338,0.12020081281661987,0.3644229471683502 
-0.33497652411460876,0.7257435917854309,0.4273100793361664 
-0.21729764342308044,0.7262371778488159,0.4170428216457367 
-0.42881911993026733,-0.4077603816986084,0.5748035907745361 
0.04067777842283249,-0.11577892303466797,-0.1484476774930954 
0.014042068272829056,-0.07628937065601349,0.21841031312942505 
0.011069492436945438,0.12629206478595734,0.20399662852287292 
0.08771970868110657,-0.595971941947937,-0.16750138998031616 
-0.09120531380176544,-0.9042648077011108,-0.20282265543937683 
0.5548000335693359,-0.346716046333313,-0.5535886287689209 
-0.2802714407444,-0.10395395755767822,0.08199578523635864 
0.6108108758926392,-1.2471109628677368,-0.7142342925071716 
-0.16418418288230896,-0.3820372521877289,-0.5148121118545532 
-0.20475970208644867,-0.2123309075832367,-0.19474919140338898 
-0.04304009675979614,1.326730728149414,-0.36520153284072876 
0.133468359708786,-0.5468074679374695,-0.21251948177814484 
0.5569719672203064,-0.2205425500869751,0.32376629114151 
-0.23773348331451416,0.01006443239748478,-0.33019837737083435 
-0.09784172475337982,0.0626734048128128,0.2422027885913849 
0.23614121973514557,-0.6074239611625671,-0.11891936510801315 
0.04958266019821167,-0.7210112810134888,-0.4564224183559418 
-0.05102469027042389,-0.2645931541919708,-0.5614866018295288 
-0.13930575549602509,-0.147568017244339,-0.026336099952459335 
-0.2114608883857727,0.17326273024082184,-0.5616840124130249 
-0.027923285961151123,0.42594099044799805,0.7578157782554626 
0.4087105691432953,0.7252499461174011,0.5032287836074829 
0.10286396741867065,-0.646321177482605,-0.6894546151161194 
0.1914193034172058,-0.3037492334842682,-0.3905186951160431 
0.07280252873897552,-0.2498459815979004,0.3195036053657532 
-0.05014820396900177,0.2586369812488556,-0.20595991611480713 
0.31806012988090515,-0.4908090829849243,0.12711262702941895 
-0.10297536104917526,0.0822414755821228,0.13222435116767883 
-0.36163198947906494,0.5810143351554871,0.39473119378089905 
0.054116249084472656,-0.23531657457351685,0.07938516139984131 
-0.21206526458263397,0.10034743696451187,-0.40651196241378784 
-0.23980668187141418,0.06953570991754532,-0.18645638227462769 
-0.13987618684768677,-0.22010816633701324,-0.4135432839393616 
0.21610026061534882,0.12250106781721115,0.12807795405387878 
-0.012040786445140839,-0.48648717999458313,-0.19109641015529633 
0.03508013114333153,-0.24856255948543549,0.1988629847764969 
-0.009900659322738647,-0.2039470672607422,-0.16564753651618958 
0.43850332498550415,-0.4323645532131195,0.28287485241889954 
-0.01153729297220707,-0.2277318239212036,0.23736530542373657 
0.07185477763414383,-0.5040600299835205,0.30736052989959717 
-0.6527347564697266,0.591415524482727,-0.7718891501426697 
-0.03298012167215347,-0.4331762492656708,0.22245799005031586 
0.20525822043418884,-0.9006119966506958,-0.31719428300857544 
0.35313674807548523,0.1471996158361435,0.09216436743736267 
-0.33774080872535706,0.6410384774208069,0.2742880582809448 
-0.3010154962539673,0.4666920602321625,0.5750010013580322 
0.1865818202495575,0.12617360055446625,-0.5814506411552429 
-0.8265777230262756,-0.016512036323547363,-1.244436502456665 
-0.14207004010677338,-0.44067928194999695,-0.22713063657283783 
-0.380426824092865,0.4443388283252716,0.27016353607177734 
-0.07824502885341644,0.034686170518398285,-0.6413760781288147 
-0.23753604292869568,-0.1934746354818344,-0.24401241540908813 
0.24749444425106049,0.32936713099479675,0.5771729350090027 
0.5052406787872314,-0.20139998197555542,-0.0656951516866684 
0.3429604768753052,-0.030382748693227768,-0.314698725938797 
0.3448362350463867,0.5503112077713013,0.5685839653015137 
0.37873584032058716,-0.2297298014163971,0.2726174294948578 
-0.036287371069192886,-0.5719820857048035,0.3196023106575012 
-0.35807791352272034,0.5357988476753235,0.46324554085731506 
0.3393076956272125,0.5243468284606934,0.30933502316474915 
0.5404850840568542,-0.3093984127044678,0.28527384996414185 
0.1102682501077652,0.1236758902668953,0.1963948905467987 
0.02634306438267231,0.12610450387001038,0.10487782955169678 
-0.7797825932502747,-1.2597476243972778,-1.2104755640029907 
-0.04992114380002022,0.6496274471282959,0.5828002095222473 
-0.26340168714523315,0.1236364096403122,-0.43652400374412537 
-0.9211551547050476,0.12154346704483032,0.25489434599876404 
-0.14147767424583435,0.649726152420044,0.5826027989387512 
-0.09566979855298996,0.12357716262340546,0.02864323928952217 
0.34009531140327454,0.4261384606361389,0.23768341541290283 
0.08949673920869827,-0.05002880468964577,-0.054265089333057404 
0.14847439527511597,-0.6042647957801819,0.18109269440174103 
-0.1642829030752182,0.5201017260551453,0.5826027989387512 
0.03262190520763397,-0.5091936588287354,0.05976100638508797 
-0.18985240161418915,-0.2881508469581604,-0.2993965446949005 
-0.3347790539264679,0.35256722569465637,0.34991052746772766 
-0.29262396693229675,0.6722352504730225,0.2301584631204605 
0.832389771938324,-0.47414231300354004,-0.4366227388381958 
-0.16339439153671265,-0.22230200469493866,-0.4915132224559784 
0.17266175150871277,-0.006738373078405857,0.026412079110741615 
-0.07170950621366501,-0.4636819362640381,0.2729058861732483 
-0.15401561558246613,-0.07164934277534485,-0.4582432806491852 
-0.00032442808151245117,0.47733235359191895,0.26433879137039185 
0.1283128261566162,-0.17454709112644196,-0.07319815456867218 
0.14432799816131592,0.7267308235168457,0.27882933616638184 
0.09993186593055725,0.7262371778488159,0.5433107018470764 
-0.07086047530174255,-0.5476959943771362,0.24210403859615326 
-0.0751747190952301,-0.06740421801805496,-0.5598301291465759 
0.2480868101119995,0.47824278473854065,0.2339099496603012 
0.27257034182548523,-0.08241025358438492,-0.4957583546638489 
-0.13338233530521393,0.725941002368927,0.5009580850601196 
0.18628565967082977,-0.3417579233646393,-0.4383997619152069 
-0.011991423554718494,-0.3256659209728241,0.11287447065114975 
0.11717892438173294,0.12344882637262344,-0.6095870137214661 
-0.19508476555347443,-0.6061404943466187,0.12018004059791565 
0.2760256826877594,0.6581177115440369,0.22453118860721588 
-0.23289601504802704,0.283657968044281,0.5760869979858398 
-0.13348104059696198,0.4974939525127411,0.21692945063114166 
0.03575363755226135,0.4923383593559265,0.687721848487854 
-0.0804169550538063,0.11966770142316818,0.4328386187553406 
0.1482769399881363,0.398078978061676,0.5807269811630249 
0.06531926244497299,-0.41066721081733704,-0.21261821687221527 
-0.18866771459579468,-0.1985095590353012,-0.3978242576122284 
-0.35185831785202026,0.48979344964027405,0.4177338778972626 
-0.13387595117092133,0.07091784477233887,-0.004113351926207542 
-0.31602153182029724,0.5354039072990417,0.5738163590431213 
0.06326580047607422,-0.0629616379737854,0.17358966171741486 
-0.09333991259336472,-0.006392840761691332,0.2574062645435333 
-0.32885563373565674,-0.022287392988801003,-0.4069068431854248 
-0.21759381890296936,-0.6074239611625671,-0.07051505148410797 
-0.018489599227905273,0.42323166131973267,0.17558607459068298 
-0.1287423074245453,-0.07698043435811996,0.01522666122764349 
-0.09566979855298996,0.12372525036334991,0.22690057754516602 
0.27039840817451477,0.11966770142316818,0.4938499629497528 
0.07954537123441696,-0.18004818260669708,0.3347070813179016 
-0.01846771128475666,-0.5426610112190247,-0.05468960106372833 
0.22755223512649536,0.04871483892202377,-0.48104849457740784 
0.314209908246994,-0.09506881237030029,-0.18752042949199677 
0.3387153744697571,-0.6296423673629761,-0.17460951209068298 
-0.08224334567785263,-0.1072886660695076,-0.1671065092086792 
-0.21976573765277863,-0.017459791153669357,-0.38035011291503906 
-0.49743223190307617,-0.44496941566467285,1.1718418598175049 
-0.5359565019607544,-0.3592539429664612,-0.21032565832138062 
-0.3950006663799286,0.7265333533287048,0.47074857354164124 
-0.2539241909980774,0.5509035587310791,0.23154060542583466 
0.13159261643886566,-0.10709121823310852,-0.3900250792503357 
-0.24247223138809204,-0.054219067096710205,-0.5711790919303894 
-0.07117639482021332,-0.38855305314064026,-0.11132749915122986 
-0.23338963091373444,0.1222740113735199,-0.2968297004699707 
-0.009868858382105827,-0.4637806713581085,0.028653109446167946 
0.35579240322113037,-0.7869807481765747,0.09478607773780823 
0.1787826269865036,0.6040170192718506,0.2127830684185028 
-0.2825026214122772,-0.18421649932861328,0.19123932719230652 
0.03318679332733154,0.44117963314056396,0.1184249222278595 
0.0815395936369896,-0.5684280395507812,-0.6569744944572449 
-0.07918290793895721,0.001801241422072053,0.4175364077091217 
-0.182941734790802,-0.501394510269165,-0.4908221662044525 
-0.2857111394405365,-0.2550014853477478,0.12321856617927551 
0.3297314941883087,0.12510739266872406,-0.23068469762802124 
0.2445327639579773,-0.1866626739501953,-0.2151850312948227 
-0.057572245597839355,0.48199427127838135,0.5819116830825806 
0.17078599333763123,0.2611488997936249,0.23233036696910858 
-0.17948639392852783,0.12579844892024994,0.7048778533935547 
-0.8176925778388977,0.7258281111717224,-1.1204392910003662 
-0.30674150586128235,-0.04736325889825821,-0.4542943239212036 
-0.3412948548793793,0.46767929196357727,0.3429998755455017 
0.10967591404914856,-0.037421759217977524,-0.5832276940345764 
-0.3328046202659607,0.24071307480335236,0.3751838803291321 
-0.5456314086914062,-0.3180861473083496,0.13032668828964233 
0.026352938264608383,-0.5475972294807434,-0.10103060305118561 
-0.03180530667304993,-0.5941949486732483,-0.1532851606607437 
0.2932036519050598,0.12592679262161255,-0.3527074158191681 
0.2011929601430893,-0.6073251962661743,0.1573002189397812 
-0.037570782005786896,-0.06592336297035217,0.19451913237571716 
-0.978513777256012,0.08684635162353516,-0.2988590896129608 
-0.133086159825325,-0.012385384179651737,-0.5728617310523987 
-0.07332858443260193,-0.34165918827056885,0.34112411737442017 
0.2789873778820038,-0.12861302495002747,-0.3688981533050537 
0.09057283401489258,-0.09741627424955368,-0.4874655306339264 
-0.18708813190460205,-0.6033762693405151,-0.009503678418695927 
0.2288532257080078,-0.5354322791099548,0.35956358909606934 
-0.04365217685699463,-0.40267056226730347,-0.020797690376639366 
0.026856429874897003,0.725941002368927,0.3251308500766754 
0.33733320236206055,-0.4077603816986084,0.5166552066802979 
-0.15174496173858643,-0.2410595566034317,-0.2000802904367447 
-0.3487266004085541,-0.11836767196655273,-0.938809335231781 
-0.18708813190460205,-0.358146071434021,-0.39417144656181335 
0.028996586799621582,-0.1740732192993164,0.18370670080184937 
0.28092020750045776,0.21383826434612274,-0.3799530565738678 
-0.06905383616685867,-0.32053226232528687,-0.10095161944627762 
0.15893912315368652,0.11995398998260498,0.5331377983093262 
-0.28346022963523865,0.41946038603782654,-0.3631940484046936 
-0.11097200214862823,0.12599590420722961,-0.6729677319526672 
-0.03417468070983887,-0.34550940990448,0.2407219111919403 
-0.5292432308197021,-0.41656872630119324,-0.8108631372451782 
0.16249319911003113,-0.04538877680897713,-0.13388592004776 
0.3422771096229553,-0.2206215262413025,-0.4627077579498291 
-0.38552314043045044,0.6769739389419556,0.3671872317790985 
-0.031242581084370613,-0.06809528172016144,0.09984291344881058 
0.1921103596687317,-0.18774864077568054,-0.4303044080734253 
-0.05508440360426903,-0.2874597907066345,0.1399248093366623 
0.1855945736169815,0.4059768617153168,0.22522224485874176 
0.07403658330440521,-0.3875657916069031,-0.13874313235282898 
-0.2718919515609741,0.6093481183052063,0.22522224485874176 
-0.12795251607894897,-0.10886824876070023,-0.3527074158191681 
-0.23552978038787842,-0.17662030458450317,-0.41877561807632446 
0.02749813348054886,-0.2738358974456787,0.42188024520874023 
-0.05939863994717598,-0.5247920751571655,0.11998259276151657 
-0.23348835110664368,0.19757072627544403,0.25187772512435913 
-0.6417369842529297,0.7091832160949707,-0.15530341863632202 
0.3507596552371979,0.0628945454955101,-0.2842917740345001 
0.5906368494033813,0.16516737639904022,-0.49356451630592346 
0.34365153312683105,0.33716630935668945,0.3799225986003876 
0.07614926993846893,-0.0954418033361435,-0.6871839761734009 
0.2289343774318695,0.05468862131237984,-0.3522137999534607 
-0.15172307193279266,0.5937278270721436,0.2780614495277405 
0.026728088036179543,-0.0949481800198555,-0.5305091738700867 
0.10195353627204895,0.6029091477394104,-0.06549771130084991 
0.12774237990379333,-0.40967997908592224,-0.5834251642227173 
-0.025832513347268105,-0.45647507905960083,0.35267481207847595 
-0.1564837247133255,0.09733635932207108,0.35642629861831665 
0.01107838749885559,0.7845392227172852,0.5750010013580322 
0.010977678932249546,0.41347989439964294,0.21692945063114166 
0.2547682523727417,0.012342780828475952,0.1121065616607666 
-0.11077455431222916,0.375273734331131,0.2215694785118103 
-0.011774241924285889,1.3033332824707031,-0.4169328808784485 
0.29349979758262634,-0.05980246886610985,-0.09927331656217575 
0.1787826269865036,-0.4068169891834259,-0.49447494745254517 
0.1709834486246109,-0.5948860049247742,-0.5893486142158508 
-0.1917281448841095,-0.4556853175163269,-0.4142124056816101 
-0.23289601504802704,0.6800343990325928,0.5815168023109436 
-0.1793876737356186,0.3904772400856018,0.5796410441398621 
-0.28894633054733276,-0.35990118980407715,0.15603873133659363 
0.32055017352104187,-0.06177694723010063,-0.3916046619415283 
0.20563553273677826,-0.01529773697257042,-0.45241856575012207 
-0.3535366356372833,0.6273158192634583,0.5689788460731506 
0.11796871572732925,-0.6030800938606262,0.24210403859615326 
-0.11867246776819229,-0.6032775044441223,0.23450230062007904 
0.1692064106464386,-0.0871489942073822,-0.33720776438713074 
-0.10396260768175125,-0.5510526299476624,-0.6343666911125183 
0.1979350745677948,-0.34955713152885437,-0.3447107970714569 
0.020054353401064873,-0.28370827436447144,-0.08742644637823105 
0.17917753756046295,0.7262371778488159,0.38189709186553955 
0.21995049715042114,0.07757183164358139,-0.19168874621391296 
0.026333194226026535,0.5200029611587524,0.5825040340423584 
0.0492272675037384,0.11966770142316818,0.36422550678253174 
-0.1337772160768509,-0.6027839183807373,0.028653109446167946 
0.27513715624809265,0.4416161775588989,0.5779627561569214 
0.23969528079032898,0.48959600925445557,0.579937219619751 
0.06441099941730499,-0.13493135571479797,-0.34500694274902344 
-0.09566979855298996,0.6800343990325928,0.5829976797103882 
-0.30318742990493774,1.3258423805236816,-0.3646091818809509 
0.17266175150871277,0.10851190239191055,-0.5262640118598938 
-0.0939520001411438,0.047303084284067154,0.37913280725479126 
0.015216883271932602,-0.6010068655014038,0.3429998755455017 
-0.8797898888587952,0.25729867815971375,-0.3274890184402466 
-0.05987251177430153,-0.2068023681640625,-0.6197555661201477 
-0.30141040682792664,0.2760562300682068,0.5688802003860474 
0.3412821888923645,0.046908188611269,-0.3975280821323395 
0.07203248888254166,-0.5411801934242249,0.20133107900619507 
0.2450263649225235,0.12344882637262344,0.2777433693408966 
-0.21838361024856567,0.03247475251555443,-0.45863819122314453 
0.30011430382728577,0.336573988199234,0.27961912751197815 
0.2094934731721878,0.24375160038471222,-0.4229220747947693 
-0.1866932213306427,-0.5456227660179138,-0.22485998272895813 
0.09638766944408417,-0.029188193380832672,0.07456959784030914 
0.025782495737075806,0.35999345779418945,0.27717292308807373 
-0.06600326299667358,-0.27748867869377136,0.30410265922546387 
-0.0692315325140953,-0.5559887886047363,0.07466831803321838 
0.22197216749191284,0.42623716592788696,-0.023638784885406494 
0.9025824666023254,0.6774237751960754,-1.112047791481018 
-0.003912847023457289,-0.2347412109375,0.29067620635032654 
0.3016938865184784,0.23834368586540222,0.2938353717327118 
-0.3811793029308319,0.6586112976074219,0.47074857354164124 
0.07197325676679611,0.17713488638401031,0.23094823956489563 
0.36862868070602417,0.5962178111076355,0.4938499629497528 
-0.06958694756031036,-0.29604876041412354,-0.15052089095115662 
-0.11837628483772278,0.7197214961051941,0.18810208141803741 
-0.34168973565101624,0.5755845308303833,0.30657076835632324 
0.2958759069442749,-0.25362491607666016,-0.4763316512107849 
-0.2017979919910431,-0.44087669253349304,-0.3145012855529785 
-0.04271429777145386,0.725941002368927,0.37133362889289856 
0.2067214995622635,-0.5799787044525146,-0.21715950965881348 
-0.0875546932220459,-0.5021842122077942,-0.21064375340938568 
0.2882060408592224,0.42338961362838745,-0.28661948442459106 
0.14837567508220673,0.11966770142316818,0.34132158756256104 
-0.049911268055438995,0.11966770142316818,0.3032141625881195 
0.17789411544799805,-0.5094898343086243,-0.5295219421386719 
-0.06515423953533173,0.2607540488243103,0.5774691104888916 
-0.24217605590820312,-0.6094971299171448,-0.25319376587867737 
-0.049940887838602066,0.321962833404541,0.579542338848114 
0.047667428851127625,-0.5054421424865723,0.11277574300765991 
-0.024874892085790634,-0.12249214202165604,-0.6587514877319336 
-0.17751191556453705,-0.04262451454997063,0.00939207710325718 
-0.03413519263267517,-0.1912039816379547,-0.03752842918038368 
0.028998738154768944,-0.4120493233203888,-0.022782040759921074 
-0.6887788772583008,-0.3339587450027466,-0.21538248658180237 
0.22103646397590637,0.03896091878414154,-0.13302701711654663 
0.3299289345741272,0.28355926275253296,0.3353981375694275 
0.04262048006057739,-0.19210019707679749,-0.27918004989624023 
0.04252391308546066,-0.27896952629089355,0.27458420395851135 
-0.24879054725170135,0.0567953884601593,-0.2732347249984741 
0.20830108225345612,-0.531998872756958,-0.3902224898338318 
0.4019952118396759,-0.25276604294776917,0.6184176206588745 
-0.31891196966171265,-0.3499301075935364,0.2713142931461334 
0.2385106086730957,0.11421814560890198,-0.6079087257385254 
0.48043903708457947,0.49123048782348633,-0.6447327136993408 
-0.0715416818857193,-0.13967010378837585,-0.631503701210022 
-0.30447083711624146,0.6165703535079956,0.08933436870574951 
-0.0631600171327591,-0.5290371775627136,0.18938548862934113 
-0.24049775302410126,0.23034705221652985,0.5740137696266174 
-0.21808741986751556,-0.18784737586975098,-0.1469668298959732 
0.1389968991279602,-0.540982723236084,-0.6000107526779175 
0.0791899710893631,-0.3316880762577057,-0.1361960470676422 
-0.33161988854408264,0.052660830318927765,-0.4096711277961731 
0.3916313648223877,0.6787509918212891,0.44053909182548523 
0.3220309913158417,0.1622275710105896,0.34082794189453125 
-0.050493739545345306,-0.05950630083680153,0.4396505653858185 
-0.2922290563583374,0.725842297077179,0.5792461633682251 
-0.5781115293502808,-0.4512208104133606,0.07435023784637451 
0.07915046811103821,0.016599953174591064,-0.7697172164916992 
0.09867806732654572,-0.32379016280174255,-0.22367529571056366 
0.73475182056427,0.38599082827568054,-0.708415150642395 
-0.26340168714523315,0.32936713099479675,0.5766793489456177 
-0.07935844361782074,0.23190473020076752,-0.30642783641815186 
-0.2516535520553589,-0.07826383411884308,-0.5406777262687683 
-0.09511694312095642,0.05555640533566475,0.2970932722091675 
-0.1391083151102066,-0.5601351857185364,-0.20797820389270782 
0.2760256826877594,-0.011388272047042847,-0.05088873580098152 
-0.21621167659759521,-0.6006119847297668,-0.48134467005729675 
0.24364423751831055,-0.6177899241447449,-0.38281822204589844 
0.19408483803272247,-0.25478217005729675,-0.26622530817985535 
0.06858702749013901,-0.2652468979358673,-0.6182747483253479 
-0.07386168837547302,-0.13858413696289062,0.23469975590705872 
0.21096661686897278,-0.6107805371284485,-0.5350504517555237 
-0.1418725848197937,-0.06720676273107529,-0.14282043278217316 
-0.36523324251174927,-0.43424031138420105,0.05603143572807312 
-0.20347629487514496,-0.6317099928855896,0.19481530785560608 
0.31798332929611206,0.43638384342193604,0.29018259048461914 
-0.42094314098358154,-0.2931835949420929,0.3557429611682892 
-0.09466063976287842,-0.22101642191410065,-0.36862391233444214 
0.14886930584907532,0.0982149988412857,0.21939754486083984 
-0.015989741310477257,0.03560430184006691,0.4636404514312744 
-0.13022315502166748,0.09150177240371704,-0.5775017738342285 
-0.009355494752526283,-0.3035517632961273,0.20399662852287292 
0.14659863710403442,0.10180855542421341,0.14239291846752167 
0.33990001678466797,0.24574798345565796,0.39048606157302856 
-0.12686654925346375,-0.6024877429008484,-0.6501625180244446 
-0.06732616573572159,-0.5395019054412842,0.2943289875984192 
0.18194180727005005,-0.15181314945220947,-0.5301142334938049 
-0.5176925659179688,0.42115843296051025,0.24607491493225098 
0.09811533987522125,0.0013372378889471292,0.28791195154190063 
-0.02619779109954834,-0.35301244258880615,0.07170660048723221 
0.21264493465423584,0.04573337733745575,0.027507910504937172 
-0.13338233530521393,0.23054450750350952,0.23183676600456238 
0.35273414850234985,0.4514886140823364,0.4100334048271179 
-0.2149282693862915,-0.027835670858621597,-0.2537860870361328 
-0.01937597058713436,-0.5249894857406616,0.3420126438140869 
0.2689175605773926,-0.053582869470119476,-0.5530182123184204 
0.11786999553442001,0.11966770142316818,0.28791195154190063 
-0.0005218684673309326,0.4206944406032562,0.6720247268676758 
-0.07281520962715149,0.12608475983142853,0.09727609157562256 
-0.13950321078300476,-0.23740676045417786,-0.5401841402053833 
-0.24049775302410126,0.6802318692207336,0.21288177371025085 
-0.21759381890296936,0.48199427127838135,0.5802333950996399 
-0.06666471809148788,-0.22733692824840546,0.3863396644592285 
0.08728532493114471,0.33716630935668945,0.22216182947158813 
0.12547172605991364,0.21504485607147217,0.5755934119224548 
0.19398611783981323,0.5734125971794128,0.5826027989387512 
0.058803483843803406,-0.08882729709148407,0.24891600012779236 
0.1387007236480713,-0.10462312400341034,-0.2761964201927185 
0.0796440988779068,0.6041157245635986,0.20715577900409698 
-0.3730839490890503,0.6808242201805115,0.5661158561706543 
0.011098121292889118,0.1196775734424591,0.5166552066802979 
-0.1826455444097519,0.10025858879089355,-0.10692442208528519 
0.37244713306427,0.040182918310165405,-0.1561262458562851 
-0.19547966122627258,-0.6116690635681152,-0.5565723180770874 
0.36181673407554626,0.5534703731536865,0.4253356158733368 
0.3070249855518341,0.7266320586204529,0.31032225489616394 
-0.28610819578170776,0.0067078182473778725,-0.06040572002530098 
-0.026138557121157646,-0.12989644706249237,-0.420530766248703 
0.06514155864715576,-0.4214281141757965,0.33529943227767944 
0.144031822681427,-0.08892602473497391,-0.6560859680175781 
-0.17622849345207214,-0.19278356432914734,-0.4466925859451294 
-0.4037870764732361,0.6921774744987488,0.5192220211029053 
