0.002530723810195923,0.9275065660476685,0.4590473771095276
0.42622798681259155,-0.9241933226585388,-0.9690526723861694
0.016805313527584076,-0.3812592625617981,0.37265005707740784
0.046554386615753174,-0.19397825002670288,-0.5671834945678711
0.14214938879013062,0.9842204451560974,0.27153825759887695
-0.5561519861221313,-0.30563241243362427,-0.9554101824760437
-0.02524152398109436,-0.17577522993087769,0.854680061340332
-0.5385141968727112,-0.9231213927268982,0.14068977534770966
-0.5858731865882874,-0.2867082953453064,0.2547313868999481
0.6443131566047668,-0.17115627229213715,0.0355229377746582
-0.3532099723815918,0.416085422039032,0.8861553072929382
0.5389735102653503,-0.28346067667007446,-0.32139521837234497
-0.11881224811077118,0.40224796533584595,0.45885249972343445
0.5139297842979431,-0.2839115858078003,-1.0244996547698975
0.1892758160829544,-0.29959917068481445,-0.3723281919956207
-0.17562353610992432,0.19782741367816925,-0.2571282982826233
0.25470268726348877,0.5861515998840332,-0.12769989669322968
0.04057250916957855,0.31733444333076477,0.5706613063812256
-0.17838969826698303,-0.42403826117515564,-0.5014448165893555
-0.41099441051483154,0.5597812533378601,0.5412324666976929
-0.2982959747314453,-0.34156090021133423,0.7809131145477295
-0.10968994349241257,-0.2767966687679291,-0.16213618218898773
0.11888180673122406,-0.322731614112854,-0.09310640394687653
0.09907802939414978,0.7659403085708618,0.5907950401306152
-0.6741596460342407,0.005056172609329224,-0.04136234521865845
0.09532768279314041,-0.6242907643318176,-0.32613855600357056
-0.019394725561141968,0.18525680899620056,-0.653715968132019
-0.0010809850646182895,-0.20751222968101501,-0.6457629799842834
0.08212235569953918,0.6243506073951721,0.26598381996154785
0.448835551738739,-0.9245831370353699,0.5674078464508057
0.3147784471511841,-0.717606782913208,0.3726123869419098
-0.09643722325563431,0.012512143701314926,0.19773362576961517
0.019074469804763794,0.22150689363479614,-0.1807861030101776
0.4891783595085144,0.851888120174408,0.2730974555015564
0.1998598277568817,0.4435652494430542,0.6150591969490051
0.2555699646472931,-0.22116190195083618,-0.5115193724632263
0.28368327021598816,0.18827766180038452,-0.09084299206733704
0.597636342048645,-0.4439771771430969,0.13727916777133942
0.5787316560745239,-0.1926334798336029,0.2910594344139099
-0.43385666608810425,-0.9227316379547119,-0.9637905359268188
0.09042742848396301,0.6876908540725708,0.27153825759887695
0.21198084950447083,0.3252275884151459,0.18613749742507935
-0.10183444619178772,0.4403495192527771,0.06202837824821472
-0.05615419149398804,1.043565273284912,0.7010070085525513
0.5047698020935059,0.40559300780296326,0.24474048614501953
-0.011512628756463528,0.5354196429252625,0.16567373275756836
-0.3063070476055145,-0.32438820600509644,0.23191916942596436
-0.22682060301303864,0.10891593247652054,-0.43625307083129883
0.3093087673187256,-0.19196109473705292,-0.3091549873352051
0.08066198229789734,-0.16307663917541504,0.2807580232620239
0.14766617119312286,0.08264241367578506,0.19510257244110107
0.15298806130886078,-0.32429075241088867,-0.08080601692199707
0.07255443930625916,-0.425987184047699,-0.1733425259590149
0.16179589927196503,-0.37122228741645813,-0.5906082987785339
0.23124733567237854,-0.5056607723236084,0.4087650179862976
-0.21935752034187317,-0.38531437516212463,0.12353920936584473
0.10024741291999817,0.4030275344848633,0.5457747578620911
-0.18832924962043762,-0.19250547885894775,-0.5243446826934814
-0.28255999088287354,0.10641155391931534,0.3045349717140198
-0.5877246856689453,1.042396068572998,0.8785544037818909
0.20135916769504547,0.10758092254400253,-0.5144051313400269
-0.6430742740631104,0.40162694454193115,0.05961434543132782
-0.40894806385040283,0.5207052230834961,0.32353705167770386
-0.10793590545654297,0.13798421621322632,0.5617936253547668
-0.40690165758132935,0.33312079310417175,0.4713633060455322
-0.20869556069374084,-0.44148117303848267,-0.2627009153366089
-0.33684873580932617,-0.8897947072982788,0.6590075492858887
-0.013890323229134083,-0.4497641623020172,-0.6717811822891235
-0.14467324316501617,-0.056957442313432693,-0.1786046177148819
-0.23237504065036774,0.42686426639556885,0.18633238971233368
0.20428256690502167,-0.5504263639450073,-0.5003728866577148
0.4422091841697693,0.44337040185928345,0.2726101875305176
-0.17809738218784332,-0.5615352392196655,0.01790592446923256
0.5171455144882202,-0.33678603172302246,-0.010059893131256104
-0.045394767075777054,0.5206077694892883,0.572902500629425
0.10391271114349365,-0.07332845032215118,-0.5388641953468323
0.2226025015115738,-0.48094698786735535,-0.2943710386753082
-0.29067662358283997,-0.32429075241088867,-0.22151875495910645
-0.11846011877059937,-0.09106370061635971,-0.7499332427978516
-0.18423649668693542,-0.2769915461540222,-0.34923335909843445
0.06745798885822296,-0.23869509994983673,-0.07474617660045624
0.4140848219394684,0.49722063541412354,0.5104393362998962
0.25047218799591064,0.5051137804985046,0.1876966655254364
0.7083354592323303,-0.006150156259536743,0.685415506362915
0.12661772966384888,0.07996556162834167,0.37752237915992737
-0.2280873954296112,0.10389743745326996,0.10360035300254822
0.0015198609326034784,-0.6246805787086487,0.15865758061408997
-0.23152858018875122,0.2344672679901123,-0.4942713975906372
-0.18384671211242676,-0.1511881798505783,-0.030748123303055763
0.2859245538711548,0.41686493158340454,0.4601193070411682
-0.3660144507884979,-0.5228113532066345,0.07606068253517151
-0.5640451908111572,-0.49114125967025757,0.1113584041595459
0.08750273287296295,0.7435652613639832,0.3149617612361908
0.18573008477687836,-0.19875311851501465,-0.34469103813171387
0.21256551146507263,0.27825838327407837,0.5697842240333557
0.19697408378124237,-0.6243882179260254,-0.1853284239768982
-0.2330571860074997,0.5596837997436523,0.5730974674224854
-0.07315725833177567,-0.5360042452812195,-0.21134662628173828
0.07471641898155212,0.4616832137107849,0.8026436567306519
-0.08169356733560562,-0.06601995974779129,-0.5738474726676941
-0.10735122859477997,0.07920645922422409,0.40090954303741455
-0.05428188666701317,-0.46223729848861694,0.22170545160770416
-0.12381968647241592,-0.32698163390159607,-0.630171537399292
-0.5274052619934082,0.5459061861038208,-0.10158425569534302
0.4178852438926697,0.6223419308662415,0.3932112753391266
0.01413528062403202,-0.3087591528892517,0.21322762966156006
0.17943371832370758,-0.25672268867492676,-0.20199178159236908
0.37308067083358765,0.4084092378616333,-0.3953632116317749
-0.17780503630638123,-0.05812680721282959,-0.4246569275856018
0.19677919149398804,0.026992686092853546,-0.13251245021820068
-0.06885012984275818,-0.41955575346946716,-0.07064368575811386
0.1549369990825653,0.40617769956588745,-0.36787623167037964
-0.08458641171455383,0.47771313786506653,0.1102643609046936
-0.019297301769256592,0.2697429060935974,-0.20865583419799805
0.16033421456813812,-0.22339600324630737,-0.5241497755050659
0.16549888253211975,-0.5607556700706482,0.11948411911725998
-0.04561889171600342,-0.03639623895287514,-0.04923469200730324
0.12180519104003906,1.0315793752670288,-0.12575098872184753
0.16442696750164032,-0.12741124629974365,-0.6786024570465088
-0.08890461176633835,-0.07284121215343475,0.3310404121875763
0.5859427452087402,-0.4708724021911621,-0.6569316387176514
0.04840720444917679,0.1300618201494217,0.5608192086219788
0.05902755260467529,0.6176267862319946,0.5386611819267273
0.5673304796218872,0.2455761730670929,0.27947598695755005
-0.037812113761901855,0.24362725019454956,0.11350223422050476
-0.12717053294181824,0.4239785671234131,0.2183324694633484
0.029696166515350342,-0.19468960165977478,-0.7324526906013489
0.3949281573295593,0.7269617319107056,-0.12769989669322968
-0.001122887129895389,0.1442110389471054,0.19841575622558594
0.04345822334289551,1.043565273284912,0.022854894399642944
-0.1641625314950943,-0.020707353949546814,0.041614651679992676
0.07589685916900635,-0.49556398391723633,0.2912822663784027
-0.15490511059761047,0.7433704137802124,0.4792564809322357
0.0479186475276947,-0.3027382493019104,0.13640214502811432
0.07916130870580673,-0.2373308539390564,0.08917827159166336
-0.009184986352920532,1.0311896800994873,0.8856680393218994
0.03272806480526924,-0.05569063499569893,0.16655075550079346
-0.04182955622673035,0.48714596033096313,-0.08180259168148041
0.009318502619862556,0.7435652613639832,0.45577189326286316
-0.19417603313922882,-0.5681616067886353,-0.5255140066146851
-0.31900498270988464,0.27036523818969727,0.5697842240333557
-0.06128827854990959,-0.2866387665271759,-0.010870018973946571
0.15010233223438263,0.411175400018692,0.5711484551429749
-0.6458027362823486,-0.24910371005535126,-0.6803188323974609
0.5329318046569824,-0.30567848682403564,-0.6648248434066772
0.656786322593689,-0.3337652087211609,-0.04143765568733215
-0.45422297716140747,0.2910615801811218,0.4726898968219757
-0.12904414534568787,0.33101722598075867,0.36181530356407166
0.2909124791622162,-0.0106703732162714,-0.6023992896080017
-0.2286720871925354,0.043607309460639954,-0.30255651473999023
-0.4001401960849762,0.5782583951950073,0.27036893367767334
0.3979002833366394,-0.3573472499847412,0.6772300601005554
0.08446109294891357,0.4426882863044739,0.7557718753814697
0.39241403341293335,-0.05380149185657501,-0.11620122194290161
-0.5803186893463135,0.40191927552223206,-0.8708266615867615
0.032776787877082825,-0.6242907643318176,-0.20101730525493622
0.11092886328697205,-0.5587092638015747,-0.0993514135479927
-0.24085289239883423,0.10197775065898895,0.44797617197036743
0.3744741678237915,-0.556527853012085,0.6815177202224731
0.12047861516475677,-0.09466922283172607,-0.38889411091804504
-0.07805749773979187,0.41481858491897583,0.5270650386810303
-0.15500256419181824,-0.48591676354408264,-0.6262736916542053
0.11784756183624268,-0.4804597795009613,-0.659892737865448
0.3298910856246948,0.5831683874130249,0.5727076530456543
0.5095446705818176,-0.47165194153785706,0.23605090379714966
-0.4768305718898773,0.3400992453098297,-1.0547082424163818
-0.2281179577112198,-0.32458311319351196,0.341380774974823
-0.5291593074798584,-0.2745930552482605,0.013229817152023315
0.03445286676287651,-0.02255883999168873,-0.6721709370613098
0.26733043789863586,0.7434678077697754,0.2524985671043396
-0.09203264862298965,0.4112728238105774,0.17113074660301208
0.22578057646751404,0.09424181282520294,0.5445079803466797
-0.19154497981071472,-0.12546230852603912,-0.6449834108352661
-0.2155168056488037,0.10352714359760284,-0.18523100018501282
0.2936871349811554,-0.9053861498832703,-0.3927322030067444
0.05223684757947922,-0.32776114344596863,-0.6547280550003052
-0.009282439947128296,0.1189710795879364,0.8712459802627563
-0.11150376498699188,-0.6978251934051514,-0.1645125448703766
0.6583454608917236,0.2759573459625244,0.5319373607635498
-0.17039909958839417,0.030442291870713234,-0.550167977809906
-0.35379335284233093,0.4372910261154175,0.23349648714065552
-0.3034135401248932,0.7435652613639832,0.44787871837615967
-0.09507296979427338,-0.3859367072582245,-0.23190784454345703
-0.14827874302864075,0.12994487583637238,0.21595612168312073
0.2514466643333435,0.10245522856712341,0.4244915843009949
0.12613050639629364,0.551985502243042,0.17171542346477509
0.23760926723480225,0.09038746356964111,-0.33393430709838867
-0.0752718523144722,-0.542728066444397,0.0960969626903534
0.08315662294626236,-0.36274445056915283,-0.021231500431895256
-0.05371803045272827,-0.19352023303508759,-0.3397212624549866
0.15010233223438263,0.10974422842264175,-0.03674010559916496
-0.20596705377101898,-0.4885478615760803,-0.3960076868534088
-0.32689812779426575,0.4345625638961792,0.5713434219360352
-0.009282439947128296,-0.18994396924972534,-0.45414555072784424
0.15045446157455444,0.22179923951625824,-0.6024590730667114
-0.414989709854126,0.6223419308662415,0.4322872757911682
0.15214870870113373,0.02517043799161911,-0.6000606417655945
-0.13921622931957245,-0.5595863461494446,-0.10718610137701035
0.0712389126420021,-0.48669636249542236,0.16080141067504883
-0.021949145942926407,-0.6242907643318176,-0.38860175013542175
-0.4001401960849762,0.4095006287097931,0.3491862416267395
0.41291543841362,0.42686426639556885,0.40880268812179565
0.11092886328697205,-0.6242907643318176,-0.4511623978614807
0.37370431423187256,0.287867933511734,0.2718985378742218
0.21042169630527496,-0.020707353949546814,-0.49101799726486206
0.23799903690814972,-0.13764311373233795,-0.5664415955543518
-0.4119688868522644,0.4815317690372467,0.44008302688598633
-0.2654497027397156,-0.21066820621490479,-0.31625881791114807
-0.2022654116153717,-0.23788762092590332,-1.1046006679534912
0.018511950969696045,0.20006868243217468,-0.38720959424972534
0.5068162083625793,-0.06371894478797913,0.027554452419281006
-0.032687749713659286,-0.0969104915857315,0.073879174888134
-0.6178356409072876,0.407278835773468,0.17686191201210022
0.016142677515745163,-0.14836221933364868,0.428876668214798
-0.25898900628089905,-0.4090913236141205,0.013327240943908691
-0.05328793078660965,-0.3310743570327759,0.11792498081922531
0.22747614979743958,-0.6243505477905273,-0.0074509382247924805
-0.053239207714796066,0.4033796787261963,0.5712459683418274
0.5357577800750732,-0.19600513577461243,0.5996626615524292
0.1607837826013565,0.3379333019256592,0.872902512550354
-0.40855827927589417,0.40347713232040405,0.35423266887664795
-0.6561321020126343,-0.10827407240867615,-0.023432165384292603
0.07968752086162567,0.6457290649414062,0.5731949210166931
-0.3340909779071808,0.21049544215202332,-0.4626234173774719
0.14220917224884033,0.7435652613639832,0.45577189326286316
-0.21736830472946167,0.21589267253875732,0.5681276321411133
0.026600003242492676,-0.4455363154411316,-0.754767894744873
-0.36714354157447815,0.5936926007270813,0.24333858489990234
0.060003332793712616,0.05698671191930771,0.4739943742752075
0.032776787877082825,-0.6247780323028564,0.26808997988700867
-0.11534184217453003,-0.5609505772590637,0.27569082379341125
0.09531793743371964,0.1101827397942543,0.08830124884843826
-0.10793590545654297,-0.6242907643318176,-0.2713736593723297
0.620048999786377,0.11906853318214417,-0.08950090408325195
-0.06398754566907883,-0.44917944073677063,0.33445101976394653
-0.17312759160995483,-0.3245454728603363,-0.4502853751182556
0.06406684964895248,0.49712318181991577,0.5726101994514465
0.07705646753311157,-0.38632649183273315,0.268869549036026
0.10313314199447632,0.004570252727717161,0.26029425859451294
0.016873525455594063,-0.1810068041086197,0.016785290092229843
-0.5268206000328064,0.40115922689437866,-0.9677858948707581
-0.2613166570663452,-0.11016321927309036,-0.5606921911239624
-0.05379334092140198,0.28163138031959534,-0.5946633815765381
0.6691620349884033,1.042980670928955,0.6467292904853821
-0.19823113083839417,-0.03701859712600708,-0.5311282873153687
0.08231726288795471,-0.07446014881134033,0.5941082239151001
0.12574070692062378,-0.5042366981506348,-0.2293742299079895
-0.10014019161462784,-0.6242907643318176,-0.5215187668800354
-0.0038026650436222553,-0.0974951758980751,-0.5037835240364075
-0.027298957109451294,0.0629212036728859,-0.7011125683784485
-0.212497279047966,1.0415189266204834,-0.10158425569534302
0.2751261591911316,0.1858791559934616,0.5667634010314941
0.597636342048645,0.3789582848548889,0.4700588583946228
-0.031615838408470154,-0.10119813680648804,0.2428513616323471
-0.12576861679553986,-0.2197904884815216,-0.6111695170402527
-0.35028529167175293,0.6535247564315796,0.5723178386688232
-0.22684139013290405,-0.46083539724349976,-0.13393647968769073
0.23896509408950806,-0.9244856238365173,0.32574063539505005
-0.1779024749994278,0.07930682599544525,0.3146694004535675
0.22455143928527832,0.10720086842775345,0.11743775010108948
0.17923882603645325,-0.0490642786026001,-0.20774111151695251
0.26782873272895813,0.2720816135406494,-0.5257465839385986
0.2304956614971161,-0.1985471546649933,-0.4456079602241516
0.6273574829101562,-0.4195180833339691,-0.5635779500007629
-0.02141319029033184,-0.5200230479240417,-0.10798516869544983
0.11287778615951538,-0.2420082837343216,-0.6303664445877075
-0.009700125083327293,-0.3081744313240051,-0.10276203602552414
0.6075758337974548,0.3896127939224243,-0.8364280462265015
0.048416946083307266,0.630040168762207,0.16616098582744598
-0.5183427929878235,-0.9056785106658936,0.40808290243148804
-0.07106348872184753,-0.24070382118225098,-0.53239506483078
-0.4798514246940613,-0.5628618597984314,-0.543991208076477
0.11829712986946106,1.0407392978668213,0.8825497627258301
0.2731005847454071,0.16186966001987457,-1.0274231433868408
0.11882202327251434,0.23148410022258759,0.5687122941017151
-0.08347684144973755,-0.1798374354839325,-0.008891855366528034
0.18060307204723358,-0.5394148826599121,-0.6005477905273438
-0.19437094032764435,-0.3847673237323761,-0.36882010102272034
-0.5486485958099365,-0.1905481219291687,-0.3368239104747772
-0.301659494638443,0.5207052230834961,0.20211872458457947
-0.7007625699043274,-0.042205363512039185,0.04643693566322327
0.5629453659057617,-0.5099483728408813,0.059809207916259766
0.4172030985355377,0.5988573431968689,0.49465301632881165
-0.1445757895708084,-0.008643485605716705,-0.08793068677186966
-0.09511065483093262,0.5245653986930847,0.2182350754737854
0.14220917224884033,-0.5593913793563843,0.0022755099926143885
0.5098370313644409,-0.18835291266441345,-0.7194923162460327
-0.537149965763092,-0.2979801893234253,0.23961743712425232
-0.47761014103889465,0.6331207752227783,0.4805830717086792
0.22825440764427185,0.6457290649414062,0.5727076530456543
-0.006329452618956566,0.7433704137802124,0.2758857011795044
-0.06885987520217896,-0.6242907643318176,-0.1619412899017334
0.31439706683158875,0.03042280115187168,-0.07401532679796219
-0.25186434388160706,-0.2019577920436859,-0.35420316457748413
0.01483689621090889,-0.4020153880119324,0.17424902319908142
0.02756340429186821,-0.5164175033569336,-0.2092028260231018
-0.12927669286727905,-0.0010913870064541698,-0.6365055441856384
0.5270850658416748,-0.9242907762527466,0.37241747975349426
0.06469051539897919,-0.33497223258018494,0.10584161430597305
-0.21863509714603424,0.004638470709323883,-0.20520749688148499
0.062010735273361206,-0.5755675435066223,0.3497501313686371
0.2158995121717453,0.26964545249938965,0.12108093500137329
-0.02976435236632824,0.20799949765205383,0.5679327845573425
-0.08357429504394531,-0.5354195833206177,-0.6743147969245911
0.009254544973373413,0.423101544380188,0.48243457078933716
0.04825128614902496,0.33312079310417175,0.1719103306531906
0.09296104311943054,0.09482647478580475,-0.4101874828338623
-0.14701195061206818,0.5128120183944702,0.572902500629425
0.41077160835266113,0.5597812533378601,0.31632599234580994
0.21168850362300873,0.5988573431968689,0.18038815259933472
0.10313314199447632,-0.02392309159040451,0.10603651404380798
0.5046723484992981,-0.10630300641059875,-0.666773796081543
0.2220178246498108,0.06700420379638672,-0.42806756496429443
-0.1157316267490387,-0.6244856119155884,0.1351730078458786
-0.1345011293888092,-0.19049939513206482,-0.42469459772109985
0.06576242297887802,-0.15284477174282074,-0.7032564282417297
-0.17829225957393646,0.7435652613639832,0.38541552424430847
-0.20187431573867798,0.11532790958881378,0.5584805011749268
-0.10014019161462784,0.6728191375732422,0.1597294956445694
0.0015042695449665189,-0.6242907643318176,-0.29485824704170227
-0.24163247644901276,0.15269863605499268,0.2232646346092224
0.3953471779823303,-0.3246805667877197,0.43517303466796875
-0.4125535786151886,0.6508936882019043,0.3284093737602234
0.07944390922784805,-0.525090217590332,0.06747694313526154
0.18040817975997925,-0.4570726454257965,-0.5510450601577759
-0.12323501706123352,0.23167899250984192,0.18604005873203278
-0.31608155369758606,-0.12682656943798065,-0.24798651039600372
-0.021919913589954376,0.07994411885738373,0.5182350873947144
-0.22321508824825287,0.018241994082927704,-0.4669487178325653
0.38855382800102234,0.42423319816589355,0.5665684938430786
-0.07668482512235641,0.1101827397942543,0.15086188912391663
0.22045868635177612,0.7430781126022339,0.5104393362998962
-0.05515757203102112,0.4051935076713562,0.16610121726989746
0.5410199165344238,-0.9231213927268982,0.028626352548599243
-0.17722035944461823,-0.5521804094314575,-0.2100798487663269
-0.3135882616043091,0.0076119303703308105,0.11464947462081909
-0.6137428283691406,0.4018510580062866,-0.781663179397583
0.06938742846250534,-0.28654131293296814,0.2874818444252014
-0.19232454895973206,-0.22670920193195343,-0.43566837906837463
0.048416946083307266,0.7433704137802124,0.5573111176490784
0.020363420248031616,0.6252275705337524,-0.10051234066486359
0.1957072913646698,-0.6239984631538391,-0.5603998899459839
-0.38029876351356506,0.3564104735851288,0.567737877368927
0.7011244297027588,-0.04805216193199158,0.7947505116462708
-0.17039909958839417,0.49722063541412354,0.1757107377052307
0.48138266801834106,-0.3244855999946594,0.2162887454032898
-0.4314205050468445,-0.32438820600509644,0.26318779587745667
0.0014925759751349688,0.11003656685352325,0.0960969626903534
-0.19072774052619934,-0.4764268398284912,-0.312448650598526
0.4544874429702759,-0.3603680729866028,-1.0579239130020142
0.017428969964385033,-0.07011272013187408,-0.5935316681861877
0.06992338597774506,-0.29959917068481445,-0.15219661593437195
0.18436583876609802,-0.19022655487060547,-0.4481791853904724
0.10313314199447632,-0.5583195090293884,0.22121822834014893
-0.21210618317127228,-0.5746905207633972,-0.43469393253326416
-0.1553923338651657,-0.31450843811035156,-0.5407156944274902
-0.04741191118955612,-0.4781210422515869,0.03576785698533058
0.5419943332672119,-0.35578808188438416,-0.9667139649391174
-0.280026376247406,0.10981243848800659,-0.341729998588562
-0.021949145942926407,0.630040168762207,0.5731949210166931
-0.06104466691613197,-0.6242907643318176,-0.6075639724731445
0.1501997858285904,0.10203621536493301,0.4636650085449219
-0.3619216978549957,-0.08038225769996643,0.33804813027381897
0.6539603471755981,0.3580099046230316,-0.6576137542724609
-0.06885012984275818,-0.6246805787086487,0.22901396453380585
-0.09663211554288864,-0.026456698775291443,0.10321056097745895
0.40336570143699646,0.35650792717933655,0.30872514843940735
-0.04063805937767029,0.26584503054618835,-0.11978459358215332
-0.45490512251853943,0.4019777774810791,0.179159015417099
-0.044956255704164505,-0.363329142332077,-0.6586259007453918
0.040163230150938034,-0.5277213454246521,-0.6815258264541626
0.16569377481937408,0.7432729601860046,0.26808997988700867
0.29071757197380066,0.3251301646232605,0.5703689455986023
0.6766653656959534,1.0432729721069336,0.849612832069397
0.2332644760608673,0.3629114627838135,-0.3300241231918335
0.048416946083307266,-0.6242907643318176,-0.623155415058136
-0.07062365114688873,-0.5577348470687866,-0.04252063110470772
0.1686171591281891,-0.3245454728603363,-0.5128459930419922
0.41008949279785156,0.35660532116889954,0.4868572950363159
-0.0675443485379219,-0.11903084814548492,0.414259672164917
0.19765619933605194,-0.0514029897749424,-0.4045829772949219
0.04138973355293274,0.31995707750320435,-0.15798363089561462
-0.32689812779426575,0.5596837997436523,0.5725127458572388
0.18222200870513916,0.2862113416194916,-0.5029441118240356
-0.6429768204689026,0.3285031318664551,0.1417616903781891
0.08387640118598938,-0.11592361330986023,0.1166958212852478
-0.0981912612915039,-0.163174107670784,-0.6744122505187988
-0.25654178857803345,0.6457290649414062,0.5727076530456543
-0.35284942388534546,0.16225944459438324,-0.1357879489660263
0.6062116026878357,-0.193091481924057,0.8183324933052063
0.20554937422275543,-0.5458463430404663,-0.2264508306980133
0.16549888253211975,0.1688065379858017,0.20747829973697662
0.13840875029563904,-0.023435859009623528,-0.08793068677186966
-0.6313806772232056,0.40559300780296326,0.08054319024085999
0.07358738034963608,-0.2436649054288864,0.20358042418956757
0.1651090830564499,-0.1763293594121933,-0.6018146276473999
0.07221338152885437,-0.427156537771225,-0.08475393056869507
-0.09543351829051971,-0.23772065341472626,-0.08401333540678024
-0.05322946235537529,0.7435652613639832,0.3932112753391266
0.22825440764427185,0.11006580293178558,-0.09155569225549698
-0.34584301710128784,0.19168828427791595,-0.0024590492248535156
-0.49368882179260254,-0.3589063882827759,-1.0169963836669922
-0.08172280341386795,-0.09788495302200317,-0.4479466378688812
0.7305532693862915,0.3746706247329712,0.6229523420333862
0.5025285482406616,-0.917177140712738,0.4751260578632355
-0.1939811408519745,0.30164554715156555,0.5706613063812256
0.4157414138317108,0.5128120183944702,0.3932112753391266
-0.14980022609233856,0.4093349575996399,-0.33894169330596924
-0.10179677605628967,0.07431269437074661,0.27335208654403687
-0.1784871518611908,0.10971499234437943,-0.5841768383979797
-0.19739176332950592,-0.35572829842567444,-0.2650396525859833
0.6630228757858276,-0.29457223415374756,0.051916077733039856
-0.06695966422557831,-0.42540252208709717,-0.15648427605628967
0.04057250916957855,0.4033796787261963,0.5710510611534119
0.024454861879348755,-0.48728102445602417,0.3596896827220917
0.14893297851085663,-0.23606404662132263,-0.10171935707330704
-0.22565124928951263,-0.017978858202695847,-0.36229121685028076
0.23536798357963562,-0.2303147166967392,-0.32155856490135193
0.27346956729888916,-0.11834871023893356,-0.08395487070083618
0.5047698020935059,-0.9242907762527466,-0.14336663484573364
-0.050910238176584244,-0.018855877220630646,-0.6704169511795044
0.14776360988616943,-0.08268330991268158,-0.29057058691978455
0.06557857990264893,0.2599008083343506,0.2973155081272125
-0.16104423999786377,-0.41000598669052124,-0.5836895704269409
0.07566297799348831,-0.07352335005998611,0.2795886695384979
-0.27469736337661743,0.2292051613330841,-0.4053053855895996
0.25953471660614014,0.5050163269042969,0.5728051066398621
0.23246541619300842,0.04025644063949585,-0.12009908258914948
-0.10078465938568115,0.1988993138074875,-0.29618483781814575
0.12661772966384888,-0.6242907643318176,-0.24788907170295715
0.02269107848405838,-0.15537837147712708,0.09863056987524033
0.4031331539154053,-0.3244855999946594,0.26319754123687744
0.19463537633419037,0.40727755427360535,0.18165495991706848
-0.0813928097486496,-0.8643611669540405,-0.4308558702468872
0.17290480434894562,-0.269390732049942,-0.44989559054374695
-0.1312256157398224,-0.4801674485206604,-0.23356442153453827
0.2391989529132843,-0.6499789953231812,0.07674279808998108
0.10215867310762405,-0.3947069048881531,-0.6533637642860413
0.24014286696910858,0.0377020537853241,0.015898527577519417
0.07186257094144821,0.7432729601860046,0.4010069668292999
0.17309969663619995,-0.43329569697380066,-0.24204227328300476
-0.006302167195826769,0.39558395743370056,0.16888947784900665
-0.3346938490867615,0.7435652613639832,0.2915745675563812
-0.24085289239883423,0.7435652613639832,0.5104393362998962
-0.21974730491638184,0.003908932209014893,0.32762134075164795
0.6272600293159485,-0.0684184581041336,-0.06718564033508301
-0.23439350724220276,0.21712180972099304,0.1490480601787567
0.1446453332901001,-0.07488759607076645,-0.46714362502098083
-0.2465047985315323,-0.2197904884815216,-0.2661115527153015
-0.453248530626297,0.24275022745132446,-0.20319879055023193
0.3177102506160736,-0.0496489517390728,-0.09367028623819351
-0.5271129608154297,-0.923218846321106,-0.662193775177002
0.19947004318237305,0.2014329433441162,-0.065214604139328
0.6528884172439575,0.5475627779960632,0.8676404356956482
0.049402445554733276,-0.2340969443321228,0.33430618047714233
-0.320953905582428,0.2548712491989136,0.22121822834014893
0.09659448266029358,0.030120717361569405,-0.6635956764221191
-0.04300732910633087,-0.371027410030365,0.23213224112987518
-0.29308420419692993,0.004453317727893591,-0.5831049084663391
-0.2956177890300751,0.34861472249031067,0.5704663395881653
-0.4314205050468445,0.06420618295669556,0.8713434338569641
0.25134921073913574,0.014217456802725792,-0.3732052147388458
-0.1811779886484146,-0.32438820600509644,-0.46194130182266235
0.24374839663505554,-0.20419904589653015,-0.1522940844297409
-0.2353777140378952,0.19899675250053406,-0.15973767638206482
-0.10793590545654297,-0.5588067173957825,0.18214218318462372
-0.19437094032764435,-0.5017030835151672,-0.47903209924697876
0.1467514932155609,0.20016612112522125,-0.27199864387512207
0.4969741106033325,0.40976372361183167,0.34135156869888306
-0.29068443179130554,0.4096565246582031,-1.056072473526001
0.19255134463310242,-0.7265719175338745,-0.3538510203361511
0.047247592359781265,-0.4518105387687683,0.22950118780136108
0.2155194729566574,1.041811227798462,-0.10168169438838959
-0.060956962406635284,-0.2613026797771454,-0.6458604335784912
0.3124481439590454,0.14615021646022797,0.26117128133773804
0.22045868635177612,0.3642061948776245,0.5709536075592041
0.7426366209983826,0.3757425546646118,0.14797616004943848
0.006617285776883364,0.22251902520656586,0.18292178213596344
0.2908150255680084,0.7433704137802124,0.3306506276130676
-0.08522113412618637,-0.09281773865222931,-0.22391724586486816
-0.478389710187912,-0.8952517509460449,-0.9034712314605713
-0.1735771745443344,0.048614710569381714,0.476490318775177
0.20385512709617615,0.2968817353248596,0.5915745496749878
-0.22204571962356567,0.6405643820762634,0.18126517534255981
-0.0845000296831131,-0.6242907643318176,-0.4433666467666626
0.29861074686050415,0.7435652613639832,0.4948478937149048
-0.16558656096458435,0.6332181692123413,0.8709536194801331
-0.3989110589027405,0.25175297260284424,0.4349183440208435
-0.16377273201942444,0.06561072170734406,0.07728980481624603
0.10352292656898499,0.02021041326224804,0.17424902319908142
0.03534805774688721,-0.38180631399154663,-0.10341361165046692
-0.20772109925746918,-0.03337540104985237,-0.2735174894332886
0.4041452705860138,0.5571502447128296,0.5608192086219788
0.28681129217147827,-0.527293860912323,0.2604612410068512
-0.7202518582344055,1.0317742824554443,0.14018043875694275
-0.12651053071022034,1.0428831577301025,0.6463395357131958
-0.22526146471500397,0.4815317690372467,0.571928083896637
0.10313314199447632,0.012404952198266983,0.33844631910324097
0.13392622768878937,0.6301376223564148,0.17171542346477509
-0.37006691098213196,0.5154431462287903,0.24830834567546844
-0.48608797788619995,-0.19035322964191437,0.31008097529411316
-0.12970411777496338,0.37798386812210083,0.28147780895233154
0.3298910856246948,0.6613204479217529,0.5727076530456543
0.11092886328697205,-0.6242907643318176,-0.5762836337089539
-0.15471021831035614,-0.5605607628822327,0.10389268398284912
-0.345346063375473,-0.3550085127353668,-0.1334492564201355
-0.0695127621293068,-0.14777754247188568,0.34107738733291626
0.037102073431015015,0.4380108118057251,0.5161510109901428
0.05623215436935425,0.10953959077596664,0.15865758061408997
0.04822205379605293,-0.5571501851081848,-0.14634984731674194
-0.05451575666666031,-0.5248953700065613,0.32032129168510437
0.020925968885421753,-0.3107678294181824,-0.23087358474731445
0.06405710428953171,-0.6243882179260254,-0.10717636346817017
-0.004582881927490234,0.1763891875743866,0.13162726163864136
-0.0720561146736145,-0.35660532116889954,-0.11512799561023712
0.15000489354133606,0.16102056205272675,0.5651068687438965
-0.22301176190376282,0.1673266589641571,0.08434361219406128
-0.061073899269104004,0.04019668325781822,0.4652242064476013
-0.1627008318901062,0.1097637191414833,0.14296871423721313
0.5589500665664673,0.3312511146068573,-0.9574565887451172
0.3979392647743225,0.24781744182109833,0.5056267976760864
-0.18618541955947876,-0.6243882179260254,-0.2322976440191269
-0.18472373485565186,0.043539099395275116,-0.12598352134227753
-0.21991294622421265,-0.04549643397331238,0.050334811210632324
-0.1939811408519745,0.10197775065898895,0.38541552424430847
-0.18926605582237244,0.2651629149913788,-0.9214013814926147
-0.03617766499519348,-0.02914753556251526,0.4966617226600647
0.15789805352687836,-0.6246805787086487,0.04139052331447601
-0.0834391862154007,0.4030594229698181,-0.468177855014801
-0.6898485422134399,0.09041929244995117,-0.019144505262374878
0.051059067249298096,0.40952011942863464,-0.571373701095581
0.2666483223438263,-0.14319756627082825,-0.4967673420906067
-0.13401390612125397,-0.22074970602989197,0.5681874752044678
-0.5402682423591614,0.26757699251174927,0.4848707318305969
-0.21766063570976257,-0.5020928978919983,-0.30635693669319153
-0.18511350452899933,-0.24424955248832703,-0.17139358818531036
-0.5049926042556763,-0.2144731879234314,0.5363224744796753
-0.3688696324825287,0.4435652494430542,0.8183324933052063
0.4733920693397522,-0.3491617441177368,0.3625071942806244
-0.4782922863960266,-0.32438820600509644,-0.4150013327598572
-0.4938836991786957,-0.19388079643249512,-0.8112868666648865
-0.05808229744434357,-0.47412577271461487,0.11967901140451431
0.08983170241117477,0.004999018739908934,0.42975369095802307
0.19814343750476837,-0.2930701971054077,-0.2942735552787781
0.04519015550613403,0.4224415123462677,0.13228726387023926
-0.5502077341079712,-0.376056969165802,-0.9257864356040955
-0.16695080697536469,0.2967258393764496,-0.5002156496047974
0.12720240652561188,-0.3205501437187195,-0.6323153376579285
0.04058225080370903,0.23148410022258759,0.5685174465179443
-0.0222206711769104,0.2654552459716797,-0.41738876700401306
0.08263170719146729,-0.32438820600509644,-0.2820843458175659
0.485572874546051,-0.2639058232307434,-0.8313608765602112
-0.3063557744026184,-0.2972714900970459,-0.30036529898643494
0.6208285093307495,0.21281200647354126,-0.091157466173172
0.6425591111183167,-0.3725488781929016,0.0908946543931961
0.07256418466567993,-0.4355369508266449,0.3333791196346283
-0.35817843675613403,0.7434678077697754,0.5339239835739136
0.07835250347852707,-0.3555334210395813,-0.09930268675088882
-0.41411271691322327,0.5705978274345398,0.3803483247756958
-0.46270084381103516,0.44337040185928345,-0.05529718101024628
0.09032998979091644,-0.19040195643901825,-0.40715688467025757
0.13396388292312622,0.41306453943252563,0.6858053207397461
0.39030787348747253,0.6301376223564148,0.26867467164993286
0.1998598277568817,-0.3247780203819275,0.007165998220443726
-0.2985064685344696,0.19617082178592682,0.07569301128387451
-0.6472644805908203,0.3822234272956848,-0.010254770517349243
-0.06085951626300812,0.18507033586502075,0.19432301819324493
-0.30321863293647766,0.19971655309200287,0.5671532154083252
0.06280004978179932,-0.08706840127706528,0.07777702808380127
0.5176327228546143,1.0408368110656738,0.8826472163200378
0.032776787877082825,-0.6242907643318176,-0.43557095527648926
0.28545546531677246,-0.08346287906169891,-0.5630308985710144
-0.14701195061206818,0.2002037763595581,0.567737877368927
-0.03761853650212288,0.333023339509964,0.5706613063812256
-0.40953272581100464,0.4112728238105774,0.45577189326286316
0.2047698050737381,0.45804715156555176,0.5721229910850525
-0.0765678882598877,0.4815317690372467,0.16840225458145142
-0.4151846170425415,0.6379333138465881,0.5025461912155151
0.27817755937576294,0.3144487142562866,0.46499162912368774
0.18976305425167084,0.2568201720714569,0.18789152801036835
0.14425554871559143,-0.558514416217804,-0.1756812185049057
-0.3734775185585022,0.5050163269042969,0.5702714920043945
0.3466629087924957,-0.11965319514274597,0.3083561658859253
-0.17698779702186584,-0.8642637133598328,-0.0038454532623291016
-0.024776428937911987,0.41005605459213257,0.03642207384109497
0.0094149736687541,-0.2472703754901886,0.2492828220129013
0.29861074686050415,0.11008529365062714,-0.36521461606025696
-0.29034337401390076,0.3353438675403595,-0.5276955366134644
0.048016101121902466,-0.20363420248031616,-0.49409860372543335
0.22672581672668457,-0.5617899298667908,0.36523568630218506
0.13759152591228485,0.10337966680526733,0.47726988792419434
0.001667005242779851,-0.21569772064685822,0.4115311801433563
-0.0641447901725769,1.0384981632232666,-0.11093910038471222
0.5136374235153198,-0.20473048090934753,-0.08180259168148041
0.1607837826013565,0.13465994596481323,0.8719280958175659
-0.09881362318992615,0.5861515998840332,0.25312089920043945
0.3804963231086731,-0.19316942989826202,0.27614524960517883
-0.13430623710155487,-0.32429075241088867,-0.6182453632354736
0.08752221614122391,0.5753726959228516,0.5728051066398621
0.03566253185272217,1.0434677600860596,-0.047501444816589355
-0.41206634044647217,0.48932743072509766,0.5104393362998962
-0.18618541955947876,0.7435652613639832,0.31505918502807617
-0.16558656096458435,0.1893274188041687,0.8727076649665833
0.2047698050737381,0.20799949765205383,0.5678353309631348
0.11745777726173401,-0.17408809065818787,-0.6542408466339111
-0.10682633519172668,-0.20078974962234497,0.06592622399330139
-0.3101373314857483,0.38778820633888245,0.2084527462720871
0.5969541668891907,-0.43715590238571167,-0.7228055000305176
0.06391093879938126,-0.5974929332733154,-0.6866905093193054
0.009318502619862556,0.5674794912338257,0.5730974674224854
-0.029774099588394165,-0.6242907643318176,-0.2322976440191269
0.07968752086162567,-0.6242907643318176,-0.5137230157852173
0.0796777755022049,0.7435652613639832,0.48705223202705383
-0.0953945443034172,0.0048138732090592384,0.3617360293865204
0.06406684964895248,-0.6247780323028564,0.20562680065631866
0.10761567950248718,0.046111684292554855,-0.046145640313625336
0.4591648578643799,0.2644807994365692,-0.26644158363342285
-0.05648417770862579,-0.08229351788759232,-0.7802391052246094
-0.24308574199676514,0.1901291310787201,-0.6653120517730713
-0.453248530626297,-0.5047837495803833,-0.3641050457954407
-0.15441787242889404,-0.25438398122787476,-0.5060247182846069
0.3781270682811737,0.39616858959198,0.2577606439590454
-0.6749392747879028,-0.14514783024787903,0.8100495934486389
-0.09610722959041595,-0.8635815978050232,0.3490888178348541
-0.40631699562072754,0.3199654817581177,0.4036380350589752
-0.021013660356402397,-0.4749053418636322,-0.17032167315483093
0.22250504791736603,0.004024552181363106,-0.19195479154586792
-0.03050363063812256,0.3276943266391754,-0.17357507348060608
-0.6639277935028076,0.9093815684318542,-0.12341226637363434
-0.14935065805912018,-0.03054944798350334,-0.5778427720069885
-0.017078131437301636,0.4050668179988861,0.05413520336151123
0.4179450273513794,0.34755390882492065,0.4037952423095703
-0.12274777144193649,-0.3237658739089966,-0.23794950544834137
0.056183431297540665,0.5440923571586609,0.16723287105560303
-0.13467392325401306,0.37476807832717896,0.6933087110519409
-0.5241895914077759,-0.26747941970825195,-0.42253392934799194
0.40556931495666504,-0.9238035082817078,0.6245114803314209
0.16501162946224213,-0.5621199607849121,0.18964555859565735
0.10787035524845123,-0.7334905862808228,-0.7353760600090027
-0.020292557775974274,-0.4453790485858917,-0.030446039512753487
-0.14103005826473236,-0.14128631353378296,-0.32227838039398193
-0.30351096391677856,0.14653027057647705,0.2536679208278656
-0.13352666795253754,0.39019647240638733,-0.2756989598274231
0.3953081965446472,0.3919186592102051,0.4526159167289734
0.1549369990825653,-0.8498417139053345,-0.3492710590362549
-0.10208911448717117,0.05251391604542732,0.1255258023738861
-0.5227278470993042,-0.26756006479263306,-1.0006253719329834
0.27858683466911316,-0.4034394323825836,0.7652242183685303
-0.06914246827363968,-0.25759974122047424,0.30424264073371887
0.730260968208313,1.0238810777664185,0.812875509262085
0.06678561121225357,-0.13803289830684662,0.032571613788604736
0.10874737799167633,-0.8705003261566162,-0.13500839471817017
-0.18618541955947876,-0.6243882179260254,-0.302653968334198
-0.30818837881088257,0.07497532665729523,-0.06179553642868996
0.4757307767868042,-0.905483603477478,-0.9269558191299438
-0.28548336029052734,-0.17408809065818787,-0.2970995306968689
0.08145130425691605,-0.549159586429596,0.13059301674365997
0.22058668732643127,0.17093217372894287,-0.2645244896411896
0.22578057646751404,-0.047737687826156616,0.2634713649749756
-0.09533607959747314,-0.5581246018409729,0.03355582430958748
0.10771312564611435,-0.4207250773906708,-0.23151804506778717
-0.5573213696479797,-0.46112772822380066,0.1812567412853241
0.07484442740678787,-0.19192078709602356,0.35247862339019775
-0.415829062461853,0.44337040185928345,0.12449157238006592
-0.2828438878059387,-0.32458311319351196,-0.21949447691440582
0.3454824984073639,0.7434678077697754,0.2837788760662079
0.01714637689292431,0.7433704137802124,0.3619309365749359
-0.014153428375720978,0.45804715156555176,0.5718306303024292
-0.011209219694137573,0.44307810068130493,0.6619309186935425
-0.4079359173774719,0.26747947931289673,0.2730974555015564
-0.17838969826698303,-0.4787057638168335,-0.5405208468437195
0.5268901586532593,-0.24292290210723877,-0.6416325569152832
0.4626729488372803,0.35837045311927795,-1.0679608583450317
-0.26111334562301636,-0.4089938700199127,0.5066012740135193
0.04937192425131798,-0.30115827918052673,-0.05896959826350212
-0.3985212743282318,0.4607756435871124,0.29586222767829895
0.43441346287727356,-0.9242907762527466,-0.6886017322540283
-0.3034135401248932,0.49712318181991577,0.5725127458572388
-0.17049653828144073,-0.6242907643318176,-0.4981316030025482
0.015109745785593987,-0.3394547700881958,0.15086188912391663
0.14220917224884033,0.6222444772720337,0.5731949210166931
0.091156966984272,0.08936719596385956,0.5296363234519958
0.01776028983294964,-0.4650632441043854,-0.09184803068637848
0.15789805352687836,0.10924725234508514,0.11948411911725998
0.08253426849842072,1.0428831577301025,0.7479761838912964
-0.10627932101488113,0.004911321215331554,-0.03503381833434105
-0.0816851556301117,0.188082754611969,-0.3396238088607788
-0.3123786151409149,-0.08463224768638611,-0.470846563577652
0.0716189593076706,-0.28790557384490967,0.1524210274219513
0.1886911392211914,-0.34754282236099243,-0.4185177981853485
0.21198084950447083,-0.18168893456459045,-0.5196672677993774
0.056709643453359604,-0.456195592880249,-0.6698322296142578
-0.08609815686941147,-0.052182573825120926,-0.09946834295988083
-0.3830272853374481,0.19416210055351257,0.3401029407978058
0.017612814903259277,-0.2034100890159607,-0.3777182996273041
-0.562291145324707,0.3557978868484497,-0.9311460256576538
0.017545906826853752,0.7428831458091736,0.2140071839094162
0.38506656885147095,0.4819033741950989,0.4978311061859131
-0.33742234110832214,0.6766195297241211,0.1885736733675003
-0.024873852729797363,-0.19024604558944702,-0.7824426889419556
0.5458922386169434,-0.9197108149528503,0.19265799224376678
0.4160337448120117,0.5441898107528687,0.4577208161354065
0.14971254765987396,-0.2656877934932709,-0.5811560153961182
0.2652951180934906,0.07572700083255768,0.32724130153656006
0.04578589275479317,-0.2436649054288864,0.007674042601138353
0.13051560521125793,-0.5587092638015747,-0.665057361125946
0.2254590094089508,-0.6862290501594543,0.6145719289779663
0.34129229187965393,0.6379333138465881,0.21848973631858826
0.19668173789978027,-0.5626071691513062,-0.06811007857322693
0.0338863730430603,0.19724272191524506,-0.04134020209312439
0.3457748293876648,0.4736385643482208,0.5710510611534119
-0.1146973967552185,0.37652212381362915,0.5650691986083984
0.09761634469032288,0.5315815806388855,0.6698241233825684
0.27171552181243896,0.3487122058868408,0.1964668184518814
0.4578980803489685,-0.9246805906295776,0.41178587079048157
0.16857950389385223,1.0430781841278076,0.8417196273803711
-0.19306644797325134,-0.23102739453315735,0.007165998220443726
0.19522003829479218,-0.07430291920900345,-0.7095904350280762
0.2888661026954651,0.5675770044326782,0.1958821564912796
0.05229531601071358,-0.25740480422973633,-0.6470297574996948
-0.6456078290939331,-0.3488693833351135,-0.6570291519165039
0.1645244061946869,-0.3160676062107086,-0.24438099563121796
-0.653598427772522,0.3051452040672302,0.08270914852619171
-0.7113842368125916,0.7659403085708618,0.07761982083320618
0.11170843243598938,-0.10558322817087173,-0.7416502833366394
-0.09809381514787674,0.0670919120311737,0.33844631910324097
-0.40865570306777954,0.3956814110279083,0.5181376338005066
-0.24366067349910736,-0.1642836630344391,0.40243101119995117
-0.06008969247341156,-0.47246918082237244,-0.2211887240409851
-0.08337939530611038,-0.3304896950721741,-0.18776458501815796
0.05230376124382019,0.46946918964385986,0.2620859742164612
0.2432611584663391,0.0067822933197021484,-0.43625307083129883
0.07876178622245789,-0.5559808015823364,-0.005081699229776859
-0.16260337829589844,0.10956882685422897,-0.6857160329818726
-0.1157316267490387,0.2939472794532776,0.1757107377052307
0.416775643825531,0.2122494876384735,-0.5353184938430786
0.08643212914466858,-0.21565033495426178,0.4733720123767853
-0.002753525972366333,0.1326357126235962,0.005434095859527588
0.18602243065834045,-0.23487651348114014,-0.4931994676589966
0.15328040719032288,-0.3246805667877197,-0.039900630712509155
0.19414812326431274,-0.4649657905101776,-0.4897512197494507
0.1499074399471283,0.45814454555511475,0.1758081614971161
-0.17663566768169403,-0.5351272821426392,-0.5838844776153564
-0.07634375989437103,-0.5578323006629944,-0.11370527744293213
-0.24864861369132996,0.10211417078971863,0.5181376338005066
0.4117461144924164,0.4191659986972809,0.4947504997253418
0.25953471660614014,0.590964138507843,0.5731949210166931
-0.12362479418516159,-0.6243882179260254,-0.19322159886360168
0.0014896525535732508,0.4737360179424286,0.16703800857067108
0.17348948121070862,-0.6245831251144409,-0.02116328850388527
0.23114013671875,-0.32438820600509644,-0.3602656424045563
0.2545955181121826,0.4300423264503479,0.26101404428482056
-0.0816851556301117,-0.25081610679626465,-0.11958971619606018
-0.021958891302347183,0.27046269178390503,0.5702714920043945
0.6431437730789185,0.3672478199005127,0.1615433245897293
-0.09916572272777557,0.07495584338903427,0.2055293619632721
0.032776787877082825,-0.6242907643318176,-0.35741886496543884
0.41077160835266113,0.36440107226371765,0.4010069668292999
-0.46270084381103516,-0.32438820600509644,0.3491959869861603
-0.08450977504253387,0.4658428430557251,0.5721229910850525
-0.47030168771743774,-0.2612428665161133,-0.35246992111206055
0.4085303544998169,0.30164554715156555,0.4562591016292572
0.3298910856246948,0.7430781126022339,0.4244915843009949
0.5438458323478699,-0.19008037447929382,-0.26069217920303345
0.009327271953225136,0.684512734413147,0.572902500629425
-0.27001020312309265,0.1950989067554474,-0.46406298875808716
-0.10004273802042007,0.5596837997436523,0.16849969327449799
0.026033494621515274,-0.5508161187171936,-0.08103147149085999
-0.3063051104545593,-0.3244855999946594,0.29447007179260254
-0.4143075942993164,0.5766394734382629,0.4811079800128937
-0.07003897428512573,-0.1479724496603012,0.2677002251148224
0.08096407353878021,-0.0467255674302578,-0.08111917227506638
-0.03169379383325577,-0.5117400884628296,-0.014241667464375496
0.1525384932756424,-0.19757269322872162,-0.051514942198991776
-0.07075033336877823,-0.5430204272270203,0.2367122322320938
0.26733043789863586,0.24707554280757904,0.5691021084785461
-0.03674018383026123,0.4358111619949341,0.6043400764465332
0.03678184002637863,0.05896487459540367,-0.7000406980514526
-0.07657763361930847,-0.05637276917695999,0.26808997988700867
-0.07040926814079285,-0.5119349956512451,0.1664533168077469
0.050744593143463135,0.2350519597530365,0.020830631256103516
-0.5637527704238892,-0.14711622893810272,0.8649119138717651
0.20648619532585144,-0.34789493680000305,-0.09242428839206696
0.2182174026966095,0.07401061058044434,-0.7051078677177429
-0.2286720871925354,-0.18636634945869446,-0.46392786502838135
-0.31140413880348206,0.03397959843277931,-0.5327250957489014
-0.20518748462200165,-0.5122272968292236,-0.24730437994003296
-0.08250238001346588,0.03352160006761551,-0.6691501140594482
0.22864417731761932,-0.011937176808714867,-0.2506175637245178
0.33768677711486816,0.37989506125450134,0.570563793182373
0.3484266996383667,-0.19019731879234314,0.3491862416267395
-0.03758930414915085,-0.6242907643318176,-0.482442706823349
0.18128520250320435,0.7432729601860046,0.4089001417160034
-0.23529843986034393,-0.15362434089183807,-0.5252217054367065
0.09699401259422302,-0.1021725982427597,-0.3181479573249817
0.15234360098838806,-0.3759972155094147,-0.24038566648960114
0.5905227065086365,0.36251193284988403,-0.8882695436477661
0.35259610414505005,0.012229549698531628,-0.3986387550830841
0.3643870949745178,0.45804715156555176,0.241389662027359
-0.17650055885314941,0.24304257333278656,0.16349226236343384
0.192064106464386,0.990067183971405,0.8753386735916138
0.4885936975479126,0.20501631498336792,0.47843921184539795
0.14220917224884033,-0.6247780323028564,0.17434649169445038
-0.17741523683071136,-0.01700439117848873,-0.14654472470283508
-0.28772464394569397,0.10980269312858582,-0.21660873293876648
0.04953758046030998,0.043509867042303085,-0.02475711517035961
-0.3527812361717224,0.01979273557662964,-0.43514353036880493
-0.06383034586906433,0.48558682203292847,0.2612089514732361
-0.40047019720077515,0.5988573431968689,0.29381585121154785
-0.22535891830921173,-0.09769006073474884,-0.01935955509543419
0.14045512676239014,-0.26198479533195496,-0.1558021605014801
0.2132476419210434,-0.42111486196517944,-0.30869564414024353
-0.2219482809305191,0.05906232073903084,-0.23151804506778717
0.0304283294826746,-0.4953690767288208,-0.14596006274223328
-0.04141765832901001,-0.2137598693370819,-0.4819178283214569
-0.03148915618658066,-0.2901468575000763,0.2609764039516449
0.22650036215782166,0.6681417226791382,0.17951112985610962
-0.4630906283855438,-0.3354218006134033,-1.0633809566497803
-0.575738787651062,-0.46346646547317505,-0.09396129846572876
-0.6659741401672363,1.0158904790878296,0.8869348168373108
-0.09858104586601257,-0.08258586376905441,-0.5038809776306152
0.06087905168533325,-0.2796629071235657,-0.6111317873001099
-0.1457451432943344,-0.24191084504127502,-0.11662866920232773
0.19522003829479218,-0.23918232321739197,-0.4031212627887726
-0.6276776790618896,0.4067428708076477,-0.09220728278160095
-0.1708863377571106,-0.3648882806301117,-0.4944286644458771
-0.4080333709716797,-0.19039221107959747,0.27897703647613525
-0.06639447808265686,-0.41731444001197815,0.26165851950645447
-0.1393136829137802,-0.27543243765830994,-0.5945061445236206
-0.2283797413110733,-0.5703054070472717,-0.18542586266994476
-0.032767027616500854,0.4227825701236725,0.2605268359184265
0.0014974483055993915,-0.5386353135108948,0.3401029407978058
0.09533742070198059,0.4345625638961792,0.5717331767082214
-0.2643374800682068,0.2939472794532776,0.570563793182373
-0.12917925417423248,-0.5584169626235962,-0.17548632621765137
-0.05322946235537529,-0.6242907643318176,-0.31824538111686707
0.42661774158477783,-0.1901291012763977,-0.28206485509872437
-0.3734775185585022,0.5987598299980164,0.5707587599754333
0.03882821276783943,-0.471981942653656,0.035426799207925797
0.09530819207429886,0.2860541045665741,0.5697842240333557
0.4110639691352844,0.40347713232040405,0.35423266887664795
-0.06616060435771942,0.10679160058498383,-0.6914653778076172
-0.4045252799987793,0.6522202491760254,0.47346949577331543
-0.08684982359409332,-0.3195158839225769,-0.20193201303482056
-0.16601401567459106,-0.10733726620674133,-0.6968249082565308
-0.014504235237836838,-0.448692262172699,0.15086188912391663
-0.029491504654288292,-0.5559808015823364,-0.1543404459953308
-0.16221359372138977,0.18578170239925385,0.20211872458457947
0.07491129636764526,0.4793210029602051,0.6313327550888062
-0.3398585319519043,-0.07264632731676102,-0.2480839341878891
-0.21736830472946167,0.6936727166175842,0.579334020614624
-0.3787604570388794,-0.921269953250885,-0.9852287769317627
-0.365876704454422,0.7429805994033813,0.40880268812179565
0.08740660548210144,0.3211946487426758,-0.27188169956207275
0.2109089344739914,-0.2501938045024872,-0.255879670381546
0.02943437546491623,-0.042048130184412,-0.052947405725717545
0.04420726001262665,-0.3909064829349518,-0.6628161072731018
-0.16055700182914734,-0.18821781873703003,-0.5761862397193909
0.015109745785593987,-0.08911477029323578,0.11168839782476425
-0.2172708511352539,-0.13530440628528595,-0.593336820602417
0.5022361874580383,-0.5131641626358032,-0.4093884229660034
0.6300859451293945,-0.3693331480026245,0.15267570316791534
-0.18569819629192352,-0.05783446133136749,-0.3469921052455902
0.3327767848968506,-0.9248754382133484,0.6384463310241699
-0.25654178857803345,0.10948112607002258,-0.4902384579181671
-0.4937862753868103,-0.044716864824295044,-0.026430904865264893
0.09079642593860626,-0.09593603760004044,0.3312353193759918
-0.024949193000793457,0.21030054986476898,-0.7060446739196777
0.24296881258487701,-0.5974929332733154,-0.20881302654743195
-0.40543997287750244,0.3169446587562561,0.3455599248409271
-0.0266057550907135,0.44171375036239624,0.5295986533164978
-0.029920266941189766,-0.08424245566129684,-0.5538709163665771
0.35696300864219666,-0.036823660135269165,-0.053738027811050415
-0.0077755567617714405,-0.10139302909374237,0.16684311628341675
0.09060022234916687,0.5079020857810974,0.23372900485992432
0.016951482743024826,0.2784533202648163,0.17239755392074585
0.3182085454463959,0.23817025125026703,-0.06708821654319763
-0.22886697947978973,0.09730323404073715,-0.3656044006347656
0.6295987367630005,0.3704538345336914,-0.7834172248840332
-0.571158766746521,-0.36397361755371094,0.25973039865493774
-0.02009766362607479,-0.14329500496387482,0.04005550220608711
-0.028400104492902756,-0.0531570240855217,-0.6242272853851318
-0.43843668699264526,-0.37479016184806824,-0.5370725393295288
0.24140967428684235,-0.20858414471149445,-0.38752982020378113
-0.020575150847434998,-0.3736584484577179,0.08391615748405457
-0.306336909532547,0.45366203784942627,0.20543189346790314
-0.3074088394641876,0.5779062509536743,0.20358042418956757
0.17806947231292725,-0.4025026261806488,-0.520836591720581
0.05070694163441658,-0.013106532394886017,0.4713633060455322
-0.04174052178859711,-0.16414855420589447,0.39009296894073486
-0.12651053071022034,0.9966935515403748,0.8838165402412415
-0.029510991647839546,-0.250778466463089,-0.09197471290826797
-0.04699420928955078,-0.19434854388237,-0.24794885516166687
-0.3736724257469177,0.7430781126022339,0.4713633060455322
0.182259663939476,0.07979503273963928,-0.10686453431844711
-0.16630634665489197,0.6502115726470947,0.17356690764427185
-0.25348326563835144,1.1056661605834961e-05,0.10568436980247498
0.2718532681465149,-0.11780169606208801,0.06582880020141602
-0.2643374800682068,0.4033796787261963,0.5714408755302429
-0.4704965353012085,-0.3244855999946594,0.4508619010448456
-0.03758930414915085,0.7435652613639832,0.33844631910324097
-0.04540450870990753,-0.6242907643318176,-0.5527991056442261
-0.08449028432369232,0.6144487261772156,0.16694054007530212
-0.32194915413856506,-0.32429075241088867,-0.42281651496887207
-0.07668482512235641,-0.6242907643318176,-0.3730103075504303
-0.1157316267490387,0.1091400608420372,0.10389268398284912
-0.09413617849349976,0.4359644651412964,0.5773473978042603
-0.5959101915359497,-0.3529621660709381,-0.2552351951599121
-0.6254364252090454,0.3441042900085449,0.193739652633667
-0.2956177890300751,0.10197775065898895,0.4244915843009949
-0.14925320446491241,0.051071710884571075,-0.08078785985708237
-0.006080963648855686,0.7430781126022339,0.5417196154594421
-0.36305075883865356,0.24960912764072418,0.26253554224967957
-0.1726403683423996,-0.2773813307285309,-0.41890761256217957
0.13193963468074799,0.5729962587356567,0.48126518726348877
0.4131103456020355,0.49722063541412354,0.338836133480072
0.4158388376235962,0.6552788019180298,0.5306107401847839
0.0645066648721695,0.09911413490772247,-0.10838335752487183
-0.07010719180107117,-0.4959537982940674,0.26808997988700867
-0.21895799040794373,-0.5450291633605957,0.02392679452896118
0.08752221614122391,0.3720993399620056,0.5713434219360352
-0.06886961311101913,0.7435652613639832,0.2524985671043396
-0.5173683166503906,1.0422985553741455,-0.07868431508541107
0.12661772966384888,0.7432729601860046,0.5182350873947144
-0.18618541955947876,0.7435652613639832,0.5261282324790955
-0.18618541955947876,0.590964138507843,0.5729999542236328
0.0021187961101531982,0.1430625021457672,-0.5171934366226196
0.1904451698064804,-0.5195357799530029,-0.5451008081436157
0.4073610007762909,0.30953872203826904,0.5182350873947144
0.6715006828308105,0.5633491277694702,-0.04574739933013916
-0.33216023445129395,-0.09593603760004044,-0.30255651473999023
-0.5329597592353821,0.4095688462257385,-0.8996708393096924
-0.34543377161026,-0.19048964977264404,0.30239245295524597
0.5104216933250427,-0.3090040385723114,0.32406455278396606
0.3014877140522003,0.1924678534269333,-0.14365899562835693
-0.24104778468608856,0.7045867443084717,0.16489417850971222
0.10601887106895447,-0.32438820600509644,0.26318779587745667
-0.15178681910037994,-0.3555334210395813,-0.5908031463623047
0.17914138734340668,-0.024410324171185493,-0.14469324052333832
0.25573429465293884,-0.16444088518619537,-0.10961252450942993
-0.21600404381752014,-0.5272340774536133,-0.35732144117355347
0.34059199690818787,0.4264146685600281,0.46616101264953613
-0.12430691719055176,0.02612541802227497,0.08196723461151123
0.09531793743371964,-0.6248754262924194,0.2524985671043396
-0.093562550842762,-0.07576461136341095,-0.16769061982631683
-0.06778796017169952,-0.206342875957489,-0.6423523426055908
-0.09721679240465164,-0.09730028361082077,-0.2848212718963623
-0.5636553764343262,-0.09209795296192169,-0.08394642174243927
-0.20226408541202545,-0.4395322799682617,-0.36872267723083496
0.12661772966384888,-0.6244856119155884,-0.10716661810874939
-0.006327502895146608,0.10938367247581482,0.15086188912391663
0.3171463906764984,-0.32429075241088867,-0.2762836217880249
-0.006296319887042046,-0.6246805787086487,0.2134225219488144
-0.2251640111207962,0.49712318181991577,0.18350642919540405
0.3220953345298767,0.5284035205841064,0.5727076530456543
-0.006312886252999306,-0.6242907643318176,-0.6310485601425171
-0.05320997163653374,-0.6245831251144409,0.1664533168077469
0.1344134509563446,-0.6242907643318176,-0.5215187668800354
-0.13921622931957245,-0.6242907643318176,-0.43557095527648926
-0.03169379383325577,-0.1725289523601532,-0.6844491958618164
0.15000489354133606,0.27825838327407837,0.569979190826416
-0.13132306933403015,-0.5602684617042542,-0.01335490308701992
-0.04541425779461861,0.7435652613639832,0.44787871837615967
-0.133466899394989,-0.06660465151071548,0.06737948954105377
0.21665826439857483,-0.4885478615760803,-0.3647273778915405
-0.3375795781612396,-0.1900024116039276,0.356991708278656
0.4136950373649597,0.45814454555511475,0.45577189326286316
0.2820448577404022,0.6222444772720337,0.1935434341430664
0.5047698020935059,0.4019777774810791,0.17136329412460327
0.10498462617397308,0.05954955518245697,0.22121822834014893
0.36516669392585754,0.5206077694892883,0.24061007797718048
-0.014513980597257614,0.019557522609829903,0.48617517948150635
0.3513292968273163,0.18414460122585297,0.2752035856246948
0.4166184067726135,0.5688437819480896,0.38054320216178894
-0.0717456042766571,0.17707130312919617,-0.33731698989868164
0.04124488681554794,-0.08580159395933151,-0.5466599464416504
-0.18267734348773956,-0.379115492105484,-0.4427819848060608
0.18177244067192078,-0.48737847805023193,-0.2410678267478943
-0.1078384593129158,0.08022671937942505,0.4556744396686554
-0.5316929221153259,-0.924095869064331,0.036519527435302734
-0.2956177890300751,0.7435652613639832,0.5104393362998962
-0.12362479418516159,-0.6243882179260254,-0.13845668733119965
0.23896509408950806,-0.9244856238365173,0.3805055618286133
-0.07639248669147491,-0.3315615653991699,0.017896177247166634
-0.10156424343585968,-0.6481274962425232,-0.648746132850647
-0.2359623908996582,-0.1902557909488678,-0.4560723900794983
-0.09231524169445038,0.2002037763595581,0.567737877368927
-0.1157316267490387,-0.6242907643318176,-0.6075639724731445
0.3092278838157654,-0.20936308801174164,0.8618910908699036
-0.22730782628059387,-0.2303147166967392,-0.20325858891010284
0.0649341270327568,-0.3821363151073456,0.04368051141500473
-0.5743744969367981,0.9683366417884827,0.48857367038726807
0.15010233223438263,0.10211417078971863,0.5181376338005066
0.49687665700912476,0.40976372361183167,-0.9700272083282471
-0.7421773076057434,0.3790557384490967,0.7792564630508423
-0.3113066852092743,0.6933804154396057,0.5796263217926025
-0.26754480600357056,-0.19966910779476166,-0.5044058561325073
-0.08602993935346603,0.09720677137374878,0.533241868019104
-0.28606805205345154,-0.17467278242111206,-0.2428218573331833
-0.008600294589996338,0.28718581795692444,-0.3505989611148834
0.5363425016403198,-0.2693309187889099,-0.5659166574478149
-0.04816356301307678,0.4098319411277771,-0.5088130235671997
0.1271049678325653,0.13083164393901825,0.2122531533241272
-0.0826374888420105,0.4182610511779785,0.12127581238746643
-0.14876598119735718,-0.16863107681274414,-0.6252992153167725
0.0250200517475605,-0.09379220753908157,-0.1765582412481308
0.08749298006296158,0.7433704137802124,0.2524985671043396
0.2739567756652832,0.44255316257476807,0.19461534917354584
0.5128578543663025,-0.279075562953949,0.43809640407562256
-0.04067835956811905,-0.4507386088371277,-0.10468173027038574
0.07715391367673874,-0.5115451812744141,0.2134225219488144
0.05717608332633972,-0.25691890716552734,0.10629118978977203
0.03549554571509361,-0.4481075406074524,-0.20579218864440918
-0.24085289239883423,0.10197775065898895,0.33844631910324097
0.32959872484207153,0.10945188999176025,-0.31824538111686707
0.3381740152835846,0.3643036186695099,0.2216080278158188
-0.280232310295105,0.3754501938819885,0.453687846660614
0.6924517154693604,1.0079972743988037,0.8871297240257263
0.10196378827095032,-0.25701501965522766,-0.11750568449497223
0.16559632122516632,-0.5600734949111938,-0.12283600121736526
0.08399596810340881,0.1335127353668213,-0.37104323506355286
-0.20226408541202545,-0.3963634669780731,-0.31415265798568726
-0.09711934626102448,0.14169692993164062,0.2043599784374237
0.0403178334236145,0.2595110237598419,-0.1493108868598938
