-0.2690603733062744,-0.4951492249965668,0.10109153389930725 
-0.19816704094409943,0.6946536898612976,0.28285133838653564 
0.5072548985481262,-0.14686453342437744,-0.4949283301830292 
0.09191660583019257,0.17053920030593872,-0.12918631732463837 
-0.03057020902633667,-0.35412055253982544,0.23541146516799927 
0.054345205426216125,-0.08316527307033539,0.2755168080329895 
-0.24821561574935913,-0.04830417037010193,-0.12724269926548004 
0.00484484015032649,0.5862637162208557,-0.22727368772029877 
0.4024319648742676,-0.5918526649475098,-0.5648901462554932 
-0.06004039943218231,0.1614345908164978,-0.1720738261938095 
-0.11491680890321732,-0.6868253350257874,-0.23661789298057556 
0.09907762706279755,-0.4842475950717926,0.2667715847492218 
-0.22605305910110474,0.3183363974094391,-0.16437993943691254 
-0.016194522380828857,-0.45456463098526,-0.28767848014831543 
-0.3272285759449005,-1.0584642887115479,0.3830021023750305 
-0.22162054479122162,0.11474036425352097,0.16829796135425568 
0.015087536536157131,0.7108532190322876,0.1464948207139969 
0.1007816344499588,-0.6610956788063049,0.114296093583107 
0.544991135597229,-0.15602904558181763,0.43870797753334045 
0.010307610034942627,0.279509961605072,0.27815237641334534 
0.060769230127334595,-0.49805116653442383,-0.15805751085281372 
0.31604593992233276,-0.019166529178619385,-0.27114641666412354 
0.03249412775039673,0.2917293310165405,-0.009721245616674423 
-0.06443411111831665,0.11054744571447372,-0.2748333215713501 
-0.0662698894739151,0.13244357705116272,0.15071457624435425 
-0.08571016043424606,0.8107643723487854,-0.08950643986463547 
-0.2259332537651062,0.5654189586639404,-0.07189619541168213 
0.12818844616413116,-0.5556469559669495,-0.25722306966781616 
0.27086740732192993,-0.42351022362709045,0.04478667303919792 
0.1638881415128708,0.6752732992172241,-0.05656209588050842 
0.052024006843566895,-0.4141392111778259,0.2757832407951355 
-0.25883254408836365,0.6484415531158447,0.016301661729812622 
0.1976710557937622,-0.6877837181091309,0.17129290103912354 
-0.11334746330976486,-0.6109934449195862,0.2587451636791229 
-0.1064351499080658,-0.3630124628543854,0.24940097332000732 
0.18808725476264954,-0.26669520139694214,0.21142511069774628 
-0.36831557750701904,-0.43479806184768677,-0.5735155344009399 
0.19551469385623932,-0.0881967842578888,-0.2052309215068817 
0.043970737606287,0.5061190724372864,0.25227609276771545 
0.08757705986499786,-0.746604323387146,-0.1473686695098877 
-0.5766076445579529,0.4421500563621521,0.2636837065219879 
-0.3920474648475647,1.2715327739715576,0.3663502335548401 
-0.019069641828536987,0.5630258321762085,0.27410608530044556 
0.013808578252792358,0.034688740968704224,-0.2607240378856659 
0.2297767996788025,-0.4127284288406372,-0.15251997113227844 
-0.07471274584531784,-0.48784154653549194,-0.27938562631607056 
0.28093037009239197,0.048731885850429535,-0.03140460327267647 
0.052742794156074524,-0.857923150062561,0.15406890213489532 
-0.41582727432250977,0.5917293429374695,0.4276866018772125 
0.025548726320266724,-0.6247970461845398,-0.3040907680988312 
-0.16172175109386444,0.6596996188163757,0.09078894555568695 
0.40111419558525085,-0.19819779694080353,-0.039817243814468384 
0.523307740688324,0.22965306043624878,0.47057414054870605 
-0.4303946793079376,-0.3611225187778473,-0.05539095401763916 
-0.12027177214622498,0.4499340355396271,-0.24692048132419586 
0.024949759244918823,-0.32817816734313965,0.35065674781799316 
0.0985984355211258,0.8227441310882568,0.03436426445841789 
0.3378371000289917,-1.012222409248352,0.5466456413269043 
-0.4922701418399811,-1.025400161743164,0.4472135901451111 
0.1479550451040268,0.2917293310165405,0.17165234684944153 
-0.07169384509325027,0.1092296689748764,0.26916757225990295 
0.46364855766296387,0.926036536693573,0.4222956895828247 
-0.35062146186828613,1.2783613204956055,-0.3981318771839142 
0.12854783236980438,-0.7303118705749512,0.016035227105021477 
-0.047940850257873535,0.06349383294582367,0.1686841994524002 
-0.0786421075463295,-0.7195300459861755,-0.07704748958349228 
-0.2065260410308838,0.10551594197750092,-0.18845924735069275 
0.2940630614757538,-0.6191665530204773,-0.4359879195690155 
0.22845903038978577,-0.5262965559959412,0.1693761795759201 
0.4478352665901184,-0.00787535309791565,-0.4305970072746277 
0.16220185160636902,-0.019166529178619385,0.3947422504425049 
-0.19756805896759033,-0.2512681186199188,-0.5648901462554932 
-0.3546226918697357,-0.5040410757064819,0.5721625089645386 
-0.24102774262428284,-0.21134868264198303,-0.14185799658298492 
-0.39826494455337524,1.110884189605713,0.37162134051322937 
-0.40122395753860474,-0.033763617277145386,-0.5623743534088135 
-0.053691133856773376,0.2391831874847412,0.2893203794956207 
-0.09155628085136414,0.577997624874115,0.21034696698188782 
0.2033882737159729,0.10812464356422424,-0.035504549741744995 
0.05435718968510628,-0.3137756288051605,0.2756366431713104 
0.1607733964920044,0.5663772821426392,-0.16965103149414062 
-0.08088231831789017,-0.30706697702407837,-0.26932263374328613 
0.02683968096971512,0.7184004187583923,-0.13598790764808655 
-0.15980498492717743,0.2917293310165405,-0.03164420276880264 
-0.11668982356786728,0.6414903998374939,-0.15827025473117828 
-0.2670506536960602,-0.3722100257873535,0.03439110517501831 
0.16436731815338135,-0.31916654109954834,0.012321528047323227 
-0.2458944022655487,-0.09741207957267761,0.022890537977218628 
-0.0004502125666476786,0.2917293310165405,-0.1580306589603424 
-0.18604063987731934,-0.49467000365257263,0.21921196579933167 
-0.2634298801422119,0.4743727445602417,0.03460386395454407 
-0.22748151421546936,-0.4435432553291321,-0.5733957290649414 
-0.024700134992599487,-0.3218950033187866,-0.22765988111495972 
0.4993482232093811,-0.9565165638923645,-0.4919334053993225 
0.06291073560714722,0.8617981672286987,-0.09477754682302475 
-0.3385578393936157,-0.18963846564292908,0.5843819379806519 
0.01093342900276184,-0.2830805778503418,-0.30397099256515503 
0.2798522114753723,0.40572869777679443,-0.015830937772989273 
0.26523691415786743,-0.2809511125087738,0.09857579320669174 
0.055040035396814346,-0.44004231691360474,-0.266447514295578 
-0.278764009475708,-0.14905396103858948,-0.025774110108613968 
0.2772166430950165,-0.5116812586784363,-0.07069823890924454 
-0.2591171860694885,0.4344801604747772,-0.0999288484454155 
-0.03656008839607239,0.6231881976127625,-0.20465874671936035 
0.33925071358680725,1.2718921899795532,0.40336769819259644 
0.09931722283363342,0.47233620285987854,-0.24668088555335999 
-0.265586256980896,0.2085418701171875,0.08168431371450424 
0.21911481022834778,-0.38912832736968994,0.16638123989105225 
-0.14389872550964355,0.10968202352523804,-0.06569354236125946 
-0.13773825764656067,0.22455881536006927,0.24101510643959045 
-0.1481846123933792,0.7029465436935425,-0.0346391387283802 
-0.268341600894928,-0.44746971130371094,-0.07465153187513351 
0.1721690148115158,0.28056707978248596,-0.5515925884246826 
-0.13229945302009583,-0.31916654109954834,-0.08112061023712158 
-0.5134742856025696,-0.9935340285301208,-0.4521605968475342 
0.07310837507247925,0.6352518200874329,-0.12115982174873352 
-0.13647127151489258,0.6622421741485596,0.06302273273468018 
-0.23443888127803802,-0.5993730425834656,0.16446444392204285 
0.45885664224624634,-0.008270680904388428,0.2957894504070282 
-0.2362358421087265,-0.38002368807792664,0.14421865344047546 
0.02703135460615158,0.2917293310165405,0.1387079656124115 
0.13624173402786255,-0.5533976554870605,-0.07551693916320801 
0.2781750559806824,-0.3186873495578766,-0.03703509643673897 
0.059999652206897736,-0.31916654109954834,0.14421865344047546 
0.11716706305742264,-0.6060817837715149,0.25982338190078735 
0.27458110451698303,-0.03548582270741463,0.06479287147521973 
-0.2112249732017517,-1.0431301593780518,-0.16021385788917542 
-0.14056548476219177,-0.7379788756370544,0.028853589668869972 
-0.477295458316803,0.15969130396842957,-0.5186482667922974 
0.2174045890569687,-0.450198233127594,-0.10702371597290039 
0.15334594249725342,-0.31916654109954834,-0.10855427384376526 
0.15562210977077484,0.5297192335128784,0.19525246322155 
-0.2693028450012207,-1.0752360820770264,0.25541767477989197 
-0.5216205716133118,-0.3061354160308838,0.46829795837402344 
-0.1843634843826294,-0.48784154653549194,-0.22068481147289276 
0.22019299864768982,-0.5391148924827576,-0.1801932156085968 
-0.052612945437431335,0.3047661781311035,0.16233494877815247 
0.5030619502067566,-1.041932225227356,-0.40831470489501953 
-0.03859663009643555,-0.42162030935287476,0.19204474985599518 
0.0923689603805542,-0.19301964342594147,0.26317769289016724 
0.01574642024934292,0.8405939936637878,0.11474847793579102 
-0.1546805202960968,0.2828432023525238,-0.060781896114349365 
0.023617122322320938,0.6122598052024841,0.20878955721855164 
-0.4844833016395569,0.8224115967750549,-0.47108861804008484 
-0.00033041517599485815,-0.0007445213850587606,-0.2822607755661011 
0.05897226929664612,-0.09374625980854034,-0.4418579936027527 
-0.2651219069957733,0.09159258008003235,-0.01861312985420227 
0.10878123342990875,0.22455881536006927,0.25766700506210327 
-0.06902523338794708,-0.4324681758880615,-0.23376958072185516 
0.27220121026039124,-1.0480419397354126,0.12507788836956024 
0.1632891297340393,-0.19853036105632782,-0.23350316286087036 
0.2838054895401001,0.15314747393131256,0.012321528047323227 
-0.31114813685417175,0.17844584584236145,-0.5672861337661743 
-0.21946418285369873,0.558949887752533,0.09414326399564743 
-0.14617489278316498,0.5410513877868652,0.06050698459148407 
0.1483144313097,-0.39068564772605896,-0.2305082231760025 
0.13813164830207825,0.70941561460495,0.05293290317058563 
-0.5750502347946167,-0.2695971727371216,0.2558968663215637 
0.01578235998749733,0.021298235282301903,0.27815237641334534 
-0.10782479494810104,0.9112746119499207,-0.03068584017455578 
0.02116127498447895,-0.5610378384590149,-0.28465673327445984 
0.25313735008239746,0.3245418667793274,-0.12316957861185074 
0.216359481215477,0.04693492501974106,0.17979858815670013 
0.12474113702774048,-0.2964979410171509,0.07644006609916687 
-0.3057572543621063,-0.32117629051208496,-0.015258759260177612 
-0.16474351286888123,-0.07463282346725464,-0.05958385765552521 
-0.16735221445560455,-0.26262205839157104,-0.22523713111877441 
0.2996695935726166,-0.5204533338546753,-0.58226078748703 
-0.08168495446443558,-0.5938624143600464,-0.2760312855243683 
-0.10482985526323318,0.2921246588230133,-0.14149858057498932 
-0.044391971081495285,-0.31916654109954834,0.16063092648983002 
0.09443235397338867,0.11818769574165344,0.10674884915351868 
-0.03967481851577759,-0.10839751362800598,0.18701323866844177 
-0.2766076326370239,0.26302582025527954,-0.03631629794836044 
-0.265586256980896,0.07664471119642258,0.08168431371450424 
-0.4708263874053955,0.5007550716400146,-0.5229609608650208 
0.040763020515441895,-0.3602302670478821,-0.21496134996414185 
-0.25204911828041077,-0.32599499821662903,-0.10340297967195511 
0.0789276733994484,0.7614077925682068,-0.06027583032846451 
0.02677978202700615,-0.4127284288406372,0.2741990387439728 
0.2503820061683655,-0.1581585556268692,0.12768658995628357 
-0.2712167501449585,-0.4183589220046997,0.03448408469557762 
-0.05543730780482292,0.3784148693084717,-0.2795054316520691 
-0.2037706971168518,0.2921246588230133,0.07821017503738403 
0.08291693031787872,0.6437665224075317,-0.1733647584915161 
0.353039413690567,1.2662616968154907,-0.4002882242202759 
-0.30596092343330383,0.6941744685173035,-0.3097212612628937 
-0.27600863575935364,-0.22548483312129974,0.03867698088288307 
0.2851232886314392,-0.5212650895118713,0.02957235276699066 
-0.08955566585063934,0.5428969860076904,-0.22835186123847961 
0.021257109940052032,0.15863420069217682,0.2774336040019989 
-0.19574424624443054,-0.12701117992401123,0.19633060693740845 
0.48161816596984863,-0.14869742095470428,0.5150190591812134 
0.47538870573043823,0.1582537144422531,-0.07982964813709259 
0.48664969205856323,0.3268089294433594,-0.5130177736282349 
-0.1267288625240326,-0.7509170174598694,-0.15791086852550507 
0.13875746726989746,0.04190054535865784,0.058829814195632935 
0.2207919955253601,0.5534391403198242,0.08827320486307144 
0.19551469385623932,-0.308145135641098,-0.20535071194171906 
-0.202213317155838,0.6286720633506775,0.007050415966659784 
-0.13239528238773346,-0.4058999717235565,-0.24152958393096924 
0.22881841659545898,0.23739872872829437,0.16506345570087433 
-0.07184957712888718,0.2917293310165405,0.21561801433563232 
0.03585132956504822,-0.3359113335609436,0.20953518152236938 
-0.2040102779865265,0.008479888550937176,-0.1914542019367218 
0.49827003479003906,0.9308283925056458,0.3217855393886566 
-0.08099013566970825,0.6620956063270569,0.16458426415920258 
-0.02038741111755371,0.24989888072013855,-0.34613972902297974 
-0.1703471690416336,-0.7472033500671387,-0.07009921967983246 
0.05450094863772392,-0.31916654109954834,-0.05907787010073662 
-0.43059831857681274,0.33771049976348877,0.5449684262275696 
0.11105739325284958,0.33121463656425476,0.2649746537208557 
-0.055101875215768814,0.4930611848831177,0.2574273943901062 
0.1588566154241562,-0.31916654109954834,0.1387079656124115 
-0.2558826506137848,0.40081700682640076,0.11774341017007828 
0.005060476250946522,-0.31916654109954834,-0.22943004965782166 
0.2391238808631897,-0.00787535309791565,-0.32062283158302307 
0.045435160398483276,-0.5863419771194458,-0.18585056066513062 
-0.08244255185127258,0.6529698371887207,-0.11409181356430054 
0.146664097905159,0.035587191581726074,-0.053354412317276 
-0.3389567732810974,-0.701707124710083,0.0268438458442688 
-0.22162054479122162,0.20808663964271545,0.16829796135425568 
-0.18172794580459595,-0.31916654109954834,0.0013001409824937582 
0.10973961651325226,0.9006125926971436,-0.014992321841418743 
0.21300514042377472,0.56673663854599,-0.0927409753203392 
0.2696387469768524,0.5826429724693298,0.19120612740516663 
0.1251934915781021,-0.6535216569900513,-0.24668088555335999 
-0.09933114796876907,-0.31916654109954834,-0.17995363473892212 
0.27062779664993286,0.0542425774037838,0.08288230746984482 
0.24482625722885132,-0.9918568134307861,0.5570679903030396 
-0.02661687135696411,-0.06262524425983429,-0.2313736230134964 
-0.06798011809587479,0.712410569190979,-0.13047723472118378 
0.3371902108192444,0.40922969579696655,-0.5804638266563416 
-0.21266254782676697,0.9575432538986206,0.46398526430130005 
-0.2848736643791199,0.35628825426101685,-0.04793666675686836 
-0.2642684578895569,-0.11011973768472672,0.0856376513838768 
0.25560805201530457,-0.019166529178619385,0.26284512877464294 
-0.18283295631408691,0.26080045104026794,-0.5575824975967407 
0.07718148827552795,-0.43881744146347046,0.36335527896881104 
0.4269905090332031,-1.0092275142669678,0.5212485194206238 
-0.17573805153369904,0.6366984844207764,-0.0902252346277237 
0.41489091515541077,-0.00787535309791565,-0.2107684463262558 
-0.32793179154396057,-0.00787535309791565,0.36179792881011963 
-0.2766076326370239,-0.06112249568104744,-0.03631629794836044 
-0.03481535241007805,0.9170249104499817,0.1056438460946083 
0.5574500560760498,0.4037190079689026,-0.4206538200378418 
0.2676297426223755,-0.3995775580406189,-0.023404985666275024 
0.13216860592365265,0.26338231563568115,-0.13134266436100006 
0.04877461865544319,0.7638037204742432,0.08491884917020798 
-0.06123551353812218,0.7358908653259277,0.11163371801376343 
-0.032426588237285614,-0.3028740882873535,0.27659502625465393 
-0.22509466111660004,-0.4424382448196411,-0.1580306589603424 
-0.10951682925224304,-0.31111323833465576,-0.08761650323867798 
0.5802116394042969,0.06852531433105469,-0.33679550886154175 
-0.06974400579929352,-0.43726009130477905,0.27913761138916016 
-0.13039466738700867,-0.1709769070148468,0.2446090579032898 
0.21540109813213348,0.2740112543106079,-0.1873810738325119 
-0.11516838520765305,-0.5227026343345642,0.2605421245098114 
0.2660754919052124,-0.42351022362709045,-0.07453175634145737 
-0.15309631824493408,-0.6858669519424438,0.21346165239810944 
-0.022584015503525734,0.6556265354156494,-0.18342775106430054 
0.26056477427482605,0.47101840376853943,-0.06914085894823074 
-0.5519293546676636,-0.22012075781822205,-0.4196954667568207 
0.38925424218177795,0.26685643196105957,-0.5174502730369568 
0.065486378967762,0.2917293310165405,-0.2239193469285965 
0.3984786570072174,-0.019166529178619385,-0.23269140720367432 
-0.17789441347122192,-0.3909252882003784,0.21106572449207306 
0.08757705986499786,0.9025293588638306,0.06778780370950699 
0.3534587025642395,-1.0651729106903076,0.3552090525627136 
0.22115136682987213,-0.1709769070148468,-0.1770784854888916 
0.1714353859424591,0.4818001985549927,-0.20283497869968414 
0.016393326222896576,-0.7183321118354797,-0.10591872036457062 
0.23804283142089844,-0.3303077220916748,-0.13407114148139954 
-0.15525266528129578,0.14215004444122314,0.23226992785930634 
0.17562830448150635,-0.4933522343635559,0.22639979422092438 
-0.13120929896831512,0.06478476524353027,-0.24943624436855316 
0.04266493767499924,-0.5451047420501709,0.2815066874027252 
-0.09275425970554352,0.774585485458374,-0.004210570361465216 
0.1622617542743683,0.1736539602279663,-0.0680895447731018 
0.27278414368629456,0.40644749999046326,0.06778780370950699 
-0.002343014581128955,0.8041755557060242,-0.09549631178379059 
-0.393185555934906,1.2927370071411133,-0.31738829612731934 
0.23225948214530945,-0.31164613366127014,-0.030473053455352783 
0.18437351286411285,-0.47322624921798706,-0.21697108447551727 
0.232295423746109,-0.47008466720581055,-0.2953455448150635 
0.013089776039123535,-0.7951492071151733,0.30693063139915466 
0.2526581585407257,-0.6099153161048889,-0.1327533721923828 
0.24990279972553253,-0.45381903648376465,0.11906115710735321 
0.12399553507566452,-0.7370204925537109,-0.06638552248477936 
-0.2591171860694885,-0.13623559474945068,-0.1051999181509018 
-0.13072098791599274,-1.0501983165740967,0.42181652784347534 
-0.044441089034080505,0.2085418701171875,-0.27938562631607056 
-0.016718726605176926,0.28941723704338074,-0.28094300627708435 
-0.41582727432250977,-0.008270680904388428,0.34526583552360535 
0.11060503125190735,0.09997841715812683,-0.08821551501750946 
0.24067838490009308,-0.6175823211669922,0.1484116166830063 
-0.20460927486419678,-0.3134162425994873,0.18890313804149628 
-0.4181753396987915,-0.4431301951408386,0.40588346123695374 
-0.28044116497039795,-0.5395940542221069,-0.07093779742717743 
-0.12059521675109863,-0.19301964342594147,-0.2555459141731262 
-0.15983180701732635,-0.4195300340652466,0.0983630120754242 
-0.004104038700461388,-0.7428905963897705,0.15787562727928162 
0.28332632780075073,-0.5887110829353333,-0.02110201306641102 
-0.23719422519207,0.5577518343925476,0.015316464938223362 
-0.18041016161441803,-0.5832003951072693,0.22029010951519012 
0.1570596694946289,0.1092296689748764,-0.23781587183475494 
-0.3938444256782532,-0.019166529178619385,0.3288536071777344 
0.021257109940052032,-0.2259639948606491,0.2774336040019989 
-0.13337762653827667,0.718999445438385,0.04682321101427078 
-0.5720553398132324,-0.28296083211898804,0.39342451095581055 
-0.09801337122917175,-0.44100064039230347,0.2564689815044403 
0.23025600612163544,0.2921246588230133,0.028853589668869972 
0.08197053521871567,-0.31916654109954834,-0.14149858057498932 
-0.10293705761432648,0.88923180103302,0.04454707354307175 
0.3377053439617157,-0.4464845061302185,0.08207054436206818 
-0.060852162539958954,0.3342694342136383,0.28030872344970703 
-0.20928137004375458,0.2917293310165405,-0.09202218055725098 
-0.22963786125183105,-0.6636114120483398,0.03391191363334656 
-0.04038354009389877,-0.6990447044372559,-0.25590530037879944 
0.09296794980764389,0.2917293310165405,-0.07560992985963821 
0.04303920269012451,0.7988114356994629,-0.3479366898536682 
-0.06778844445943832,0.18611577153205872,0.269886314868927 
0.08997301757335663,0.44082939624786377,0.2583857774734497 
-0.2040102779865265,-0.06843014806509018,-0.1914542019367218 
0.26835161447525024,-0.5428286194801331,0.10109153389930725 
0.5201929807662964,0.6506098508834839,-0.48702168464660645 
0.32661208510398865,-0.3721438944339752,-0.5826201438903809 
0.12507371604442596,-0.2973633408546448,0.2525157332420349 
0.030460447072982788,0.08314061164855957,-0.371656596660614 
-0.5351576805114746,-0.1732262372970581,0.4654228687286377 
0.2522987425327301,-0.31916654109954834,0.03424448519945145 
-0.03080981969833374,-0.37352776527404785,-0.2826470136642456 
-0.1571962535381317,0.17298883199691772,0.05499628186225891 
0.2761384844779968,-0.22045332193374634,0.05544864386320114 
-0.010923385620117188,0.035000234842300415,-0.2879180908203125 
0.1366940587759018,0.6589808464050293,-0.12412793934345245 
-0.20116198062896729,-0.5149426460266113,0.03331291675567627 
0.5284590721130371,-0.5186563730239868,0.464823842048645 
-0.097177654504776,-0.019166529178619385,0.2464328557252884 
0.25589266419410706,-0.3680439293384552,0.09102854132652283 
0.15942254662513733,-0.2373179793357849,0.04720944166183472 
0.5310946106910706,-0.5992801189422607,0.46182888746261597 
-0.12059521675109863,0.15863420069217682,-0.2555459141731262 
0.05909207463264465,0.19030579924583435,-0.19255922734737396 
0.10530710220336914,0.4009368419647217,-0.26033779978752136 
0.11764626204967499,-0.11239587515592575,0.2546720802783966 
0.26679426431655884,0.39458754658699036,-0.09681408852338791 
0.17155516147613525,0.22272589802742004,0.22172769904136658 
-0.2244625985622406,-0.3102746605873108,0.023489534854888916 
-0.11581529676914215,-0.31916654109954834,0.17165234684944153 
-0.02706684172153473,0.558949887752533,0.23670238256454468 
0.12818844616413116,0.1751183420419693,-0.25219157338142395 
0.04349154606461525,0.2917293310165405,0.21561801433563232 
0.12806865572929382,0.7324167490005493,-0.016789298504590988 
0.20821323990821838,0.5117495656013489,-0.14904583990573883 
0.12723006308078766,0.5935713648796082,0.17919956147670746 
0.25255319476127625,-0.26067841053009033,-0.019212067127227783 
-0.09921421110630035,0.7505330443382263,-0.11313341557979584 
-0.2653466463088989,-0.35786116123199463,0.07222030311822891 
-0.3644341230392456,0.33914807438850403,-0.574833333492279 
-0.32907944917678833,1.291538953781128,0.3995341658592224 
0.01943907141685486,0.10309317708015442,0.32058754563331604 
0.023871570825576782,0.4536985754966736,-0.2622813880443573 
-0.1367439329624176,0.5733255743980408,-0.18498513102531433 
0.38066476583480835,0.8585904240608215,0.5218475461006165 
0.10950002074241638,0.8228639364242554,-0.04266558960080147 
0.5817689895629883,0.6308192610740662,-0.3587184548377991 
-0.2678624093532562,-0.3740338087081909,-0.05416613817214966 
-0.09879206120967865,0.7394848465919495,-0.06914085894823074 
-0.27636805176734924,0.26302582025527954,0.03400488570332527 
0.5319331884384155,-0.9810750484466553,-0.4346701502799988 
0.12076099961996078,-0.46280384063720703,-0.25662410259246826 
-0.0334029383957386,-0.31916654109954834,0.07821017503738403 
0.251340389251709,-0.48975828289985657,-0.14197778701782227 
0.16879071295261383,0.2109646499156952,0.05056376755237579 
0.018861157819628716,0.41423436999320984,-0.27878665924072266 
0.17790444195270538,-0.588471531867981,-0.2214035987854004 
-0.13778617978096008,0.2917293310165405,0.19357530772686005 
-0.3003663718700409,-0.19514921307563782,0.012947320938110352 
0.04870274290442467,0.5203750133514404,-0.24907684326171875 
-0.18112894892692566,0.07616553455591202,0.20914892852306366 
-0.11599498987197876,0.8393959999084473,-0.011278622783720493 
-0.011783065274357796,-0.6220148801803589,-0.28154197335243225 
0.04675289988517761,-0.35010114312171936,-0.1820170283317566 
-0.10104425251483917,-0.253397673368454,0.25910454988479614 
0.5433139204978943,0.2338460087776184,-0.4444935619831085 
0.21312494575977325,-0.45717334747314453,0.18147574365139008 
0.04303920269012451,0.07278436422348022,0.17012175917625427 
-0.2770868241786957,0.04322119057178497,0.02310327999293804 
0.4003954231739044,1.2661418914794922,-0.2538955509662628 
0.14531949162483215,0.0542425774037838,0.2392181158065796 
-0.03991442918777466,0.17245596647262573,-0.24347318708896637 
-0.22425608336925507,0.46646609902381897,-0.14904583990573883 
0.11719389259815216,0.28374791145324707,0.16760602593421936 
0.03719019144773483,-0.2809511125087738,-0.2804638147354126 
-0.019908219575881958,-0.10289880633354187,-0.3423062264919281 
0.10542690008878708,0.6988734006881714,0.11319109797477722 
0.376447856426239,-0.008270680904388428,-0.4414985775947571 
0.2731435298919678,-0.3909252882003784,-0.014752758666872978 
0.09775985777378082,0.7133689522743225,-0.10412174463272095 
0.2682318389415741,-0.1875089704990387,-0.08770949393510818 
-0.04063272103667259,-0.06795098632574081,-0.2796252369880676 
0.2576896548271179,-0.0794515386223793,0.11295149475336075 
-0.25192931294441223,0.2740112543106079,0.12145710736513138 
-0.195890873670578,0.03406578302383423,0.03391191363334656 
-0.07642585039138794,0.6091450452804565,-0.2007984071969986 
0.21935442090034485,0.2921246588230133,-0.03715487942099571 
-0.5256936550140381,0.5921247005462646,-0.3042105734348297 
0.13693366944789886,0.2917293310165405,-0.196485698223114 
0.272664338350296,0.12016718834638596,0.07245990633964539 
0.24810583889484406,0.3881184756755829,0.1381089836359024 
0.24678806960582733,-0.676163375377655,0.09857579320669174 
-0.24001233279705048,0.5917293429374695,0.3507765531539917 
-0.5218601226806641,0.14723235368728638,0.1290312111377716 
0.5467880964279175,0.308479905128479,0.43499425053596497 
0.11300097405910492,0.24989888072013855,-0.09600237011909485 
-0.26746994256973267,-0.6191665530204773,-0.09540335834026337 
0.052383407950401306,-0.09451916813850403,0.18186193704605103 
-0.0599057599902153,0.2575390934944153,0.2710842788219452 
0.07648380100727081,-0.31916654109954834,-0.20750707387924194 
-0.005936942994594574,0.2917293310165405,-0.09202218055725098 
-0.005793184507638216,-0.15456463396549225,-0.28190138936042786 
0.18089939653873444,0.2923282980918884,0.08923156559467316 
-0.1834051012992859,0.2648587226867676,-0.2142157405614853 
-0.048417169600725174,-0.3852947950363159,0.27132391929626465 
0.0267467200756073,0.01904889941215515,0.24679222702980042 
-0.17070655524730682,-0.6811948418617249,-0.20259536802768707 
0.5858421325683594,-0.16735610365867615,-0.32313859462738037 
-0.260914146900177,0.15863420069217682,-0.10148618370294571 
0.30155041813850403,-1.0800279378890991,0.3138788938522339 
0.08067671954631805,-0.6604698300361633,0.26018276810646057 
-0.012825305573642254,0.6601787805557251,0.1830330789089203 
-0.13633662462234497,-0.32264068722724915,-0.23386253416538239 
-0.2770868241786957,-0.08855616301298141,0.02310327999293804 
-0.2090417891740799,-0.2937694489955902,-0.18558411300182343 
0.18065980076789856,-0.345162570476532,0.20375807583332062 
-0.27600863575935364,-0.15959614515304565,0.03867698088288307 
0.10973961651325226,-0.7348641157150269,0.0784497782588005 
-0.08343400061130524,-0.7156965732574463,0.05113592743873596 
-0.5591171979904175,-0.28792619705200195,-0.40519994497299194 
0.18413391709327698,0.5672158598899841,0.14134353399276733 
0.08997301757335663,-0.4199162721633911,0.26030251383781433 
-0.050333935767412186,0.840234637260437,0.10444585233926773 
-0.2034112960100174,-0.6581937074661255,0.1830330789089203 
0.24966320395469666,0.25204038619995117,-0.1343107521533966 
-0.19274930655956268,0.25752711296081543,0.1989661604166031 
-0.33380427956581116,0.1008169949054718,-0.021248608827590942 
-0.22102153301239014,-0.5391148924827576,0.183991476893425 
0.02116127498447895,-0.7190508842468262,0.10013313591480255 
-0.12809455394744873,0.6832997798919678,-0.1102314367890358 
-0.18112894892692566,-0.19301964342594147,0.20914892852306366 
0.512885332107544,0.05211305618286133,-0.4900166392326355 
-0.2172987163066864,-0.4059929847717285,0.06014758348464966 
-0.49095237255096436,-0.5058380365371704,-0.5061893463134766 
-0.3828589916229248,-0.008270680904388428,0.09800362586975098 
-0.22351621091365814,-0.6191665530204773,0.30681082606315613 
0.2186984121799469,-0.4443281888961792,0.0896177887916565 
0.04483616352081299,-0.7951492071151733,0.16544966399669647 
0.43142297863960266,-0.019166529178619385,-0.3481762707233429 
0.07635202258825302,-0.744927167892456,0.20507586002349854 
0.24001039564609528,-0.49853038787841797,-0.5763907432556152 
-0.273013710975647,0.43400096893310547,-0.037634074687957764 
-0.02815939672291279,-0.7413331866264343,0.2246028184890747 
-0.14617489278316498,0.035580962896347046,0.06050698459148407 
0.10725070536136627,-0.019166529178619385,-0.4250863492488861 
0.4652059078216553,0.026051312685012817,0.5322699546813965 
0.14867383241653442,-0.20583800971508026,0.23694202303886414 
-0.2511415481567383,0.029753059148788452,-0.017534911632537842 
-0.024579845368862152,-0.7628967761993408,-0.07309415936470032 
0.12303714454174042,0.49102461338043213,0.23298868536949158 
0.12040160596370697,-0.31916654109954834,0.19357530772686005 
-0.2224380373954773,-1.0646936893463135,0.2961488664150238 
0.02724699303507805,-0.48412778973579407,0.2834234833717346 
0.15789824724197388,-0.563433825969696,0.23706184327602386 
-0.39374858140945435,0.6293577551841736,-0.5717185735702515 
-0.18723861873149872,0.2917293310165405,0.1387079656124115 
0.21781189739704132,0.1619674414396286,-0.03250959515571594 
0.15406472980976105,-0.43285441398620605,0.2267591804265976 
-0.22018295526504517,-0.31916654109954834,0.05077654495835304 
0.0970410704612732,0.7561366558074951,0.04574503377079964 
0.2838054895401001,-0.07214388251304626,0.012321528047323227 
-0.27792540192604065,-0.6428595781326294,0.02837439253926277 
-0.20916159451007843,-0.5524123907089233,-0.19588670134544373 
0.27278414368629456,-0.5721790790557861,-0.08375616371631622 
0.027834000065922737,0.9932161569595337,0.04227089881896973 
-0.1299993395805359,0.6244791150093079,0.16015173494815826 
-0.5326418876647949,0.19491177797317505,0.4517659544944763 
-0.10316754877567291,0.3207653760910034,0.23265612125396729 
-0.07213996350765228,0.37664473056793213,0.13226574659347534 
-0.542465329170227,-0.9194990992546082,-0.4466499090194702 
0.09634912014007568,-0.4487606883049011,0.30130013823509216 
0.08153926581144333,0.8190304040908813,0.09354428201913834 
-0.5532470941543579,0.43116462230682373,0.4179829955101013 
-0.13760647177696228,0.5019261837005615,-0.21888785064220428 
-0.04439915716648102,0.2917293310165405,0.16063092648983002 
-0.05537740886211395,-0.31916654109954834,-0.09753289073705673 
-0.465195894241333,0.5917293429374695,0.1474800407886505 
-0.017272651195526123,-0.31164613366127014,-0.2984602749347687 
0.17976418137550354,0.08356612920761108,-0.5596190690994263 
-0.5718157291412354,0.03527572751045227,-0.20118463039398193 
-0.08242771029472351,0.8767728805541992,-0.07441193610429764 
-0.2642684578895569,0.24837815761566162,-0.09441813081502914 
0.15861991047859192,-0.008384734392166138,-0.060781896114349365 
0.2588876187801361,-0.35726213455200195,-0.08040180802345276 
-0.42968785762786865,-0.9251295924186707,-0.5524312257766724 
0.3476245701313019,0.6932161450386047,0.2542197108268738 
-0.30053406953811646,1.238708257675171,-0.4097522497177124 
-0.289931982755661,0.15975740551948547,-0.027597934007644653 
0.3758968114852905,-0.2787017822265625,-0.03119182586669922 
-0.2630704939365387,0.31939059495925903,-0.09825168550014496 
0.18878494203090668,1.001988172531128,0.4048052728176117 
0.09847863763570786,0.2917293310165405,-0.015112139284610748 
0.4477154612541199,-1.0510368347167969,-0.4413788318634033 
0.10725070536136627,-0.6191665530204773,0.23541146516799927 
-0.03260675072669983,0.17616969347000122,0.29662805795669556 
0.07589679211378098,0.2740112543106079,0.26880818605422974 
0.1986294388771057,-0.38002368807792664,-0.19265216588974 
-0.33264702558517456,0.8342715501785278,-0.5464413166046143 
0.14256416261196136,-0.3246772289276123,-0.23446153104305267 
0.17898261547088623,0.422859787940979,-0.211699977517128 
-0.2457147091627121,-0.3103944659233093,-0.01993083953857422 
-0.04602408409118652,-0.0314754843711853,0.4203789532184601 
0.16868002712726593,-0.07022712379693985,0.22388406097888947 
0.22570368647575378,0.5757215619087219,0.0328068882226944 
-0.24390289187431335,-0.6923360228538513,-0.09106381237506866 
-0.09538070857524872,0.202644944190979,-0.14248384535312653 
-0.11714504659175873,-0.2553144097328186,-0.2569834589958191 
-0.06087612360715866,-0.31916654109954834,0.22663943469524384 
-0.22054235637187958,0.5209740400314331,-0.12352895736694336 
0.02231419086456299,-0.3427398204803467,-0.3312848210334778 
0.2085726261138916,0.2957305610179901,0.1721314787864685 
0.1817379742860794,-0.749599277973175,0.03448408469557762 
0.1648465096950531,0.6874926686286926,0.0045346771366894245 
-0.0625772476196289,-0.7369007468223572,0.1258896440267563 
-0.24857498705387115,-0.44028186798095703,0.11043576151132584 
-0.12881334125995636,-0.7307910323143005,-0.031165003776550293 
-0.02244265377521515,0.7467924952507019,-0.11454414576292038 
-0.16807100176811218,0.5082754492759705,0.19273672997951508 
-0.4289930462837219,-0.17933586239814758,-0.5553063154220581 
-0.22162054479122162,-0.24788695573806763,0.16829796135425568 
-0.14074517786502838,-0.748521089553833,0.16446444392204285 
0.10950002074241638,0.2917293310165405,0.22112876176834106 
0.02423095703125,0.5044208765029907,-0.34026965498924255 
-0.008153198286890984,0.7588920593261719,0.10181032866239548 
-0.38367360830307007,-0.06552818417549133,-0.5616556406021118 
-0.023382335901260376,-0.77873694896698,-0.22682130336761475 
-0.1887959986925125,-0.416202574968338,-0.20283497869968414 
-0.18807721138000488,0.6097440123558044,0.10648242384195328 
-0.017033100128173828,-0.22922536730766296,-0.2772561013698578 
0.20282235741615295,-0.31916654109954834,0.10025294870138168 
-0.2243758738040924,0.2556942105293274,-0.16809366643428802 
0.25010934472084045,0.6950130462646484,0.32873377203941345 
-0.23264190554618835,0.048731885850429535,0.15176592767238617 
0.1354961097240448,0.5303182005882263,-0.20786646008491516 
-0.1471332609653473,-0.3516048192977905,-0.06916768848896027 
0.07044600695371628,-0.7159361243247986,-0.07513073086738586 
0.19551469385623932,0.21952731907367706,-0.2052309215068817 
0.5720653533935547,-0.4380325675010681,0.3777310252189636 
0.38157522678375244,0.5630258321762085,-0.5717185735702515 
0.2685912251472473,0.04322119057178497,-0.08782927691936493 
-0.22725100815296173,0.40548911690711975,0.16829796135425568 
-0.06690193712711334,0.4409492313861847,-0.2674058675765991 
0.03719019144773483,0.04322119057178497,-0.2804638147354126 
0.023991376161575317,-0.5859825611114502,-0.2613230347633362 
-0.11400635540485382,0.5257659554481506,0.22508202493190765 
0.39236897230148315,-0.13038037717342377,0.5631777048110962 
0.08685827255249023,0.1366633176803589,-0.27064040303230286 
0.23373299837112427,-0.3487297296524048,0.030916959047317505 
0.3435155153274536,-0.6191665530204773,0.3892315626144409 
0.072075255215168,-0.2516006827354431,0.2700061500072479 
-0.2623426020145416,-0.47097691893577576,-0.023285239934921265 
-0.12132598459720612,0.2917293310165405,-0.08663132041692734 
-0.28044116497039795,-0.5277341604232788,0.05544864386320114 
-0.05680587887763977,-0.4086284637451172,0.23133835196495056 
-0.01667080819606781,0.09820829331874847,0.27970972657203674 
0.0904790461063385,-0.4369007349014282,-0.41023144125938416 
-0.125569686293602,0.30399376153945923,0.1708405613899231 
0.2172728180885315,0.637031078338623,0.22403070330619812 
0.15334594249725342,-0.31916654109954834,-0.168932244181633 
-0.07992681860923767,-0.3047639727592468,0.11860881745815277 
0.2594866156578064,-0.21494264900684357,0.10935758054256439 
-0.031049370765686035,-0.1267145574092865,-0.20837248861789703 
0.14474734663963318,-0.41059890389442444,-0.06773008406162262 
-0.2599557638168335,-0.16510681807994843,0.09821637719869614 
0.0910780131816864,-0.3287234902381897,0.10878540575504303 
-0.05514979362487793,-0.5446256399154663,-0.2823805510997772 
0.2192346155643463,0.5911754369735718,-0.02505534701049328 
-0.36831557750701904,0.28056707978248596,0.02648445963859558 
-0.26762279868125916,0.434120774269104,0.07413706183433533 
-0.5778056383132935,-0.20179171860218048,-0.2879180908203125 
0.2798522114753723,0.10371898114681244,-0.04230620712041855 
-0.06090007722377777,0.2921246588230133,-0.1030435636639595 
-0.34439197182655334,-0.6191665530204773,-0.490975022315979 
0.032386310398578644,-0.7415728569030762,-0.15539512038230896 
-0.0868750661611557,-0.45815855264663696,0.4823143482208252 
0.09416592866182327,0.9305619597434998,-0.05955703184008598 
-0.27265429496765137,-0.4239894151687622,-0.02110201306641102 
-0.23024596273899078,-0.7083889245986938,0.10959714651107788 
-0.2168286293745041,0.5965662598609924,0.05029734969139099 
0.2940630614757538,0.03997179865837097,-0.011545032262802124 
0.04591432213783264,-0.39796650409698486,0.34191152453422546 
0.17466990649700165,-0.7455261945724487,-0.020622815936803818 
-0.1618683636188507,-1.0458855628967285,0.4676990211009979 
0.5321727991104126,-0.10291078686714172,-0.46054643392562866 
-0.17262330651283264,0.6759921312332153,0.007290014997124672 
0.19423574209213257,-0.3718506097793579,-0.05383361876010895 
-0.10964571684598923,0.9500890374183655,0.013998687267303467 
-0.20928137004375458,-0.4262655973434448,0.17919956147670746 
0.26110196113586426,-0.019166529178619385,-0.28216782212257385 
0.02671988122165203,0.2135733813047409,0.27707424759864807 
-0.4607633650302887,-0.28097793459892273,0.07033038139343262 
-0.0004382321494631469,-0.31916654109954834,-0.08112061023712158 
-0.1074802428483963,0.2723010182380676,0.0921335518360138 
-0.05564096197485924,0.7751845121383667,0.07353807985782623 
0.024731241166591644,-0.39356085658073425,-0.2729165554046631 
0.09575013816356659,0.664039134979248,0.09752443432807922 
-0.07188551872968674,0.2921246588230133,0.09474223852157593 
0.2798522114753723,-0.15456463396549225,-0.04230620712041855 
-0.1637582778930664,-0.0007445213850587606,0.22448307275772095 
-0.5295271873474121,-0.14319871366024017,-0.4622235894203186 
-0.07981611788272858,-0.4366879165172577,-0.2608170211315155 
0.08997301757335663,0.785007894039154,-0.004210570361465216 
0.2503820061683655,0.07808229327201843,0.12768658995628357 
-0.01667080819606781,-0.028178170323371887,0.27970972657203674 
-0.2230849415063858,-0.8556469678878784,0.02396872639656067 
0.03447078540921211,0.8906694054603577,0.10384687036275864 
0.4898841977119446,-1.0208477973937988,-0.45827025175094604 
-0.5410277843475342,-0.9484900832176208,0.4417029023170471 
-0.04890833795070648,-0.730671226978302,-0.12137260288000107 
-0.28400200605392456,0.5410465598106384,0.016661077737808228 
0.2838054895401001,0.22457079589366913,0.012321528047323227 
0.28272736072540283,-0.2699297368526459,0.0014199228025972843 
-0.10841180384159088,0.28939327597618103,0.25563040375709534 
0.24434706568717957,-0.3384271264076233,-0.027478128671646118 
0.08123976737260818,-0.4951492249965668,-0.27471354603767395 
0.250501811504364,-0.5551677942276001,-0.13826407492160797 
0.04938846826553345,-0.8280935287475586,-0.16009403765201569 
-0.5785244107246399,-0.3062552213668823,0.30118033289909363 
0.1698780059814453,0.2921246588230133,-0.05907787010073662 
-0.1487835943698883,-0.31916654109954834,-0.1580306589603424 
0.03218265250325203,0.6607778072357178,-0.18127140402793884 
0.15969522297382355,0.6654499173164368,0.0856376513838768 
-0.15181447565555573,-0.434531569480896,0.22915516793727875 
0.004701084457337856,-0.3415687084197998,0.2708447277545929 
-0.284049928188324,-0.36801713705062866,-0.030832439661026 
-0.466034471988678,0.14789745211601257,-0.5186482667922974 
-0.011387734673917294,-0.14905396103858948,0.2799493670463562 
-0.029825782403349876,0.6083064675331116,0.21034696698188782 
-0.16076335310935974,0.13436320424079895,-0.22966963052749634 
-0.07418563216924667,0.49737390875816345,-0.2520717680454254 
0.2779275178909302,-0.7344118356704712,0.5734802484512329 
0.2017441689968109,0.6018373966217041,0.07617364078760147 
-0.13778617978096008,0.2917293310165405,-0.20750707387924194 
0.0497329980134964,0.8136395812034607,-0.1133461520075798 
-0.11742345988750458,0.020624488592147827,0.09021678566932678 
0.04916995391249657,0.46706509590148926,-0.2635723352432251 
0.21060918271541595,0.18427088856697083,0.18506962060928345 
-0.13122126460075378,0.22410358488559723,-0.24943624436855316 
0.09728066623210907,-0.05561181902885437,0.2617400884628296 
0.4465174674987793,-0.28972315788269043,-0.5430870056152344 
-0.23383988440036774,-0.3246772289276123,0.14373944699764252 
-0.016742685809731483,-0.3414488732814789,-0.27183836698532104 
0.05322198569774628,0.22600549459457397,-0.2438325732946396 
-0.11927744746208191,-0.7434895634651184,-0.10639791935682297 
0.09404613077640533,-0.7160559296607971,-0.020862413570284843 
-0.30596092343330383,0.6941744685173035,-0.3756099343299866 
-0.059321627020835876,0.22648465633392334,0.2258276790380478 
-0.4323713183403015,-1.0258793830871582,-0.5066685080528259 
0.1351367086172104,0.28926149010658264,-0.2485976368188858 
-0.082846999168396,-0.31916654109954834,0.09474223852157593 
-0.2774462103843689,0.2135733813047409,0.017592603340744972 
0.07648380100727081,0.2921246588230133,0.15512025356292725 
0.3489183783531189,0.09595897793769836,-0.5781877040863037 
-0.2913575768470764,-0.41593611240386963,0.04876682162284851 
-0.22360005974769592,0.21683473885059357,0.027323037385940552 
0.15274694561958313,-0.5116812586784363,-0.2445245236158371 
-0.24567876756191254,-0.06900233030319214,0.569047749042511 
0.5170782804489136,-0.8769709467887878,0.4838716685771942 
0.011026398278772831,0.8513757586479187,-0.11214819550514221 
-0.0683155506849289,-0.2502829134464264,-0.2735155522823334 
0.2885643541812897,0.5917293429374695,0.26284512877464294 
-0.016434073448181152,-0.27205926179885864,0.3395155668258667 
-0.2893809378147125,0.47511833906173706,0.017020434141159058 
0.23816263675689697,0.48731088638305664,-0.11274717003107071 
0.28057101368904114,-0.09957755357027054,-0.03140460327267647 
-0.07901347428560257,0.9224157333374023,0.07952795922756195 
0.13250115513801575,0.6214841604232788,-0.15934844315052032 
-0.26977917551994324,-0.5853567719459534,-0.09921004623174667 
0.026540186256170273,0.7616473436355591,-0.0995694249868393 
-0.050633423030376434,0.773746907711029,-0.08100082725286484 
0.2207919955253601,-0.01907356083393097,0.17344924807548523 
-0.09819307178258896,0.756376326084137,0.0440678745508194 
0.032257407903671265,-0.19077034294605255,0.21935859322547913 
0.23528750240802765,-0.345162570476532,0.13918717205524445 
-0.21167732775211334,0.6048323512077332,-0.03739447519183159 
-0.26977917551994324,0.021777432411909103,0.0691055878996849 
0.13432495296001434,-0.3378280997276306,-0.07383978366851807 
-0.14810074865818024,0.40524953603744507,0.24161411821842194 
0.2854827046394348,-0.5280935168266296,-0.022898990660905838 
0.277268648147583,1.0006704330444336,-0.4513220191001892 
-0.03292614221572876,-0.452381432056427,-0.27686989307403564 
0.03221859410405159,0.2961139380931854,-0.26776525378227234 
0.294206827878952,0.38167625665664673,0.0180986225605011 
-0.2131149023771286,0.5250471234321594,0.13223889470100403 
-0.2642684578895569,-0.08675918728113174,-0.09441813081502914 
-0.23551706969738007,-0.2607053220272064,-0.15287938714027405 
0.3488944172859192,0.9044729471206665,0.09021678566932678 
0.1848527044057846,0.07209242135286331,0.21286270022392273 
-0.2797223627567291,0.38392552733421326,0.06754820793867111 
0.22366712987422943,0.11102663725614548,0.1708136945962906 
-0.47465991973876953,-1.0351037979125977,-0.4624632000923157 
-0.18723861873149872,-0.31916654109954834,0.10576362907886505 
0.07297373563051224,0.61178058385849,0.19740882515907288 
0.5028223991394043,-0.019166529178619385,0.34526583552360535 
-0.08218811452388763,0.05975327268242836,0.267490416765213 
-0.2574400305747986,-0.23650617897510529,0.10588344186544418 
0.241996169090271,0.3275967240333557,0.14960958063602448 
0.19018657505512238,0.05383238196372986,-0.03562435507774353 
-0.5373140573501587,-0.3043384552001953,-0.44928544759750366 
0.4353763163089752,0.7365167140960693,-0.5411702394485474 
0.054872315376996994,0.7287030220031738,0.12049874663352966 
0.03221859410405159,0.9008522033691406,-0.10448116064071655 
-0.07085525989532471,0.6605381965637207,-0.17013022303581238 
0.22594328224658966,-0.46328306198120117,-0.17623990774154663 
0.07460297644138336,0.6906074285507202,-0.14233720302581787 
-0.04027213156223297,-0.253397673368454,0.27503761649131775 
-0.05417032539844513,0.07254478335380554,0.14999577403068542 
0.4877278804779053,-0.31943294405937195,0.5110657215118408 
-0.1765766441822052,-0.7506774663925171,0.07832999527454376 
0.2653566896915436,-0.017156802117824554,-0.09645470976829529 
0.5254641175270081,0.17837971448898315,0.12939059734344482 
0.1551429033279419,0.11282359063625336,0.2327491194009781 
-0.1432848870754242,-0.31916654109954834,0.04526583477854729 
-0.15755565464496613,0.48793670535087585,0.5422131419181824 
-0.2564845085144043,-0.00787535309791565,0.2299007922410965 
0.20615559816360474,-0.6191665530204773,-0.331644207239151 
-0.3112679421901703,0.03007027506828308,-0.5816618204116821 
-0.061139676719903946,0.4446629285812378,0.26689139008522034 
-0.020267635583877563,-0.32237422466278076,-0.27713629603385925 
-0.42704033851623535,0.3871869146823883,-0.05287522077560425 
-0.027148304507136345,0.14764876663684845,0.2776731848716736 
-0.30847665667533875,0.0374201238155365,0.009593009948730469 
0.057774290442466736,-0.6191665530204773,-0.3481762707233429 
0.1973116546869278,0.2917293310165405,-0.13059701025485992 
0.25555890798568726,-0.1409105807542801,-0.5793856382369995 
0.5336103439331055,0.18029648065567017,0.4589537978172302 
-0.23731401562690735,-0.3118588924407959,-0.1492854356765747 
-0.053451552987098694,0.2192968726158142,0.34838059544563293 
-0.13299714028835297,0.1807219684123993,-0.09336681663990021 
-0.07740819454193115,-0.747682511806488,-0.15839006006717682 
0.509291410446167,-1.021806240081787,0.42780640721321106 
-0.1581278145313263,-0.5441464185714722,0.24065572023391724 
-0.42021188139915466,-1.0225250720977783,0.5168160200119019 
-0.4464595317840576,-0.18424758315086365,0.5467654466629028 
-0.2678053677082062,-0.19628103077411652,-0.023285239934921265 
-0.1806497573852539,0.31316110491752625,0.2045966535806656 
-0.3169223964214325,0.5921247005462646,0.416665256023407 
-0.01142367348074913,-0.31916654109954834,0.1221759095788002 
-0.2500125765800476,0.1920577436685562,0.1252906620502472 
0.13405853509902954,-0.5244995951652527,0.2550314664840698 
0.23744384944438934,0.508395254611969,0.09821637719869614 
0.10530710220336914,0.8712621927261353,0.0337652862071991 
0.3705059289932251,1.2948932647705078,0.3721005320549011 
-0.2665446400642395,0.29162150621414185,0.07737159729003906 
0.23408952355384827,0.13665133714675903,-0.15755148231983185 
-0.3960607051849365,-0.2665485739707947,0.5706051588058472 
-0.09190656244754791,0.1680234670639038,0.12915100157260895 
0.21140272915363312,0.22737693786621094,0.03331291675567627 
-0.02949202060699463,-0.1672362983226776,0.20450370013713837 
-0.12278752028942108,0.7367294430732727,-0.010200444608926773 
0.01991826295852661,-0.2956593632698059,0.249906986951828 
-0.03365331515669823,0.2967488467693329,0.2593441605567932 
-0.17082636058330536,-0.05201788619160652,-0.222960963845253 
-0.2065260410308838,0.21540626883506775,-0.18845924735069275 
-0.07764778286218643,0.621124804019928,0.19297629594802856 
-0.578764021396637,-0.5040410757064819,-0.3257741332054138 
0.1098594143986702,-0.41284823417663574,-0.25003522634506226 
-0.278764009475708,0.31948643922805786,-0.006127328611910343 
-0.2869102358818054,-0.5358803868293762,-0.023138590157032013 
-0.09531792253255844,-0.7215666174888611,0.002498101443052292 
0.0650431364774704,-0.716415286064148,0.07773101329803467 
0.24582968652248383,-0.4055405855178833,0.11966016888618469 
-0.34477531909942627,0.8756017088890076,-0.5248777270317078 
0.18652987480163574,-0.5336042046546936,-0.21816906332969666 
-0.23635564744472504,0.4104008376598358,-0.15168139338493347 
-0.17825379967689514,0.2135733813047409,0.2117844969034195 
0.2637993097305298,0.3081056475639343,-0.020503032952547073 
0.019855480641126633,0.5682940483093262,0.23382726311683655 
0.2993820905685425,-0.22270262241363525,-0.011065840721130371 
-0.10867822170257568,-0.8376773595809937,-0.08557996153831482 
-0.09490150213241577,0.10381194949150085,-0.10378922522068024 
0.10758325457572937,0.9224157333374023,0.028134793043136597 
-0.1659146398305893,-0.37067949771881104,-0.2186482548713684 
0.07197941094636917,0.8105248212814331,-0.0711774006485939 
-0.22820939123630524,-0.05513263866305351,0.1583547592163086 
-0.557320237159729,-0.5442930459976196,-0.4087938964366913 
0.4374128580093384,-0.9021284580230713,-0.5519520044326782 
-0.0599057599902153,-0.06112249568104744,0.2710842788219452 
-0.17693603038787842,0.6658092737197876,-0.04218639060854912 
-0.5501323938369751,0.661763072013855,0.4469740390777588 
0.16005459427833557,-0.6664597392082214,-0.2167315036058426 
0.01593809761106968,-0.7500784397125244,0.2092687487602234 
0.11836504191160202,-0.23746457695960999,0.2552710175514221 
0.25840842723846436,-0.6952111721038818,-0.025774110108613968 
-0.029132604598999023,-0.16883540153503418,0.22007736563682556 
-0.2746908664703369,-0.457053542137146,0.06167811527848244 
-0.15164676308631897,-0.35223066806793213,0.22436325252056122 
0.2785344421863556,0.026808928698301315,0.0450262725353241 
-0.016434073448181152,-0.773226261138916,0.3238220810890198 
-0.2197037786245346,-0.4805338978767395,-0.18558411300182343 
0.03253006562590599,-0.31916654109954834,-0.16354136168956757 
0.28844454884529114,-0.4449271559715271,0.08075277507305145 
-0.121302030980587,0.2917293310165405,-0.004210570361465216 
-0.05141499638557434,-0.4177330732345581,0.31807181239128113 
0.16185157001018524,0.2685125470161438,0.22819676995277405 
0.09862527251243591,-0.24443967640399933,0.10567067563533783 
-0.061918359249830246,0.6991130709648132,0.1412237137556076 
0.20282235741615295,-0.11239587515592575,0.19393469393253326 
-0.11897795647382736,0.6671270728111267,0.1355932503938675 
-0.49909859895706177,-0.12488166987895966,0.4941742420196533 
-0.11204167455434799,0.18610377609729767,0.2537136673927307 
0.287162721157074,0.21342670917510986,-0.04604676365852356 
-0.2623306214809418,0.26080045104026794,-0.023644626140594482 
-0.3225301206111908,-0.4802674651145935,-0.32649290561676025 
-0.0004382321494631469,0.2921246588230133,0.1771630197763443 
0.2995617687702179,-0.6191665530204773,0.27937719225883484 
0.030460447072982788,-0.31907355785369873,0.2283434122800827 
0.09057199954986572,-0.3340214192867279,0.2537136673927307 
-0.07502421736717224,0.8730591535568237,0.08180413395166397 
-0.15824760496616364,0.3935093581676483,-0.23410214483737946 
-0.002906064735725522,0.9528443217277527,0.11067532002925873 
-0.017413552850484848,0.8731789588928223,0.10911798477172852 
0.2781750559806824,0.19159051775932312,0.0450262725353241 
-0.046356651932001114,0.8112435340881348,-0.11478374898433685 
-0.06533259153366089,-0.7588236927986145,0.05065672844648361 
0.19803044199943542,-0.21685940027236938,0.20016412436962128 
-0.26666441559791565,0.20258793234825134,-0.08603230118751526 
-0.3389303982257843,0.6946536898612976,-0.3426656126976013 
-0.07736026495695114,-0.31916654109954834,-0.2239193469285965 
-0.03339095786213875,0.2917293310165405,-0.19097501039505005 
-0.0639788806438446,0.29740774631500244,-0.2555459141731262 
-0.11458137631416321,0.8118425607681274,0.026218034327030182 
-0.49095237255096436,-0.13771198689937592,-0.5061893463134766 
0.29954978823661804,0.5917293429374695,0.06505928933620453 
0.12782905995845795,0.6384954452514648,0.15128673613071442 
-0.20736461877822876,-0.35762152075767517,0.17476703226566315 
0.17552334070205688,0.4105474650859833,0.04625105857849121 
-0.3852669298648834,-0.18963846564292908,0.5736001133918762 
-0.19286911189556122,0.31362831592559814,-0.196485698223114 
0.121120385825634,0.5883002281188965,-0.18965722620487213 
0.26811203360557556,0.36895084381103516,0.1009717509150505 
0.17251355946063995,-0.42902088165283203,-0.21038222312927246 
-0.08859728276729584,0.21311813592910767,-0.2666870951652527 
-0.08384131640195847,0.8307706117630005,-0.04793666675686836 
0.2814095914363861,0.29182517528533936,0.026457633823156357 
0.049002233892679214,0.9947735071182251,0.0013001409824937582 
-0.027455449104309082,-0.6579810380935669,-0.2825271785259247 
-0.1693887710571289,0.44358476996421814,0.2171754240989685 
-0.25732022523880005,-0.1837952435016632,-0.10879387706518173 
0.05753469467163086,0.1767686903476715,-0.40711668133735657 
-0.09770190715789795,-0.530489444732666,-0.2678850591182709 
0.5062965154647827,-0.3434585928916931,-0.11576896905899048 
0.20629936456680298,-0.39406684041023254,-0.03730151057243347 
-0.3721490800380707,0.842178225517273,0.5332282781600952 
0.5782948732376099,-0.2952338457107544,-0.3585986793041229 
-0.424476683139801,-0.4476163685321808,-0.5537489652633667 
-0.11370974779129028,-0.4487606883049011,-0.36458855867385864 
-0.29087838530540466,-0.27828866243362427,-0.0121440589427948 
0.05597732961177826,-0.3590322732925415,0.17575225234031677 
0.2626013457775116,-0.3244376480579376,0.07821017503738403 
0.22989660501480103,-0.2809511125087738,-0.16390074789524078 
0.07095202803611755,-0.43474435806274414,0.23073936998844147 
-0.26563704013824463,-0.03593820333480835,-0.5671663284301758 
-0.1362316757440567,-0.4128214120864868,-0.11181563138961792 
-0.21886518597602844,-0.3981131315231323,-0.1683332771062851 
-0.02152380719780922,-0.576371967792511,-0.2841775417327881 
-0.15980498492717743,-0.31916654109954834,0.16063092648983002 
-0.21840085089206696,-0.44600534439086914,0.09345132112503052 
-0.164117693901062,-0.6414220929145813,-0.2233203500509262 
0.20833304524421692,0.2921246588230133,-0.08663132041692734 
0.18629026412963867,0.36583614349365234,0.21609720587730408 
-0.49837982654571533,0.7640701532363892,-0.4861831068992615 
0.11489091068506241,-0.31916654109954834,0.12768658995628357 
-0.27205532789230347,0.37865445017814636,-0.08758968114852905 
0.12270458042621613,-0.6107807159423828,0.08135175704956055 
0.2557728886604309,-0.03189190477132797,0.11666522920131683 
0.15334594249725342,-0.7468439340591431,0.07797057926654816 
0.13525649905204773,0.695399284362793,-0.08519372344017029 
0.24499110877513885,0.20440886914730072,0.1387079656124115 
0.250501811504364,-0.5556469559669495,0.14302068948745728 
0.045216627418994904,0.6553868651390076,0.18003813922405243 
0.1685602366924286,-0.3065877854824066,0.22376424074172974 
-0.2706177532672882,0.4693412482738495,-0.009721245616674423 
-0.5046092867851257,-0.9155458211898804,0.5004037618637085 
0.19896773993968964,-0.008384734392166138,-0.04089546203613281 
-0.30611664056777954,-1.008628487586975,0.5553908348083496 
0.22989660501480103,-0.21494264900684357,-0.16390074789524078 
0.2672734558582306,-0.6163843870162964,-0.089266836643219 
-0.16234755516052246,-0.7659186124801636,-0.046765536069869995 
-0.28319647908210754,-0.5775699019432068,0.05041716620326042 
0.22270874679088593,-0.3686429560184479,-0.1555149108171463 
0.21444271504878998,0.4063276946544647,-0.18007342517375946 
0.2295372039079666,-0.6430992484092712,-0.15815046429634094 
0.3845222294330597,0.6983013153076172,0.5709645748138428 
0.19690722227096558,0.15472593903541565,-0.04724472761154175 
-0.09735448658466339,0.23555144667625427,0.2609015107154846 
-0.2740918695926666,-0.3693617284297943,-0.003970970865339041 
-0.24641862511634827,0.2666916251182556,-0.1308366060256958 
0.38382741808891296,-0.4015604257583618,-0.05646917223930359 
-0.10833992809057236,-0.022667476907372475,0.2555106580257416 
-0.4889158010482788,0.9377766251564026,-0.23652490973472595 
0.08745726197957993,-0.7378591299057007,0.030890129506587982 
0.010091976262629032,0.6255573034286499,-0.20594970881938934 
-0.1653156578540802,0.2921246588230133,-0.09753289073705673 
0.12040160596370697,0.2921246588230133,0.04526583477854729 
0.1973116546869278,-0.31916654109954834,-0.1030435636639595 
0.2814095914363861,0.3785346746444702,0.03448408469557762 
-0.01692238263785839,-0.31916654109954834,0.22112876176834106 
-0.27768582105636597,-0.10508822649717331,-0.031045222654938698 
0.3215087056159973,0.592519998550415,-0.49648571014404297 
-0.1630663424730301,-0.6191665530204773,0.3892315626144409 
-0.528209388256073,0.5799412727355957,0.45835477113723755 
0.06214403361082077,-0.4582515060901642,0.27503761649131775 
0.31599801778793335,-0.4161096215248108,-0.5833389759063721 
-0.011387734673917294,0.24105136096477509,0.28030872344970703 
0.14280375838279724,0.0542425774037838,-0.24500373005867004 
0.09356693923473358,0.7358908653259277,0.08479906618595123 
-0.45992475748062134,-0.14243823289871216,0.07655985653400421 
-0.28969240188598633,-0.38316529989242554,-0.021847635507583618 
0.06568092107772827,0.06715387105941772,0.1327449232339859 
-0.27109694480895996,-0.07166468352079391,0.06527203321456909 
0.1392098218202591,-0.08316527307033539,-0.24680069088935852 
0.25709065794944763,0.44166800379753113,0.09258592128753662 
-0.17729543149471283,-0.0963430106639862,-0.2186482548713684 
-0.2218601405620575,-0.1088019609451294,-0.17096880078315735 
-0.2764878273010254,-0.6209366321563721,0.07174110412597656 
-0.23671501874923706,0.5600280165672302,-0.028529483824968338 
-0.22385165095329285,-0.364662766456604,0.036547452211380005 
0.054300159215927124,0.2997346818447113,-0.16788089275360107 
0.08076057583093643,-0.13252189755439758,0.2671310305595398 
0.11417213082313538,-0.36852312088012695,-0.24668088555335999 
0.25433531403541565,-0.17648759484291077,-0.1277218908071518 
0.19216036796569824,0.6435269713401794,-0.030326424166560173 
-0.16902939975261688,-0.7188113331794739,0.18363209068775177 
-0.19385433197021484,0.3982083201408386,0.03690683841705322 
0.23624587059020996,-0.6597510576248169,0.13762979209423065 
-0.07840250432491302,-0.7203686237335205,0.23358769714832306 
-0.19921837747097015,0.6000404357910156,-0.08735007792711258 
-0.2312043458223343,-0.31916654109954834,-0.004210570361465216 
0.08478577435016632,0.5186978578567505,0.2389785647392273 
-0.2046361118555069,0.513573408126831,0.03175556659698486 
0.24096877872943878,-0.4663708806037903,0.2533811330795288 
-0.021862834692001343,0.04322119057178497,0.2786315679550171 
-0.44907110929489136,0.09056808054447174,0.5362231731414795 
-0.1931087076663971,0.1261211335659027,0.19920572638511658 
-0.24462167918682098,0.12016718834638596,-0.13455034792423248 
0.13897022604942322,0.45053303241729736,0.23490548133850098 
0.11405233293771744,0.8507768511772156,-0.009601464495062828 
0.08724449574947357,0.11848090589046478,-0.11840452253818512 
0.03719019144773483,-0.022667476907372475,-0.2804638147354126 
-0.26953956484794617,-0.1618722826242447,-0.07165659964084625 
0.04471635818481445,-0.6855343580245972,-0.19579371809959412 
0.1935979425907135,-0.4092542827129364,0.19525246322155 
0.4983898401260376,-0.43252190947532654,-0.5027151703834534 
0.45574188232421875,-0.906680703163147,0.5393379330635071 
0.24726726114749908,-0.42950010299682617,-0.11310655623674393 
0.09620249271392822,0.8616783618927002,-0.05656209588050842 
-0.14848409593105316,0.2921845614910126,0.2355044186115265 
0.04858294129371643,0.5639813542366028,-0.23194578289985657 
0.11764626204967499,0.0248921699821949,0.2546720802783966 
0.3103076219558716,-0.5973633527755737,-0.021847635507583618 
-0.1718115657567978,0.11800171434879303,0.047808438539505005 
-0.11400635540485382,0.30848902463912964,-0.23997223377227783 
0.03754958510398865,0.8048943281173706,0.09114832431077957 
-0.26390910148620605,-0.4179995357990265,0.07689239829778671 
-0.17921218276023865,-0.5355209708213806,-0.2217629849910736 
0.2819994390010834,-0.3661003112792969,0.027802228927612305 
0.08685827255249023,-0.011646108701825142,-0.27064040303230286 
0.12040160596370697,0.2921246588230133,0.1387079656124115 
0.2266620695590973,0.42046380043029785,0.16302691400051117 
0.1720343679189682,0.1476367861032486,-0.2258361130952835 
0.2725445628166199,0.4329227805137634,-0.05344737693667412 
-0.09933114796876907,-0.31916654109954834,-0.10855427384376526 
-0.5017341375350952,-0.2567788362503052,0.4910595118999481 
0.1907227784395218,0.5639813542366028,-0.13910266757011414 
0.17790444195270538,0.27949801087379456,-0.2208046168088913 
-0.027148304507136345,0.19710120558738708,0.2776731848716736 
0.10279135406017303,-0.5665485858917236,0.2677299678325653 
-0.24053944647312164,0.6869205236434937,0.020374774932861328 
0.26871103048324585,-0.5852369666099548,0.09342449903488159 
-0.048884376883506775,0.9278066754341125,-0.10040801018476486 
0.10890103876590729,0.9528443217277527,-0.011997384950518608 
0.06398891657590866,0.9405052065849304,0.08839298784732819 
-0.15633085370063782,0.6325055956840515,0.12361346930265427 
0.049217864871025085,-0.5227026343345642,-0.28058362007141113 
0.2653566896915436,0.24104176461696625,-0.09633488953113556 
-0.14806480705738068,0.6041135787963867,-0.15791086852550507 
-0.17852023243904114,-0.16151577234268188,-0.04664570093154907 
0.21252596378326416,0.5353497266769409,0.12576982378959656 
0.016261553391814232,-0.4535793960094452,-0.2769896984100342 
-0.07912128418684006,0.7809348106384277,-0.05045244097709656 
-0.2065260410308838,-0.2516006827354431,-0.18845924735069275 
-0.16630087792873383,0.6652371883392334,-0.04568737745285034 
-0.1793588101863861,0.25499653816223145,-0.09121045470237732 
-0.13479411602020264,0.31950128078460693,-0.0739596039056778 
0.0882958471775055,0.5274431109428406,-0.23230518400669098 
-0.2574400305747986,0.03818969428539276,0.10588344186544418 
0.24642866849899292,-0.4823308289051056,0.14984914660453796 
0.021388888359069824,-0.7603810429573059,0.08204372972249985 
-0.566664457321167,0.3487319052219391,-0.3860323131084442 
-0.2659456431865692,-0.3165310025215149,0.0794081762433052 
-0.404578298330307,1.2932162284851074,0.3229835033416748 
-0.2627379298210144,-0.9325570464134216,-0.5785470604896545 
0.5869202613830566,0.05608460307121277,-0.3256543278694153 
0.5835659503936768,0.09595897793769836,0.3175926208496094 
0.2091716229915619,-0.34324586391448975,0.1730898767709732 
-0.5692999958992004,-0.19155526161193848,-0.39525672793388367 
0.05602237209677696,0.8519747853279114,0.09761739522218704 
0.27778735756874084,-0.17982083559036255,0.019057005643844604 
0.16436731815338135,0.2917293310165405,0.13319729268550873 
0.2575698494911194,-0.6305204629898071,0.1124722957611084 
-0.24677802622318268,-0.4362087845802307,-0.12029442191123962 
0.07220703363418579,0.07628533244132996,-0.2735155522823334 
-0.02074679732322693,-0.32884329557418823,0.268235981464386 
