-0.23870638012886047,0.7797189950942993,0.3285222053527832 
0.3249998986721039,-0.946021556854248,-0.2616977393627167 
-0.536830723285675,-0.14687898755073547,0.3284231722354889 
0.5269802212715149,0.346713125705719,-0.29853150248527527 
0.311929851770401,0.7835806012153625,0.11792752891778946 
-0.2189033031463623,-0.946813702583313,-0.2982344627380371 
-0.35692521929740906,0.3131524920463562,-0.20605668425559998 
0.16004014015197754,-0.1753954291343689,0.3280271291732788 
0.04176053777337074,0.4080093204975128,0.2280271202325821 
-0.05823946371674538,0.9736791253089905,-0.10595767945051193 
0.060731902718544006,-0.46510905027389526,-0.358243465423584 
0.03226495534181595,-0.8164159059524536,0.2280271202325821 
0.0162244513630867,-0.009578508324921131,-0.1930856555700302 
-0.4368307292461395,-0.7119545936584473,0.22842317819595337 
-0.36633169651031494,-0.37975773215293884,-0.20605668425559998 
0.4264851212501526,-0.23707646131515503,-0.19813545048236847 
-0.536830723285675,0.6623856425285339,-0.30377933382987976 
-0.4233646094799042,0.20869117975234985,0.22832415997982025 
0.4024243652820587,0.15175728499889374,0.2280271202325821 
0.42688116431236267,0.6832723617553711,-0.18070873618125916 
-0.06265126913785934,-8.292556594824418e-05,0.2280271202325821 
0.426980197429657,-0.6929436326026917,0.2248586118221283 
0.032294660806655884,0.44603124260902405,-0.18872897326946259 
-0.11007967591285706,-0.4557025730609894,0.2280271202325821 
0.03226495534181595,0.7972391247749329,0.2280271202325821 
0.051236316561698914,-0.8468136787414551,-0.15219226479530334 
0.42688116431236267,0.5124706625938416,0.16109265387058258 
-0.339306116104126,0.0714501291513443,-0.15725624561309814 
-0.4393061101436615,0.559899091720581,0.12307072430849075 
0.3161875009536743,-0.4600648581981659,-0.25596609711647034 
0.42688116431236267,-0.5031309723854065,-0.03826507553458214 
-0.3050355017185211,0.9835806488990784,0.061705220490694046 
0.4271782338619232,-0.06652230024337769,0.037650078535079956 
-0.17651905119419098,-0.5980867743492126,-0.20605668425559998 
-0.17651905119419098,0.5979210138320923,0.2280271202325821 
-0.4393061101436615,-0.4747135639190674,0.056651148945093155 
0.15567782521247864,-0.5600648522377014,0.2280271202325821 
-0.08602454513311386,0.7263384461402893,-0.3060566782951355 
-0.2335519641637802,-0.8468136787414551,0.08509828895330429 
0.17905110120773315,0.7835806012153625,-0.14778046309947968 
-0.20061379671096802,-0.1943073868751526,-0.10605668276548386 
0.26004013419151306,-0.8468136787414551,0.05662144348025322 
0.19806209206581116,0.09990717470645905,-0.2887289822101593 
0.20310622453689575,-0.6360097527503967,-0.20605668425559998 
-0.2429584413766861,0.07585203647613525,-0.20605668425559998 
0.2885565757751465,0.46504220366477966,-0.18872897326946259 
0.0366668626666069,0.26126277446746826,0.3280271291732788 
0.16518330574035645,0.22770214080810547,-0.18872897326946259 
0.17468880116939545,-0.2753954231739044,-0.18872897326946259 
-0.3189032971858978,-0.0190740916877985,0.2280271202325821 
-0.2860245406627655,0.20364701747894287,0.12802711129188538 
-0.4393061101436615,-0.6360097527503967,-0.14268678426742554 
0.20310622453689575,0.616832971572876,0.2280271202325821 
-0.2860245406627655,-0.3278680145740509,0.12802711129188538 
-0.4393061101436615,0.521976113319397,-0.12367581576108932 
0.42688116431236267,0.2941415309906006,0.03765998035669327 
-0.33702877163887024,0.7836796045303345,0.10917620360851288 
-0.4393061101436615,0.2941415309906006,0.009190063923597336 
0.32688117027282715,-0.36520808935165405,0.08951010555028915 
-0.18163251876831055,0.346713125705719,-0.3060566782951355 
0.17468880116939545,0.6643603444099426,-0.18872897326946259 
0.3790510892868042,0.05245896801352501,0.12802711129188538 
-0.2998923361301422,-0.16142863035202026,-0.20605668425559998 
-0.2050355076789856,-0.674031674861908,0.2280271202325821 
-0.4393061101436615,-0.797404944896698,0.009190063923597336 
-0.4393061101436615,-0.2468789964914322,-0.01928381249308586 
-0.06773504614830017,-0.36588993668556213,0.3280271291732788 
0.42688116431236267,0.7117887735366821,0.03765998035669327 
-0.029782414436340332,0.9835806488990784,-0.08134207874536514 
0.42688116431236267,-0.2848019003868103,0.05662144348025322 
0.25053465366363525,0.3510754108428955,0.2280271202325821 
0.3075675368309021,-0.44085028767585754,-0.20377932488918304 
0.42688116431236267,-0.7214600443840027,0.00918907392770052 
-0.3189032971858978,-0.4936255216598511,0.2280271202325821 
-0.2481016218662262,0.9835806488990784,0.060993634164333344 
0.31232592463493347,0.7833825349807739,-0.10298720747232437 
0.42688116431236267,0.5029651522636414,-0.04776065796613693 
0.07530136406421661,-0.7468136548995972,-0.062359824776649475 
-0.5390090346336365,0.21381457149982452,-0.29853150248527527 
-0.17651905119419098,0.42702028155326843,-0.20605668425559998 
0.21261171996593475,0.8835806250572205,0.2085210680961609 
-0.35692521929740906,0.39860284328460693,0.2280271202325821 
0.32688117027282715,0.013824462890625,0.042743757367134094 
0.5250989198684692,-0.2741026282310486,0.12852218747138977 
0.31261172890663147,-0.6499764919281006,0.3280271291732788 
0.5024243593215942,0.5927777886390686,0.3280271291732788 
0.013283693231642246,-0.6455152034759521,-0.20605668425559998 
0.013283693231642246,0.5979210138320923,0.2280271202325821 
-0.12909063696861267,-0.8353278636932373,-0.20605668425559998 
-0.539306104183197,0.5833713412284851,0.08071619272232056 
-0.2429584413766861,0.8067446351051331,-0.20605668425559998 
-0.35692521929740906,0.6927778124809265,0.22812612354755402 
0.42688116431236267,-0.6265042424201965,-0.18060971796512604 
0.23162269592285156,-0.8468136787414551,-0.19011519849300385 
-0.4393061101436615,0.07585203647613525,0.09461367130279541 
0.09874393790960312,-0.09498924762010574,0.2280271202325821 
-0.1057005450129509,0.783272385597229,-0.3060566782951355 
0.33786067366600037,-0.6308553218841553,-0.27913570404052734 
-0.043660104274749756,-0.4747135639190674,-0.20605668425559998 
-0.034174419939517975,-0.6169987320899963,0.2280271202325821 
0.32698020339012146,0.2321634590625763,0.31812557578086853 
-0.09553002566099167,0.21381457149982452,0.12802711129188538 
0.5200491547584534,-0.946813702583313,0.042081691324710846 
0.07532116770744324,0.327702134847641,0.12802711129188538 
-0.14810162782669067,-0.07601788640022278,-0.20605668425559998 
-0.539306104183197,0.005010753870010376,0.23257622122764587 
0.11578021198511124,0.967639148235321,-0.3038783371448517 
0.26518329977989197,-0.20449474453926086,-0.2887289822101593 
-0.2481016218662262,-0.9352288842201233,0.3280271291732788 
0.11765589565038681,-0.4343152642250061,-0.1930856555700302 
0.3254949748516083,0.7832835912704468,-0.04652724787592888 
0.42688116431236267,-0.08548376709222794,-0.13318130373954773 
-0.34741973876953125,-0.8468136787414551,0.2085210680961609 
0.15124621987342834,-0.3271861672401428,0.3280271291732788 
0.12264065444469452,-0.2899450659751892,-0.28942209482192993 
-0.4393061101436615,-0.6360097527503967,0.08512800186872482 
-0.539306104183197,-0.3373734951019287,-0.29011520743370056 
-0.4393061101436615,0.7877336144447327,0.13257621228694916 
-0.21007966995239258,0.9835806488990784,-0.07120323926210403 
-0.536830723285675,-0.18231526017189026,-0.30377933382987976 
-0.4569252133369446,0.7835806012153625,-0.22367581725120544 
-0.1955300271511078,-0.8468136787414551,-0.06676172465085983 
-0.30939781665802,-0.6929436326026917,-0.20605668425559998 
-0.30939781665802,0.5314816236495972,-0.20605668425559998 
0.5268811583518982,-0.10956861078739166,0.3085210621356964 
-0.30939781665802,-0.33232933282852173,0.2280271202325821 
-0.2240464836359024,0.7687227129936218,0.2280271202325821 
-0.2334529608488083,-0.4557025730609894,-0.20605668425559998 
0.027161382138729095,-0.946813702583313,-0.1193036213517189 
-0.1006137952208519,0.46504220366477966,0.2280271202325821 
0.1322946548461914,0.04225180298089981,-0.2887289822101593 
-0.339306116104126,-0.5747135877609253,-0.19525837898254395 
-0.4393061101436615,0.44603124260902405,0.009190063923597336 
-0.339306116104126,-0.29876869916915894,0.08951010555028915 
0.14112818241119385,-0.33669161796569824,0.3285222053527832 
0.2885565757751465,0.3131524920463562,-0.18872897326946259 
0.5268811583518982,-0.6980867981910706,-0.005386330187320709 
0.5200491547584534,-0.014672182500362396,-0.3059576749801636 
0.5271782279014587,0.2605808973312378,-0.19525837898254395 
0.06518330425024033,0.16635644435882568,-0.2887289822101593 
0.42688116431236267,-0.37975773215293884,-0.14268678426742554 
0.29796305298805237,-0.5980867743492126,0.2285221964120865 
0.32688117027282715,0.6124706864356995,-0.09843248873949051 
-0.30949681997299194,0.8835806250572205,0.08509828895330429 
0.2980620861053467,0.5029651522636414,0.2280271202325821 
0.3359849750995636,-0.7404710650444031,-0.20605668425559998 
-0.2334529608488083,0.23720763623714447,-0.20605668425559998 
0.2885565757751465,-0.18043959140777588,-0.18872897326946259 
-0.18602454662322998,-0.07601788640022278,0.2280271202325821 
-0.1721765547990799,0.9839767217636108,0.13762037456035614 
0.15567782521247864,0.521976113319397,-0.18872897326946259 
-0.4393061101436615,0.17076826095581055,-0.0667419284582138 
0.42688116431236267,-0.32282382249832153,0.19901558756828308 
-0.339306116104126,-0.8878995180130005,-0.03318130224943161 
-0.08163252472877502,0.7117887735366821,0.2280271202325821 
0.027161382138729095,-0.946813702583313,0.023070722818374634 
-0.2429584413766861,-0.2943073809146881,-0.20605668425559998 
0.11765589565038681,-0.5875911712646484,-0.3134884834289551 
-0.3389100432395935,-0.4695703089237213,0.12475959211587906 
-0.30939781665802,0.5314816236495972,0.2280271202325821 
0.2980620861053467,0.7403052449226379,-0.18872897326946259 
0.42688116431236267,0.16126278042793274,0.08511809259653091 
0.25053465366363525,0.7497116923332214,0.2280271202325821 
-0.3189032971858978,-0.17093411087989807,0.2280271202325821 
-0.35692521929740906,-0.5221419334411621,-0.20605668425559998 
0.25567781925201416,0.2795918881893158,-0.08872897177934647 
0.2885565757751465,0.8835806250572205,0.09459387511014938 
-0.339306116104126,0.47008636593818665,-0.20466484129428864 
0.3075675368309021,0.16126278042793274,-0.18872897326946259 
0.3170730471611023,-0.5875911712646484,-0.2660600543022156 
0.06518330425024033,0.36504220962524414,0.3280271291732788 
-0.11007967591285706,0.10432888567447662,-0.20605668425559998 
0.316974014043808,-0.8468136787414551,-0.06676172465085983 
0.316974014043808,0.5979210138320923,-0.18872897326946259 
0.2790510952472687,0.09483329951763153,0.2280271202325821 
-0.5314838886260986,-0.043139129877090454,0.3286212086677551 
0.04684431478381157,-0.061428628861904144,0.3280271291732788 
0.42688116431236267,0.7972391247749329,-0.0667419284582138 
0.4169740080833435,-0.9352288842201233,0.3280271291732788 
0.032294660806655884,-0.32282382249832153,-0.18872897326946259 
0.12716138362884521,0.2941415309906006,0.2280271202325821 
-0.536830723285675,0.5295069217681885,-0.30377933382987976 
0.42688116431236267,-0.21836252510547638,-0.0667419284582138 
0.16074180603027344,-0.052624814212322235,0.3280271291732788 
-0.05823946371674538,0.4131524860858917,-0.08872897177934647 
-0.539306104183197,0.47959187626838684,0.023070722818374634 
0.13666686415672302,-0.7636406421661377,-0.22269128262996674 
-0.043660104274749756,0.5503935813903809,-0.20605668425559998 
0.2885565757751465,0.22770214080810547,0.2280271202325821 
0.09711942076683044,-0.4784817397594452,-0.2580454349517822 
0.42688116431236267,0.41751477122306824,0.07563241571187973 
-0.4393061101436615,-0.3133183419704437,0.09461367130279541 
0.09874393790960312,-0.6929436326026917,0.2280271202325821 
0.14617234468460083,-0.33232933282852173,0.2280271202325821 
0.41826683282852173,-0.4936255216598511,-0.23764261603355408 
-0.30939781665802,0.2751305401325226,0.2280271202325821 
0.316974014043808,-0.3038128614425659,-0.18872897326946259 
-0.43791425228118896,-0.7468136548995972,0.052219539880752563 
0.24549049139022827,-0.555504560470581,-0.2521044909954071 
-0.07215674966573715,-0.8468136787414551,-0.08575289696455002 
0.07971317321062088,0.8835806250572205,0.15158717334270477 
-0.32840877771377563,-0.6265042424201965,0.2280271202325821 
0.21261171996593475,-0.5164980888366699,-0.23754361271858215 
-0.4393061101436615,-0.3512412905693054,-0.10466483980417252 
0.10377524048089981,0.9835806488990784,0.014247104525566101 
-0.0911182090640068,-0.7119545936584473,-0.20605668425559998 
0.42688116431236267,0.6358439326286316,-0.0667419284582138 
0.32688117027282715,-0.5176806449890137,0.17563241720199585 
-0.2050355076789856,-0.5411528944969177,0.2280271202325821 
-0.339306116104126,-0.6974049210548401,0.23257622122764587 
-0.2998923361301422,-0.038045451045036316,-0.20605668425559998 
-0.4393061101436615,0.7972391247749329,-0.08572318404912949 
0.20824941992759705,0.8022832870483398,0.12802711129188538 
-0.06265126913785934,-0.34183481335639954,0.2280271202325821 
0.16518330574035645,-0.19945058226585388,0.2280271202325821 
-0.40435361862182617,0.42702028155326843,-0.20605668425559998 
0.5268811583518982,-0.9422589540481567,0.11868169158697128 
-0.0911182090640068,0.7687227129936218,-0.20605668425559998 
-0.3189032971858978,0.6548548936843872,-0.20605668425559998 
-0.42840877175331116,0.06126277893781662,-0.3060566782951355 
-0.2145409882068634,0.42702028155326843,0.2285221964120865 
-0.4393061101436615,-0.674031674861908,-0.028779396787285805 
-0.539306104183197,-0.2330111861228943,-0.08131732791662216 
0.42688116431236267,0.5694045424461365,0.056651148945093155 
0.11765589565038681,0.7687227129936218,-0.18872897326946259 
0.008871890604496002,-0.8309655785560608,0.3280271291732788 
-0.5389100313186646,0.5839542150497437,0.3247596025466919 
-0.4393061101436615,0.22770214080810547,0.11356523633003235 
-0.30939781665802,0.14225180447101593,0.2280271202325821 
-0.1955300271511078,-0.36074674129486084,0.2280271202325821 
0.05567782372236252,0.9835806488990784,-0.004763856530189514 
0.5268811583518982,0.8972391486167908,0.042081691324710846 
0.07458978146314621,0.9835806488990784,0.17561259865760803 
-0.4393061101436615,0.6738658547401428,0.1041092574596405 
-0.06264135986566544,0.3605808913707733,-0.20605668425559998 
-0.4393061101436615,0.559899091720581,-0.009788229130208492 
0.42688116431236267,-0.17093411087989807,0.11356523633003235 
0.42688116431236267,-0.7309655547142029,-0.13318130373954773 
-0.536830723285675,0.13087064027786255,-0.30377933382987976 
0.16518330574035645,-8.292556594824418e-05,0.2280271202325821 
-0.2524639070034027,-0.7783939242362976,0.2280271202325821 
0.3250989019870758,-0.6727389097213745,0.12852218747138977 
-0.15760710835456848,-0.1899450719356537,-0.20605668425559998 
-0.2050355076789856,-0.7498775124549866,-0.20605668425559998 
0.5197520852088928,0.2986028492450714,-0.3055616021156311 
-0.34741973876953125,-0.8468136787414551,0.06611702591180801 
0.42688116431236267,0.047375187277793884,0.07563241571187973 
0.018347665667533875,0.22333985567092896,0.12802711129188538 
0.42688116431236267,-0.6360097527503967,-0.0667419284582138 
0.2790510952472687,-0.16142863035202026,0.2280271202325821 
0.42688116431236267,0.23720763623714447,-0.08572318404912949 
-0.3367317020893097,0.7762534022331238,-0.10358128696680069 
-0.5233646035194397,0.49792101979255676,0.32832416892051697 
-0.21007966995239258,-0.946813702583313,0.023070722818374634 
-0.06265126913785934,0.3321634531021118,0.2280271202325821 
0.0618748664855957,0.9831845760345459,0.32822513580322266 
0.3454904854297638,-0.39876869320869446,0.2280271202325821 
0.42688116431236267,-0.7309655547142029,0.12307072430849075 
0.05567782372236252,-0.9459224939346313,0.3278290927410126 
-0.4393061101436615,-0.17093411087989807,-0.10466483980417252 
-0.4393061101436615,-0.19945058226585388,0.1041092574596405 
0.42688116431236267,-0.3512412905693054,-0.028779396787285805 
-0.539306104183197,-0.2797577381134033,-0.1003025472164154 
0.316974014043808,-0.7214600443840027,0.2280271202325821 
0.06075170263648033,-0.5164980888366699,-0.25655457377433777 
0.3929188847541809,0.43652576208114624,0.2280271202325821 
0.4074685275554657,0.9839767217636108,-0.25219225883483887 
0.1797230839729309,0.5168329477310181,-0.08872897177934647 
-0.4393061101436615,-0.5695703029632568,-0.009788229130208492 
-0.2714748978614807,0.3795918822288513,-0.20605668425559998 
0.42688116431236267,0.01890229992568493,-0.11417033523321152 
0.21261171996593475,-0.8468136787414551,-0.08575289696455002 
0.3221172094345093,-0.47025224566459656,-0.08872897177934647 
0.42688116431236267,0.23720763623714447,0.17049913108348846 
-0.39484816789627075,-0.09498924762010574,0.2280271202325821 
-0.4393061101436615,-0.019064191728830338,0.04715556278824806 
0.0366668626666069,0.906744658946991,0.3280271291732788 
0.26518329977989197,-0.3586730659008026,-0.4560650885105133 
0.3075675368309021,0.616832971572876,0.2280271202325821 
0.03227485716342926,-0.7593830227851868,-0.20605668425559998 
-0.34741973876953125,0.8162500858306885,-0.20605668425559998 
-0.339306116104126,-0.024147965013980865,0.09021177142858505 
-0.536830723285675,0.2321634590625763,0.3284231722354889 
-0.3389100432395935,0.7351620197296143,0.3247596025466919 
-0.11454098671674728,0.7835806012153625,-0.24268677830696106 
0.3359849750995636,0.8067446351051331,0.2280271202325821 
0.07023739069700241,0.5124706625938416,0.2280271202325821 
-0.005699552595615387,-0.5126364827156067,0.2280271202325821 
-0.29484817385673523,0.7835806012153625,0.24208170175552368 
-0.13859614729881287,0.20869117975234985,0.2280271202325821 
-0.2481016218662262,-0.49876868724823,-0.3060566782951355 
0.3359849750995636,-0.5031309723854065,0.2280271202325821 
-0.15760710835456848,0.322657972574234,-0.20605668425559998 
-0.2481016218662262,-0.7468136548995972,0.12815450131893158 
-0.539306104183197,0.16572409868240356,-0.20466484129428864 
-0.048101626336574554,0.6314816474914551,-0.10605668276548386 
-0.539306104183197,-0.08109572529792786,-0.06169774383306503 
0.392819881439209,0.7782281637191772,-0.1883329153060913 
-0.06264135986566544,-0.5790758728981018,-0.20605668425559998 
-0.4233646094799042,-0.7119545936584473,-0.20605668425559998 
0.32004913687705994,-0.6974049210548401,0.12891826033592224 
0.11458642035722733,-0.5907596349716187,-0.2114035189151764 
0.3549959659576416,-0.2468789964914322,0.2280271202325821 
-0.11007967591285706,0.8067446351051331,0.2280271202325821 
-0.2714748978614807,0.6263384222984314,0.2280271202325821 
-0.4393061101436615,-0.44619712233543396,-0.19011519849300385 
0.09428559243679047,-0.946813702583313,0.042081691324710846 
0.5197520852088928,0.08097542077302933,-0.3055616021156311 
0.42688116431236267,0.6358439326286316,0.15158717334270477 
-0.339306116104126,0.06126277893781662,-0.06233011558651924 
-0.24741974472999573,-0.36588993668556213,-0.3060566782951355 
0.4024243652820587,0.8835806250572205,-0.10476385802030563 
-0.1310158371925354,-0.94612056016922,-0.3035812973976135 
0.012352947145700455,0.7782281637191772,-0.19872954487800598 
0.14102914929389954,-0.7468136548995972,0.051587171852588654 
-0.2430574595928192,0.8835806250572205,0.18000462651252747 
-0.33791425824165344,0.05687076970934868,-0.20605668425559998 
-0.06774494796991348,-0.7468136548995972,-0.15727604925632477 
-0.19111821055412292,-0.09059031307697296,-0.3060566782951355 
0.06074180454015732,-0.5980867743492126,0.2280271202325821 
0.00886198878288269,0.9835806488990784,0.04272395744919777 
-0.4393061101436615,-0.5411528944969177,0.13257621228694916 
0.4359849691390991,-0.7468136548995972,-0.09823445230722427 
-0.17651905119419098,0.7212942838668823,-0.20605668425559998 
-0.05315568670630455,-0.37975773215293884,-0.20605668425559998 
0.42688116431236267,-0.4936255216598511,-0.13318130373954773 
-0.29999133944511414,0.8835806250572205,-0.009817933663725853 
0.24112817645072937,-0.7309655547142029,-0.20605668425559998 
0.11765589565038681,-0.19945058226585388,-0.18872897326946259 
-0.17213694751262665,-0.033011190593242645,-0.3060566782951355 
-0.2714748978614807,-0.5980867743492126,-0.20605668425559998 
0.21261171996593475,-0.6550206542015076,0.2280271202325821 
0.42688116431236267,-0.06652230024337769,0.13257621228694916 
0.32688117027282715,-0.22350570559501648,0.06173492595553398 
-0.09553002566099167,-0.08110363781452179,0.12802711129188538 
-0.2334529608488083,0.21819666028022766,0.2280271202325821 
-0.10503550618886948,0.7835806012153625,0.1850982904434204 
0.19360074400901794,-0.09498924762010574,0.2280271202325821 
0.008249424397945404,0.7074264883995056,0.3280271291732788 
-0.4393061101436615,0.6927778124809265,-0.13318130373954773 
0.42688116431236267,-0.8069103956222534,-0.0762375071644783 
-0.336830735206604,-0.7258223295211792,0.12842318415641785 
-0.539306104183197,-0.6411529183387756,-0.2616977393627167 
0.42688116431236267,0.08534761518239975,0.16109265387058258 
0.06580577790737152,0.7835806012153625,0.22307072579860687 
-0.09112811088562012,-0.2468789964914322,0.2280271202325821 
-0.08671630918979645,0.24225181341171265,0.12802711129188538 
0.12716138362884521,-0.0190740916877985,-0.18872897326946259 
-0.13859614729881287,-0.5126364827156067,-0.20605668425559998 
-0.11958515644073486,-0.5790758728981018,0.2280271202325821 
0.022729767486453056,-0.03806525841355324,0.2285221964120865 
0.4739078879356384,0.9835806488990784,0.03257621079683304 
-0.3145409822463989,-0.7468136548995972,-0.07120323926210403 
0.3834134042263031,0.559899091720581,0.2280271202325821 
0.42004913091659546,-0.14251667261123657,-0.20595768094062805 
-0.33791425824165344,0.7877336144447327,0.2280271202325821 
0.21261171996593475,0.7782281637191772,-0.18872897326946259 
0.21261171996593475,-0.5875911712646484,-0.3134884834289551 
0.4264794886112213,-0.7468136548995972,0.22307072579860687 
0.4107360243797302,-0.68462073802948,-0.45586708188056946 
0.5268811583518982,-0.6126365065574646,-0.03386317938566208 
0.32688117027282715,0.3086911737918854,-0.1003025472164154 
0.316974014043808,-0.09498924762010574,-0.18872897326946259 
0.32688117027282715,0.42265796661376953,0.023070722818374634 
0.4271782338619232,0.5979210138320923,-0.15219226479530334 
0.02786305546760559,0.6503936052322388,0.12802711129188538 
-0.07213694602251053,0.46504220366477966,-0.20605668425559998 
-0.4393061101436615,0.47454771399497986,0.09461367130279541 
0.10973893851041794,0.327702134847641,-0.30377933382987976 
-0.15760710835456848,0.18027374148368835,-0.20605668425559998 
-0.34741973876953125,-0.7593830227851868,0.2280271202325821 
0.022779276594519615,0.3036470115184784,0.2280271202325821 
-0.2619694173336029,0.3510754108428955,0.2280271202325821 
-0.2429584413766861,-0.44619712233543396,0.2280271202325821 
-0.4393061101436615,0.7403052449226379,0.2085210680961609 
-0.08163252472877502,0.6358439326286316,-0.20605668425559998 
0.42688116431236267,0.16126278042793274,-0.13318130373954773 
-0.539306104183197,0.659217119216919,0.1281743049621582 
-0.41385912895202637,0.5409871339797974,-0.20605668425559998 
-0.5316819548606873,-0.9466156959533691,-0.2982344627380371 
0.14176054298877716,-0.0044947341084480286,-0.2887289822101593 
0.4271782338619232,0.02839491330087185,-0.009847638197243214 
0.25053465366363525,0.09483329951763153,-0.18872897326946259 
0.42688116431236267,0.3795918822288513,-0.009798130951821804 
-0.1955300271511078,0.5124706625938416,0.2280271202325821 
-0.2334529608488083,-0.15192314982414246,0.2280271202325821 
0.013283693231642246,0.7117887735366821,0.2280271202325821 
0.04176053777337074,-0.16142863035202026,0.2280271202325821 
-0.2758372128009796,-0.7075923085212708,-0.10605668276548386 
-0.4393061101436615,-0.33232933282852173,-0.19011519849300385 
-0.06266117095947266,-0.8468136787414551,0.2085210680961609 
0.3454904854297638,0.2941415309906006,0.2280271202325821 
-0.2334529608488083,-0.10449473559856415,-0.20605668425559998 
0.20746853947639465,0.9835806488990784,0.2895101010799408 
0.42688116431236267,-0.2848019003868103,-0.12367581576108932 
0.3454904854297638,-0.10449473559856415,0.2280271202325821 
0.02795349806547165,0.7835806012153625,-0.09764037281274796 
0.0366668626666069,-0.946813702583313,-0.2982344627380371 
0.108150415122509,-0.6836361885070801,-0.20595768094062805 
-0.0776761993765831,-0.5176806449890137,-0.0894220843911171 
0.15567782521247864,-0.42718616127967834,0.2280271202325821 
0.3454904854297638,-0.6550206542015076,-0.20605668425559998 
-0.4393061101436615,0.6074264645576477,-0.11417033523321152 
0.25567781925201416,0.2795918881893158,0.3280271291732788 
-0.38534265756607056,-0.17093411087989807,-0.20605668425559998 
0.21261171996593475,-0.028559774160385132,-0.18872897326946259 
0.04176053777337074,0.5314816236495972,-0.18872897326946259 
-0.20061379671096802,-0.18548376858234406,0.12802711129188538 
-0.0067916931584477425,-0.5842246413230896,-0.2723970413208008 
-0.4393061101436615,0.3131524920463562,-0.18060971796512604 
-0.2619694173336029,0.7212942838668823,-0.20605668425559998 
-0.5389100313186646,-0.5841200351715088,0.12475959211587906 
-0.03926809877157211,-0.946813702583313,0.13764017820358276 
0.17458978295326233,0.8835806250572205,-0.009817933663725853 
-0.2335519641637802,-0.8468136787414551,0.17049913108348846 
-0.2334529608488083,0.49345964193344116,-0.20605668425559998 
0.22716137766838074,0.25175729393959045,-0.08872897177934647 
0.5268811583518982,-0.4790758788585663,-0.1003025472164154 
0.3549959659576416,0.8835806250572205,-0.009817933663725853 
0.23162269592285156,-0.5221419334411621,0.2280271202325821 
0.20310622453689575,0.2562186121940613,0.2280271202325821 
-0.2809803783893585,0.056860871613025665,0.2280271202325821 
-0.339306116104126,0.19483330845832825,-0.20466484129428864 
-0.4393061101436615,-0.7119545936584473,0.04715556278824806 
0.4093554615974426,-0.31965532898902893,-0.20387834310531616 
0.42688116431236267,0.39860284328460693,0.16109265387058258 
0.4166826009750366,-0.5845216512680054,-0.2755655348300934 
-0.007161020766943693,-0.5031309723854065,-0.3040819764137268 
-0.36633169651031494,-0.7783939242362976,-0.20605668425559998 
0.3549959659576416,0.02838798053562641,0.2280271202325821 
0.08481377363204956,-0.024147965013980865,-0.10605668276548386 
0.2885565757751465,-0.5162010192871094,-0.313587486743927 
0.11765589565038681,-0.3512412905693054,-0.18872897326946259 
0.21181398630142212,-0.6281819343566895,-0.2762642800807953 
-0.33920708298683167,0.7798179984092712,-0.014170333743095398 
-0.4393061101436615,0.15175728499889374,0.1705981343984604 
-0.339306116104126,0.0714501291513443,0.10852106660604477 
0.3454904854297638,0.24671311676502228,-0.18872897326946259 
0.14617234468460083,-0.5164980888366699,-0.2850710153579712 
-0.29048585891723633,-0.8468136787414551,-0.11426935344934464 
0.06074180454015732,0.20869117975234985,0.2280271202325821 
-0.4393061101436615,-0.6834381222724915,0.15158717334270477 
0.1797230839729309,0.1473652869462967,-0.08872897177934647 
0.22211721539497375,0.5694045424461365,-0.18872897326946259 
0.24112817645072937,0.3795918822288513,-0.18872897326946259 
0.32688117027282715,-0.3563844561576843,0.2515871822834015 
-0.36633169651031494,0.7212942838668823,-0.20605668425559998 
-0.13859614729881287,0.3700863718986511,0.2280271202325821 
0.3454904854297638,-0.8468136787414551,0.01865990273654461 
0.26954561471939087,0.6643603444099426,-0.18872897326946259 
-0.1955300271511078,0.6927778124809265,0.2280271202325821 
-0.4393061101436615,-0.7119545936584473,-0.10466483980417252 
0.14112818241119385,0.3365257680416107,0.3280271291732788 
0.3264794945716858,0.3795918822288513,0.2280271202325821 
-0.05315568670630455,0.17076826095581055,-0.20605668425559998 
0.26954561471939087,-0.36074674129486084,0.2280271202325821 
-0.29048585891723633,-0.2468789964914322,0.2280271202325821 
-0.35692521929740906,-0.09498924762010574,-0.20605668425559998 
-0.29999133944511414,0.8835806250572205,-0.18070873618125916 
-0.39048585295677185,0.005010753870010376,0.12802711129188538 
0.25053465366363525,0.21819666028022766,-0.18872897326946259 
0.07530136406421661,0.9835806488990784,-0.2616977393627167 
-0.4393061101436615,-0.08548376709222794,-0.12367581576108932 
-0.08602454513311386,0.7541729807853699,0.12802711129188538 
0.32698020339012146,0.6687226891517639,0.12485861033201218 
0.16074180603027344,0.9729859828948975,0.32832416892051697 
0.3454904854297638,-0.5121414065361023,-0.2114035189151764 
-0.17651905119419098,0.8541730046272278,-0.20605668425559998 
0.5271782279014587,-0.5265042185783386,0.07049912959337234 
0.3454904854297638,0.06635645031929016,-0.18872897326946259 
-0.27593621611595154,-0.7468136548995972,-0.24268677830696106 
0.2835124135017395,-0.527978241443634,-0.28942209482192993 
0.3176727592945099,-0.5666933059692383,-0.22378608584403992 
0.3645014464855194,-0.5164980888366699,-0.294576495885849 
0.3264794945716858,0.7117887735366821,0.2280271202325821 
0.22211721539497375,0.18027374148368835,0.2280271202325821 
-0.32840877771377563,0.44603124260902405,-0.20605668425559998 
0.22211721539497375,0.521976113319397,0.2280271202325821 
-0.2809803783893585,-0.7688884735107422,-0.20605668425559998 
0.21261171996593475,-0.19945058226585388,-0.18872897326946259 
0.022779276594519615,-0.674031674861908,0.2280271202325821 
-0.1006137952208519,0.6358439326286316,0.2280271202325821 
0.42688116431236267,0.7117887735366821,-0.08572318404912949 
0.20310622453689575,-0.8468136787414551,-0.0003223516105208546 
0.42688116431236267,0.8162500858306885,0.00918907392770052 
-0.4393061101436615,0.3036470115184784,0.09461367130279541 
0.15567782521247864,0.08533772081136703,0.2280271202325821 
0.18409526348114014,0.3036470115184784,-0.18872897326946259 
-0.38534265756607056,-0.3512412905693054,0.2280271202325821 
-0.2809803783893585,-0.6929436326026917,0.2280271202325821 
-0.38534265756607056,0.12333985418081284,0.2280271202325821 
-0.2524639070034027,-0.6075922846794128,0.2280271202325821 
-0.2240464836359024,-8.292556594824418e-05,-0.20605668425559998 
-0.1524639129638672,-0.7468136548995972,0.10916729271411896 
-0.16701357066631317,-0.7593830227851868,0.2280271202325821 
0.4192569851875305,-0.7020530700683594,-0.2050665318965912 
-0.4393061101436615,-0.2563844621181488,-0.09525837749242783 
-0.1341744214296341,-0.1665222942829132,-0.10605668276548386 
-0.4853426516056061,0.7835806012153625,-0.033882975578308105 
-0.3189032971858978,-0.4557025730609894,-0.20605668425559998 
-0.034174419939517975,0.42702028155326843,0.2280271202325821 
-0.4393061101436615,-0.16142863035202026,0.1705981343984604 
0.11765589565038681,-0.4936255216598511,0.2280271202325821 
-0.2145409882068634,-0.6645261645317078,-0.20605668425559998 
-0.38098037242889404,-0.2607467472553253,-0.10605668276548386 
0.24112817645072937,-0.11400022357702255,-0.18872897326946259 
0.42688116431236267,-0.16142863035202026,-0.12367581576108932 
0.5268811583518982,0.6212942600250244,0.2515871822834015 
-0.12909063696861267,-0.6550206542015076,0.2280271202325821 
-0.34741973876953125,0.616832971572876,0.2280271202325821 
-0.32336461544036865,-0.7468136548995972,0.17561259865760803 
-0.41385912895202637,-0.8468136787414551,-0.05727604404091835 
0.32688117027282715,0.39345964789390564,-0.05284443870186806 
0.07023739069700241,0.6927778124809265,-0.18872897326946259 
0.5271782279014587,0.3365257680416107,0.014266908168792725 
-0.29999133944511414,0.45553675293922424,0.2280271202325821 
0.42688116431236267,0.6453494429588318,0.07563241571187973 
0.42688116431236267,-0.20885704457759857,0.00918907392770052 
-0.06774494796991348,0.9835806488990784,-0.014901712536811829 
-0.20949682593345642,-0.946813702583313,0.23257622122764587 
-0.02467883564531803,-0.43669161200523376,0.2280271202325821 
-0.08671630918979645,-0.2512412965297699,0.3280271291732788 
-0.4393061101436615,0.45553675293922424,-0.08572318404912949 
0.3549959659576416,0.3510754108428955,-0.18872897326946259 
0.42688116431236267,-0.36074674129486084,0.13257621228694916 
-0.180980384349823,0.9835806488990784,-0.20476385951042175 
-0.2334529608488083,0.15175728499889374,-0.20605668425559998 
0.11765589565038681,-0.8468136787414551,-0.11426935344934464 
-0.4393061101436615,0.3795918822288513,-0.028779396787285805 
-0.4393061101436615,-0.550559401512146,-0.08572318404912949 
0.18409526348114014,0.7117887735366821,0.2280271202325821 
0.3264794945716858,0.8161510825157166,-0.18872897326946259 
-0.4393061101436615,0.6548548936843872,0.18000462651252747 
0.3316226899623871,-0.9420608878135681,0.32812613248825073 
0.5268811583518982,-0.14754103124141693,0.06173492595553398 
0.1892186552286148,0.12770214676856995,-0.2887289822101593 
0.42509889602661133,-0.09815774112939835,0.2285221964120865 
-0.4853426516056061,0.3751305341720581,0.3280271291732788 
0.42688116431236267,-0.42718616127967834,-0.028779396787285805 
-0.2714748978614807,0.3036470115184784,-0.20605668425559998 
0.07971317321062088,0.8835806250572205,-0.08575289696455002 
0.42688116431236267,0.11382446438074112,0.018680697306990623 
-0.4393061101436615,0.3795918822288513,0.04715556278824806 
-0.4393061101436615,-0.019064191728830338,0.12307072430849075 
0.42688116431236267,0.23720763623714447,0.09461367130279541 
-0.034174419939517975,-0.237373486161232,-0.20605668425559998 
0.24102915823459625,-0.45867305994033813,-0.3560650944709778 
-0.4393061101436615,-0.4652080833911896,0.15158717334270477 
-0.40435361862182617,-0.6360097527503967,0.2280271202325821 
-0.339306116104126,0.3846360445022583,0.07059813290834427 
0.3549959659576416,-0.21836252510547638,-0.18872897326946259 
0.4270792007446289,-0.5411528944969177,0.16109265387058258 
0.4119298458099365,-0.7878994941711426,-0.20605668425559998 
0.25053465366363525,0.6738658547401428,0.2280271202325821 
0.15567782521247864,0.8835806250572205,0.16099363565444946 
-0.36643072962760925,-0.43669161200523376,0.2280271202325821 
0.08478902280330658,0.7835806012153625,0.09018206596374512 
0.3221172094345093,-0.052624814212322235,0.3280271291732788 
-0.4393061101436615,0.616832971572876,0.03766988590359688 
0.42688116431236267,-0.6550206542015076,0.04715556278824806 
-0.048101626336574554,0.7835806012153625,-0.062359824776649475 
0.42688116431236267,0.3131524920463562,-0.15219226479530334 
-0.2334529608488083,0.5694045424461365,-0.20605668425559998 
-0.14810162782669067,-0.3038128614425659,0.2280271202325821 
0.42688116431236267,-0.5790758728981018,-0.12367581576108932 
0.17023739218711853,-0.3563844561576843,-0.08872897177934647 
0.07971317321062088,-0.8468136787414551,0.18000462651252747 
0.513910174369812,0.26126277446746826,-0.3059576749801636 
0.2790510952472687,-0.6075922846794128,-0.20605668425559998 
-0.02909063547849655,-0.7468136548995972,-0.03318130224943161 
-0.4393061101436615,0.16126278042793274,-0.14268678426742554 
-0.36643072962760925,-0.5600648522377014,0.2280271202325821 
-0.4393061101436615,0.8351620435714722,0.07563241571187973 
0.23162269592285156,-0.44085028767585754,-0.20377932488918304 
0.5268811583518982,-0.8974049687385559,0.17563241720199585 
0.3645014464855194,-0.6265042424201965,0.2280271202325821 
0.0986449271440506,-0.2278680056333542,0.22812612354755402 
-0.35692521929740906,-0.2753954231739044,0.2280271202325821 
0.24102915823459625,0.8835806250572205,0.018657924607396126 
0.4271782338619232,0.5314816236495972,-0.11417033523321152 
-0.16701357066631317,-0.32282382249832153,-0.20605668425559998 
0.4271782338619232,-0.14251667261123657,0.04712585732340813 
-0.12404648214578629,-0.3183625340461731,-0.10605668276548386 
0.23666685819625854,0.44098713994026184,0.3280271291732788 
0.3505346477031708,-0.1753954291343689,-0.2887289822101593 
0.16954562067985535,0.9351620674133301,0.3280271291732788 
-0.4853426516056061,0.07144022732973099,-0.3060566782951355 
0.12716138362884521,-0.504517138004303,-0.207244873046875 
0.32737627625465393,0.7798179984092712,0.06172502413392067 
0.5233166217803955,-0.6600648760795593,-0.3048684895038605 
-0.36633169651031494,0.22770214080810547,-0.20605668425559998 
0.42004913091659546,0.06635645031929016,0.2286212146282196 
0.17468880116939545,-0.5875911712646484,-0.24704907834529877 
-0.180980384349823,-0.9420608878135681,0.32812613248825073 
-0.46563857793807983,0.7831845283508301,-0.10288818925619125 
0.426980197429657,0.616832971572876,0.21812556684017181 
-0.339306116104126,-0.39430737495422363,0.06109265238046646 
-0.034174419939517975,0.6548548936843872,0.2280271202325821 
0.14617234468460083,-0.8468136787414551,0.04713576287031174 
-0.32840877771377563,0.20869117975234985,0.2280271202325821 
-0.4393061101436615,-0.6169987320899963,0.1705981343984604 
0.42688116431236267,-0.2848019003868103,-0.04776065796613693 
0.14617234468460083,-0.7688884735107422,0.2280271202325821 
-0.4393061101436615,-0.5600648522377014,0.06613682210445404 
0.09430044889450073,0.43148162961006165,0.12802711129188538 
-0.4393061101436615,0.047375187277793884,0.16109265387058258 
0.42688116431236267,0.8162500858306885,-0.14268678426742554 
0.5268811583518982,0.5074264407157898,-0.1003025472164154 
-0.02467883564531803,-0.2278680056333542,0.2280271202325821 
-0.02467883564531803,-0.7783939242362976,0.2280271202325821 
-0.24741974472999573,0.6884155869483948,-0.10605668276548386 
-0.14810162782669067,0.8835806250572205,-0.11426935344934464 
-0.4393061101436615,0.43652576208114624,0.16109265387058258 
0.2549959719181061,-0.7468136548995972,-0.023675814270973206 
0.3271782398223877,0.4036470055580139,0.04273385554552078 
0.22211721539497375,0.8840756416320801,-0.08575289696455002 
-0.03859614580869675,0.17584213614463806,0.12802711129188538 
-0.09620793163776398,-0.0044947341084480286,0.3280271291732788 
0.07972307503223419,0.3700863718986511,-0.18872897326946259 
-0.4393061101436615,0.22770214080810547,-0.028779396787285805 
-0.339306116104126,-0.5176806449890137,0.042743757367134094 
-0.01520602684468031,-0.8468136787414551,-0.12367581576108932 
-0.2809803783893585,0.8256565928459167,0.2280271202325821 
-0.2385961413383484,-0.5550206303596497,-0.3060566782951355 
0.3645014464855194,0.20869117975234985,0.2280271202325821 
-0.36643072962760925,-0.6929436326026917,0.2280271202325821 
0.3264794945716858,0.521976113319397,-0.18872897326946259 
-0.4393061101436615,-0.7498775124549866,-0.04776065796613693 
0.05126602202653885,-0.5875911712646484,-0.23754361271858215 
0.42688116431236267,-0.13301119208335876,0.17049913108348846 
0.3359849750995636,-0.37975773215293884,-0.18872897326946259 
0.5200491547584534,0.6029651761054993,0.3286212086677551 
-0.37593621015548706,0.8835806250572205,-0.019313517957925797 
-0.0032568410970270634,-0.4557025730609894,-0.25655457377433777 
-0.14810162782669067,-0.13301119208335876,0.2280271202325821 
-0.15760710835456848,0.018901308998465538,-0.20605668425559998 
-0.14810162782669067,0.7403052449226379,0.2280271202325821 
0.3454904854297638,0.6927778124809265,-0.18872897326946259 
-0.29484817385673523,-0.7468136548995972,0.260993629693985 
0.10310622304677963,0.37444868683815,-0.2887289822101593 
-0.034174419939517975,-0.7688884735107422,-0.20605668425559998 
-0.10063359141349792,-0.8468136787414551,-0.019303617998957634 
0.5268811583518982,-0.01465238630771637,-0.023675814270973206 
-0.019585154950618744,0.19414153695106506,0.32812613248825073 
0.14617234468460083,0.5884155631065369,-0.18872897326946259 
-0.2429584413766861,-0.5221419334411621,-0.20605668425559998 
-0.4393061101436615,0.3795918822288513,-0.17110423743724823 
-0.2671125829219818,-0.7468136548995972,0.260993629693985 
0.2790510952472687,-0.6645261645317078,0.2280271202325821 
0.3549959659576416,-0.17093411087989807,0.2280271202325821 
0.2790510952472687,-0.5164980888366699,-0.24704907834529877 
-0.05315568670630455,-0.6550206542015076,-0.20605668425559998 
0.3454904854297638,0.8835806250572205,0.05662144348025322 
-0.11454098671674728,-0.28926321864128113,-0.10605668276548386 
-0.13419422507286072,-0.7468136548995972,-0.1287992000579834 
0.02786305546760559,-0.4221419394016266,0.3280271291732788 
-0.015186225064098835,0.616832971572876,-0.20605668425559998 
-0.2524639070034027,-0.028559774160385132,0.2280271202325821 
0.42688116431236267,0.5694045424461365,-0.057256244122982025 
0.5268811583518982,-0.45124128460884094,-0.05284443870186806 
-0.13859614729881287,-0.7593830227851868,-0.20605668425559998 
-0.32840877771377563,0.8835806250572205,0.15148815512657166 
0.16390040516853333,-0.68462073802948,-0.45586708188056946 
-0.4393061101436615,0.5124706625938416,0.03766988590359688 
-0.4393061101436615,-0.19945058226585388,0.028174301609396935 
0.3695456087589264,-0.7468136548995972,0.08069638162851334 
-0.4393061101436615,-0.2658899426460266,0.04715556278824806 
0.06582558155059814,0.19414153695106506,-0.10605668276548386 
0.42688116431236267,0.7498107552528381,-0.01928381249308586 
-0.2714748978614807,0.7212942838668823,0.2280271202325821 
0.14617234468460083,-0.6455152034759521,0.2280271202325821 
0.3316226899623871,-0.10885704308748245,0.3280271291732788 
-0.04367000609636307,0.8161510825157166,0.2280271202325821 
-0.14810162782669067,0.24671311676502228,-0.20605668425559998 
0.42688116431236267,0.16126278042793274,0.15158717334270477 
-0.29484817385673523,-0.7468136548995972,0.10916729271411896 
0.07972307503223419,-0.7688884735107422,0.2280271202325821 
0.3549959659576416,-0.038055360317230225,0.2280271202325821 
0.22211721539497375,-0.5164980888366699,-0.313587486743927 
0.42688116431236267,-0.39876869320869446,0.18951010704040527 
-0.15760710835456848,-0.2563844621181488,-0.20605668425559998 
0.01765589416027069,0.4036470055580139,-0.2887289822101593 
0.3316226899623871,-0.6885813474655151,0.3280271291732788 
0.3454904854297638,-0.33232933282852173,0.2280271202325821 
0.3613329529762268,-0.5907596349716187,-0.2114035189151764 
0.06582558155059814,0.7351620197296143,-0.10605668276548386 
0.42688116431236267,0.46504220366477966,-0.15219226479530334 
0.3739078938961029,-0.8468136787414551,0.18951010704040527 
-0.36643072962760925,0.047375187277793884,0.2280271202325821 
0.24628260731697083,0.9797190427780151,-0.3050665259361267 
0.383512407541275,0.6358439326286316,-0.18872897326946259 
-0.4393061101436615,0.8256565928459167,-0.01928381249308586 
0.2645014524459839,-0.14755094051361084,-0.08872897177934647 
0.4024243652820587,-0.5126364827156067,0.2280271202325821 
0.19360074400901794,-0.7880975008010864,-0.20595768094062805 
0.2853880822658539,-0.6770021319389343,-0.21031434834003448 
-0.4393061101436615,-0.7688884735107422,0.19901558756828308 
0.2790510952472687,-0.8069103956222534,-0.20605668425559998 
-0.2809803783893585,-0.550559401512146,0.2280271202325821 
-0.29999133944511414,-0.41768065094947815,0.2280271202325821 
-0.1006137952208519,-0.44619712233543396,-0.20605668425559998 
-0.20061379671096802,-0.3183625340461731,-0.3060566782951355 
-0.2334529608488083,0.5694045424461365,0.2280271202325821 
-0.12909063696861267,0.3795918822288513,-0.20605668425559998 
-0.3050355017185211,0.2700863778591156,-0.10605668276548386 
0.18409526348114014,-0.8468136787414551,-0.14268678426742554 
-0.339306116104126,-0.47025224566459656,0.23257622122764587 
-0.03859614580869675,-0.4892632067203522,0.3280271291732788 
0.08921865373849869,-0.009578508324921131,0.2280271202325821 
0.3549959659576416,0.46504220366477966,-0.18872897326946259 
-0.39989233016967773,0.11819665879011154,-0.3060566782951355 
0.3359849750995636,0.12333985418081284,0.2280271202325821 
0.42688116431236267,0.01890229992568493,0.13257621228694916 
-0.339306116104126,-0.07160410284996033,-0.1857231855392456 
0.10380296409130096,-0.024147965013980865,0.12802711129188538 
0.17023739218711853,0.013814568519592285,0.12802711129188538 
-0.4393061101436615,-0.7688884735107422,0.07563241571187973 
-0.339306116104126,-0.2038128674030304,-0.14776065945625305 
-0.4393061101436615,0.7403052449226379,-0.057256244122982025 
0.1892186552286148,-0.2607467472553253,0.12802711129188538 
-0.539306104183197,-0.04241766780614853,0.05223934352397919 
0.08921865373849869,-0.2943073809146881,0.2280271202325821 
-0.339306116104126,-0.28926321864128113,-0.06169774383306503 
-0.16701357066631317,-0.48412004113197327,0.2280271202325821 
0.18409526348114014,0.322657972574234,0.2280271202325821 
0.24102915823459625,0.8835806250572205,0.15158717334270477 
0.3264794945716858,0.44603124260902405,0.2280271202325821 
-0.1028904840350151,-0.5652080774307251,-0.2580454349517822 
-0.20061379671096802,0.9729859828948975,0.32832416892051697 
-0.007161020766943693,-0.5316474437713623,-0.23764261603355408 
-0.5390090346336365,0.3839541971683502,-0.29853150248527527 
0.08921865373849869,0.8351620435714722,-0.18872897326946259 
-0.4393061101436615,0.5409871339797974,0.19901558756828308 
0.013263888657093048,0.8835806250572205,0.18951010704040527 
0.42688116431236267,0.8256565928459167,0.07563241571187973 
0.16518330574035645,0.8351620435714722,-0.18872897326946259 
0.3790510892868042,0.9736791253089905,-0.3059576749801636 
0.3250989019870758,-0.1690584421157837,0.12852218747138977 
-0.4368307292461395,-0.6328412294387817,-0.20377932488918304 
-0.4393061101436615,0.7592171430587769,-0.14268678426742554 
0.054885707795619965,0.7797189950942993,0.12852218747138977 
-0.4393061101436615,0.8256565928459167,-0.14268678426742554 
0.28409525752067566,-0.6507574319839478,-0.45834246277809143 
0.3981610834598541,-0.4218449294567108,-0.47953176498413086 
-0.35692521929740906,0.49345964193344116,0.2280271202325821 
0.18419428169727325,-0.2848019003868103,0.2280271202325821 
0.027161382138729095,-0.251923143863678,0.3280271291732788 
-0.539306104183197,-0.2330111861228943,-0.06169774383306503 
-0.30939781665802,0.7687227129936218,-0.20605668425559998 
0.03227485716342926,-0.8258223533630371,-0.20605668425559998 
0.42688116431236267,0.7592171430587769,0.09461367130279541 
0.42688116431236267,-0.4652080833911896,0.018680697306990623 
0.42688116431236267,0.5409871339797974,-0.00030254837474785745 
0.11765589565038681,0.8835806250572205,0.10407955944538116 
0.42688116431236267,-0.6645261645317078,0.12307072430849075 
0.06074180454015732,0.6453494429588318,0.2280271202325821 
0.42688116431236267,-0.6645261645317078,-0.13318130373954773 
-0.17651905119419098,-0.6169987320899963,0.2280271202325821 
0.25053465366363525,0.5124706625938416,-0.18872897326946259 
-0.539306104183197,0.02398211508989334,0.08071619272232056 
-0.339306116104126,0.10941265523433685,0.09021177142858505 
0.20310622453689575,-0.8468136787414551,0.10408945381641388 
-0.14810162782669067,-0.0190740916877985,0.2280271202325821 
-0.17215675115585327,0.9835806488990784,0.07049912959337234 
-0.37583720684051514,0.10432888567447662,-0.20605668425559998 
-0.4393061101436615,0.49345964193344116,-0.03826507553458214 
-0.4393061101436615,0.6548548936843872,-0.0762375071644783 
-0.3389100432395935,-0.222823828458786,0.12475959211587906 
0.16004014015197754,-0.8878995180130005,0.3280271291732788 
0.3075675368309021,-0.44619712233543396,0.2280271202325821 
0.23162269592285156,0.7117887735366821,-0.18872897326946259 
0.07972307503223419,0.48395419120788574,-0.18872897326946259 
-0.539306104183197,-0.1943073868751526,-0.24268677830696106 
-0.2334529608488083,-0.3133183419704437,0.2280271202325821 
0.42688116431236267,-0.44619712233543396,-0.09525837749242783 
-0.4393061101436615,0.322657972574234,-0.0667419284582138 
0.17458978295326233,-0.8468136787414551,0.16099363565444946 
0.2645014524459839,0.7453494668006897,0.3280271291732788 
-0.4233646094799042,-0.5031309723854065,-0.20605668425559998 
-0.5390090346336365,0.602283239364624,-0.29853150248527527 
0.07532116770744324,-0.41331833600997925,-0.3060566782951355 
0.4093554615974426,0.5725730061531067,-0.20387834310531616 
-0.14216631650924683,0.7835806012153625,-0.09764037281274796 
-0.5043536424636841,0.9839767217636108,0.317828506231308 
0.108150415122509,-0.08548376709222794,-0.18872897326946259 
-0.32840877771377563,0.3321634531021118,0.2280271202325821 
0.04175063967704773,-0.5221419334411621,-0.3584415018558502 
-0.2714748978614807,-0.8468136787414551,-0.05727604404091835 
0.3645014464855194,0.12333985418081284,-0.18872897326946259 
0.3645014464855194,-0.8468136787414551,0.07561260461807251 
-0.048763684928417206,-0.7468136548995972,0.023070722818374634 
-0.12909063696861267,0.8839766979217529,0.09458397328853607 
0.4271782338619232,-0.43669161200523376,0.13257621228694916 
0.42688116431236267,-0.7119545936584473,-0.0762375071644783 
-0.4393061101436615,-0.11400022357702255,0.07563241571187973 
-0.339306116104126,-0.43232932686805725,0.1376698911190033 
0.3695456087589264,0.18463605642318726,0.3280271291732788 
-0.37583720684051514,-0.1899450719356537,0.2280271202325821 
0.10824942588806152,0.44603124260902405,0.2280271202325821 
0.16518330574035645,-0.38926321268081665,-0.18872897326946259 
0.42688116431236267,0.8541730046272278,0.16109265387058258 
-0.2524639070034027,0.6263384222984314,-0.20605668425559998 
-0.07215674966573715,-0.8468136787414551,-0.15219226479530334 
0.5268811583518982,0.09043139219284058,0.15665115416049957 
-0.2809803783893585,-0.237373486161232,-0.20605668425559998 
-0.32840877771377563,-0.32282382249832153,-0.20605668425559998 
-0.09113801270723343,-0.8468136787414551,0.06611702591180801 
-0.4393061101436615,0.616832971572876,-0.028779396787285805 
0.5268811583518982,0.20432889461517334,0.0041092559695243835 
-0.015186225064098835,-0.7119545936584473,-0.20605668425559998 
0.3221172094345093,0.07144022732973099,0.3280271291732788 
0.42688116431236267,0.18027374148368835,-0.0667419284582138 
-0.043660104274749756,0.17076826095581055,0.2280271202325821 
0.42688116431236267,0.5884155631065369,0.11356523633003235 
-0.13859614729881287,0.14225180447101593,0.2280271202325821 
-0.4393061101436615,-0.6550206542015076,-0.08572318404912949 
0.42688116431236267,0.5694045424461365,0.18000462651252747 
-0.15760710835456848,0.7782281637191772,-0.20605668425559998 
0.25053465366363525,-0.8468136787414551,-0.13318130373954773 
-0.16701357066631317,-0.4557025730609894,-0.20605668425559998 
0.42688116431236267,0.45553675293922424,0.18000462651252747 
0.06582558155059814,-0.15703661739826202,0.3280271291732788 
0.23162269592285156,0.15175728499889374,-0.18872897326946259 
0.4118308424949646,0.2751305401325226,0.22832415997982025 
0.383512407541275,0.2941415309906006,-0.18872897326946259 
-0.3315829038619995,-0.7467145919799805,-0.21417033672332764 
-0.07716131210327148,-0.5747135877609253,-0.10605668276548386 
0.42688116431236267,-0.7878994941711426,0.14208169281482697 
-0.5315828919410706,-0.8878995180130005,-0.3059576749801636 
-0.0903402715921402,0.46058088541030884,-0.10377932339906693 
0.42688116431236267,0.0378895029425621,-0.17120324075222015 
0.3645014464855194,-0.15192314982414246,-0.18872897326946259 
0.06074180454015732,-0.04755093529820442,-0.18872897326946259 
0.3250989019870758,0.3055226802825928,0.3285222053527832 
-0.11518622934818268,0.5175147652626038,-0.10605668276548386 
-0.0057005430571734905,0.5029651522636414,-0.20605668425559998 
0.26004013419151306,-0.5875911712646484,-0.2755655348300934 
0.2980620861053467,0.4080093204975128,-0.18872897326946259 
0.07023739069700241,0.2657240927219391,0.2280271202325821 
0.06075170263648033,-0.5875911712646484,-0.294576495885849 
-0.08163252472877502,-0.5221419334411621,-0.20605668425559998 
0.32688117027282715,0.12770214676856995,-0.04268678277730942 
0.42688116431236267,-0.37025225162506104,-0.08572318404912949 
0.42688116431236267,-0.5695703029632568,-0.057256244122982025 
-0.4393061101436615,0.683371365070343,0.04715556278824806 
-0.4393061101436615,0.23720763623714447,0.028174301609396935 
0.42688116431236267,0.5029651522636414,0.1041092574596405 
-0.4393061101436615,0.5694045424461365,-0.0667419284582138 
-0.2290906310081482,0.659899115562439,0.3280271291732788 
0.2885565757751465,0.009404736571013927,0.2280271202325821 
-0.05760710686445236,0.3365257680416107,0.3280271291732788 
-0.29484817385673523,0.8972391486167908,0.32832416892051697 
-0.11518622934818268,-0.24241766333580017,-0.10605668276548386 
-0.34741973876953125,0.3700863718986511,-0.20605668425559998 
0.3454904854297638,-0.5600648522377014,0.2280271202325821 
0.42688116431236267,-0.7878994941711426,-0.14268678426742554 
-0.4393061101436615,-0.237373486161232,0.1705981343984604 
-0.4393061101436615,0.616832971572876,0.11356523633003235 
-0.4393061101436615,-0.7404710650444031,0.14208169281482697 
0.3454904854297638,0.8835806250572205,-0.09525837749242783 
-0.3429584503173828,-0.10885704308748245,0.12802711129188538 
-0.0012560635805130005,-0.6505594253540039,0.3280271291732788 
0.15567782521247864,-0.7024490833282471,0.2280271202325821 
-0.37583720684051514,0.6453494429588318,-0.20605668425559998 
0.20310622453689575,-0.15192314982414246,0.2280271202325821 
0.21261171996593475,-0.3512412905693054,0.2280271202325821 
-0.1955300271511078,0.3605808913707733,0.2280271202325821 
0.42688116431236267,0.3605808913707733,0.06613682210445404 
-0.08602454513311386,0.18534761667251587,-0.3060566782951355 
-0.4393061101436615,-0.5126364827156067,-0.01928381249308586 
-0.015191175043582916,-0.7214600443840027,0.2280271202325821 
-0.29048585891723633,-0.8468136787414551,0.07561260461807251 
-0.08163252472877502,0.7117887735366821,-0.20605668425559998 
0.2739078998565674,-0.7468136548995972,0.04272395744919777 
-0.010801151394844055,0.7835806012153625,-0.24268677830696106 
0.3271782398223877,-0.11836252361536026,0.16611702740192413 
-0.30435362458229065,0.7256565690040588,-0.10605668276548386 
0.316974014043808,0.559899091720581,0.2280271202325821 
-0.16701357066631317,-0.13301119208335876,-0.20605668425559998 
0.14617234468460083,0.46504220366477966,-0.18872897326946259 
0.05125612020492554,-0.6929436326026917,-0.20605668425559998 
0.42688116431236267,-0.7878994941711426,-0.00030254837474785745 
-0.41385912895202637,0.6738658547401428,0.2280271202325821 
0.5200491547584534,0.7256565690040588,0.3286212086677551 
-0.339306116104126,0.7541729807853699,0.07059813290834427 
-0.4393061101436615,0.42702028155326843,0.21792753040790558 
0.32698020339012146,0.48909735679626465,0.12485861033201218 
-0.38534265756607056,-0.4557025730609894,-0.20605668425559998 
0.06074180454015732,0.7497116923332214,-0.18872897326946259 
0.2980620861053467,0.8835806250572205,0.018657924607396126 
-0.2290906310081482,0.5650421977043152,-0.10605668276548386 
0.31261172890663147,0.1283860057592392,-0.2887289822101593 
0.22211721539497375,0.10431898385286331,0.2280271202325821 
-0.2998923361301422,-0.09498924762010574,-0.20605668425559998 
-0.4393061101436615,0.22770214080810547,0.1705981343984604 
-0.1335519552230835,-0.7468136548995972,-0.014269351959228516 
0.2885565757751465,-0.10449473559856415,0.2280271202325821 
0.19874393939971924,0.2795918881893158,0.3280271291732788 
-0.04367000609636307,0.7592171430587769,0.2280271202325821 
-0.2998923361301422,-0.5221419334411621,-0.20605668425559998 
-0.38534265756607056,-0.32282382249832153,-0.20605668425559998 
0.42688116431236267,0.3700863718986511,-0.15219226479530334 
0.42688116431236267,0.6643603444099426,-0.00030254837474785745 
-0.333452969789505,-0.061428628861904144,-0.3060566782951355 
0.13666686415672302,0.21819666028022766,0.2280271202325821 
-0.37583720684051514,-0.6645261645317078,-0.20605668425559998 
0.2790510952472687,0.15175728499889374,0.2280271202325821 
0.06074180454015732,-0.4936255216598511,0.2280271202325821 
-0.33920708298683167,0.7798179984092712,0.042743757367134094 
0.47400692105293274,-0.4221419394016266,-0.45844149589538574 
0.47400692105293274,-0.0905972421169281,-0.08872897177934647 
-0.2334529608488083,-0.8069103956222534,-0.20605668425559998 
0.15567782521247864,-0.6599714756011963,-0.224077507853508 
0.42688116431236267,-0.4652080833911896,-0.19011519849300385 
0.07023739069700241,-0.38926321268081665,-0.18872897326946259 
0.3645014464855194,0.18027374148368835,-0.18872897326946259 
0.3645014464855194,-0.5875911712646484,-0.3420048952102661 
-0.4759362041950226,-0.946813702583313,-0.2982344627380371 
-0.4393061101436615,0.21819666028022766,-0.13318130373954773 
-0.4393061101436615,0.3510754108428955,0.1705981343984604 
0.2980620861053467,-0.2468789964914322,-0.18872897326946259 
0.2885565757751465,-0.2278680056333542,0.2280271202325821 
-0.35692521929740906,-0.7214600443840027,-0.20605668425559998 
-0.2145409882068634,0.6738658547401428,-0.20605668425559998 
-0.4393061101436615,-0.6265042424201965,-0.00030254837474785745 
-0.29048585891723633,0.10432888567447662,-0.20605668425559998 
-0.1341744214296341,0.5839542150497437,0.12802711129188538 
-0.010781347751617432,-0.251923143863678,-0.08872897177934647 
-0.4393061101436615,-0.43669161200523376,0.1041092574596405 
0.23162269592285156,-0.5875911712646484,-0.22803811728954315 
-0.35246390104293823,-0.28926321864128113,0.3280271291732788 
0.027161382138729095,0.5927777886390686,-0.2887289822101593 
-0.24741974472999573,0.9835806488990784,-0.16677162051200867 
-0.07213694602251053,0.2562186121940613,0.2280271202325821 
0.13666686415672302,-0.04754103347659111,0.2280271202325821 
-0.339306116104126,0.023339852690696716,0.023070722818374634 
0.42688116431236267,-0.11400022357702255,0.1041092574596405 
0.013273791410028934,0.018898338079452515,0.2285221964120865 
0.42688116431236267,-0.038045451045036316,-0.10466483980417252 
-0.4393061101436615,0.0378895029425621,0.03766988590359688 
0.3644024431705475,-0.7499765157699585,0.22832415997982025 
-0.37583720684051514,0.47454771399497986,-0.20605668425559998 
-0.4393061101436615,0.7117887735366821,0.16109265387058258 
0.09874393790960312,0.559899091720581,-0.18872897326946259 
-0.2050355076789856,-0.8069103956222534,0.2280271202325821 
-0.10503550618886948,0.19414153695106506,-0.10605668276548386 
0.15567782521247864,0.6453494429588318,0.2280271202325821 
-0.2429584413766861,0.42702028155326843,-0.20605668425559998 
-0.39484816789627075,0.18027374148368835,-0.20605668425559998 
-0.2619694173336029,0.17076826095581055,0.2280271202325821 
-0.4474197328090668,-0.02350570261478424,0.3280271291732788 
0.3411281704902649,0.3846360445022583,-0.2887289822101593 
-0.2284087836742401,-0.4695703089237213,-0.10605668276548386 
-0.33791425824165344,0.09483329951763153,0.2280271202325821 
-0.4393061101436615,-0.19945058226585388,-0.057256244122982025 
0.22716137766838074,0.984075665473938,-0.1382947862148285 
0.013283693231642246,0.3605808913707733,0.2280271202325821 
-0.4393061101436615,-0.42718616127967834,0.028174301609396935 
0.089228555560112,-0.5164980888366699,-0.3039829730987549 
0.5268811583518982,0.3555367588996887,-0.11928381025791168 
0.12716138362884521,0.8835806250572205,0.04713576287031174 
0.42688116431236267,0.047375187277793884,-0.0667419284582138 
-0.2050355076789856,-0.057036615908145905,-0.20605668425559998 
-0.12909063696861267,0.6074264645576477,-0.20605668425559998 
-0.30949681997299194,-0.8468136787414551,-0.0003223516105208546 
0.051246222108602524,-0.7214600443840027,0.2280271202325821 
0.4270792007446289,-0.3133183419704437,0.10411916673183441 
0.42688116431236267,0.7592171430587769,-0.11417033523321152 
0.25053465366363525,0.8835806250572205,-0.13318130373954773 
-0.2524639070034027,-0.7214600443840027,-0.20605668425559998 
0.13666686415672302,0.7497116923332214,0.2280271202325821 
-0.4393061101436615,0.10432888567447662,0.19901558756828308 
0.25053465366363525,0.5884155631065369,0.2280271202325821 
-0.3189032971858978,-0.6265042424201965,-0.20605668425559998 
0.3929188847541809,-0.36074674129486084,0.2280271202325821 
0.3645014464855194,0.8835806250572205,0.18951010704040527 
-0.2334529608488083,-0.7214600443840027,0.2280271202325821 
0.4271782338619232,-0.7024490833282471,0.17049913108348846 
0.08409526199102402,0.9835806488990784,-0.2616977393627167 
0.5200491547584534,0.3555367588996887,-0.3059576749801636 
-0.4393061101436615,0.49345964193344116,0.1705981343984604 
-0.38534265756607056,-0.8069103956222534,0.2280271202325821 
0.2740069329738617,0.4415699243545532,0.12802711129188538 
0.16518330574035645,-0.4652080833911896,-0.20605668425559998 
0.4093554615974426,0.828825056552887,-0.20387834310531616 
0.5201481580734253,0.6307997107505798,-0.3059576749801636 
-0.5389100313186646,0.25175729393959045,0.3247596025466919 
0.5269802212715149,-0.5265042185783386,0.3248586058616638 
0.4059889316558838,-0.37975773215293884,-0.197739377617836 
0.3031062185764313,-0.37471356987953186,0.12802711129188538 
-0.3189032971858978,0.2751305401325226,-0.20605668425559998 
0.07023739069700241,0.7403052449226379,0.2280271202325821 
0.15567782521247864,-0.8468136787414551,-0.07625731080770493 
0.41836583614349365,-0.5316474437713623,-0.2850710153579712 
-0.06267107278108597,0.8835806250572205,-0.12367581576108932 
-0.2714748978614807,0.8835806250572205,0.12307072430849075 
-0.2998923361301422,0.018901308998465538,-0.20605668425559998 
0.22716137766838074,0.1378796100616455,0.3280271291732788 
-0.07213694602251053,-0.8069103956222534,-0.20605668425559998 
-0.16701357066631317,-0.7119545936584473,-0.20605668425559998 
0.17468880116939545,-0.16142863035202026,-0.18872897326946259 
0.24112817645072937,0.43652576208114624,-0.18872897326946259 
-0.2809803783893585,-0.41768065094947815,-0.20605668425559998 
-0.07651904970407486,0.14671310782432556,0.12802711129188538 
-0.14810162782669067,0.6643603444099426,-0.20605668425559998 
0.21261171996593475,0.7877336144447327,0.2280271202325821 
0.11765589565038681,0.41751477122306824,-0.18872897326946259 
0.42688116431236267,0.683371365070343,0.11356523633003235 
-0.4393061101436615,-0.07601788640022278,0.03766988590359688 
-0.08673611283302307,-0.946813702583313,0.17561259865760803 
-0.13859614729881287,0.5029651522636414,0.2280271202325821 
-0.4393061101436615,-0.37025225162506104,0.07563241571187973 
-0.4393061101436615,0.7498107552528381,0.09461367130279541 
-0.034174419939517975,-0.5600648522377014,0.2280271202325821 
-0.35692521929740906,-0.057036615908145905,0.2280271202325821 
0.108150415122509,-0.2943073809146881,-0.18872897326946259 
0.10360493510961533,-0.2702522575855255,-0.1057596430182457 
0.383512407541275,-0.2753954231739044,-0.18872897326946259 
-0.4393061101436615,-0.09498924762010574,0.19901558756828308 
-0.339306116104126,-0.41263648867607117,0.08000462502241135 
-0.5316819548606873,0.984075665473938,0.1945938766002655 
-0.30939781665802,-0.797404944896698,0.2280271202325821 
-0.43900904059410095,-0.5790758728981018,-0.19853150844573975 
0.11765589565038681,-0.4842190146446228,-0.347747802734375 
