0.33667322993278503,-1.2229299545288086,-0.32487040758132935 
-0.3600276708602905,0.6187206506729126,0.8141618371009827 
-0.7748878002166748,0.26558148860931396,0.04734322428703308 
0.7578324675559998,0.2628750205039978,0.2874869108200073 
-1.042213797569275,0.7217823266983032,1.2664599418640137 
0.43924349546432495,0.49830305576324463,0.19969141483306885 
-0.7322701811790466,0.7413806319236755,-0.051815688610076904 
0.28362837433815,-0.06728523969650269,0.1278630495071411 
-0.378115713596344,0.01299181580543518,-0.09077334403991699 
0.0039702653884887695,0.11691635847091675,-0.1823522299528122 
0.2228185534477234,-0.33812469244003296,0.03717994689941406 
-0.08042728155851364,0.052853044122457504,-0.008111493661999702 
0.3099147081375122,0.07781222462654114,0.2660759389400482 
1.2004528045654297,0.6207472681999207,-0.023595213890075684 
0.12477309256792068,0.554358720779419,-0.14276070892810822 
0.4530898928642273,0.3734164237976074,0.6898645758628845 
-0.34360963106155396,-0.35120052099227905,-0.60971999168396 
-0.11608915030956268,-0.9308047294616699,0.4018520414829254 
0.24757546186447144,0.23285725712776184,-0.0636855885386467 
0.8456742763519287,-0.3575053811073303,-0.633658230304718 
-0.182281032204628,-0.6570988893508911,0.012442252598702908 
-0.35995060205459595,-0.6559661626815796,-0.012711524963378906 
-0.45312052965164185,0.12238326668739319,0.6231526136398315 
0.04486967250704765,-0.21192817389965057,0.09813424944877625 
0.5770480632781982,0.05493927001953125,-0.4574970006942749 
-0.48372578620910645,0.8157361745834351,0.09887206554412842 
-0.03642069175839424,0.6855406165122986,0.09302952140569687 
-0.44479119777679443,0.14954423904418945,-0.3365476727485657 
-0.016158780083060265,0.3786790668964386,0.03675231337547302 
-0.24363404512405396,0.18749260902404785,-0.20411372184753418 
0.41198620200157166,0.5317245721817017,0.15469077229499817 
0.15624520182609558,0.3826049566268921,-0.040932029485702515 
0.044657766819000244,-0.9906899333000183,0.346233606338501 
-0.26809823513031006,-0.21664763987064362,-0.2366684079170227 
-0.2963187098503113,-0.09317103773355484,0.06809341162443161 
0.1529935598373413,0.061242133378982544,0.11846646666526794 
0.4781319499015808,-1.1949021816253662,-0.1009366512298584 
0.18687358498573303,-0.7174656391143799,-0.8021932244300842 
-0.004363030195236206,1.0062484741210938,-0.9216920137405396 
0.25335440039634705,0.3724185526371002,-0.2794325053691864 
0.11292628198862076,-0.012461455538868904,-0.14940646290779114 
0.03854754567146301,-0.18633130192756653,0.10937047004699707 
-0.852847695350647,-1.5915799140930176,0.22100025415420532 
0.11687521636486053,-0.15702828764915466,0.3564430773258209 
-0.3139002025127411,-0.08756166696548462,-0.4787827134132385 
-0.11486010998487473,-0.1755208820104599,-0.06724926829338074 
0.34851422905921936,0.4409952759742737,-0.04711931198835373 
-0.9319902062416077,1.5716712474822998,-1.1741352081298828 
0.06917591392993927,0.34955906867980957,-0.13267064094543457 
-0.15839476883411407,-0.8847889304161072,0.08228165656328201 
0.11473318934440613,0.05402228236198425,0.0022173523902893066 
0.2964133024215698,0.2762224078178406,-0.00019052624702453613 
0.7158157825469971,0.7977482676506042,-0.13129913806915283 
0.1021389365196228,0.17396226525306702,-0.47134336829185486 
-0.3397570252418518,0.26796630024909973,0.20686492323875427 
-0.015981558710336685,-0.729046642780304,0.1330486536026001 
1.1891838312149048,0.2244354486465454,1.1121623516082764 
0.2101087123155594,0.23266461491584778,0.2568527162075043 
-0.016809871420264244,0.24489669501781464,0.20628702640533447 
-0.2342914640903473,-0.02080816589295864,-0.1625053733587265 
0.1892082244157791,0.5313392877578735,0.05628511682152748 
-0.5601040720939636,0.6572006940841675,0.21926656365394592 
0.3025871515274048,0.7161458730697632,0.06622108817100525 
0.31258851289749146,0.049491625279188156,-0.11964494735002518 
-0.5800414085388184,0.648917555809021,-0.013817191123962402 
-0.09801451116800308,-0.09672508388757706,0.17056357860565186 
0.06041119992733002,-0.18811513483524323,-0.20909906923770905 
0.0488475076854229,0.20271047949790955,0.0008554881787858903 
0.09992367029190063,-0.20817187428474426,-0.08362292498350143 
0.9851199984550476,1.187225580215454,-0.26687878370285034 
0.34533581137657166,0.08385703712701797,0.08061828464269638 
-0.10440987348556519,0.4961841106414795,0.15644370019435883 
0.1909419149160385,0.3428496718406677,0.07766236364841461 
-0.3774164319038391,-0.7791808843612671,-0.6776514053344727 
0.2687649130821228,0.6166749596595764,-0.24177312850952148 
0.10589523613452911,-0.6830077767372131,0.261861115694046 
0.10310208797454834,0.3637501299381256,-0.09797395020723343 
0.1282404512166977,-0.7920370697975159,0.05236506834626198 
-0.053819119930267334,0.5713834762573242,0.3411732316017151 
-0.055337075144052505,0.5365403294563293,-0.0852602869272232 
0.3528253436088562,0.23745733499526978,0.30935055017471313 
-0.15117110311985016,-0.6236773729324341,0.18057076632976532 
-0.4247073829174042,0.13345955312252045,-0.14767278730869293 
0.460721880197525,-0.16685247421264648,0.7018327713012695 
0.8945775628089905,0.5161619782447815,-0.2279999852180481 
0.07832008600234985,-0.06165657564997673,0.21803751587867737 
0.14056885242462158,0.7263784408569336,0.05744090676307678 
-0.10001787543296814,0.0931033343076706,-0.263925701379776 
-0.09491315484046936,-0.791844367980957,0.27004796266555786 
0.2895161509513855,0.9981579184532166,-0.3821781873703003 
-0.17004895210266113,-0.9318410754203796,-0.09026870131492615 
1.3732428550720215,0.03764861822128296,-0.7142743468284607 
-0.01179471891373396,0.09608911722898483,0.13795112073421478 
0.4117935597896576,0.5087051391601562,-0.1814795732498169 
-0.07337698340415955,-0.7758559584617615,-0.012917638756334782 
-0.13007798790931702,0.34525755047798157,-0.18244270980358124 
-0.09158063679933548,0.2649303674697876,-0.044518787413835526 
0.029141336679458618,0.5418376922607422,0.04892660304903984 
-0.2871687114238739,0.13596375286579132,-0.06243349239230156 
-0.30389493703842163,0.1685916781425476,0.1309451460838318 
0.019163042306900024,0.40092796087265015,0.18548285961151123 
-0.224116712808609,0.957994282245636,0.49453651905059814 
0.04276036098599434,-0.5727263689041138,0.1137084811925888 
0.12275046110153198,0.8963292241096497,-0.27355724573135376 
0.0507449246942997,-0.8282517194747925,0.24568012356758118 
0.10772524029016495,0.318385511636734,0.3247552216053009 
-0.12015747278928757,-0.2789638340473175,0.04022930562496185 
0.1635882705450058,0.12806588411331177,-0.12234179675579071 
0.2153097540140152,0.4401284158229828,-0.1533554345369339 
0.24497497081756592,0.18614418804645538,0.12428393214941025 
-0.01589680090546608,0.06401602178812027,-0.13707809150218964 
0.5140923857688904,-0.24496442079544067,-0.8048842549324036 
-0.16080264747142792,0.0959927961230278,-0.1194523274898529 
-0.30171236395835876,-0.23080603778362274,0.10959580540657043 
0.18552516400814056,-0.10518741607666016,-0.18625301122665405 
0.3244989514350891,-0.011422157287597656,-0.07117512822151184 
-0.14192481338977814,0.4347347617149353,-0.03430933505296707 
0.1989360898733139,-0.7527402639389038,0.1793186515569687 
0.011679318733513355,0.2220699042081833,-0.3277829587459564 
-0.4797537624835968,0.3242146074771881,0.39328575134277344 
-0.18324419856071472,-0.0885767787694931,-0.2844409644603729 
0.16368459165096283,0.6701300740242004,-0.06888663023710251 
-0.04368288815021515,-0.6391841769218445,0.02019566111266613 
-0.12478062510490417,-0.04217192530632019,0.3407436013221741 
-0.17060378193855286,-0.6557735204696655,0.3739330470561981 
-0.23130567371845245,0.05384509265422821,-0.28858253359794617 
-0.2029888927936554,-0.05235248804092407,-0.030841972678899765 
0.3175969123840332,0.5079346299171448,-0.31179454922676086 
-0.3098992109298706,-0.34773316979408264,-0.24080997705459595 
-0.1592385321855545,0.0025435984134674072,0.07715091109275818 
-0.13643480837345123,0.2482677549123764,-0.27895092964172363 
1.3384730815887451,0.06818068027496338,-0.2745840549468994 
0.3351263403892517,-0.1087837964296341,-0.1001892015337944 
0.18121401965618134,0.14000903069972992,0.012644517235457897 
-0.14760741591453552,-0.7533181309700012,0.11632826179265976 
-0.09037287533283234,0.3012278974056244,-0.008666306734085083 
-0.3798975646495819,-0.38877904415130615,0.3288351893424988 
0.3830915093421936,0.3792569637298584,-0.3125650882720947 
-0.24671617150306702,-0.1921834796667099,-0.102500781416893 
0.10587215423583984,0.2962002158164978,0.4706117510795593 
0.08600606769323349,0.27109456062316895,0.11678094416856766 
0.019933564588427544,0.08973228931427002,-0.3219076991081238 
-0.09606893360614777,-0.05004091188311577,-0.12022285163402557 
-0.07891130447387695,0.0780048668384552,0.6576951742172241 
0.3601357042789459,-0.05933719873428345,-0.06722617149353027 
0.35993343591690063,0.3689570426940918,-0.27471888065338135 
-0.3294512927532196,-0.055954691022634506,-0.06580454111099243 
0.29592591524124146,0.5383703112602234,-0.12349757552146912 
-0.012335048988461494,-0.6347536444664001,0.2218901515007019 
0.39924949407577515,0.1382983922958374,0.39142104983329773 
-0.002239248715341091,0.7858051061630249,0.019396238029003143 
0.01218015979975462,-0.1953618973493576,0.29557159543037415 
0.12727729976177216,-0.15009355545043945,-0.1938079446554184 
0.37981680035591125,-0.03519868105649948,0.096795454621315 
0.01586904563009739,0.6098364591598511,-0.1677064150571823 
-0.3067207932472229,-0.09848766028881073,-0.22616998851299286 
-0.3834516108036041,-0.658759355545044,-0.28244340419769287 
-0.32993283867836,0.10312014818191528,-0.233489990234375 
0.1670556366443634,0.4415731430053711,-0.024870404973626137 
0.39953842759132385,-0.04359155893325806,-0.4067386984825134 
0.0349491648375988,0.4606436491012573,-0.04182194918394089 
-0.29246610403060913,0.03729807585477829,0.010747099295258522 
-0.2115378975868225,-1.7226653099060059,-0.9698498249053955 
0.30854326486587524,0.5386592745780945,0.07751500606536865 
0.13873884081840515,-0.6466968059539795,-0.00870865024626255 
-0.4522305727005005,0.47102266550064087,0.2996900975704193 
-0.10201161354780197,-0.8904715776443481,0.1879870593547821 
-0.11553432792425156,0.38378381729125977,0.21042859554290771 
-0.13670068979263306,-0.5133728981018066,0.40900829434394836 
0.2032703161239624,-1.227144718170166,0.22429805994033813 
0.24796073138713837,0.03363807871937752,0.18268971145153046 
-0.09839014708995819,-0.5479732751846313,0.10836295783519745 
-0.3124034106731415,0.2497124969959259,-0.07370242476463318 
0.12669940292835236,0.18855208158493042,0.32581469416618347 
0.29987484216690063,0.132207453250885,-0.03585038334131241 
0.2259044647216797,0.34728020429611206,-0.06118138134479523 
-0.18709681928157806,0.47798049449920654,0.07667801529169083 
0.37013328075408936,-0.6258695125579834,0.38046514987945557 
-0.05829396843910217,0.42336952686309814,-0.33153921365737915 
0.13450096547603607,0.35440751910209656,0.17989656329154968 
0.10750952363014221,-0.4245699346065521,0.40628254413604736 
0.09491526335477829,-0.6985145807266235,0.1285988688468933 
0.0188644640147686,0.29180240631103516,-0.06763453781604767 
0.05089902877807617,-0.015441459603607655,0.11392037570476532 
-0.132293239235878,0.07393652945756912,0.10290186107158661 
-0.03960873931646347,0.27282822132110596,0.07652583718299866 
0.13382674753665924,0.26358193159103394,-0.04548194631934166 
-0.23560716211795807,0.4265248775482178,-0.4887995421886444 
0.049550611525774,0.643643319606781,0.002213538158684969 
0.14798514544963837,0.04769052565097809,-0.04162931442260742 
0.1279515027999878,0.3979422152042389,-0.20854423940181732 
0.23563235998153687,-0.03208768367767334,-0.14863595366477966 
-0.005118121858686209,-0.730876624584198,0.29480108618736267 
-0.09242820739746094,-0.14460358023643494,0.2729374170303345 
-0.3187602460384369,0.047170426696538925,-0.1390044093132019 
0.00019560984219424427,0.5782449841499329,0.18615707755088806 
-0.07485061138868332,0.5082235336303711,0.019415507093071938 
0.20144030451774597,0.12469484657049179,0.276790052652359 
-0.12179483473300934,0.19693154096603394,-0.13823387026786804 
0.12207625061273575,0.5701544880867004,-0.03344249352812767 
0.02922802045941353,0.49204254150390625,-0.1601938158273697 
-0.03990352153778076,0.20273357629776,-0.32718199491500854 
0.6964794397354126,-0.24762853980064392,-0.30998966097831726 
-0.2506650984287262,0.2450893223285675,-0.30485981702804565 
0.09857524931430817,-0.05365275219082832,0.32398468255996704 
0.26770544052124023,-0.1789882332086563,0.2537706196308136 
0.08082429319620132,0.27513980865478516,-0.1550891101360321 
-0.15483108162879944,0.0023932987824082375,-0.232912078499794 
0.25739967823028564,0.5115945935249329,-0.2223173826932907 
0.3031746745109558,0.6085612773895264,0.07700842618942261 
0.8992401957511902,0.15058064460754395,-1.2439639568328857 
-0.025431081652641296,-0.20017766952514648,0.17596688866615295 
-0.6069134473800659,0.05176088213920593,0.2633790969848633 
0.41648995876312256,0.16733957827091217,-0.23979485034942627 
-0.0724523589015007,-0.00621731486171484,0.25762325525283813 
-0.2613561451435089,-0.2921590805053711,-0.16529853641986847 
-0.2505649924278259,-0.27906596660614014,0.23092074692249298 
0.07523798942565918,0.33832281827926636,0.005652002990245819 
-0.05052129551768303,0.11776012927293777,0.23171433806419373 
-0.0233699269592762,0.12883640825748444,0.03683899715542793 
0.17928771674633026,0.23940670490264893,0.043629247695207596 
0.5045455098152161,0.4014095664024353,-0.0458672009408474 
0.3713564872741699,-0.4076472818851471,0.1965360939502716 
-0.02719365805387497,0.4623773396015167,0.0978260338306427 
-0.10005640983581543,-0.6989961266517639,0.22843961417675018 
-0.11112689971923828,0.34303849935531616,0.07758632302284241 
0.13438156247138977,0.22671814262866974,-0.05788359045982361 
0.04910755902528763,-0.284453809261322,0.3261999487876892 
-0.14279164373874664,-0.031191948801279068,0.08307337015867233 
-0.1791989505290985,0.07381131500005722,0.0001909122074721381 
0.004349701106548309,0.39148905873298645,-0.13601861894130707 
0.2687707245349884,0.49639976024627686,0.21329498291015625 
0.26173388957977295,-0.1447961926460266,-0.15605224668979645 
0.08050645142793655,0.6052134037017822,0.10486669838428497 
-0.3803059160709381,0.10764698684215546,-0.04201458394527435 
0.031693700700998306,-0.22512342035770416,-0.1530664563179016 
-0.1914079338312149,1.1286194324493408,-0.6719918251037598 
-0.1880599707365036,0.2665677070617676,-0.17194432020187378 
-0.3699038326740265,-0.1614588052034378,0.09755635261535645 
0.4809250831604004,0.46480828523635864,-0.35077932476997375 
-0.19759522378444672,-0.1479746252298355,-0.012522746808826923 
-0.21772517263889313,0.0933922752737999,-0.20055003464221954 
-0.17187894880771637,-0.7862581014633179,0.02820911817252636 
0.13700516521930695,0.015588534995913506,0.21591860055923462 
0.03126991167664528,0.576896607875824,-0.0665750578045845 
-0.21859198808670044,-0.4462178945541382,-0.30351144075393677 
-1.3136310577392578,0.09240604937076569,0.307395339012146 
0.10209280252456665,0.07659482955932617,-0.7207044363021851 
-0.08863919973373413,0.029943376779556274,1.1325812339782715 
0.0384550541639328,0.16861476004123688,0.09950192272663116 
-0.010436668992042542,0.15907950699329376,-0.25862836837768555 
-0.02704918570816517,-0.10560538619756699,0.10691822320222855 
0.2101087123155594,0.5871060490608215,-0.17252223193645477 
-0.058611806482076645,-0.6359094381332397,0.11413226276636124 
-0.33243703842163086,0.17651264369487762,-0.13544070720672607 
0.09087000787258148,0.7071152329444885,-0.12494231760501862 
0.008568325079977512,-0.02586858719587326,-0.15056227147579193 
-0.0410631038248539,-0.8766021132469177,0.0005087547469884157 
-0.020480461418628693,0.20665942132472992,-0.07004242390394211 
0.11340785026550293,0.46680787205696106,-0.11145813018083572 
-0.4537716507911682,-0.4219694137573242,-0.4345738887786865 
0.2766011953353882,0.2771904170513153,-0.330745667219162 
0.7588688135147095,1.0819294452667236,0.14795830845832825 
-0.15483108162879944,0.16794054210186005,-0.22347316145896912 
0.1718483418226242,-0.6585666537284851,0.4304962754249573 
0.14731094241142273,0.25298723578453064,0.183652862906456 
0.19941768050193787,-0.06394124031066895,0.5117539763450623 
0.10878470540046692,0.17564579844474792,-0.0654192715883255 
-0.12369807064533234,0.6197339296340942,-0.502091109752655 
0.5067377090454102,-0.24603934586048126,0.13951724767684937 
0.10425787419080734,-0.8800694942474365,0.019521454349160194 
0.20499053597450256,-0.1549825817346573,0.233232319355011 
0.13690884411334991,-0.8144785761833191,0.21264387667179108 
-0.24950933456420898,-0.015281576663255692,0.0766260102391243 
-0.6899374723434448,-0.5900401473045349,-0.35858088731765747 
-0.11640116572380066,-0.7207173109054565,-0.23243051767349243 
-0.1353522539138794,-1.0097835063934326,0.3605518937110901 
0.04486967250704765,-0.6359094381332397,0.00558458361774683 
0.07008510082960129,-0.129867285490036,0.2750563621520996 
-0.07999385893344879,-0.17359456419944763,-0.14979173243045807 
0.10522103309631348,-0.7299134731292725,-0.0233293566852808 
0.1567498743534088,-0.8740978837013245,0.1152302697300911 
0.31729453802108765,1.0494942665100098,-0.4514291286468506 
-0.16407740116119385,0.009655495174229145,-0.08131135255098343 
0.10724365711212158,-0.6239662766456604,-0.08863133192062378 
0.2676091194152832,0.13519322872161865,0.05522564426064491 
0.09684156626462936,0.4950283169746399,0.010968624614179134 
-0.15666109323501587,0.44455891847610474,0.2595495581626892 
-0.15752792358398438,-0.6287820339202881,0.0928754135966301 
-0.08933647722005844,0.33052125573158264,0.028912222012877464 
-0.09151320904493332,0.2488456517457962,-0.2033431977033615 
-0.014203572645783424,0.3318696916103363,0.22815066576004028 
-0.20556633174419403,1.090235710144043,-0.28106608986854553 
-0.09332394599914551,0.7333130240440369,0.1389913111925125 
-0.00972489733248949,-0.8886415362358093,0.2627279758453369 
0.038262419402599335,-0.48623496294021606,0.11893841624259949 
-0.2406482845544815,-0.37393102049827576,-0.18485060334205627 
0.2908211648464203,0.42202112078666687,-0.21923527121543884 
-0.08552238345146179,0.025008201599121094,-0.31516560912132263 
0.1173567995429039,-0.6389915347099304,0.18644601106643677 
-0.2757071554660797,-0.3594836890697479,0.15660744905471802 
-0.2819734811782837,-1.0672838687896729,-0.35097193717956543 
-0.24469351768493652,-0.10786879807710648,-0.08997974544763565 
0.11754941940307617,0.18546998500823975,0.07249888777732849 
0.2048460841178894,0.23403608798980713,-0.4605790972709656 
0.30738747119903564,0.33196601271629333,-0.33125030994415283 
-0.5484498739242554,-0.07215116918087006,-0.4264833927154541 
-0.19778785109519958,0.08154545724391937,0.15831223130226135 
-0.26116353273391724,0.026597410440444946,-0.08015555888414383 
0.28735384345054626,0.4389726519584656,0.02174634113907814 
-0.10513223707675934,-0.7019819617271423,0.013809939846396446 
-0.11543800681829453,0.026799671351909637,-0.1484433263540268 
-0.3429354727268219,-0.8517065644264221,-0.4174066483974457 
-0.10522855073213577,-0.041391771286726,-0.03729511797428131 
-0.03369496017694473,0.31019869446754456,-0.14767278730869293 
0.02635781466960907,-0.6281078457832336,0.2957642078399658 
-0.3313775956630707,-0.1046614870429039,-0.13370703160762787 
-0.0637068971991539,0.45361262559890747,-0.05684717744588852 
-0.3533433675765991,0.17668217420578003,-0.38834238052368164 
0.11668258160352707,0.010165968909859657,0.03888088837265968 
0.08798053860664368,0.6273659467697144,-0.10307867079973221 
-0.5387219786643982,-0.15623468160629272,-0.2853328585624695 
-0.5193625688552856,-0.33038291335105896,-0.14991116523742676 
0.10445050150156021,-0.636680006980896,0.06568551808595657 
0.391351580619812,0.6595122814178467,-0.05017828941345215 
0.12342466413974762,0.26647141575813293,0.2609942853450775 
0.1857408583164215,0.08703544735908508,0.1891428530216217 
-0.29015451669692993,-0.15905091166496277,-0.04153301194310188 
-0.38317230343818665,-0.41854822635650635,0.02494785189628601 
-0.026182344183325768,0.6318928003311157,0.030068011954426765 
0.18889620900154114,-0.505039632320404,-0.10873822867870331 
-0.22331148386001587,0.10957330465316772,-0.3717028796672821 
-0.08269070088863373,0.10909172147512436,-0.14593909680843353 
1.0497188568115234,-1.856351375579834,-0.1453188806772232 
0.36565840244293213,1.0022764205932617,0.026504337787628174 
-0.4738052785396576,0.048293501138687134,-0.3859345018863678 
0.014790312387049198,0.2743692696094513,0.01748919114470482 
0.033697061240673065,0.44898948073387146,0.046354975551366806 
0.3265542685985565,-0.0289776548743248,-0.11184339970350266 
-0.13065588474273682,-0.35803893208503723,0.03623221069574356 
-0.0167087409645319,-0.6415920257568359,-0.054920878261327744 
0.34955063462257385,0.20687714219093323,0.389057457447052 
-0.07698501646518707,0.3644474744796753,-0.31629833579063416 
-0.21926622092723846,0.14935164153575897,-0.11376970261335373 
-0.37183013558387756,0.18267682194709778,-0.06724926829338074 
-0.1373748928308487,0.19281306862831116,0.12063939869403839 
-0.06009506434202194,-0.47583290934562683,0.09847135096788406 
-0.08470369875431061,0.1804615706205368,0.038967572152614594 
0.21405763924121857,0.27109456062316895,0.1058683842420578 
0.060395747423172,-0.5832942128181458,0.18413443863391876 
-0.12892219424247742,-0.20932765305042267,0.006672949530184269 
-0.3580569922924042,-0.11507320404052734,-0.0241961982101202 
-0.40898486971855164,0.33251118659973145,0.6261036396026611 
-0.192105233669281,-0.1117098331451416,0.06664866209030151 
-0.11052590608596802,-0.6223289370536804,0.2689884901046753 
0.22548650205135345,-1.7612879276275635,1.197786808013916 
0.07451561838388443,-0.06570182740688324,-0.19043691456317902 
1.098647117614746,-0.4908852279186249,-0.539268970489502 
0.07928323745727539,-0.0011222208850085735,0.26542478799819946 
0.008028954267501831,0.6147409677505493,-0.5588172078132629 
-0.3167145252227783,0.009139209985733032,-0.045023441314697266 
0.08652617782354355,-0.7608307600021362,0.2394195944070816 
0.07131794095039368,0.7149168252944946,0.01927103102207184 
-0.7422367930412292,-0.8523287773132324,-0.2652606964111328 
-0.4977647662162781,-0.2828626036643982,0.2319069653749466 
0.16840405762195587,-0.7912665009498596,0.11698321253061295 
-0.09327578544616699,0.4223100543022156,0.1422853022813797 
-0.22475621104240417,-0.015476134605705738,-0.2567983567714691 
-0.45964688062667847,-1.2559661865234375,-0.2443505823612213 
-0.08532974869012833,0.4025653302669525,-0.1604827642440796 
-0.3723560571670532,0.584000825881958,-0.600333034992218 
-0.24767550826072693,-0.6722936630249023,0.4469758868217468 
0.02285192720592022,-0.8489595651626587,-0.028626712039113045 
0.1796729862689972,-0.7018856406211853,-0.3686709403991699 
0.09713052213191986,0.41527900099754333,-0.033827755600214005 
0.08302028477191925,-0.2711622714996338,0.1304095983505249 
-0.2635714113712311,-0.0842040553689003,0.00010422526247566566 
-0.12420272082090378,-0.8630216121673584,0.019116925075650215 
0.15838722884655,0.37935328483581543,0.01615040935575962 
-0.47804316878318787,-0.1495889127254486,-0.23303349316120148 
-0.04356731101870537,0.3208897113800049,-0.03132355213165283 
-0.21914683282375336,-0.16779255867004395,-0.6127577424049377 
-0.45288172364234924,-0.38197535276412964,-0.3078456223011017 
-0.08509859442710876,-1.5593371391296387,0.21736329793930054 
-0.14336955547332764,-0.10418954491615295,-0.6483714580535889 
-0.04717332124710083,1.2152070999145508,0.22167444229125977 
0.22455604374408722,0.160909503698349,-0.043748266994953156 
-0.25027984380722046,0.08462756127119064,-0.1317807137966156 
-0.2926586866378784,-0.16656352579593658,-0.18822166323661804 
-0.021376196295022964,0.13461534678936005,-0.17820484936237335 
-0.1860373467206955,-0.061868470162153244,-0.10654603689908981 
-0.15078583359718323,-0.7101687788963318,0.17596688866615295 
-0.05238018557429314,0.21879518032073975,-0.26845255494117737 
0.12419518828392029,0.10100121796131134,0.04131767153739929 
0.0975157842040062,-0.529384434223175,0.13634264469146729 
-0.01555006392300129,-0.8033059239387512,0.2894074022769928 
-0.21221210062503815,0.11287108063697815,0.46307021379470825 
0.28407907485961914,0.146558478474617,-0.10577551275491714 
-0.2596224546432495,0.2669529914855957,-0.3740144371986389 
-0.23872196674346924,-0.09270872175693512,-0.17473748326301575 
0.004157070070505142,0.7159762978553772,-0.009161331690847874 
0.013480419293045998,-0.6289747357368469,0.07772304862737656 
-0.03196127712726593,0.476921021938324,-0.21316741406917572 
-0.6679641008377075,0.580710768699646,0.6470773816108704 
-0.2852385938167572,-0.7330688238143921,0.1272851824760437 
-1.1375662088394165,-0.04614594578742981,-0.5338752865791321 
0.20972345769405365,-0.6778067350387573,0.1698412150144577 
-0.08627364039421082,0.05280488356947899,0.21794122457504272 
0.4339461624622345,-0.08163242787122726,0.08458167314529419 
-0.18264320492744446,0.6356260180473328,0.4077080190181732 
0.0732635110616684,0.3911037743091583,-0.16183117032051086 
-0.03862632066011429,-0.7125766277313232,-0.01563373953104019 
-0.12295062839984894,-0.62348473072052,-0.011415120214223862 
0.2287939339876175,0.07894493639469147,0.13014954328536987 
0.030759437009692192,0.3901406228542328,-0.06907926499843597 
0.005226172972470522,0.5663018226623535,0.11541325598955154 
-0.2248525321483612,0.050724469125270844,0.05686300992965698 
0.12229195237159729,0.055081725120544434,-0.06688708066940308 
-0.12795904278755188,-0.8490558862686157,0.13625594973564148 
0.12248459458351135,0.7235621213912964,-0.31616348028182983 
-0.19374260306358337,0.13057009875774384,-0.04143669456243515 
0.11099996417760849,0.24210356175899506,0.024289075285196304 
-0.09153247624635696,0.11448539793491364,0.17381903529167175 
-0.3036386966705322,-0.16637089848518372,0.07251525670289993 
0.1731235235929489,0.5116909146308899,-0.01547964010387659 
0.7588688135147095,-0.5157577395439148,0.23590609431266785 
0.2187771201133728,0.05131199583411217,-0.09065396338701248 
0.018656402826309204,0.09948322176933289,0.01787063479423523 
-0.003380588488653302,0.63796067237854,-0.0458672009408474 
-0.10725118219852448,-0.027751557528972626,0.1439323127269745 
0.014414668083190918,-0.6861304044723511,0.8347964882850647 
-0.07097872346639633,0.23786567151546478,-0.10789445042610168 
-0.08081254363059998,0.0825086161494255,0.05572648346424103 
0.04561130329966545,-0.6467930674552917,0.13764290511608124 
-0.2234078049659729,-0.23138391971588135,-0.15585961937904358 
-0.29940080642700195,0.10957330465316772,0.006287687923759222 
-0.36382248997688293,-0.5453999042510986,-0.6196924448013306 
0.15597935020923615,0.22303307056427002,0.11702173203229904 
-0.027694493532180786,-0.8780006766319275,-0.18513956665992737 
0.25595492124557495,-0.01571018062531948,0.2420201152563095 
0.05650459602475166,0.21214941143989563,-0.17223325371742249 
-0.15107478201389313,0.1419353485107422,0.7400604486465454 
-0.3786550760269165,0.08330219984054565,-0.08441653847694397 
0.06682000309228897,0.1393347978591919,0.022661341354250908 
-0.08694785088300705,0.15956109762191772,-0.23474209010601044 
-0.30084553360939026,-0.026011133566498756,-0.1809016615152359 
-0.2834124267101288,0.1384679675102234,-0.1759895533323288 
0.1580982804298401,0.36596542596817017,-0.05154983326792717 
0.08517775684595108,0.04316369444131851,0.10210245102643967 
0.3488994836807251,0.47884729504585266,0.010313679464161396 
0.06617468595504761,0.3889848291873932,0.0542721189558506 
-0.1685079038143158,0.09377753734588623,-0.2599767744541168 
0.05724623054265976,-0.6368725895881653,0.21938596665859222 
0.10974786430597305,0.6540454030036926,0.03330421447753906 
0.0006714084884151816,0.49608778953552246,0.006644058972597122 
-1.127838373184204,1.3910794258117676,-1.1473594903945923 
-0.20115889608860016,0.06729075312614441,-0.0662861093878746 
-0.06595104932785034,0.0016709320480003953,-0.07822924852371216 
-0.3170265555381775,-0.8799270391464233,-0.24456626176834106 
0.016003888100385666,-0.034543734043836594,0.17739234864711761 
-0.18671156466007233,0.4042990207672119,-0.07543610036373138 
-0.18170315027236938,0.021502314135432243,-0.1688622236251831 
0.27509865164756775,0.0567190945148468,-0.14083057641983032 
0.4266993999481201,0.4164578318595886,0.8636680841445923 
-0.00043044137419201434,0.5791118144989014,-0.0034016587305814028 
0.35766419768333435,0.10658751428127289,0.000633962859865278 
0.0700465738773346,0.5073567628860474,-0.07957766950130463 
-0.12988536059856415,-0.14209936559200287,0.005806108936667442 
0.06761942058801651,0.25500985980033875,-0.03777669742703438 
0.2345728874206543,0.29430660605430603,-0.101344995200634 
-0.04278715327382088,-0.6727982759475708,0.29133370518684387 
0.4390278458595276,0.4315332770347595,0.6586583256721497 
-0.23092623054981232,0.025177747011184692,-0.4284096956253052 
0.16811510920524597,0.6171565055847168,-0.021403048187494278 
0.25142809748649597,0.5333619117736816,0.03219658508896828 
-0.0875064879655838,0.0985933169722557,0.2911410629749298 
0.09626368433237076,-0.05088849365711212,0.06750588119029999 
-0.09036705642938614,-0.07305071502923965,0.09841355681419373 
0.3409053087234497,0.016330167651176453,0.08167679607868195 
0.1262178272008896,-0.821559727191925,0.3684825301170349 
-0.017416659742593765,0.6447027921676636,-0.21316741406917572 
-0.3233988285064697,0.7543831467628479,0.015366464853286743 
-0.7826663255691528,-0.7890051007270813,-0.0671529471874237 
0.2316834032535553,0.20376993715763092,0.06148615851998329 
0.05282533913850784,0.5333619117736816,-0.019187787547707558 
-0.27593451738357544,0.13136371970176697,-0.17523451149463654 
0.18246613442897797,-0.8378832340240479,0.16704806685447693 
-0.004451618064194918,-0.9552919864654541,0.2526148557662964 
-0.24074460566043854,0.44889312982559204,0.10341233015060425 
-0.33784615993499756,0.22844219207763672,-0.44439804553985596 
0.099249467253685,0.3020118474960327,0.05441659316420555 
0.11543048918247223,-0.8016685843467712,-0.01086612232029438 
0.047287195920944214,-0.7110356092453003,0.25656378269195557 
0.23861812055110931,0.45062682032585144,-0.059832971543073654 
0.09096632152795792,0.30615341663360596,0.17883707582950592 
0.36781206727027893,-0.09078624844551086,0.3823018968105316 
0.22474868595600128,0.13606007397174835,0.1607586294412613 
-0.11743755638599396,0.09967586398124695,-0.004332095384597778 
-0.5203219056129456,-0.30964234471321106,-0.09084658324718475 
-0.2354472428560257,0.043982379138469696,-0.3682354986667633 
-0.22655349969863892,-0.3045318126678467,-0.31052902340888977 
0.22571183741092682,0.45630943775177,0.012788993306457996 
0.35082581639289856,0.5386592745780945,0.13499420881271362 
-0.1369163990020752,0.13740850985050201,-0.16635800898075104 
0.008211956359446049,0.5249825119972229,-0.09710710495710373 
0.14885199069976807,0.6918010711669922,-0.1481543779373169 
0.7115778923034668,-0.2123134732246399,-0.19766058027744293 
-0.16318747401237488,0.1943540871143341,0.38891300559043884 
-0.14519953727722168,0.003240877063944936,-0.014160110615193844 
0.03877289593219757,0.6675295829772949,-0.11232496798038483 
0.06450842320919037,0.22110675275325775,0.0666872039437294 
0.3466842770576477,0.5280646085739136,-0.16125330328941345 
0.34178757667541504,0.6938969492912292,0.295355886220932 
-0.06402856111526489,0.08633816242218018,-0.1659785807132721 
-0.12131326645612717,0.027223462238907814,0.06071563437581062 
-0.07428234815597534,-0.6377394795417786,0.20686492323875427 
0.15848354995250702,-0.6881124973297119,0.12022904306650162 
-0.5887097716331482,0.6131383180618286,0.4370265007019043 
0.117067851126194,-0.621751070022583,0.24828064441680908 
-0.046206358820199966,-0.5760011672973633,0.13184469938278198 
0.13295991718769073,0.44754472374916077,0.19482547044754028 
0.15549777448177338,-0.08204658329486847,0.32436996698379517 
0.1446141004562378,-0.011764130555093288,0.27284112572669983 
0.04603509232401848,-0.7407008409500122,0.1407153606414795 
0.10146472603082657,0.6386348605155945,-0.0341167077422142 
-0.40708163380622864,0.16254687309265137,-0.01841726526618004 
-0.5078779458999634,-1.343782901763916,-0.0838155746459961 
0.045110464096069336,-0.6225215196609497,-0.07639924436807632 
-0.15117110311985016,0.2310272753238678,-0.2197168618440628 
0.7182236909866333,-0.5678548216819763,0.4951876699924469 
-0.30432450771331787,-0.5642275810241699,0.4983891546726227 
-0.3194344639778137,0.27022770047187805,-0.011723325587809086 
-0.04354804754257202,0.1749715805053711,-0.008429336361587048 
0.006661275401711464,0.1571531891822815,0.15264886617660522 
-1.2087434530258179,0.8891721367835999,-0.40442711114883423 
0.13729411363601685,0.519396185874939,-0.06724926829338074 
-0.19901686906814575,0.6558523178100586,-0.5464925765991211 
-0.03793284669518471,0.5188182592391968,0.07273100316524506 
0.09366315603256226,-0.6001763343811035,0.13775847852230072 
0.1802508682012558,-0.6228105425834656,0.16482315957546234 
-0.09210073202848434,-0.6364873051643372,0.05973321571946144 
-0.24045565724372864,0.036960966885089874,-0.18619900941848755 
-0.036603689193725586,-0.6765546202659607,0.1597377061843872 
-0.07532255351543427,-0.6588325500488281,-0.030649345368146896 
0.18063613772392273,0.25414299964904785,-0.0852602869272232 
0.5991313457489014,-0.23846513032913208,-0.7908222079277039 
0.024595238268375397,0.44321051239967346,-0.10856865346431732 
-0.04377920553088188,-0.1367056965827942,0.15765728056430817 
-0.12603271007537842,0.4961841106414795,-0.5480875968933105 
0.5789512991905212,-0.34103721380233765,-0.6121856570243835 
-0.1492447853088379,-0.034919366240501404,-0.14805805683135986 
-0.09118573367595673,0.2697461247444153,0.03903499245643616 
0.32945919036865234,-0.18252883851528168,-0.23372697830200195 
0.08574601262807846,0.5825791954994202,0.01444561779499054 
0.05084124207496643,0.01614716649055481,-0.13601861894130707 
-0.2573108971118927,0.29950764775276184,-0.2696083188056946 
0.02504792809486389,0.051793575286865234,0.6943490505218506 
-0.032500654458999634,0.2582845687866211,-0.8164421916007996 
-0.1760205179452896,-0.6830077767372131,0.11817752569913864 
0.03090391308069229,-0.1688750982284546,-0.1291801929473877 
0.11138522624969482,-0.6830077767372131,-0.07341346889734268 
0.4333451986312866,-1.2398815155029297,1.111199140548706 
0.220510795712471,0.5071640610694885,-0.16606907546520233 
-0.16870053112506866,-0.8226653933525085,0.07709506899118423 
-0.045166149735450745,0.01058975514024496,-0.13958227634429932 
0.06952647119760513,-0.1582803875207901,0.11322689801454544 
-0.08620622009038925,-0.8489595651626587,0.23961223661899567 
-0.15983951091766357,0.08029335737228394,-0.17791587114334106 
-0.13932427763938904,-0.1801440268754959,-0.12619443237781525 
-0.09773901104927063,0.3791375756263733,0.3089556396007538 
-0.21163421869277954,-0.6001030802726746,0.25442174077033997 
-0.012192502617835999,0.43521633744239807,-0.17454484105110168 
0.05800330638885498,0.3308834731578827,-0.11836977303028107 
-0.1593579202890396,0.37338173389434814,0.25020691752433777 
0.12332835048437119,0.12257589399814606,-0.014747637324035168 
0.26163750886917114,-0.11397519707679749,0.24905115365982056 
0.1693672090768814,0.16273950040340424,-0.06705663353204727 
-0.28060582280158997,0.6320623159408569,0.28556057810783386 
0.12284677475690842,0.025923199951648712,0.15591396391391754 
0.14942988753318787,-0.7507176399230957,0.21524439752101898 
0.17948034405708313,0.2864087224006653,0.26455795764923096 
-0.027318865060806274,0.11650801450014114,-0.29676932096481323 
-0.316159725189209,-0.1818777173757553,-0.24225468933582306 
-0.12362483143806458,-0.04832649603486061,-0.2320452332496643 
-0.2593335211277008,-0.04748854786157608,-0.21759791672229767 
-0.1263216733932495,0.06791680306196213,-0.31092771887779236 
-0.5893223881721497,0.030941247940063477,0.5747443437576294 
-0.06496863067150116,0.045764219015836716,-0.2567020356655121 
-0.031864963471889496,0.18575893342494965,0.06505946815013885 
-0.19932889938354492,0.17111895978450775,-0.16500960290431976 
0.539677619934082,0.839622437953949,-0.2103569507598877 
0.16715195775032043,0.490694135427475,-0.11097655445337296 
0.0024233898147940636,0.5805565714836121,-0.1185854896903038 
-0.4525195360183716,0.29981204867362976,1.2047215700149536 
-0.34158703684806824,0.13586746156215668,-0.08487501740455627 
0.39985042810440063,0.5085124969482422,-0.3584113121032715 
-0.13768692314624786,0.01968194916844368,0.12936939299106598 
0.13161149621009827,0.3918743133544922,0.07785692065954208 
-0.15955056250095367,-0.7224008440971375,0.014811619184911251 
0.08434944599866867,0.43367528915405273,0.019810399040579796 
1.00637686252594,-1.2673815488815308,-0.18105196952819824 
0.04842371866106987,-0.9052078127861023,0.2501106262207031 
-0.08157343417406082,-0.44453033804893494,0.05476333200931549 
-0.42304694652557373,0.17258676886558533,-0.07830248773097992 
0.39202579855918884,-0.786138653755188,-0.20222213864326477 
0.13642728328704834,0.3120286762714386,0.21890436112880707 
-0.09406556934118271,0.08453124016523361,-0.05386140197515488 
0.20201820135116577,0.05765919387340546,0.2853621244430542 
0.03362001106142998,0.30634605884552,-0.12099338322877884 
0.32905465364456177,0.5575140714645386,0.07614158093929291 
0.11116951704025269,0.39512598514556885,0.35419508814811707 
0.3861890733242035,-0.6557735204696655,-0.33296093344688416 
-0.24970196187496185,0.16042792797088623,-0.2539089024066925 
0.20519661903381348,0.21821728348731995,0.1495089828968048 
0.15829090774059296,-0.6220399737358093,0.05171975865960121 
-0.20019574463367462,0.046727366745471954,0.11354473978281021 
-0.20318152010440826,-0.6266631484031677,0.05552422255277634 
-1.1703135967254639,-0.7221851348876953,-0.4815759062767029 
-0.6033170223236084,1.179785966873169,-0.3567277789115906 
0.02469155564904213,0.6068507432937622,0.03911204636096954 
-0.1334490329027176,-0.6518978476524353,0.22632068395614624 
0.09183315932750702,0.33090654015541077,-0.05337982997298241 
0.25422126054763794,0.19356048107147217,-0.11531075835227966 
-0.2762850522994995,0.16023530066013336,-0.11222865432500839 
-0.5848629474639893,-0.14238831400871277,0.27264851331710815 
-0.10078839957714081,0.1922120749950409,-0.2797214686870575 
0.055021338164806366,0.5604265928268433,-0.1165628582239151 
0.1586761772632599,0.4366610646247864,-0.1817685067653656 
-0.010364432819187641,0.24874933063983917,-0.03421301767230034 
-0.3851217031478882,-0.16617825627326965,-0.01677989400923252 
-0.18902312219142914,-0.12456992268562317,-0.24225468933582306 
0.256147563457489,-0.08990593999624252,-0.14882859587669373 
-0.381005197763443,0.23989412188529968,-0.03158941864967346 
-0.20250731706619263,0.01755337603390217,-0.04143669456243515 
0.28754642605781555,0.16370266675949097,0.00812731683254242 
-0.13739797472953796,-0.05626290291547775,-0.08054082840681076 
-0.05951717123389244,0.3011450171470642,-0.08015555888414383 
-0.2216741293668747,0.011851491406559944,-0.11550337821245193 
-0.13816849887371063,0.12469484657049179,-0.03941406309604645 
0.8559549450874329,0.5677100419998169,-0.19968318939208984 
-0.3210718035697937,-0.11361883580684662,0.023624498397111893 
0.08544743806123734,-0.6407252550125122,-0.030938290059566498 
0.2931327521800995,0.4461963176727295,-0.05684717744588852 
-0.1257437765598297,-0.766031801700592,0.006923373322933912 
-0.38976991176605225,0.10107444226741791,-0.021379977464675903 
0.13209307193756104,0.17747578024864197,-0.016018999740481377 
-0.06192506104707718,0.37251487374305725,0.007231585215777159 
0.31461113691329956,0.11602644622325897,0.035124581307172775 
0.09375947713851929,0.04232574626803398,-0.03960669785737991 
0.17100457847118378,0.0359400250017643,-0.11781496554613113 
0.19469821453094482,0.18344734609127045,0.27428582310676575 
-0.0012837977847084403,-0.7119024395942688,-0.05520981550216675 
-0.2796561121940613,-0.14123253524303436,-0.2458183914422989 
0.1257593035697937,0.30319273471832275,-0.32949355244636536 
-0.27089136838912964,-0.08060184866189957,-0.12879495322704315 
0.1672251969575882,-0.10971425473690033,0.3618810772895813 
-0.11110380291938782,-0.753221869468689,0.20676861703395844 
0.14904461801052094,0.22572989761829376,0.29354897141456604 
0.07713540643453598,0.4435957968235016,-0.07880714535713196 
-0.7666779160499573,-0.0773560106754303,0.10179424285888672 
-0.11033327877521515,-0.6391841769218445,0.12914787232875824 
-0.18911944329738617,-0.10880305618047714,-0.07649556547403336 
-0.001912738778628409,-0.6283005475997925,0.1549893319606781 
-0.03231764957308769,0.12305747717618942,0.17980024218559265 
-0.024968767538666725,0.37916064262390137,-0.2917609214782715 
0.02440260723233223,0.14155007898807526,-0.295613557100296 
-0.5712246894836426,-0.3407984673976898,0.9343867897987366 
0.2809006869792938,-0.8305171132087708,0.2606090307235718 
-0.10898485779762268,0.02913050912320614,-0.09527710825204849 
0.210686594247818,0.15464898943901062,0.05805732309818268 
-0.11100748926401138,-0.4993338882923126,0.08997631072998047 
-0.11534169316291809,-0.9160915017127991,0.02258428931236267 
-0.23525463044643402,0.15696057677268982,-0.06214454025030136 
0.13883516192436218,0.5223819613456726,0.041385091841220856 
0.3427218496799469,-0.13316509127616882,-0.19738709926605225 
-0.3314738869667053,-0.10796511173248291,0.10517491400241852 
0.09587842226028442,-0.23282866179943085,0.09585156291723251 
-0.16359581053256989,0.16341370344161987,-0.12638702988624573 
0.2880280315876007,-0.02060590125620365,0.19993019104003906 
0.1153341680765152,0.6718637347221375,-0.09344711154699326 
0.07927360385656357,-0.4760255515575409,0.15109819173812866 
0.06474921852350235,-0.19093137979507446,0.3015431761741638 
-0.9318553805351257,-0.2701760232448578,0.3096298575401306 
-0.21435412764549255,-0.1018972247838974,0.008695575408637524 
-0.20539678633213043,0.020789578557014465,-0.22251002490520477 
0.38531261682510376,0.14056384563446045,-0.3982629179954529 
-0.18977057933807373,0.7606436610221863,0.43808597326278687 
0.16888563334941864,0.3773306608200073,-0.18225008249282837 
0.17194466292858124,-0.07956746220588684,-0.39132818579673767 
-0.06534426659345627,-0.780960738658905,0.3124268352985382 
-0.1251658797264099,-0.9060747027397156,0.1258345991373062 
-0.384543776512146,-0.23976337909698486,-0.07370242476463318 
-0.09913760423660278,-0.5022464394569397,-0.09881770610809326 
-0.11348862946033478,0.6624981164932251,0.47854816913604736 
0.042837414890527725,-0.6933135390281677,0.11322689801454544 
-0.006447277497500181,0.418361097574234,0.07785306870937347 
0.2397739291191101,0.014355696737766266,-0.12157125771045685 
0.13045570254325867,0.4283779263496399,-0.07996292412281036 
-0.01445784606039524,0.2994113266468048,0.18692758679389954 
0.05368255078792572,-0.2624938488006592,0.08634810149669647 
-0.028609495609998703,0.4628588855266571,0.04540145397186279 
-0.20973098278045654,0.10234963148832321,-0.3085198402404785 
0.23592129349708557,0.42943739891052246,-0.20035743713378906 
0.3874759078025818,0.6075077056884766,-1.0073397159576416 
0.12669940292835236,-0.063544362783432,-0.7865843176841736 
-0.13325640559196472,0.13808271288871765,-0.26065099239349365 
0.13440464437007904,-0.8533900380134583,0.052962224930524826 
0.2437228560447693,0.5375998020172119,-0.12706126272678375 
-0.10014308989048004,0.19500522315502167,-0.05222403630614281 
0.14413252472877502,0.604442834854126,-0.0659971758723259 
-0.07842974364757538,-0.07619643211364746,-0.28560253977775574 
0.09009947627782822,0.6361306309700012,0.14939340949058533 
0.07504535466432571,-0.02779875136911869,0.16131727397441864 
-0.3067207932472229,0.05504904314875603,0.05746016651391983 
-0.7030229568481445,-0.9702710509300232,0.07856196165084839 
0.06623625755310059,-0.22124770283699036,0.25702226161956787 
0.07117346674203873,0.5733329057693481,0.06494388729333878 
0.35066789388656616,0.2884111702442169,0.3542817533016205 
-0.25403615832328796,-0.06141578033566475,-0.06907926499843597 
0.2876139283180237,0.8219966888427734,-0.3497198522090912 
0.6735043525695801,-0.31705865263938904,0.005343794822692871 
-0.07611234486103058,0.5117872357368469,0.10680264234542847 
-0.20896045863628387,0.12912535667419434,-0.2587246596813202 
-0.08748721331357956,0.23064200580120087,0.08833220601081848 
-0.02196371927857399,0.45351627469062805,-0.02660408616065979 
-0.02127987891435623,-0.6255073547363281,0.31512364745140076 
0.08453243970870972,-0.1807219237089157,0.06943219155073166 
-0.12497324496507645,-0.08483973145484924,0.05329933390021324 
-0.3584422767162323,-0.14585566520690918,-0.11184339970350266 
0.27955228090286255,0.5068751573562622,-0.27731359004974365 
0.5527341961860657,1.4690217971801758,-0.08651238679885864 
0.6843975782394409,-0.6936526298522949,0.03510531783103943 
0.01650473102927208,-0.2436159998178482,0.3121378719806671 
0.07330203801393509,-0.6237736940383911,0.27601951360702515 
-0.09085826575756073,0.007430604659020901,-0.032768286764621735 
-0.7400717735290527,0.5553951263427734,-0.3024095892906189 
-0.0025233798660337925,0.28226715326309204,-0.17676009237766266 
-0.20741941034793854,0.05723540484905243,-0.13457386195659637 
0.07490088045597076,-0.3266400396823883,0.14627279341220856 
-0.323995977640152,0.43533575534820557,-0.3469266891479492 
0.32414257526397705,-0.09815637767314911,-0.3460598587989807 
-0.05879480391740799,0.3597049117088318,0.05714232474565506 
-0.20770835876464844,0.22101043164730072,-0.16038645803928375 
-0.03556931018829346,-0.4960361123085022,0.13836146891117096 
0.13584938645362854,0.05364283174276352,0.07126989960670471 
-0.31924182176589966,0.20242153108119965,-0.09084658324718475 
-0.34534335136413574,-0.1626145839691162,0.1419578492641449 
-0.18276260793209076,0.13384482264518738,-0.19515638053417206 
-0.07978197187185287,0.13596375286579132,-0.2817440927028656 
-0.09007810801267624,0.1307627260684967,0.06779482960700989 
-0.3552638590335846,-0.12890413403511047,0.06171731278300285 
0.5260007977485657,0.30425024032592773,0.08220946788787842 
0.3083506226539612,0.49059778451919556,-0.01812831312417984 
-0.08242101967334747,-0.7103614211082458,0.2750563621520996 
0.10828004777431488,0.28146103024482727,0.005156993865966797 
-0.45880311727523804,0.1103438287973404,-0.1185854896903038 
0.1337304413318634,-0.6727982759475708,0.22006016969680786 
-0.24295984208583832,-0.1235104501247406,-0.026700403541326523 
-0.15731221437454224,0.12621282041072845,0.38570088148117065 
-0.0143480459228158,-0.8151527643203735,-0.0315161868929863 
-0.18054735660552979,-0.03857935592532158,0.20426440238952637 
0.1641661673784256,0.4408026337623596,-0.1162739023566246 
-0.8599114418029785,-0.26355332136154175,-0.22068001329898834 
-0.12911483645439148,-0.2543070316314697,-0.015181058086454868 
-0.29169556498527527,-0.10443033277988434,-0.07331715524196625 
0.058007121086120605,-0.18852348625659943,-0.17454484105110168 
-0.28822818398475647,0.18855208158493042,-0.15528170764446259 
-0.15916529297828674,0.12633220851421356,0.020754292607307434 
0.014703627675771713,0.13615639507770538,0.005449745338410139 
-0.07604492455720901,-0.8250733017921448,-0.005337604787200689 
0.049155715852975845,0.47249042987823486,0.004428798332810402 
1.2903151512145996,0.3134889006614685,0.9873113036155701 
0.022091032937169075,-0.6777104139328003,0.2957642078399658 
0.06512484699487686,-0.5279396772384644,0.09543740749359131 
0.6465648412704468,-0.06639529764652252,-0.7159850001335144 
-0.1994021236896515,-0.6561588048934937,0.33340054750442505 
0.1621435433626175,0.5743923783302307,-0.17300379276275635 
0.13613831996917725,-0.7240381836891174,0.015033144503831863 
-0.12063905596733093,0.436757355928421,-0.07899976521730423 
-0.11803852766752243,0.10687646269798279,0.2149554193019867 
0.20519661903381348,0.10167542099952698,-0.11820022016763687 
-0.025604449212551117,0.25356510281562805,-0.084682397544384 
0.09761209785938263,-0.8133227825164795,0.24240538477897644 
-0.16870053112506866,-0.19969609379768372,-0.02111409790813923 
-0.16321055591106415,0.30904290080070496,-0.17415957152843475 
0.028033707290887833,0.16620686650276184,0.05142118036746979 
-0.3822322189807892,0.15426373481750488,-0.1613495945930481 
0.10994049906730652,0.3882143199443817,0.20590177178382874 
-0.29737818241119385,-0.20547503232955933,-0.05896613001823425 
0.6043400764465332,-0.0612713098526001,-0.5828382968902588 
-0.034850746393203735,0.15166321396827698,0.12696151435375214 
-0.28389400243759155,0.02108815684914589,-0.1697290688753128 
0.04023689031600952,0.5746813416481018,0.158004030585289 
0.12092046439647675,0.36760276556015015,-0.019573049619793892 
0.0648551657795906,-0.7333807945251465,0.09541814774274826 
-0.034619588404893875,0.43483105301856995,0.13771995902061462 
0.12573625147342682,0.4560205042362213,-0.0028045019134879112 
-0.2825455665588379,-0.35206735134124756,-0.17184798419475555 
-0.3026755452156067,0.33639654517173767,-0.0683087408542633 
-0.07410898059606552,0.45187893509864807,0.10716864466667175 
-0.09894877672195435,-0.6726056933403015,0.310115247964859 
-0.0006067454814910889,-0.19745776057243347,0.1792955994606018 
0.14788883924484253,-0.33102041482925415,-0.48821786046028137 
-0.042141836136579514,0.4027579724788666,-0.2481299489736557 
-0.9335023760795593,0.15462590754032135,0.1671598255634308 
-0.028041234239935875,-0.10938095301389694,-0.33857032656669617 
-0.09087753295898438,-0.13285306096076965,-0.05877349525690079 
-0.2283198982477188,0.12951062619686127,-0.16963273286819458 
0.032059699296951294,-0.7851986289024353,0.25849008560180664 
-0.1576242446899414,-0.14383305609226227,-0.08863133192062378 
0.2974669635295868,0.08655387163162231,0.06980782747268677 
-0.37992063164711,0.07865598797798157,-0.2113373875617981 
0.17264193296432495,0.5582113862037659,-0.12224546819925308 
-0.1949947029352188,0.19298259913921356,-0.2127821445465088 
-0.0010979088256135583,-0.18004772067070007,-0.16385382413864136 
0.02980591170489788,0.6218760013580322,-0.0843934491276741 
0.07818523794412613,0.4841446578502655,-0.032479334622621536 
0.10791786760091782,0.38580644130706787,0.11959335952997208 
0.1512598842382431,-0.7507176399230957,0.09698808938264847 
-0.007106075994670391,0.3764638304710388,-0.010692748241126537 
0.31422585248947144,0.42587369680404663,-0.016587266698479652 
0.24996992945671082,0.21638348698616028,-0.22942647337913513 
-0.1418284922838211,-0.7629497647285461,0.16327248513698578 
0.119379423558712,0.2978702783584595,0.14077316224575043 
0.16667036712169647,0.3434275686740875,0.24452431499958038 
0.41841626167297363,0.7557315826416016,-0.4580748677253723 
-0.13595323264598846,-0.6607588529586792,0.024606917053461075 
0.05899917334318161,0.3505549430847168,-0.08429712802171707 
-0.1897936463356018,0.12064957618713379,-0.08901660144329071 
-0.06451595574617386,-0.09458687901496887,0.13483048975467682 
0.0453030951321125,-0.2989974617958069,0.12007493525743484 
-0.0939788892865181,0.42163583636283875,0.1902986466884613 
-0.04996266961097717,-0.22165602445602417,-0.18330955505371094 
0.14239884912967682,-0.6701977849006653,0.07876036316156387 
0.573239803314209,-0.5755793452262878,-0.06262612342834473 
0.10888101905584335,0.37424856424331665,0.038312625139951706 
-0.029842333868145943,-0.7685359716415405,-0.031419869512319565 
0.07593145966529846,0.554455041885376,-0.07341346889734268 
0.09462631493806839,0.5996270775794983,-0.060988761484622955 
0.12814414501190186,-0.8955762982368469,0.08344996720552444 
0.09135158360004425,0.18152104318141937,0.00861852616071701 
-0.1311374455690384,-0.8112038373947144,0.02893148735165596 
0.3552563190460205,0.5065861940383911,-0.34097820520401 
-0.1596468687057495,0.04813357815146446,0.041645146906375885 
0.07040294259786606,-0.6519941091537476,0.09730593115091324 
-0.7875553369522095,0.5429202318191528,-1.0457465648651123 
0.2299497276544571,0.014962483197450638,-0.1742558777332306 
-0.004656761884689331,-0.15779882669448853,0.14115843176841736 
-0.09147468954324722,-0.14691515266895294,-0.10394551604986191 
0.03615311160683632,-0.43682509660720825,0.3523014783859253 
0.3595000207424164,0.16897694766521454,0.36260342597961426 
-0.03839515894651413,0.5369256138801575,-0.12937282025814056 
-0.24478985369205475,0.1146780326962471,-0.09431394934654236 
0.24420443177223206,0.39688271284103394,-0.23714998364448547 
0.18959347903728485,0.2626187801361084,-0.03970300778746605 
0.10281313955783844,-0.0018734820187091827,0.12349414080381393 
-0.1159195825457573,0.20020627975463867,-0.22520685195922852 
0.24102601408958435,0.15175952017307281,-0.0005603507161140442 
0.22368919849395752,-0.7036193013191223,0.20667225122451782 
-0.1737089455127716,-0.7759523391723633,0.08001631498336792 
-0.12102431058883667,-0.4105309545993805,0.05194128304719925 
-0.2491491436958313,0.5218772888183594,-1.2537882328033447 
-0.22090360522270203,0.0822196751832962,0.022314604371786118 
0.4031020998954773,-1.2207146883010864,-0.3038254678249359 
0.15646091103553772,-0.1261109709739685,0.3403583765029907 
0.12746992707252502,0.14761795103549957,0.04493913799524307 
-0.026240132749080658,0.08770965784788132,-0.17608588933944702 
-0.1193869411945343,-0.19372452795505524,-0.1662617027759552 
-0.8485462069511414,-0.3163342773914337,-0.20315055549144745 
0.2595185935497284,-0.06196478754281998,0.24606536328792572 
0.11177048832178116,0.2559729814529419,0.0810806080698967 
-0.07460018992424011,-0.6355241537094116,0.16037337481975555 
0.17088517546653748,-0.38754621148109436,0.0496046245098114 
-0.6068624258041382,0.8103194236755371,0.3753710985183716 
0.12571316957473755,-0.5719789266586304,0.3406434655189514 
-0.5001957416534424,-0.49362820386886597,-1.009820818901062 
0.020761877298355103,0.4360831677913666,0.0008169598295353353 
0.7602403163909912,0.7144122123718262,0.2510507106781006 
0.05536807328462601,0.39900168776512146,-0.10722023993730545 
0.08807685226202011,0.005109398625791073,0.219289630651474 
0.05242081731557846,0.3069239556789398,-0.03979932516813278 
0.39041152596473694,0.45977678894996643,0.0038798004388809204 
0.172834575176239,-0.7920370697975159,0.16289684176445007 
-0.019045358523726463,0.09079175442457199,0.09274056553840637 
-0.12872956693172455,-0.08720909804105759,-0.11348076164722443 
0.044782985001802444,0.4893457293510437,-0.11348076164722443 
0.10377629846334457,-0.11136505752801895,-0.1861027181148529 
0.0651826411485672,0.36220911145210266,-0.03228670731186867 
0.17842088639736176,-0.6590251922607422,0.20253071188926697 
0.07498756051063538,1.4303028583526611,0.029990971088409424 
-1.0544458627700806,-1.7068696022033691,0.41774410009384155 
0.07824303209781647,0.10109753161668777,0.052393969148397446 
-0.2638603448867798,-0.06239819899201393,0.0778251364827156 
0.13729411363601685,-0.714117705821991,0.24356116354465485 
-0.43819159269332886,0.007690656464546919,-0.232912078499794 
-0.049509983509778976,-0.5434464812278748,0.0998871847987175 
-0.3030607998371124,0.07942651212215424,-0.11068760603666306 
-0.014339377172291279,-0.6419773101806641,0.2669658660888672 
-0.09395962208509445,-0.7508139610290527,0.2500143349170685 
-0.5076120495796204,-0.39331352710723877,0.32387492060661316 
0.1555940806865692,0.20897097885608673,0.1920323222875595 
0.13295991718769073,0.041333697736263275,0.00993804819881916 
-0.07264498621225357,-0.6420736312866211,0.25338536500930786 
0.1162010133266449,0.3921632468700409,-0.14690227806568146 
-0.1193869411945343,-0.6779993772506714,0.1824970841407776 
0.09087000787258148,-0.6501641869544983,0.13949216902256012 
-0.009748012758791447,0.39755693078041077,0.1450110524892807 
-0.04518540948629379,0.1258506178855896,0.07652969658374786 
0.22580815851688385,0.22765621542930603,-0.10596814751625061 
-0.37950265407562256,0.23212145268917084,0.13807250559329987 
-0.26289719343185425,-0.23359918594360352,-0.13370703160762787 
0.09424105286598206,0.4947393536567688,0.11285126954317093 
-0.1547849476337433,0.42847421765327454,0.022738397121429443 
-0.18035471439361572,0.12093853205442429,-0.15181435644626617 
-0.06140495836734772,0.22033622860908508,-0.05636560544371605 
-0.13412323594093323,0.041853804141283035,0.2896963357925415 
0.070874884724617,0.537792444229126,0.032042477279901505 
-0.02219487726688385,0.32512760162353516,-0.07167978584766388 
0.1314188688993454,0.49377623200416565,-0.030553027987480164 
0.038695842027664185,-0.6985357999801636,0.039179474115371704 
0.020087670534849167,-0.8522343039512634,0.2685069143772125 
0.06791799515485764,0.4849151372909546,0.04407229647040367 
0.058556120842695236,-0.7870286107063293,-0.050586674362421036 
0.28581276535987854,-0.14980462193489075,0.22458700835704803 
0.07865718752145767,0.4036248028278351,-0.204787939786911 
-0.14751110970973969,0.526427149772644,-0.17666380107402802 
-0.04714061692357063,-0.7362703084945679,0.16461126506328583 
-0.08441475033760071,-0.8836331963539124,0.01887613907456398 
-0.2685798108577728,-0.07957127690315247,-0.24745573103427887 
-0.2242746502161026,-0.05073438584804535,-0.13072124123573303 
0.1809983253479004,-1.231213092803955,-0.13527315855026245 
0.3419320583343506,-0.657075822353363,0.3963235020637512 
-0.07380659878253937,0.006923943758010864,-0.2180313766002655 
-0.12514281272888184,0.7596805095672607,0.5047459602355957 
0.4045468270778656,-0.39389342069625854,0.04247727990150452 
-0.09804341197013855,-0.3329969048500061,0.05447438359260559 
0.11167417466640472,0.4631478190422058,0.056525904685258865 
0.08923263847827911,-0.12216203659772873,0.09600567072629929 
-0.14587374031543732,0.0362289696931839,-0.20526951551437378 
-0.2420988380908966,0.3467177450656891,-0.23611560463905334 
-0.0806584432721138,0.5009035468101501,0.0637977346777916 
-0.1567573994398117,-0.21366184949874878,-0.10173026472330093 
0.4323820471763611,0.5578030347824097,-0.5941687822341919 
-0.1711084246635437,-0.6415920257568359,0.13380955159664154 
-0.012450628913939,0.36789169907569885,0.2020491510629654 
0.2987133264541626,0.7718162536621094,0.055048465728759766 
-0.14019112288951874,-0.7107466459274292,0.13278859853744507 
0.17059624195098877,-0.01344481110572815,-0.28619006276130676 
-0.15945424139499664,0.04660215973854065,-0.13977491855621338 
0.13613831996917725,0.15840530395507812,-0.0961439460515976 
0.782200276851654,-0.37405240535736084,-0.3159034252166748 
0.10454682260751724,-0.32105374336242676,0.11373737454414368 
0.10146472603082657,0.08799860626459122,0.005507534369826317 
0.8414343595504761,0.6906222105026245,0.2762853801250458 
-0.1549043357372284,0.6653875112533569,0.4324514865875244 
-0.17910262942314148,0.07884862273931503,-0.21779054403305054 
-0.05044424161314964,-0.6851267218589783,0.11854351311922073 
-0.07002519816160202,-0.5117586255073547,0.07454752177000046 
-0.16186213493347168,-0.027107205241918564,-0.05675087496638298 
-0.2669290006160736,0.3849165141582489,0.4225117564201355 
-0.16407740116119385,-0.6779993772506714,0.07192965596914291 
0.4721603989601135,-0.5844036340713501,-0.14330586791038513 
-0.11582326889038086,0.09580016881227493,-0.014815056696534157 
0.031144699081778526,0.3628832995891571,0.02473212592303753 
0.0632852166891098,-0.856568455696106,-0.057425081729888916 
0.1922903209924698,0.012323436327278614,-0.1516217440366745 
0.1883413940668106,0.05297825112938881,-0.05838824063539505 
0.07546914368867874,0.02157936617732048,0.028478803113102913 
-0.13027061522006989,-0.21385449171066284,-0.037102483212947845 
-0.05373823642730713,-0.6218473315238953,-0.020825153216719627 
0.25287285447120667,0.17246736586093903,0.037705838680267334 
-0.37170112133026123,-0.28269705176353455,-0.27739647030830383 
0.13238202035427094,-0.6375467777252197,0.14477026462554932 
0.41824671626091003,-0.04186371713876724,0.0755954310297966 
0.21078291535377502,0.2275599092245102,0.10492449253797531 
0.031135067343711853,0.4405137002468109,-0.17444851994514465 
0.12792843580245972,0.41294437646865845,0.39032304286956787 
-0.002993399975821376,0.2861197888851166,0.056959327310323715 
0.1006941944360733,0.5298945307731628,-0.04605983570218086 
-0.23929987847805023,0.16890370845794678,-0.1478654146194458 
-0.34168335795402527,0.12825852632522583,-0.04201458394527435 
-0.10542117804288864,0.17824631929397583,0.0007591709145344794 
-0.002822921145707369,-0.6779993772506714,-0.028145140036940575 
0.1974913626909256,0.37280380725860596,0.0469713993370533 
-0.009823138825595379,0.20646677911281586,-0.019573049619793892 
0.1828513890504837,-0.7499470710754395,0.1391935795545578 
0.15472723543643951,0.20492573082447052,0.05280812457203865 
0.35004183650016785,-0.7243040800094604,-0.15563428401947021 
0.18080569803714752,-0.7605187892913818,-0.22738169133663177 
0.1555940806865692,-0.17600245773792267,0.3528793752193451 
0.10406523942947388,0.75623619556427,-0.12840968370437622 
0.026608234271407127,0.6151338815689087,-0.024677777662873268 
0.10630357265472412,0.12808895111083984,-0.3559803366661072 
-0.12198746204376221,0.03212592005729675,0.017816662788391113 
0.27868542075157166,0.4079590141773224,-0.26845255494117737 
0.028765704482793808,0.3884069621562958,-0.17136642336845398 
-0.25865548849105835,0.11518266797065735,-0.21120452880859375 
-0.29576587677001953,-0.5949020385742188,-0.3285304009914398 
0.09655262529850006,0.5327840447425842,-0.11848916858434677 
-0.06406326591968536,0.1152559220790863,0.03341979160904884 
-0.29959341883659363,-0.06884171813726425,-0.1843690276145935 
0.44723770022392273,-0.12649624049663544,0.09573598206043243 
-0.32835909724235535,-0.6204758882522583,0.12121729552745819 
0.05042708292603493,-0.543350100517273,0.14399972558021545 
0.15434198081493378,0.2930544912815094,0.16502542793750763 
0.017121147364377975,0.4841446578502655,-0.081215038895607 
0.10107945650815964,-0.640243649482727,0.010592993348836899 
0.025625815615057945,0.23670989274978638,-0.010856484062969685 
-0.08586911857128143,-0.9110831022262573,0.22179384529590607 
-0.1949947029352188,-0.020096391439437866,-0.12542389333248138 
-0.211079403758049,0.08713176101446152,-0.24485521018505096 
0.011178477667272091,0.03045002929866314,-0.14276070892810822 
-0.012524791993200779,-0.6289747357368469,0.11367958039045334 
-0.042295943945646286,0.6622322201728821,0.055293064564466476 
0.10839944332838058,-0.03019026666879654,0.2856510877609253 
-0.21888096630573273,0.07464925944805145,-0.343771368265152 
-0.04889356344938278,0.10947699099779129,0.12192419171333313 
-0.11746063083410263,0.15368583798408508,-0.2056547850370407 
0.4522230625152588,0.9819769263267517,-0.3296861946582794 
0.03879215940833092,0.5107277631759644,0.01982002891600132 
-0.6145223379135132,0.062451884150505066,0.05475953221321106 
-0.1693747490644455,0.21773570775985718,-0.178301140666008 
0.1592540740966797,-0.8540642857551575,0.19867809116840363 
-0.09457604587078094,-0.4554139971733093,0.11237931996583939 
