-0.634812593460083,0.37732037901878357,0.3983977138996124
0.6071995496749878,-0.5421324968338013,-1.172179937362671
0.6054301261901855,-0.5474408864974976,1.2118096351623535
-0.6315685510635376,0.5598971843719482,-0.41479796171188354
-0.6315685510635376,0.5599954724311829,1.2020776271820068
0.010935008525848389,-0.055732935667037964,-0.5828578472137451
-0.008037328720092773,-0.037153780460357666,0.7218711376190186
-0.12936079502105713,-0.2526508569717407,-0.39148181676864624
-0.008037328720092773,0.04734915494918823,-0.2210858166217804
-0.21763622760772705,-0.2526508569717407,0.6080556511878967
0.4939553737640381,-0.037153780460357666,-0.5029750466346741
-0.6251789331436157,-0.53564453125,-1.1735560894012451
0.5102735161781311,0.5599954724311829,1.2131859064102173
0.6120163202285767,-0.48669004440307617,-0.13060608506202698
0.3120163381099701,-0.15729765594005585,0.49048611521720886
-0.2725195586681366,0.5888962745666504,-0.24065780639648438
0.19029965996742249,-0.18057680130004883,0.16129031777381897
0.19020135700702667,0.04734915494918823,0.4964640438556671
-0.3500494062900543,0.08137041330337524,-0.3131348788738251
0.22935515642166138,0.2603504955768585,0.6132841110229492
-0.03192359581589699,0.257832795381546,-0.46923887729644775
-0.31181982159614563,0.2701217532157898,-1.173752784729004
-0.035009145736694336,-0.5258143544197083,0.20254027843475342
0.012016326189041138,0.3877207636833191,-0.22107599675655365
-0.6251789331436157,-0.5441968441009521,1.2135791778564453
-0.23342475295066833,0.04734915494918823,-0.9461829662322998
-0.2628171145915985,-0.5526508688926697,-0.41702190041542053
-0.3350091576576233,-0.06905171275138855,-0.6069603562355042
-0.3350091576576233,-0.07885245233774185,0.3729166090488434
-0.3170504868030548,-0.18431228399276733,0.10453291237354279
0.3861767649650574,0.04734915494918823,0.9766706228256226
-0.035009145736694336,-0.29066354036331177,1.0158932209014893
0.012016326189041138,0.377920001745224,0.9865008592605591
0.34718024730682373,-0.004812330007553101,0.35671520233154297
0.3120163381099701,0.009326647035777569,-0.6854055523872375
-0.3902070224285126,0.5538023710250854,-1.173752784729004
0.012016326189041138,-0.3396790027618408,-0.4856368899345398
0.3867272436618805,0.4046778976917267,0.5716652870178223
-0.025178909301757812,-0.26128295063972473,-1.1735560894012451
0.23919521272182465,0.5538023710250854,1.2135791778564453
0.5331779718399048,0.5628462433815002,-0.23844367265701294
0.056774530559778214,-0.2526508569717407,0.41204091906547546
-0.11587488651275635,-0.30048197507858276,0.6129892468452454
-0.13909271359443665,0.10248573124408722,-0.6487388610839844
-0.20780600607395172,0.2444636970758438,0.6831585168838501
0.6120163202285767,-0.2808746099472046,0.01413184404373169
-0.17841362953186035,-0.2526508569717407,-0.6364510655403137
-0.035009145736694336,-0.47685980796813965,-0.1524905115365982
0.3120163381099701,0.05831852927803993,-0.44043630361557007
-0.25302621722221375,-0.5498983860015869,1.2125959396362305
0.37981659173965454,-0.2294723391532898,-0.26449376344680786
0.3371534049510956,-0.006286889314651489,0.7121392488479614
-0.3902070224285126,-0.5526508688926697,-0.5520278811454773
0.24300818145275116,0.2628462314605713,-0.05825679749250412
0.10577820986509323,-0.2526508569717407,-0.35225918889045715
-0.13899441063404083,0.1044812723994255,0.2159278839826584
-0.035009145736694336,-0.43763720989227295,-0.6816515922546387
-0.24113047122955322,0.09799332171678543,-0.1120084747672081
0.2919626832008362,-0.2526508569717407,-0.6461829543113708
-0.22060611844062805,-0.22002549469470978,0.30383092164993286
0.5430082082748413,0.04734915494918823,0.5944714546203613
0.2527400851249695,-0.2526508569717407,-0.14651256799697876
0.21351750195026398,0.26333773136138916,0.19656233489513397
-0.0962144285440445,-0.3102768063545227,-1.173752784729004
0.3120163381099701,-0.1768597960472107,0.7060629725456238
-0.5665907859802246,-0.251482218503952,0.6129892468452454
-0.3186909556388855,0.08932306617498398,0.5002180337905884
-0.14902125298976898,0.10723373293876648,-0.3719196319580078
-0.2726080119609833,-0.03725209832191467,-0.975771963596344
-0.17841362953186035,-0.2526508569717407,0.40230897068977356
0.3861767649650574,0.04734915494918823,-0.19169345498085022
0.3717459738254547,0.5812287330627441,0.016454100608825684
-0.11962887644767761,-0.2526508569717407,0.7942401170730591
-0.19422179460525513,0.10357804596424103,-1.173752784729004
0.2527400851249695,0.2628462314605713,0.627716064453125
-0.04111485928297043,0.11342678219079971,0.6650708913803101
0.380180299282074,-0.21966177225112915,-0.6684790849685669
0.18037113547325134,-0.5526508688926697,0.30051812529563904
-0.28585800528526306,0.0947493463754654,-0.5089530348777771
-0.6350091695785522,-0.35926082730293274,-0.4856368899345398
0.3120163381099701,0.05831852927803993,0.500316321849823
-0.4391910433769226,-0.5526508688926697,0.09470267593860626
-0.3350091576576233,-0.1866900473833084,0.735455334186554
-0.5948035717010498,-0.206282839179039,0.014328420162200928
-0.0317651629447937,-0.5499967336654663,-0.8351997137069702
0.056774530559778214,0.14655464887619019,-0.8737527132034302
0.6120163202285767,-0.39841461181640625,0.4769018888473511
-0.0032763518393039703,0.2615682780742645,0.23509682714939117
-0.1979757696390152,-0.10824482887983322,-0.8737527132034302
0.6120163202285767,-0.17310582101345062,-1.132367491722107
0.19029965996742249,0.4108709394931793,-0.2603772282600403
0.3120163381099701,-0.0984145998954773,-0.009272778406739235
-0.5665907859802246,0.5053393840789795,-0.5737527012825012
-0.3350091576576233,-0.1376371830701828,0.5394406318664551
-0.0317651629447937,0.05000331997871399,0.6075456142425537
0.6120163202285767,0.40733206272125244,1.1628551483154297
-0.051013898104429245,-0.2526508569717407,0.5492708683013916
0.07637600600719452,0.14645633101463318,0.9129892587661743
-0.3034346401691437,0.5828015804290771,-0.4269504249095917
0.6120163202285767,0.5150713324546814,-0.3854055404663086
-0.1587531715631485,0.2628462314605713,-0.704967737197876
0.3120163381099701,0.11716226488351822,-0.10728996992111206
-0.33471423387527466,0.09753130376338959,-0.6687924861907959
-0.0058133602142333984,0.04734915494918823,0.035917967557907104
0.3120163381099701,-0.05927063897252083,0.8236324787139893
-0.3350091576576233,-0.2160824090242386,-0.6952357888221741
-0.14526726305484772,0.04734915494918823,-0.8090512752532959
-0.21763622760772705,-0.10824482887983322,0.9129892587661743
0.17478640377521515,-0.253142386674881,0.8139988780021667
-0.035009145736694336,0.2211475670337677,0.32013535499572754
0.21351750195026398,-0.2526508569717407,0.5786632299423218
0.19326724112033844,-0.29207006096839905,-0.7722064852714539
-0.11962887644767761,0.0877109095454216,-0.8737527132034302
0.012016326189041138,0.20158541202545166,-0.867836058139801
-0.3350091576576233,0.1562865823507309,0.7746779918670654
0.012016326189041138,0.16236282885074615,-0.45402055978775024
-0.07061536610126495,0.2628462314605713,0.7550175189971924
0.15473274886608124,0.26343604922294617,0.7648477554321289
-0.0706252008676529,0.10762694478034973,-0.5090512633323669
-0.3350091576576233,-0.07885245233774185,-0.7735826969146729
-0.06081463396549225,-0.2526508569717407,-0.5286134481430054
-0.1781187206506729,0.11283696442842484,0.5980287790298462
0.3120163381099701,0.2347317636013031,0.7648477554321289
0.2943771779537201,0.43682271242141724,0.4473128914833069
0.2625702917575836,-0.2526508569717407,-0.3032063841819763
0.3120163381099701,0.1562865823507309,0.23568663001060486
0.15473274886608124,0.2628462314605713,0.500316321849823
0.3120163381099701,-0.12790529429912567,0.3435242176055908
-0.3350091576576233,-0.04946007579565048,0.22595471143722534
0.06657526642084122,-0.09851290285587311,0.9129892587661743
-0.26659077405929565,-0.2526508569717407,0.03972107172012329
0.012016326189041138,-0.2024785280227661,0.04574817419052124
0.06657526642084122,-0.2526508569717407,0.2552487850189209
-8.349370182259008e-05,0.20543769001960754,0.5492708683013916
0.3120163381099701,-0.05927063897252083,0.6178858280181885
-0.08638420701026917,0.5628462433815002,-0.6913834810256958
0.07263186573982239,-0.5975750088691711,-0.4834129214286804
-0.1979757696390152,0.26314112544059753,0.8431946635246277
0.3120163381099701,-0.03966916352510452,-0.3325987458229065
0.012016326189041138,0.40733206272125244,-0.8776662945747375
-0.10979865491390228,0.1170639619231224,0.9129892587661743
-0.3350091576576233,-0.07885245233774185,0.8334627747535706
0.008674055337905884,-0.0463942289352417,-0.23006081581115723
0.0915243849158287,0.2347317636013031,-0.5384436845779419
-0.026772556826472282,0.17594701051712036,-0.34252727031707764
0.5037856101989746,-0.5526508688926697,0.7317013740539551
0.28818315267562866,-0.5526508688926697,-0.5738140344619751
0.1743932068347931,-0.2526508569717407,-0.028874250128865242
0.14783309400081635,0.3992810845375061,-0.5296763181686401
0.4547327756881714,-0.037153780460357666,0.023863762617111206
-0.35097458958625793,0.41539284586906433,0.023962080478668213
0.20378558337688446,0.2628462314605713,-0.19546709954738617
-0.02527722716331482,0.04764404892921448,0.16109371185302734
0.044812291860580444,0.007929950952529907,1.0791015625
-0.07000476121902466,0.31187957525253296,-0.1308026909828186
-0.05191713571548462,0.32876887917518616,-0.3680673837661743
0.3917210102081299,-0.1536419689655304,-0.41721850633621216
-0.26659077405929565,-0.2526508569717407,-0.4110439419746399
0.11175616085529327,-0.5498983860015869,1.2125959396362305
-0.051013898104429245,-0.2526508569717407,-0.724628210067749
0.14500083029270172,-0.2526508569717407,-0.22485947608947754
0.027391988784074783,0.2628462314605713,-0.8128052949905396
-0.051013898104429245,-0.2526508569717407,0.31413185596466064
0.1743932068347931,0.2628462314605713,-0.6560131907463074
0.6050369143486023,0.5539990663528442,-1.1725730895996094
0.15473274886608124,0.2628462314605713,0.039730899035930634
0.0915243849158287,0.20533940196037292,-0.4110439419746399
0.3120163381099701,0.18567894399166107,0.529708743095398
-0.06081463396549225,-0.1768597960472107,0.9129892587661743
-0.09505331516265869,0.10762694478034973,-0.09165991097688675
0.20378558337688446,-0.16702957451343536,0.9129892587661743
-0.010051343590021133,0.18577726185321808,-0.009331759996712208
0.04699346050620079,0.2628462314605713,0.8432929515838623
0.3120163381099701,0.1955091804265976,-0.44043630361557007
-0.04121315851807594,-0.2526508569717407,0.6865008473396301
0.6120163202285767,-0.15344536304473877,0.07291659712791443
0.3120163381099701,-0.15729765594005585,-0.23468971252441406
0.08617674559354782,-0.2526508569717407,0.5492708683013916
-0.634615957736969,0.5538023710250854,0.3888600468635559
0.2527400851249695,-0.12790529429912567,-0.8737527132034302
-0.3292093276977539,0.0005050028557889163,0.5893781781196594
-0.3350091576576233,0.13672439754009247,-0.7931448817253113
-0.10604466497898102,-0.1632756143808365,-1.173752784729004
-0.24702861905097961,-0.2526508569717407,0.21612447500228882
0.5037856101989746,-0.5526508688926697,0.4769018888473511
-0.20847561955451965,-0.17310582101345062,0.04574817419052124
-0.03425335884094238,0.19580408930778503,-0.5874965190887451
-0.6408089995384216,0.36494413018226624,0.11455975472927094
-0.22736814618110657,0.16611678898334503,0.9129892587661743
-0.30201810598373413,0.04734915494918823,-0.12087416648864746
0.06339144706726074,0.40338030457496643,-0.27000102400779724
-0.21763622760772705,-0.2526508569717407,-0.07786809653043747
0.09712761640548706,0.2665817141532898,0.1605837047100067
0.3120163381099701,-0.029868431389331818,-0.8226355314254761
0.4253403842449188,0.5628462433815002,-0.38762950897216797
-0.26280727982521057,-0.28091391921043396,0.6132841110229492
-0.1682884842157364,0.11195224523544312,0.35355105996131897
-0.0962144285440445,-0.17310582101345062,0.6129892468452454
0.6052335500717163,0.5597005486488342,0.601844072341919
0.012016326189041138,0.06435546278953552,-0.3386651575565338
0.09191759675741196,0.16611678898334503,-0.6460846662521362
-0.035009145736694336,0.26034069061279297,-0.6130366325378418
0.2979819178581238,0.04734915494918823,-0.2798804044723511
0.27240055799484253,-0.2526508569717407,-0.5286134481430054
-0.1979757696390152,-0.2526508569717407,-0.5188815593719482
-0.26639416813850403,0.1081184595823288,0.6776536703109741
0.3120163381099701,0.03895298391580582,0.19695554673671722
0.6120163202285767,0.5347317457199097,-0.45624449849128723
0.6120163202285767,-0.3494699001312256,0.1415315866470337
-0.36081463098526,-0.43763720989227295,-1.173752784729004
0.012016326189041138,-0.2906733751296997,0.2417333871126175
0.00778068695217371,-0.2526508569717407,0.7942401170730591
-0.6350091695785522,0.1721930354833603,-0.19922104477882385
0.39594799280166626,0.22112789750099182,-1.173752784729004
-0.0026649110950529575,0.17594701051712036,0.41204091906547546
-0.07049626111984253,0.33865809440612793,-0.26744282245635986
0.05002233386039734,-0.2032846212387085,-0.12319643795490265
0.2233477234840393,-0.2526508569717407,0.6962327361106873
-0.2656077444553375,0.09874042123556137,-0.39167842268943787
-0.25676053762435913,0.18567894399166107,-0.665351927280426
-0.0317651629447937,-0.5499967336654663,0.32112979888916016
-0.3350091576576233,-0.02011684514582157,0.4709239900112152
0.2757439911365509,-0.056322723627090454,-0.5350829362869263
0.3120163381099701,-0.1768597960472107,0.8236324787139893
-0.035009145736694336,-0.1632756143808365,0.6020776629447937
0.6120163202285767,0.5249015688896179,1.1824172735214233
-0.1979757696390152,-0.2526508569717407,-0.3032063841819763
0.01758142188191414,-0.2526508569717407,-0.8226355314254761
-0.4784136414527893,-0.5526508688926697,-0.19169345498085022
-0.17821702361106873,0.10305589437484741,-0.5383453369140625
0.10202424228191376,-0.53564453125,-1.173752784729004
0.3120163381099701,-0.15729765594005585,-0.11702189594507217
0.012016326189041138,-0.5160824060440063,-0.08387553691864014
0.3120163381099701,-0.20625218749046326,0.5982254147529602
-0.0058133602142333984,-0.037153780460357666,1.0942401885986328
0.1841251254081726,-0.2526508569717407,-0.6266207695007324
-0.1588514745235443,-0.2526508569717407,0.29447141289711
-0.3350091576576233,-0.10824482887983322,-0.08762951195240021
0.3120163381099701,-0.049469903111457825,-0.46982869505882263
-0.3350091576576233,-0.1376371830701828,-0.26408204436302185
-0.6058133840560913,-0.4279053211212158,-1.173752784729004
0.3120163381099701,-0.2258143275976181,0.3924787640571594
-0.06081463396549225,-0.2526508569717407,0.441433310508728
0.3120163381099701,-0.020067695528268814,0.069123275578022
-0.20780600607395172,-0.00048195209819823503,-0.8737527132034302
0.4450008273124695,-0.037153780460357666,0.3178858160972595
0.229384645819664,0.04734915494918823,-0.41702190041542053
0.04697379842400551,-0.2526508569717407,-0.5286134481430054
-0.24303869903087616,0.5953842997550964,0.8395389914512634
0.6124095916748047,0.31015241146087646,1.2073860168457031
-0.028582513332366943,0.0025233328342437744,0.5238291025161743
-0.035009145736694336,-0.27106404304504395,1.1334627866744995
-0.22648343443870544,0.11087092012166977,0.4514601230621338
-0.2566622197628021,0.09608626365661621,-0.26418036222457886
-0.22362400591373444,-0.27108368277549744,-1.173752784729004
-0.060785140842199326,0.26333773136138916,-0.7540205717086792
0.29138487577438354,-0.013266324996948242,-0.05235746502876282
-0.1979757696390152,0.26333773136138916,-0.802975058555603
-0.3350091576576233,-0.0984145998954773,0.6374480128288269
-0.21763622760772705,-0.2526508569717407,0.500316321849823
-0.07665228843688965,0.04734915494918823,-0.1012137234210968
-0.22736814618110657,0.10733204334974289,-0.8737527132034302
-0.16858339309692383,0.009317801333963871,0.9129892587661743
-0.21358734369277954,0.39672523736953735,0.41472572088241577
0.08182194828987122,0.22480325400829315,-0.1957620084285736
0.1351705938577652,-0.2526508569717407,0.3336940109729767
-0.3350091576576233,-0.00046229150029830635,-0.704967737197876
0.39594799280166626,0.04734915494918823,-0.45402055978775024
-0.036975204944610596,-0.24385395646095276,0.1023089587688446
0.0915243849158287,0.12689419090747833,-0.47965896129608154
0.3120163381099701,-0.029868431389331818,0.7256251573562622
-0.6350091695785522,-0.4474674463272095,-0.04465293884277344
-0.24673372507095337,0.0951327309012413,-0.616692304611206
-0.3357955515384674,-0.021424267441034317,0.12460506707429886
-0.035598933696746826,-0.24665558338165283,-0.06922848522663116
-0.16858339309692383,-0.2526508569717407,0.7060629725456238
0.3123112618923187,0.18617044389247894,0.6766706109046936
0.28213247656822205,-0.2526508569717407,0.500316321849823
-0.10979865491390228,0.20533940196037292,0.6831585168838501
-0.2371983826160431,-0.2526508569717407,-0.17590494453907013
-0.03141242638230324,-0.2526508569717407,-0.6266207695007324
0.4057782292366028,0.5538023710250854,-1.173752784729004
-0.05089593678712845,0.11971811950206757,0.5490742921829224
0.2919626832008362,-0.09851290285587311,0.9129892587661743
0.6085758209228516,-0.5501933097839355,-1.0441902875900269
-0.24229159951210022,-0.005598783493041992,0.006169378757476807
-0.006354195531457663,0.1562865823507309,0.24591007828712463
0.19395534694194794,0.2628462314605713,-0.2934744358062744
0.3120163381099701,0.11716226488351822,-0.7343600988388062
0.6120163202285767,0.5053393840789795,-0.8873981833457947
0.28818315267562866,0.04734915494918823,-0.18189272284507751
-0.32162153720855713,0.36810946464538574,-0.5737527012825012
-0.40979868173599243,-0.3200775384902954,-0.5737527012825012
0.3120163381099701,-0.0004731050576083362,-0.5776662826538086
0.012016326189041138,-0.06526824831962585,0.4769018888473511
-0.6350091695785522,-0.47685980796813965,0.32013535499572754
0.10577820986509323,0.2628462314605713,-0.7540205717086792
0.3120163381099701,0.17594701051712036,0.01032574474811554
0.012016326189041138,-0.19266796112060547,0.28849345445632935
-0.3350091576576233,-0.1768597960472107,0.8432929515838623
-0.060794975608587265,0.10644731670618057,-0.2837425172328949
-0.11962887644767761,-0.2526508569717407,0.6178858280181885
-0.3350091576576233,-0.14746743440628052,0.44153159856796265
0.6120163202285767,0.3387269079685211,0.4942401051521301
0.15473274886608124,-0.25225767493247986,0.9088605642318726
-0.1588514745235443,0.18567894399166107,-0.8737527132034302
0.6052335500717163,0.5597005486488342,-0.476040244102478
0.2933341860771179,0.51536625623703,0.023863762617111206
0.3120163381099701,-0.1376371830701828,0.0789240151643753
0.4939553737640381,0.5628462433815002,0.11213919520378113
-0.3350091576576233,-0.1768597960472107,-0.7834129333496094
0.012016326189041138,-0.24168148636817932,-0.642428994178772
0.43517059087753296,0.04734915494918823,-0.41702190041542053
-0.09020701050758362,0.18567894399166107,-0.665351927280426
0.32739201188087463,-0.03705549240112305,1.0452855825424194
-0.2374354749917984,-0.012479931116104126,-0.1500699520111084
-0.1588514745235443,-0.2526508569717407,-0.7344583868980408
0.0036421616096049547,0.19570575654506683,0.6470816135406494
-0.6251789331436157,-0.3298782706260681,0.6134807467460632
-0.08648250997066498,-0.5522576570510864,-1.1690342426300049
-0.23230409622192383,0.4861704707145691,-0.6226701736450195
-0.2861529290676117,-0.2526508569717407,-0.6167905926704407
-0.03999421373009682,0.11224714666604996,-0.4209724962711334
-0.2764210104942322,-0.2526508569717407,0.6962327361106873
-0.4784136414527893,0.40674224495887756,0.4180876612663269
-0.3216117024421692,-0.5526508688926697,0.5258564352989197
-0.3350091576576233,-0.19642196595668793,-0.18563686311244965
-0.051013898104429245,0.1562865823507309,-0.8737527132034302
-0.03710412606596947,0.11539282649755478,-0.6364510655403137
0.012016326189041138,0.4661167860031128,-0.6325987577438354
-0.2918544411659241,0.09907464683055878,0.5882968902587891
-0.26659077405929565,-0.2526508569717407,0.3729166090488434
0.27963873744010925,0.41342678666114807,-0.24077576398849487
-0.25295740365982056,-0.011496901512145996,0.2515636086463928
-0.3313719630241394,0.01017008163034916,0.3144267499446869
-0.01688629947602749,0.28476762771606445,-0.597228467464447
-0.29480352997779846,0.0924687385559082,-0.03854719549417496
0.3120163381099701,-0.15729765594005585,-0.6364510655403137
0.3120163381099701,-0.12790529429912567,-0.35225918889045715
-0.24322548508644104,0.04734915494918823,-0.5052973628044128
0.08617674559354782,-0.2526508569717407,-0.009282607585191727
-0.051013898104429245,-0.2526508569717407,0.862855076789856
0.1841251254081726,-0.2526508569717407,0.08871491253376007
0.012016326189041138,-0.2514723837375641,-0.46607473492622375
-0.021621521562337875,0.13672439754009247,0.9129892587661743
0.6120163202285767,-0.3298684358596802,0.8297087550163269
-0.3350091576576233,-0.15719936788082123,-0.5873981714248657
-0.3350091576576233,-0.03965933620929718,-0.5187832713127136
0.3916226923465729,0.3779495060443878,0.12409506738185883
-0.6155452728271484,0.5628462433815002,-1.1029751300811768
0.0777030885219574,0.07831321656703949,-0.6548336148262024
-0.1292625069618225,0.11844019591808319,0.6773587465286255
-0.6317651867866516,-0.5499967336654663,-0.049015194177627563
-0.03491082787513733,0.05570483207702637,-0.09370575845241547
-0.07665228843688965,0.5628462433815002,0.40832623839378357
-0.3013368546962738,0.5750356912612915,0.4474112093448639
-0.3350091576576233,0.04853745549917221,-0.7834129333496094
-0.6529984474182129,-0.2806386649608612,-0.27985289692878723
-0.3350091576576233,-0.08865318447351456,0.7256251573562622
0.14500083029270172,0.2628462314605713,0.8530248403549194
0.24300818145275116,0.2628462314605713,0.7158932089805603
-0.012387989088892937,0.17594701051712036,-0.09745974093675613
0.6086740493774414,0.5536057949066162,-0.07103490829467773
0.03537529706954956,0.0037029385566711426,0.5671803951263428
-0.33166688680648804,-0.11807505041360855,0.9130875468254089
-0.4293608069419861,-0.4083431363105774,0.6132841110229492
0.3120163381099701,-0.0788622796535492,-0.6854055523872375
-0.027599453926086426,0.5633377432823181,0.23944061994552612
0.23317795991897583,0.2628462314605713,0.8040703535079956
-0.1843915581703186,0.35830870270729065,0.6129892468452454
0.0018912255764007568,0.04744744300842285,-0.5248594880104065
0.08617674559354782,-0.2526508569717407,0.8334627747535706
0.012016326189041138,-0.2710738480091095,0.1023089587688446
0.01758142188191414,-0.1768597960472107,-0.8737527132034302
0.3018912374973297,-0.2525525689125061,0.7550175189971924
0.12534037232398987,-0.2526508569717407,0.4709239900112152
-0.14902125298976898,0.2444636970758438,0.9132841229438782
-0.16268526017665863,0.10792184621095657,-0.02966066636145115
-0.3350091576576233,-0.2160824090242386,-0.450266569852829
0.059320561587810516,0.15667976438999176,-0.5577109456062317
-0.6058133840560913,-0.5526508688926697,-0.18189272284507751
0.3120163381099701,-0.1768597960472107,-0.5286134481430054
-0.07665228843688965,-0.07509846985340118,-1.173752784729004
0.08616691082715988,0.23463347554206848,0.9129892587661743
0.012016326189041138,0.5150713324546814,0.2319326400756836
0.29116663336753845,-0.0944640040397644,-0.2015630006790161
0.16456297039985657,0.2628462314605713,-0.4599984884262085
0.3120163381099701,-0.049469903111457825,0.2650790214538574
0.3120163381099701,0.038726888597011566,-0.7735826969146729
0.00778068695217371,-0.2526508569717407,0.6178858280181885
-0.027599453926086426,-0.26128295063972473,-1.173752784729004
0.012016326189041138,-0.2220800220966339,-0.30927279591560364
0.3120163381099701,0.13672439754009247,0.14750950038433075
0.012212932109832764,-0.1625874638557434,0.760700523853302
-0.3350091576576233,0.17594701051712036,-0.7147979736328125
-0.6546696424484253,-0.2850583493709564,0.047517627477645874
-0.15855656564235687,0.10349825024604797,-0.14621767401695251
-0.3350091576576233,-0.1768597960472107,0.36308637261390686
-0.13919101655483246,-0.2526508569717407,0.529708743095398
0.3120163381099701,0.11716226488351822,0.7648477554321289
-0.2764210104942322,-0.04947973042726517,-0.8737527132034302
-0.3902070224285126,0.04734915494918823,-0.2210858166217804
0.4059748351573944,0.5627479553222656,0.545516848564148
-0.14526726305484772,0.35830870270729065,-1.173752784729004
-0.3412131667137146,0.04734915494918823,-0.4954671263694763
0.012016326189041138,0.17209471762180328,0.8688330054283142
0.21974119544029236,0.4107726216316223,-0.18205000460147858
0.0018912255764007568,0.04744744300842285,0.3668403625488281
-0.29460692405700684,-0.25569823384284973,-0.7563797831535339
-0.0018028008053079247,0.2667783200740814,0.4805575907230377
0.23317795991897583,-0.2526508569717407,-0.704967737197876
-0.06682205200195312,-0.037153780460357666,-1.0147979259490967
0.3120163381099701,0.13672439754009247,-0.4992210566997528
-0.4391910433769226,-0.47685980796813965,-0.5737527012825012
-0.2371983826160431,-0.2526508569717407,-0.6952357888221741
-0.3386463224887848,0.0881139412522316,-0.43964990973472595
0.38298192620277405,0.3727886378765106,-0.3804534673690796
-0.5263851284980774,-0.20029622316360474,-0.03157868981361389
0.5996302962303162,0.5627479553222656,-0.7893908619880676
0.6120163202285767,0.1329704374074936,-1.132367491722107
0.09309721738100052,0.2599954605102539,-0.6266207695007324
-0.025178909301757812,0.44655466079711914,-0.5735560655593872
-0.0317651629447937,0.05000331997871399,0.5073143243789673
-0.0510040707886219,0.2628462314605713,0.8334627747535706
-0.3350091576576233,-0.08865318447351456,-0.6854055523872375
0.14500083029270172,-0.07887210696935654,0.9129892587661743
0.02738215960562229,-0.2526508569717407,0.3336940109729767
0.2489861100912094,0.3387170732021332,0.6129892468452454
0.38616693019866943,-0.47685980796813965,1.212989330291748
0.3120163381099701,-0.05927063897252083,-0.10728996992111206
0.3120163381099701,-0.20625218749046326,0.31413185596466064
0.3120163381099701,0.13672439754009247,-0.6560131907463074
-0.5371984243392944,0.5629445314407349,-0.3757719397544861
0.008575767278671265,0.04980671405792236,-0.6816515922546387
-0.2861529290676117,0.18567894399166107,0.6831585168838501
-0.022291123867034912,0.015400916337966919,-0.5113307237625122
-0.4784136414527893,0.5628462433815002,0.4550175070762634
-0.07059570401906967,0.2628462314605713,-0.6687924861907959
-0.0003194191085640341,0.1369210034608841,0.49038779735565186
-0.03491082787513733,0.05570483207702637,0.23944061994552612
-0.1899149864912033,-0.2569761574268341,0.8337576389312744
-0.3350091576576233,0.1955091804265976,0.8432929515838623
0.012016326189041138,-0.4474674463272095,-0.04465293884277344
-0.25685882568359375,-0.1768597960472107,0.9129892587661743
0.13141661882400513,0.4068405330181122,-0.7599985003471375
-0.1354370415210724,0.181924968957901,-1.173752784729004
-0.2371983826160431,-0.02987826056778431,0.9129892587661743
-0.32162153720855713,-0.4082448482513428,1.212989330291748
0.317581444978714,0.04734915494918823,0.18065586686134338
0.3120163381099701,0.16611678898334503,-0.21502923965454102
-0.035009145736694336,-0.4082448482513428,-0.19167378544807434
0.012016326189041138,0.3191254138946533,-0.5444216728210449
-0.09020701050758362,-0.2526508569717407,-0.2836441993713379
-0.22362400591373444,0.04734915494918823,-0.7306060791015625
0.5233477354049683,0.5633377432823181,-0.015260547399520874
0.11560844630002975,0.2628462314605713,0.3924787640571594
-0.035009145736694336,-0.21226945519447327,1.035455346107483
-0.5861529111862183,-0.5526508688926697,0.26132503151893616
0.38440731167793274,0.4032328426837921,0.050503700971603394
-0.16858339309692383,0.11578603088855743,0.5197802186012268
0.10577820986509323,0.2628462314605713,-0.35225918889045715
-0.21547475457191467,-0.20734450221061707,-0.10677996277809143
0.4253403842449188,0.04734915494918823,0.4769018888473511
0.1608089953660965,-0.5526508688926697,-0.377868115901947
0.5430082082748413,0.5628462433815002,0.32013237476348877
0.2233477234840393,-0.2526508569717407,-0.22485947608947754
-0.3350091576576233,-0.059260811656713486,0.5394406318664551
-0.40979868173599243,0.055803149938583374,1.212989330291748
-0.27248021960258484,-0.011890113353729248,-0.21878325939178467
-0.09011968970298767,0.0040961503982543945,0.5773054957389832
-0.03141242638230324,0.2539007365703583,0.6832568645477295
0.33734017610549927,0.5877166986465454,-0.51502925157547
0.012016326189041138,0.39781638979911804,0.013443738222122192
0.07263186573982239,-0.04619762301445007,0.6135790944099426
-0.48824387788772583,-0.5526508688926697,-0.1404362916946411
-0.3350091576576233,-0.020057864487171173,-0.8226355314254761
0.3120163381099701,-0.1866900473833084,0.13767927885055542
-0.3510138988494873,0.04734915494918823,-0.33867499232292175
-0.06682205200195312,-0.5526508688926697,0.32991838455200195
0.1351705938577652,-0.2526508569717407,0.735455334186554
0.18037113547325134,0.04734915494918823,-0.7796589732170105
-0.10979865491390228,-0.2526508569717407,-0.5873981714248657
0.3120163381099701,-0.03966916352510452,0.36308637261390686
-0.547028660774231,0.12314021587371826,-0.5737527012825012
0.012016326189041138,-0.07509846985340118,0.29822540283203125
0.0959479883313179,0.26343604922294617,0.7060629725456238
0.3120163381099701,-0.088210828602314,-0.27391231060028076
0.3726700246334076,0.5879132747650146,-0.43648576736450195
0.11175616085529327,0.4661167860031128,0.983158528804779
-0.03000670298933983,0.17594701051712036,-0.4600967764854431
-0.29794052243232727,-0.037153780460357666,0.29812705516815186
-0.24289990961551666,0.1074303463101387,0.5293155312538147
0.3143276274204254,-0.04000455141067505,1.2131859064102173
0.13141661882400513,-0.04000455141067505,-0.5729662775993347
0.6120163202285767,0.10357804596424103,-0.0032063722610473633
-0.31181982159614563,-0.055536314845085144,-0.5737527012825012
-0.26659077405929565,-0.2526508569717407,-0.48939085006713867
-0.01461158599704504,0.20553600788116455,-0.165976420044899
0.02738215960562229,-0.2526508569717407,-0.35225918889045715
0.5821324586868286,0.5628462433815002,-0.33645105361938477
-0.36081463098526,-0.5526508688926697,-0.6522592306137085
0.16456297039985657,0.2628462314605713,-0.5678360462188721
-0.035009145736694336,-0.4670295715332031,0.9080556631088257
0.3120163381099701,-0.10824482887983322,0.735455334186554
0.1743932068347931,0.2628462314605713,0.6865008473396301
0.12534037232398987,-0.2526508569717407,-0.8226355314254761
0.6120163202285767,0.4268941879272461,-0.7110439538955688
0.19395534694194794,-0.2526508569717407,-0.3326970636844635
-0.035009145736694336,0.2211475670337677,0.5944714546203613
-0.1588514745235443,-0.2526508569717407,-0.8128052949905396
0.3120163381099701,0.18567894399166107,-0.7735826969146729
-0.31427639722824097,0.4179486930370331,-0.3386455178260803
0.043239474296569824,-0.037153780460357666,1.035455346107483
-0.07105772942304611,0.11785038560628891,0.3982785940170288
0.09565307945013046,0.28309646248817444,0.46070051193237305
-0.3588965833187103,0.0018025925382971764,-0.6351730823516846
0.5430082082748413,0.04734915494918823,0.24172355234622955
0.06329314410686493,0.39434632658958435,0.11455975472927094
-0.04316824674606323,-0.3111320436000824,-0.42911309003829956
-0.2807462811470032,-0.2716231942176819,-0.8265675902366638
0.23317795991897583,-0.23564454913139343,0.9129892587661743
-0.09016769379377365,0.10457957535982132,-0.5872999429702759
0.601891279220581,-0.5525525808334351,-0.7599985003471375
-0.015446990728378296,-0.2143927812576294,-0.407289981842041
-0.3231145739555359,0.04845881089568138,0.6567152142524719
-0.2029706984758377,-0.03332000970840454,0.3822368085384369
-0.3202638030052185,0.08757328987121582,-0.5824830532073975
-0.025178909301757812,-0.04609927535057068,-0.5734577775001526
0.2919626832008362,-0.2526508569717407,0.15733972191810608
-0.011908113956451416,0.39020779728889465,0.3307362496852875
-0.2959831655025482,0.1955091804265976,0.9129892587661743
-0.26659077405929565,0.2628462314605713,-0.7441902756690979
-0.11587488651275635,0.04734915494918823,-0.05448314547538757
0.012016326189041138,0.19175517559051514,-0.7208741903305054
0.02738215960562229,-0.2526508569717407,0.7256251573562622
0.012016326189041138,-0.3494699001312256,-0.45402055978775024
0.012016326189041138,0.3191254138946533,-0.209051251411438
-0.12936079502105713,0.26333773136138916,0.8236324787139893
0.6120163202285767,-0.2612731158733368,0.9080556631088257
-0.035009145736694336,0.2309482991695404,-0.7012137174606323
0.3120163381099701,-0.15729765594005585,0.41204091906547546
0.2393721491098404,-0.1936509907245636,0.5539708733558655
-0.04725992679595947,0.3485178053379059,0.6129892468452454
-0.09004972875118256,0.1023382842540741,-0.19517219066619873
0.5724005699157715,-0.35928046703338623,-1.173752784729004
-0.08041610568761826,0.18567894399166107,0.9129892587661743
0.14500083029270172,-0.2526508569717407,0.6374480128288269
0.39594799280166626,-0.03656396269798279,0.30047881603240967
0.012016326189041138,-0.1240530014038086,0.38871490955352783
0.23317795991897583,-0.05928047001361847,0.9129892587661743
0.2527400851249695,0.26314112544059753,0.36308637261390686
0.5331779718399048,-0.037153780460357666,0.7709239721298218
0.12534037232398987,-0.2526508569717407,-0.5873981714248657
-0.16482941806316376,-0.037153780460357666,-0.5542518496513367
0.6120163202285767,-0.4474674463272095,0.33744800090789795
0.2625702917575836,0.16611678898334503,0.9129892587661743
0.012016326189041138,0.10357804596424103,-0.26027894020080566
0.14500083029270172,0.1955091804265976,0.9129892587661743
0.08618657290935516,0.2628462314605713,0.7845081686973572
0.20378558337688446,0.2628462314605713,-0.11702189594507217
-0.2628171145915985,0.04734915494918823,-0.41479796171188354
0.3665752708911896,-0.5526508688926697,-0.5934744477272034
-0.6350091695785522,0.2505399286746979,0.25154393911361694
-0.10000774264335632,-0.2526508569717407,0.7256251573562622
-0.10979865491390228,-0.2526508569717407,0.3532561659812927
0.2679682970046997,-0.06566143035888672,-0.7027865648269653
0.6120163202285767,-0.5160824060440063,-0.45624449849128723
0.0334092378616333,-0.5526508688926697,-0.6228668093681335
-0.12906590104103088,0.1103794127702713,0.28523099422454834
0.6052335500717163,0.5597005486488342,0.38404327630996704
0.6052335500717163,0.5597005486488342,0.288289338350296
-0.6669573783874512,-0.27957701683044434,-0.04301875829696655
0.012016326189041138,0.3294471800327301,-0.1820303499698639
-0.03491082787513733,0.05570483207702637,0.3495316505432129
0.30267882347106934,-0.15344536304473877,0.8981270790100098
0.3120163381099701,-0.1866900473833084,-0.704967737197876
0.3120163381099701,0.18567894399166107,0.8139005899429321
0.2868354320526123,0.5540972948074341,-0.3483676016330719
0.6120163202285767,0.1329704374074936,1.1922475099563599
0.043239474296569824,0.04734915494918823,0.6043016314506531
-0.4784136414527893,-0.5526508688926697,0.5062942504882812
0.21351750195026398,-0.2526508569717407,-0.46982869505882263
0.23317795991897583,-0.2526508569717407,0.36308637261390686
0.0273723267018795,-0.10824482887983322,-0.8737527132034302
0.16456297039985657,-0.2526508569717407,-0.6952357888221741
-0.3350091576576233,0.09753130376338959,0.8236324787139893
0.01758142188191414,-0.16702957451343536,0.9129892587661743
-0.07061536610126495,-0.2526508569717407,-0.43060609698295593
-0.3350091576576233,-0.029858602210879326,0.7845081686973572
0.3120163381099701,0.009326647035777569,-0.39148181676864624
0.15473274886608124,-0.2526508569717407,0.5394406318664551
0.4253403842449188,0.45628660917282104,-0.5737527012825012
-0.2726178467273712,-0.5526508688926697,-0.34847572445869446
0.012016326189041138,0.27013158798217773,-0.29947206377983093
0.5527400970458984,0.5628462433815002,-0.5444216728210449
0.1608089953660965,-0.47685980796813965,1.212989330291748
0.012016326189041138,-0.4180750548839569,-0.7893908619880676
0.170540913939476,0.20148710906505585,-0.5737527012825012
-0.3010861873626709,0.5882081985473633,0.016355812549591064
-0.10979865491390228,0.11745716631412506,0.5884934663772583
0.0915243849158287,0.1562865823507309,-0.18563686311244965
-0.03481253981590271,-0.26126328110694885,0.6090571284294128
-0.5460456013679504,0.40031325817108154,0.39827972650527954
-0.07315042614936829,-0.27108368277549744,-0.7992210388183594
-0.6294059753417969,0.3804168701171875,0.46697336435317993
-0.18814554810523987,0.21507133543491364,-0.665351927280426
0.19020135700702667,0.04734915494918823,-0.3560131788253784
0.13141661882400513,0.37791019678115845,0.6129892468452454
-0.3350091576576233,-0.1768597960472107,-0.048456065356731415
-0.035009145736694336,-0.4082448482513428,-0.12309813499450684
0.3120163381099701,-0.10824482887983322,-0.18563686311244965
0.3120163381099701,-0.0984145998954773,-0.8226355314254761
0.3120163381099701,-0.2258143275976181,-0.5776662826538086
-0.5367068648338318,-0.1971014142036438,-0.7599002122879028
-0.03142225369811058,-0.2258143275976181,-0.8737527132034302
-0.14526726305484772,0.5628462433815002,-0.18187305331230164
-0.23342475295066833,-0.5522576570510864,-1.1689358949661255
0.2625702917575836,0.14655464887619019,-0.8737527132034302
-0.012380124069750309,0.23463347554206848,0.03800078108906746
-0.022820807993412018,0.1771266609430313,-0.2260391116142273
0.23946928977966309,-0.2567795515060425,0.7821489572525024
0.2811525762081146,-0.19335609674453735,-0.40394771099090576
0.26719170808792114,-0.17172959446907043,-0.2595786452293396
-0.19768086075782776,0.10157153010368347,-0.29386767745018005
0.0915243849158287,0.13672439754009247,-0.40121373534202576
-0.2764210104942322,-0.2526508569717407,0.5688329935073853
-0.005893157795071602,0.19580408930778503,0.1767052710056305
-0.1979757696390152,0.12689419090747833,-0.665351927280426
-0.27262768149375916,-0.10449083149433136,1.212989330291748
-0.11962887644767761,0.26333773136138916,-0.7834129333496094
0.043239474296569824,0.3485178053379059,-0.5737527012825012
0.13141661882400513,-0.5526508688926697,0.16331766545772552
0.3120163381099701,-0.0886630192399025,0.500316321849823
0.4156084656715393,0.2799224853515625,0.6129892468452454
-0.04121315851807594,-0.2526508569717407,-0.7932431697845459
-0.03141242638230324,-0.2526508569717407,0.3826485574245453
-0.1979757696390152,-0.2526508569717407,0.7648477554321289
-0.3350091576576233,-0.19642196595668793,-0.2934744358062744
-0.07665228843688965,0.11330996453762054,-0.5737527012825012
0.24300818145275116,-0.2526508569717407,-0.5873981714248657
-0.3350091576576233,-0.19642196595668793,0.6668403744697571
-0.3350091576576233,-0.14746743440628052,-0.724628210067749
0.3120163381099701,0.1955091804265976,0.31413185596466064
-0.14526726305484772,-0.037153780460357666,0.2711355984210968
0.3120163381099701,-0.06907136738300323,0.11811712384223938
-0.035009145736694336,-0.33965933322906494,0.966840386390686
0.34697380661964417,0.38771092891693115,0.6129892468452454
-0.3350091576576233,-0.07885245233774185,0.44153159856796265
-0.3350091576576233,-0.02011684514582157,0.40230897068977356
-0.09019717574119568,0.10802015662193298,-0.342428982257843
-0.3350091576576233,0.09753130376338959,-0.7343600988388062
-0.03742972016334534,-0.037153780460357666,-0.6228668093681335
0.0915243849158287,0.21507133543491364,-0.26408204436302185
-0.16848509013652802,0.11490131169557571,0.4219694435596466
-0.23021891713142395,0.10644731670618057,0.373014897108078
-0.4391910433769226,-0.037153780460357666,0.9887617826461792
0.12502695620059967,-0.19247137010097504,0.3494333326816559
0.06518920511007309,0.20543769001960754,-0.46982869505882263
0.05986122414469719,0.20563429594039917,-0.6067637801170349
-0.32508060336112976,0.21507133543491364,-0.6648603677749634
-0.6058133840560913,-0.5526508688926697,0.10453291237354279
0.014535218477249146,-0.2092319130897522,0.5454185605049133
0.28213247656822205,0.2628462314605713,0.22595471143722534
0.004704982042312622,-0.20086637139320374,0.7418265342712402
-0.23440776765346527,-0.2001684308052063,-0.009694308042526245
-0.0317651629447937,0.05000331997871399,1.0386993885040283
0.2527400851249695,0.2629445195198059,-0.8324657082557678
-0.24375630915164948,0.5889946222305298,-0.6816515922546387
0.008575767278671265,0.04980671405792236,1.1432929039001465
-0.2080824077129364,-0.005697071552276611,0.904811680316925
-0.09992910921573639,0.10929808020591736,-0.44033801555633545
0.0018912255764007568,0.5632394552230835,1.1334627866744995
-0.00581353297457099,0.24456201493740082,0.421772837638855
-0.003966433461755514,0.13682271540164948,0.36288976669311523
-0.09992910921573639,0.1103794127702713,-0.02869730442762375
-0.2764210104942322,-0.2526508569717407,-0.1268521100282669
0.012016326189041138,-0.06526824831962585,0.7904860973358154
-0.3350091576576233,-0.16702957451343536,-0.6560131907463074
-0.3350091576576233,-0.14746743440628052,-0.13668234646320343
-0.3350091576576233,-0.1376371830701828,0.7942401170730591
0.3120163381099701,-0.0004731050576083362,0.6571084856987
-0.09020701050758362,-0.2526508569717407,0.2650790214538574
-0.25302621722221375,-0.5526508688926697,0.45733973383903503
-0.5273681879043579,-0.5526508688926697,-0.3092826306819916
-0.10000774264335632,-0.2526508569717407,-0.7638508081436157
0.5331779718399048,-0.21228909492492676,-1.173752784729004
-0.3350091576576233,-0.1866900473833084,0.500316321849823
-0.25676053762435913,-0.2526508569717407,0.45126351714134216
-0.24702861905097961,-0.2526508569717407,-0.5580058693885803
0.012016326189041138,-0.2710738480091095,0.3299242854118347
-0.36081463098526,-0.28088441491127014,-0.5737527012825012
-0.5665907859802246,-0.036662280559539795,-0.5421977043151855
-0.027175597846508026,0.21526794135570526,-0.29367104172706604
0.3120163381099701,-0.029868431389331818,-0.6364510655403137
0.24300818145275116,-0.2526508569717407,0.11810728907585144
0.13141661882400513,0.3485178053379059,-0.5737527012825012
-0.2959831655025482,-0.2526508569717407,0.2552487850189209
0.6120163202285767,0.4171622693538666,0.12409506738185883
-0.3350091576576233,0.21507133543491364,-0.7637524604797363
-0.3349108397960663,-0.030074864625930786,0.05933237448334694
-0.2860546112060547,0.09588965028524399,-0.3326970636844635
-0.0399242639541626,-0.2900707721710205,-0.113956019282341
-0.0017674117116257548,0.2051427960395813,0.4709239900112152
-0.03524621203541756,0.24416878819465637,-0.548372209072113
-0.20780600607395172,0.10674222558736801,0.6571084856987
-0.21763622760772705,-0.2526508569717407,-0.3620894253253937
-0.08648250997066498,0.22112789750099182,-1.173752784729004
0.4156084656715393,-0.3200775384902954,-0.5737527012825012
0.6120163202285767,0.181924968957901,0.2319326400756836
0.15473274886608124,0.26314112544059753,-0.7147979736328125
0.1743932068347931,0.2628462314605713,0.5591011047363281
-0.22736814618110657,0.0975116416811943,0.9129892587661743
0.3120163381099701,0.07791999727487564,0.44153159856796265
-0.3350091576576233,-0.07885245233774185,-0.8421977162361145
0.14114853739738464,-0.5526508688926697,-0.2504880428314209
-0.035009145736694336,0.2211475670337677,0.055578380823135376
0.4450008273124695,0.5631411075592041,-0.1012137234210968
-0.21763622760772705,-0.2526508569717407,-0.23468971252441406
0.14500083029270172,-0.14746743440628052,0.9129892587661743
0.11560844630002975,-0.2526508569717407,0.3924787640571594
-0.03151072561740875,0.10870826989412308,0.1960708200931549
-0.3706153631210327,-0.5526508688926697,-0.16232073307037354
0.38619640469551086,0.5628462433815002,-0.3952357769012451
-0.6350091695785522,-0.53564453125,0.7023090124130249
0.601891279220581,-0.5525525808334351,0.1927100419998169
-0.3350091576576233,-0.2160824090242386,-0.6069603562355042
0.27240055799484253,-0.2526508569717407,0.6080556511878967
0.012016326189041138,0.5053393840789795,0.7317013740539551
0.012016326189041138,-0.2024785280227661,0.5161244869232178
-0.035009145736694336,0.45628660917282104,1.0060629844665527
0.2625702917575836,0.2628462314605713,-0.44043630361557007
0.3120163381099701,-0.2160824090242386,0.4610937237739563
0.06304621696472168,0.2805406451225281,-0.5682292580604553
0.31093502044677734,0.244267076253891,0.36387279629707336
0.6052335500717163,0.5597005486488342,-0.8604634404182434
0.6125078797340393,-0.534464955329895,-1.1118223667144775
0.3471015989780426,-0.010612159967422485,-0.1132679134607315
-0.04121315851807594,0.17594701051712036,0.6831585168838501
-0.05152389407157898,-0.22491112351417542,-0.5446182489395142
-0.3410055935382843,0.00036049808841198683,-0.19507388770580292
0.606216549873352,0.4886280298233032,-1.1716883182525635
-0.2921493649482727,0.08746515214443207,-0.21365301311016083
0.2783784866333008,-0.53564453125,1.212989330291748
0.29575735330581665,-0.028306573629379272,0.5945696830749512
-0.48775237798690796,0.39977261424064636,-0.30656713247299194
-0.6333379745483398,0.3004598021507263,0.8296104073524475
0.008575767278671265,0.04980671405792236,0.5650790333747864
-0.025032609701156616,0.15638487040996552,-0.2839391231536865
0.1841251254081726,-0.2526508569717407,-0.27381399273872375
-0.035009145736694336,0.11330996453762054,-0.209051251411438
-0.09503480792045593,-0.5974767208099365,-1.131089448928833
-0.035009145736694336,-0.4670295715332031,-0.2210661768913269
-0.06081463396549225,-0.2526508569717407,0.6276177763938904
0.4645629823207855,-0.5526508688926697,0.32991838455200195
0.07637600600719452,-0.2526508569717407,0.049511976540088654
0.3120163381099701,-0.0788622796535492,0.059322539716959
0.38616693019866943,0.38771092891693115,-0.5737527012825012
-0.24702861905097961,-0.2526508569717407,0.1279473602771759
-0.3437580466270447,0.08458489924669266,-0.5187832713127136
0.3120163381099701,-0.11807505041360855,0.7942401170730591
0.1351705938577652,0.2628462314605713,-0.14641427993774414
-0.14902125298976898,-0.2526508569717407,0.4709239900112152
0.3120163381099701,0.1562865823507309,-0.27381399273872375
-0.3350091576576233,0.21507133543491364,0.7648477554321289
-0.16858339309692383,0.1562865823507309,0.9129892587661743
0.19395534694194794,-0.2526508569717407,-0.1268521100282669
0.16456297039985657,-0.2526508569717407,-0.4110439419746399
0.3120163381099701,0.11716226488351822,0.529708743095398
-0.2959831655025482,0.2628462314605713,0.8530248403549194
0.3120163381099701,0.1955091804265976,-0.5286134481430054
0.07637600600719452,-0.2526508569717407,0.6178858280181885
0.3120163381099701,-0.06907136738300323,0.6766706109046936
0.3120163381099701,-0.049469903111457825,0.8824172616004944
0.6120163202285767,-0.47685980796813965,-0.3582666516304016
-0.3350091576576233,-0.04946007579565048,-0.4599984884262085
0.06657526642084122,0.20533940196037292,-0.8737527132034302
-0.12560680508613586,0.36810946464538574,0.6129892468452454
0.01759125478565693,0.2628462314605713,-0.7540205717086792
-0.40979868173599243,0.31911560893058777,0.6129892468452454
-0.035009145736694336,-0.4964219927787781,-0.09138348698616028
-0.035009145736694336,0.0937478244304657,0.5650790333747864
-0.12936079502105713,-0.2526508569717407,0.8530248403549194
0.4645629823207855,0.5444636940956116,-1.173752784729004
-0.36223888397216797,0.06613355875015259,-0.6265225410461426
0.16456297039985657,0.2628462314605713,0.2553470730781555
-0.252986878156662,0.5919436812400818,-0.05408993363380432
-0.24702861905097961,-0.24419686198234558,0.9129892587661743
-0.3350091576576233,-0.020057864487171173,-0.7637524604797363
-0.33183515071868896,-0.18470549583435059,-0.6422324180603027
0.012016326189041138,-0.2220800220966339,-0.3560131788253784
-0.33140259981155396,0.5628462433815002,-1.1128053665161133
0.01240953803062439,0.36894500255584717,0.6073859930038452
-0.0962144285440445,0.4856789708137512,1.2131859064102173
-0.17841362953186035,-0.2526508569717407,-0.5776662826538086
-0.035009145736694336,-0.47685980796813965,-0.5421977043151855
0.012016326189041138,-0.07509846985340118,-0.51502925157547
-0.03166687488555908,-0.47685980796813965,0.61308753490448
0.5919626951217651,-0.037153780460357666,-0.41479796171188354
0.012016326189041138,-0.3494699001312256,-0.8286134600639343
0.21351750195026398,-0.2526508569717407,-0.5286134481430054
-0.03742972016334534,0.5628462433815002,-0.41702190041542053
0.2625702917575836,-0.2526508569717407,0.4317013621330261
0.00778068695217371,-0.2526508569717407,0.5591011047363281
0.10577820986509323,0.2628462314605713,-0.8128052949905396
0.3120163381099701,0.06811926513910294,-0.832367479801178
-0.1746596395969391,0.04734915494918823,-0.5934744477272034
0.12534037232398987,-0.2526508569717407,-0.6461829543113708
-0.031550049781799316,0.12020963430404663,0.44162988662719727
0.0792955830693245,0.07973859459161758,-0.4469242990016937
-0.03461707755923271,0.19560746848583221,-0.6461829543113708
-0.028266752138733864,0.17594701051712036,-0.4013120234012604
-0.05584922432899475,-0.22178509831428528,-0.6712315082550049
-0.049127668142318726,0.0036046206951141357,-1.0608034133911133
-0.6350091695785522,-0.53564453125,-1.0931448936462402
0.14124684035778046,-0.1944374144077301,0.21237049996852875
-0.3007814586162567,0.5826050043106079,-0.2995801866054535
0.10656462609767914,0.2666800022125244,0.5329527258872986
-0.032061219215393066,0.1763402223587036,-0.5278270244598389
-0.050935257226228714,0.11224714666604996,0.010455504059791565
0.39152440428733826,-0.19266796112060547,-0.9070587158203125
-0.308311402797699,0.4759470224380493,-0.2505764961242676
-0.03742972016334534,0.5628462433815002,0.46707165241241455
-0.23710007965564728,0.10585750639438629,0.6079573035240173
0.3120163381099701,0.21507133543491364,0.23568663001060486
0.11551014333963394,0.26314112544059753,-0.48939085006713867
0.3120163381099701,0.1955091804265976,-0.38165155053138733
0.3120163381099701,0.18567894399166107,0.735455334186554
0.3120163381099701,-0.15729765594005585,0.18673209846019745
-0.20780600607395172,-0.2526508569717407,0.3532561659812927
0.10577820986509323,-0.2526508569717407,-0.1660747230052948
-0.09020701050758362,-0.2526508569717407,0.49048611521720886
-0.2764210104942322,0.12689419090747833,0.9129892587661743
0.3120163381099701,-0.0788622796535492,0.31413185596466064
0.33717307448387146,-0.3494797348976135,0.6129892468452454
-0.09999791532754898,0.2628462314605713,0.8726853132247925
0.012016326189041138,0.44655466079711914,0.2417333871126175
-0.01181685272604227,-0.2526508569717407,-0.5580058693885803
-0.4391910433769226,0.2603210210800171,0.6129892468452454
-0.547028660774231,-0.037153780460357666,0.5139005780220032
-0.04121315851807594,-0.07887210696935654,-0.8737527132034302
-0.035009145736694336,0.211346834897995,-0.24817562103271484
0.012016326189041138,-0.2710738480091095,1.0158932209014893
-0.3350091576576233,-0.1376371830701828,0.6962327361106873
0.6120163202285767,0.4856789708137512,0.18297812342643738
-0.6350091695785522,-0.4278069734573364,0.023863762617111206
0.15473274886608124,-0.2258143275976181,-0.8737527132034302
0.19395534694194794,-0.10824482887983322,0.9129892587661743
-0.5959831476211548,0.39751166105270386,-0.5737527012825012
-0.060794975608587265,0.10693883150815964,-0.14641427993774414
-0.4294590950012207,0.4061524271965027,-0.20895302295684814
-0.30581337213516235,0.14655464887619019,-0.665351927280426
-0.090177521109581,0.12689419090747833,-0.6648603677749634
-0.3349108397960663,-0.02033311128616333,-0.577567994594574
0.23927384614944458,-0.17988868057727814,0.7903878092765808
-0.12936079502105713,0.2347317636013031,-0.665351927280426
-0.2173413336277008,0.10322300344705582,-0.3621877431869507
0.43517059087753296,-0.037153780460357666,0.6091554164886475
0.081222303211689,0.10634901374578476,0.059322539716959
-0.6448394060134888,0.3633417785167694,0.2857629656791687
-0.04950987547636032,0.11745716631412506,0.6094318628311157
-0.26659077405929565,-0.2442951798439026,-0.8737527132034302
-0.31547173857688904,0.5849642753601074,-0.7209725379943848
-0.03215837478637695,-0.30012020468711853,0.5524963140487671
-0.22668004035949707,0.1016501635313034,-0.05812900513410568
0.0018912255764007568,0.04744744300842285,0.043524205684661865
0.008575767278671265,0.04980671405792236,0.8492708802223206
-0.019948415458202362,0.2820151448249817,-0.6536539196968079
-0.41962888836860657,-0.19129174947738647,-0.14295518398284912
-0.12560680508613586,-0.5526508688926697,0.07291659712791443
0.6120163202285767,0.44655466079711914,0.927716076374054
-0.035009145736694336,-0.39841461181640625,-0.04242897033691406
0.012016326189041138,0.3681192696094513,-0.8384436964988708
-0.021611688658595085,-0.2526508569717407,-0.48939085006713867
-0.6350091695785522,-0.4180750548839569,0.2809363305568695
0.06657526642084122,-0.2526508569717407,0.7648477554321289
-0.1588514745235443,0.12689419090747833,-0.8737527132034302
0.17063921689987183,-0.5526508688926697,-0.6228668093681335
-0.17841362953186035,-0.2526508569717407,0.5688329935073853
0.3120163381099701,0.038726888597011566,-0.6167905926704407
-0.1195305734872818,0.10428466647863388,-0.27410888671875
-0.29970014095306396,0.5811304450035095,0.6728183031082153
0.15473274886608124,-0.2526508569717407,-0.7735826969146729
0.5527400970458984,0.5249015688896179,1.2131859064102173
-0.21463918685913086,0.3807511329650879,-0.808953046798706
0.36617225408554077,0.3966662585735321,0.17334450781345367
-0.5567605495452881,-0.18283775448799133,-0.965351939201355
0.26591259241104126,-0.2592371106147766,0.8755360841751099
0.2625702917575836,-0.010276790708303452,0.9129892587661743
-0.027599453926086426,0.04734915494918823,0.5161244869232178
-0.029897421598434448,-0.23341426253318787,0.8685381412506104
0.00631481409072876,-0.42505455017089844,-0.5716883540153503
-0.1832304298877716,0.10703713446855545,0.29938650131225586
0.06883622705936432,0.22529476881027222,-0.36189281940460205
0.009952008724212646,0.30114495754241943,-0.5677562355995178
0.20004141330718994,-0.1841156780719757,0.6533544659614563
0.32751980423927307,-0.011988431215286255,-0.32662075757980347
0.3120163381099701,0.2347317636013031,-0.8226355314254761
0.5041787624359131,0.0024250149726867676,1.114195466041565
0.12534037232398987,-0.2526508569717407,0.7942401170730591
-0.00556974345818162,0.16611678898334503,0.3042033314704895
0.09309721738100052,0.2599954605102539,-0.4110439419746399
-0.22736814618110657,-0.2526508569717407,0.7158932089805603
0.0915243849158287,0.18567894399166107,-0.5187832713127136
0.4842234253883362,0.5628462433815002,-0.209051251411438
-0.013542057015001774,0.15638487040996552,-0.14661087095737457
0.3120163381099701,0.09752147644758224,-0.7834129333496094
-0.25676053762435913,-0.09851290285587311,-0.8737527132034302
-0.3804161250591278,0.11330996453762054,-0.5737527012825012
0.3120163381099701,0.028926152735948563,-0.11702189594507217
0.3120163381099701,-0.14746743440628052,0.01032574474811554
0.1449025273323059,0.26314112544059753,-0.31303659081459045
-0.12936079502105713,-0.2526508569717407,0.4218711256980896
0.5821324586868286,0.41706398129463196,1.212989330291748
-0.48824387788772583,-0.4964219927787781,1.212989330291748
0.3120163381099701,-0.1866900473833084,-0.7735826969146729
0.5037856101989746,-0.5526508688926697,0.8198785185813904
0.13141661882400513,-0.5526508688926697,0.04574817419052124
0.3120163381099701,0.06811926513910294,-0.7147979736328125
-0.03142225369811058,0.20533940196037292,0.9129892587661743
-0.021611688658595085,-0.2526508569717407,0.7452855706214905
0.6120163202285767,0.27013158798217773,0.035917967557907104
0.06657526642084122,-0.2526508569717407,-0.802975058555603
-0.3350091576576233,-0.059260811656713486,-0.10728996992111206
-0.3510138988494873,-0.5526508688926697,-0.26027894020080566
0.0273723267018795,0.0877109095454216,-0.8737527132034302
0.3077807128429413,0.31911560893058777,-0.5737527012825012
0.012016326189041138,-0.3102768063545227,0.28849345445632935
0.6120163202285767,-0.3102768063545227,1.0746779441833496
0.2979956865310669,0.5628462433815002,1.1139006614685059
-0.20780600607395172,0.20533940196037292,-0.8737527132034302
0.10577820986509323,-0.2526508569717407,-0.48939085006713867
-0.10979865491390228,0.2628462314605713,-0.724628210067749
-0.2922193109989166,0.4661167860031128,-0.5737527012825012
0.04706227034330368,0.28919124603271484,0.10832621902227402
-0.13919101655483246,0.16611678898334503,-0.665351927280426
-0.09020701050758362,-0.2526508569717407,-0.22485947608947754
-0.11962887644767761,-0.2526508569717407,0.6766706109046936
0.012016326189041138,-0.3298684358596802,-0.08387553691864014
-0.3706153631210327,-0.19266796112060547,-0.5737527012825012
-0.03141242638230324,-0.2526508569717407,0.500316321849823
-0.002018082421272993,-0.2526508569717407,0.4317013621330261
-0.17841362953186035,-0.2526508569717407,-0.028874250128865242
0.0823637843132019,-0.5526508688926697,0.3593127131462097
0.12534037232398987,0.12689419090747833,0.9129892587661743
-0.26659077405929565,0.09625337272882462,-0.5580058693885803
-0.6350091695785522,-0.4571993947029114,-0.7306060791015625
0.10202424228191376,-0.5526508688926697,0.45733973383903503
-0.1843915581703186,-0.5526508688926697,-0.015260547399520874
-0.11962887644767761,-0.2526508569717407,-0.15624448657035828
-0.26659077405929565,-0.2526508569717407,0.6276177763938904
0.20378558337688446,-0.2526508569717407,0.6472782492637634
0.3120163381099701,-0.0984145998954773,-0.6364510655403137
0.3120163381099701,-0.0984145998954773,0.862855076789856
-0.21753792464733124,0.2628462314605713,-0.724628210067749
0.2527400851249695,0.2628462314605713,-0.7735826969146729
-0.3252772390842438,-0.2523559629917145,0.6766706109046936
0.17083580791950226,-0.1900138109922409,0.38850849866867065
-0.26280727982521057,0.5628462433815002,-1.1689358949661255
-0.3349108397960663,-0.030084697529673576,0.0005377877387218177
0.10597482323646545,0.2627479135990143,0.3043016195297241
-0.027439862489700317,-0.2190326452255249,0.053452759981155396
0.3120163381099701,0.01912541687488556,0.24551686644554138
0.012507855892181396,0.46670663356781006,0.8794496655464172
-0.10979865491390228,0.20533940196037292,-0.8737527132034302
-0.19610802829265594,-0.2567795515060425,-0.7738775610923767
0.06544479727745056,0.2185118943452835,-0.6570945382118225
-0.6350091695785522,0.26034069061279297,-0.9560132026672363
0.2233477234840393,0.2628462314605713,0.862855076789856
-0.3320600688457489,0.05821039900183678,0.2946680188179016
0.15097875893115997,-0.5522576570510864,-1.1689358949661255
0.008674055337905884,-0.0463942289352417,-0.17126622796058655
-0.6350091695785522,-0.4964219927787781,0.25910109281539917
-0.035009145736694336,-0.32985860109329224,0.562855064868927
-0.3350091576576233,0.06812909990549088,-0.832367479801178
-0.3350091576576233,0.17594701051712036,-0.832367479801178
-0.08039644360542297,0.2628462314605713,0.6963310837745667
0.08777041733264923,-0.5962970852851868,1.1583331823349
0.3003183901309967,0.09892719238996506,-0.8736544251441956
-0.3350091576576233,-0.04946007579565048,0.5983237028121948
0.37820443511009216,0.37854915857315063,-0.5249577760696411
-0.3156435787677765,-0.2526508569717407,-0.6658434271812439
0.14500083029270172,0.2628462314605713,0.17690187692642212
-0.23149684071540833,-0.26474204659461975,-0.8361029624938965
-0.02527722716331482,-0.5523560047149658,-0.29947206377983093
-0.32883691787719727,-0.19109514355659485,0.05538177490234375
-0.31099799275398254,0.5710053443908691,-0.47551172971725464
-0.631666898727417,-0.31680408120155334,-1.172868013381958
0.3120163381099701,0.13672439754009247,0.6865008473396301
-0.014959575608372688,0.22529476881027222,-0.10738827288150787
0.06152253597974777,0.29371312260627747,0.36809980869293213
0.0915243849158287,0.2347317636013031,-0.31303659081459045
-0.3148571848869324,0.09476900845766068,0.6766706109046936
0.008891502395272255,0.28604552149772644,0.5540876984596252
0.39594799280166626,-0.5526508688926697,1.201979398727417
-0.34867316484451294,0.010698947124183178,0.08833153545856476
0.38022947311401367,0.4063490331172943,0.2612856924533844
-0.08032763004302979,0.10831506550312042,-0.39158010482788086
0.3120163381099701,-0.14746743440628052,-0.5873981714248657
0.3120163381099701,0.1562865823507309,-0.597228467464447
0.012016326189041138,0.19175517559051514,0.17314790189266205
-0.3350091576576233,-0.14746743440628052,-0.21502923965454102
0.3120163381099701,0.18567894399166107,0.1670716553926468
-0.6156436204910278,-0.5526508688926697,-0.7012137174606323
0.3120163381099701,-0.0984145998954773,0.24551686644554138
0.17063921689987183,-0.5526508688926697,-0.18189272284507751
-0.1588514745235443,-0.02987826056778431,-0.8737527132034302
-0.04121315851807594,-0.2526508569717407,0.8138022422790527
0.39879876375198364,0.5888962745666504,0.9631049036979675
0.2919626832008362,-0.1866900473833084,-0.8737527132034302
0.15473274886608124,0.26314112544059753,-0.20519903302192688
0.6120163202285767,-0.4082448482513428,0.1023089587688446
-0.2764210104942322,0.2347317636013031,0.6831585168838501
0.3120163381099701,0.12689419090747833,0.8139005899429321
0.12197959423065186,-0.19880203902721405,-0.05300860106945038
0.2783883213996887,-0.5526508688926697,0.17314790189266205
-0.26659077405929565,-0.00048195209819823503,-0.8737527132034302
-0.21763622760772705,-0.04947973042726517,-0.8737527132034302
0.6120163202285767,0.2995269000530243,-0.7599985003471375
-0.11962887644767761,0.2628462314605713,0.7452855706214905
-0.11962887644767761,0.02891632355749607,-0.8737527132034302
-0.3350091576576233,-0.03965933620929718,0.735455334186554
0.037182893604040146,-0.2526508569717407,0.8432929515838623
-0.07061536610126495,-0.11807505041360855,0.9129892587661743
0.07637600600719452,-0.2526508569717407,0.3435242176055908
