-0.44131869077682495,0.022535918280482292,-0.07045392692089081
0.6971737146377563,-0.29151737689971924,0.37464913725852966
0.2705988585948944,0.0054504405707120895,0.04276528209447861
-0.13537771999835968,-0.03678494691848755,0.21858097612857819
-0.06618943810462952,0.025007862597703934,-0.16727960109710693
0.6371626853942871,0.012786336243152618,-0.045734647661447525
-0.4020698070526123,0.014946804381906986,0.19228415191173553
-0.5958731174468994,0.2586984932422638,0.019342869520187378
-0.23122844099998474,-0.03966716676950455,-0.0030315518379211426
-0.2944292724132538,0.23216089606285095,-0.25612103939056396
0.758564829826355,-0.24083977937698364,0.37672698497772217
0.45100581645965576,-0.37231066823005676,0.09739087522029877
0.8124793171882629,0.03185221552848816,0.03366430103778839
0.474018931388855,0.3639296889305115,0.49812304973602295
-0.8127709031105042,-0.36999446153640747,-0.2319466471672058
-0.2638489902019501,0.03235119953751564,0.1396363079547882
-0.1301354467868805,0.01951815001666546,0.09157028049230576
-0.3005656599998474,0.03235119953751564,-0.12125339359045029
0.15396864712238312,0.018633371219038963,-0.035502299666404724
-0.09449713677167892,-0.04972821846604347,-0.029663370922207832
-0.35761433839797974,0.03235119953751564,0.03366430103778839
0.005895465612411499,-0.36995720863342285,-0.038725972175598145
-0.7484980821609497,0.2565612494945526,0.0955527126789093
-0.19041556119918823,-0.03966716676950455,-0.1579701006412506
0.37411993741989136,0.014946804381906986,-0.035673588514328
0.010967778041958809,0.02528342232108116,0.1542336493730545
0.9076598286628723,0.0025175733026117086,-0.04491541162133217
0.027508264407515526,0.022535918280482292,-0.08240599930286407
0.15015678107738495,-0.029606107622385025,0.07226459681987762
-0.19983826577663422,0.005353462882339954,-0.24990934133529663
-0.35761433839797974,-0.03966716676950455,0.12332605570554733
-0.16598738729953766,0.03235119953751564,-0.06418981403112411
0.7064999341964722,0.004973794333636761,0.04256419464945793
0.5746772885322571,0.030988287180662155,0.04251950979232788
-0.36573225259780884,-0.03966716676950455,-0.04787955805659294
-0.21491818130016327,0.03235119953751564,0.2334761917591095
0.8504207730293274,-0.3316899240016937,0.23696205019950867
-0.1924367994070053,-0.037652865052223206,0.13346518576145172
-0.06812579929828644,-0.03966716676950455,0.1396363079547882
0.311318963766098,-0.3322241008281708,-0.4655698537826538
0.7554306387901306,0.004951451439410448,-0.04557080194354057
-0.03443425893783569,0.027564899995923042,0.00824812613427639
-0.34130412340164185,0.03209798038005829,-0.21501876413822174
-0.422855406999588,0.03235119953751564,0.10701579600572586
-0.06934009492397308,-0.28009113669395447,0.266029953956604
0.08268824964761734,-0.03966716676950455,0.1315184384584427
0.090813048183918,-0.03563855588436127,-0.08856528997421265
0.09899850189685822,0.03185221552848816,0.054048407822847366
-0.2179359495639801,0.029333434998989105,0.05103063955903053
-0.5739732980728149,0.26435405015945435,0.3785664141178131
0.7107782959938049,-0.3312036097049713,0.37657058238983154
-0.13551677763462067,-0.049725133925676346,0.0517120435833931
0.9144371747970581,0.028694426640868187,0.04267590492963791
-0.7958767414093018,-0.3738746643066406,0.24632474780082703
-0.28425541520118713,0.03235119953751564,-0.01934032514691353
-0.28425541520118713,-0.03966716676950455,-0.1701841652393341
-0.38278844952583313,0.2422102689743042,0.16862228512763977
-0.3249938488006592,0.03209798038005829,0.20897357165813446
-0.45734456181526184,0.04265802353620529,0.03148894011974335
-0.11705660074949265,0.03209798038005829,0.16823512315750122
0.6819031834602356,-0.270817369222641,-0.3591213524341583
-0.20336082577705383,0.35422706604003906,0.13612142205238342
-0.05591174215078354,-0.03966716676950455,0.054048407822847366
-0.773754358291626,0.24635113775730133,0.4673663377761841
-0.40244895219802856,-0.03966716676950455,0.029583018273115158
-0.422855406999588,-0.03966716676950455,-0.11313549429178238
-0.23122844099998474,0.03209798038005829,-0.1742803305387497
0.19878090918064117,0.021791160106658936,0.015433221124112606
0.10719089210033417,-0.03966716676950455,-0.0030315518379211426
-0.26794517040252686,-0.03966716676950455,-0.08863285183906555
-0.38211697340011597,0.03235119953751564,-0.13756366074085236
-0.4516914486885071,-0.2515627145767212,0.1321144998073578
-0.28827711939811707,-0.03966716676950455,0.17225684225559235
-0.0641041174530983,0.03235119953751564,-0.08051498234272003
-0.07586514949798584,-0.3175085484981537,-0.06465774774551392
-0.012945817783474922,-0.029606107622385025,-0.025589527562260628
-0.32089763879776,-0.03966716676950455,0.021427882835268974
-0.13180287182331085,-0.0198416318744421,-0.20794352889060974
-0.40692439675331116,-0.2656345069408417,-0.30101650953292847
0.4415139853954315,0.031904347240924835,-0.04303116723895073
-0.21491818130016327,-0.03966716676950455,0.20487737655639648
0.0185256190598011,0.029579205438494682,0.08150922507047653
0.516090989112854,0.3571935296058655,-0.1741138994693756
0.1598454713821411,-0.0193663127720356,0.11921630799770355
-0.18229766190052032,-0.03966716676950455,-0.08051498234272003
-0.2719668447971344,0.03185221552848816,-0.24763928353786469
-0.3372079133987427,0.03235119953751564,0.11520816385746002
0.8287896513938904,0.020941467955708504,-0.045734647661447525
-0.21901437640190125,-0.03966716676950455,-0.22730731964111328
0.05337720736861229,0.015500010922551155,-0.01224132813513279
-0.35351815819740295,0.03235119953751564,-0.06418981403112411
-0.1904900074005127,0.03209798038005829,0.14782869815826416
0.009329299442470074,-0.03966716676950455,0.1193043515086174
-0.03773277625441551,0.022535918280482292,0.0929330363869667
-0.23532463610172272,0.03235119953751564,-0.08863285183906555
-0.3596412241458893,0.2643466889858246,-0.40486079454421997
-0.35761433839797974,-0.03966716676950455,-0.15387390553951263
-0.2883516252040863,0.03210543096065521,0.062203533947467804
0.17361673712730408,-0.022009553387761116,0.002938532968983054
0.6372371315956116,0.0014130930649116635,0.025509174913167953
0.08552511781454086,0.01910124532878399,0.17485672235488892
-0.12115280330181122,-0.03966716676950455,0.09480171650648117
-0.34948965907096863,-0.020654084160923958,-0.23072639107704163
-0.7827571630477905,0.33501940965652466,-0.48301705718040466
0.31321612000465393,-0.28374969959259033,-0.4295138120651245
0.29880291223526,0.0014130930649116635,-0.023414164781570435
-0.21623334288597107,-0.2709197998046875,0.22250279784202576
0.6942857503890991,0.03209798038005829,-0.01937011256814003
0.10533837974071503,0.2683752775192261,-0.2458389401435852
-0.27024713158607483,0.018558895215392113,0.2505244016647339
-0.21901437640190125,0.03235119953751564,-0.011185192503035069
0.8655062317848206,0.0014130930649116635,0.009206359274685383
0.08463141322135925,0.022535918280482292,0.1051471009850502
0.5659567713737488,0.021791160106658936,-0.029648475348949432
0.5189691781997681,0.0014130930649116635,0.029590459540486336
-0.16323858499526978,0.012228425592184067,0.21917001903057098
-0.13584113121032715,0.36159899830818176,0.08601975440979004
0.9592716693878174,0.0014130930649116635,0.0010489930864423513
-0.41466301679611206,-0.03966716676950455,0.09070553630590439
-0.07249044626951218,-0.044971175491809845,-0.14459383487701416
-0.4665660858154297,0.015229812823235989,0.06723877787590027
0.0908806174993515,-0.03966716676950455,0.07035867124795914
0.17072933912277222,0.260332852602005,-0.14405342936515808
-0.41466301679611206,0.03235119953751564,-0.031576741486787796
-0.30458736419677734,-0.03966716676950455,-0.039724428206682205
-0.27115821838378906,0.25408533215522766,-0.12058930099010468
0.3232683539390564,0.03209798038005829,0.029583018273115158
-0.16189119219779968,0.03235119953751564,0.025501728057861328
0.7636229395866394,0.0014130930649116635,0.01735404133796692
0.10126613080501556,-0.35539713501930237,0.5921117663383484
-0.2638489902019501,0.03235119953751564,0.20085567235946655
-0.28827711939811707,0.03185221552848816,-0.19059060513973236
-0.7084163427352905,0.256296843290329,-0.1458502858877182
0.4170113801956177,0.001413093414157629,-0.019073115661740303
0.057103630155324936,-0.054760295897722244,-0.004149289336055517
-0.4772973954677582,0.004893196281045675,-0.02716030739247799
-0.1516202837228775,-0.029606107622385025,-0.045711640268564224
0.029735758900642395,-0.03966716676950455,-0.08863285183906555
-0.06067819893360138,0.02971474826335907,0.15944695472717285
0.3983284831047058,-0.3142205774784088,-0.11461369693279266
-0.17820145189762115,0.03235119953751564,-0.19870850443840027
0.47413450479507446,0.0014130930649116635,-0.007105393335223198
-0.4676154851913452,-0.02119709923863411,-0.0816321149468422
-0.7655254602432251,0.34490716457366943,0.4748588800430298
-0.3961997330188751,0.022290149703621864,0.15788976848125458
-0.13334636390209198,0.26998162269592285,0.2299022525548935
-0.386875718832016,0.27888908982276917,-0.1019563227891922
-0.3331117033958435,-0.03966716676950455,-0.10494313389062881
0.12350114434957504,0.03185221552848816,0.005125068128108978
-0.11518789827823639,0.022044379264116287,-0.11090800166130066
-0.17820145189762115,0.03247036412358284,0.09480171650648117
0.10774106532335281,-0.00492423539981246,-0.1509914994239807
-0.34540027379989624,-0.03966716676950455,0.07035867124795914
-0.8135195970535278,-0.3438796401023865,-0.29662707448005676
0.07753583043813705,0.008443053811788559,-0.14979130029678345
-0.1125880554318428,0.028746560215950012,-0.19453783333301544
0.06369684636592865,-0.014740023761987686,-0.17137578129768372
-0.04771936684846878,-0.03966716676950455,0.0010452691931277514
0.22949549555778503,0.0014130930649116635,0.009206359274685383
-0.23934632539749146,-0.03966716676950455,-0.13756366074085236
0.06314654648303986,0.01951815001666546,0.024614091962575912
-0.23934632539749146,-0.03966716676950455,0.15192486345767975
0.5883063077926636,0.0014130930649116635,0.0010489930864423513
-0.33318614959716797,0.03209798038005829,-0.1620662957429886
-0.3267744481563568,0.010609480552375317,0.23868274688720703
-0.1986079216003418,0.03235119953751564,-0.12534956634044647
-0.06107943132519722,0.025304822251200676,0.04292818531394005
-0.18319138884544373,-0.023915473371744156,0.2435304820537567
-0.3372079133987427,-0.03966716676950455,0.1885671317577362
-0.41875919699668884,-0.03966716676950455,-0.043805722147226334
0.13370828330516815,0.034231506288051605,0.11311890184879303
-0.02679159864783287,-0.006590851582586765,0.13971079885959625
-0.2398676723241806,-0.011679057963192463,-0.26514118909835815
-0.31650352478027344,0.008697598241269588,-0.25881075859069824
0.2028621882200241,0.021791160106658936,-0.021508239209651947
-0.3352811336517334,-0.26739564538002014,-0.3336215019226074
0.535279393196106,0.03185221552848816,-0.007124012336134911
-0.7777671813964844,-0.37209469079971313,-0.49314582347869873
-0.4753391146659851,0.27704277634620667,0.06670232117176056
-0.3086835741996765,-0.03966716676950455,0.11520816385746002
-0.3578275740146637,0.020037520676851273,0.21730464696884155
-0.3372079133987427,0.03210543096065521,-0.011185192503035069
-0.2544995844364166,0.012983623892068863,0.07568736374378204
-0.1374630630016327,0.03235119953751564,0.12332605570554733
-0.465232253074646,0.0005461914697661996,0.11833615601062775
0.20126059651374817,0.2623397707939148,-0.2726859152317047
0.9460541605949402,0.03122113086283207,-0.03873586282134056
-0.3943310081958771,0.03235119953751564,0.06627737730741501
0.060721710324287415,-0.3537525534629822,-0.37616419792175293
-0.40244895219802856,0.03235119953751564,-0.08453668653964996
-0.2638489902019501,-0.03966716676950455,0.03366430103778839
-0.28827711939811707,0.03209798038005829,-0.06826366484165192
0.445690393447876,-0.3537525534629822,0.407015323638916
0.21555225551128387,0.01659446395933628,0.05796583741903305
0.37217673659324646,0.03185221552848816,0.0010475035523995757
0.15202546119689941,0.03185221552848816,0.06627737730741501
-0.3086835741996765,0.03235119953751564,0.16413895785808563
-0.26794517040252686,-0.03966716676950455,-0.21501876413822174
-0.1252489537000656,-0.03966716676950455,-0.08051498234272003
-0.011077135801315308,-0.03966716676950455,0.07035867124795914
-0.19041556119918823,-0.03966716676950455,-0.03156929463148117
-0.2597527801990509,0.03210543096065521,0.02143533155322075
-0.2638489902019501,-0.03966716676950455,0.21306976675987244
-0.3249938488006592,-0.03966716676950455,-0.19468678534030914
0.8043614625930786,0.0014130930649116635,-0.007105393335223198
0.9022229909896851,0.03185221552848816,-0.0030293171294033527
0.18553969264030457,-0.02798931673169136,0.10157904028892517
-0.09240501374006271,-0.015767792239785194,-0.18187691271305084
-0.12740200757980347,-0.029606107622385025,-0.17614905536174774
-0.2536422908306122,0.05423439294099808,-0.139510378241539
-0.17510876059532166,-0.03866370767354965,0.17125338315963745
0.029522087424993515,0.016500383615493774,0.017141858115792274
-0.041893213987350464,0.030463509261608124,-0.005313807632774115
0.04604601860046387,-0.03966716676950455,0.09070553630590439
-0.10074634104967117,0.03259697183966637,-0.051953401416540146
0.2830360531806946,0.2764337360858917,-0.27056750655174255
0.9845800399780273,0.002965919440612197,0.01321780402213335
0.678503692150116,0.02092723362147808,0.03245845064520836
0.2743450105190277,0.03185221552848816,0.0010475035523995757
0.4161989688873291,0.012578628957271576,-0.034854356199502945
-0.3820424973964691,-0.03966716676950455,-0.09272904694080353
-0.10484252125024796,0.03209798038005829,-0.14165982604026794
-0.16189119219779968,-0.03966716676950455,-0.12125339359045029
0.7432165741920471,0.03209798038005829,-0.011170296929776669
-0.009431877173483372,-0.0016180017264559865,-0.13815265893936157
-0.405428022146225,-0.0198416318744421,0.20748402178287506
0.06235628202557564,-0.03966716676950455,-0.12534956634044647
0.8736987113952637,0.03185221552848816,-0.03973187133669853
-0.2108219861984253,0.03235119953751564,0.1885671317577362
0.6494511961936951,0.03247036412358284,-0.007128480821847916
-0.3617105185985565,-0.03966716676950455,-0.0030315518379211426
-0.16598738729953766,0.03235119953751564,-0.01934032514691353
-0.10268949717283249,0.022290149703621864,0.13338711857795715
-0.447283536195755,-0.03966716676950455,0.029583018273115158
0.42110759019851685,0.020926570519804955,0.04222160950303078
0.23154757916927338,0.030128363519906998,0.04280596971511841
-0.06378546357154846,0.26637575030326843,0.1073344349861145
-0.3617105185985565,0.03235119953751564,0.1845453977584839
-0.29237326979637146,-0.03966716676950455,-0.12534956634044647
-0.22713223099708557,-0.03966716676950455,-0.1823982447385788
0.8696025609970093,0.03192668780684471,0.04077677056193352
-0.035505279898643494,-0.03966716676950455,0.10701579600572586
-0.04369765892624855,0.03209798038005829,-0.12125339359045029
-0.17597730457782745,0.05045900493860245,0.17046621441841125
0.741875946521759,0.031003186479210854,0.04251950979232788
0.33142346143722534,0.03185221552848816,-0.015259034931659698
-0.16189119219779968,-0.03966716676950455,0.0784914568066597
0.026607755571603775,0.004623756743967533,-0.15610820055007935
0.8369819521903992,0.03185221552848816,-0.0030293171294033527
-0.4565930664539337,-0.014740023761987686,-0.12400900572538376
-0.29237326979637146,0.03235119953751564,0.10701579600572586
0.16572906076908112,0.003030713414773345,0.1374020278453827
-0.6280116438865662,-0.34268495440483093,-0.07363776862621307
0.14792928099632263,-0.03966716676950455,0.021427882835268974
-0.3292591869831085,-0.27746719121932983,0.3641125559806824
-0.398352712392807,0.032477810978889465,0.021427882835268974
-0.37474384903907776,0.011080833151936531,-0.23162692785263062
-0.24344249069690704,0.03235119953751564,-0.21501876413822174
0.7880512475967407,0.03185221552848816,-0.03158418834209442
0.9633678197860718,0.008705046027898788,0.042467374354600906
-0.34540027379989624,0.03209798038005829,-0.11715720593929291
0.07470908015966415,-0.037655945867300034,-0.027649065479636192
-0.5109645128250122,-0.3477317988872528,0.1911032348871231
-0.0763181820511818,-0.03966716676950455,0.09070553630590439
0.033757466822862625,0.03235119953751564,-0.11715720593929291
0.09490232169628143,0.031978823244571686,0.15594658255577087
-0.1863938570022583,-0.03966716676950455,0.021427882835268974
-0.2108219861984253,0.03235119953751564,-0.051953401416540146
-0.04369765892624855,-0.03966716676950455,-0.06010853871703148
-0.3168759346008301,0.03235119953751564,0.025509174913167953
0.11173392087221146,0.004544268827885389,-0.06934300810098648
-0.18531543016433716,-0.03664940595626831,-0.19569073617458344
0.48634862899780273,0.030973395332694054,-0.04503457248210907
-0.40244895219802856,-0.03966716676950455,-0.1579701006412506
0.6779755353927612,0.0014130930649116635,0.013280199840664864
-0.06222851946949959,-0.05375683680176735,-0.0827355831861496
0.37041351199150085,-0.27546027302742004,0.3825269639492035
-0.15559206902980804,0.015789270401000977,-0.22101999819278717
-0.636203944683075,-0.27066656947135925,0.37748754024505615
-0.41466301679611206,-0.03966716676950455,0.1315184384584427
0.08670947700738907,-0.035645946860313416,0.03360423818230629
-0.4329841434955597,-0.01134391501545906,0.17873626947402954
-0.26794517040252686,-0.03966716676950455,0.12332605570554733
-0.4273984432220459,0.010060509666800499,-0.183291956782341
0.029735758900642395,0.03259697183966637,0.1193043515086174
0.7105960845947266,0.0014138377737253904,-0.03970952704548836
0.04503874108195305,0.027322223410010338,0.16916793584823608
-0.4585226774215698,-0.028071902692317963,0.09769950807094574
-0.3739246428012848,0.03235119953751564,-0.027495451271533966
0.05416390672326088,0.03259697183966637,-0.056034695357084274
-0.2516349256038666,0.03210543096065521,-0.051953401416540146
-0.30458736419677734,-0.03966716676950455,0.06627737730741501
0.4415139853954315,0.03209798038005829,0.009169120341539383
0.25803399085998535,0.0014130930649116635,-0.023414164781570435
0.6086382865905762,0.03185221552848816,-0.015281378291547298
-0.36990293860435486,0.03235119953751564,-0.18649441003799438
0.3395562469959259,0.0014130930649116635,0.009206359274685383
-0.0074388980865478516,0.3460089862346649,0.27708667516708374
-0.1180247813463211,0.013799209147691727,0.20733509957790375
0.129601389169693,-0.02038688026368618,0.1534820944070816
0.8410782217979431,0.0051450892351567745,0.042556747794151306
0.4906121492385864,-0.35253241658210754,0.34173595905303955
0.6005204319953918,0.0014138377737253904,-0.03970952704548836
0.2132379114627838,0.005442449823021889,-0.03568091616034508
0.4291774034500122,-0.26161205768585205,-0.373969703912735
-0.2519434988498688,0.24625056982040405,0.26212888956069946
-0.17456261813640594,0.25229349732398987,-0.15023505687713623
-0.2760629951953888,-0.03966716676950455,-0.0030315518379211426
0.9775182604789734,-0.004619349259883165,-0.0457041971385479
0.9746534824371338,0.026827525347471237,0.008255510590970516
-0.4167448878288269,0.03008367493748665,-0.1273638755083084
-0.3249938488006592,-0.03966716676950455,0.15192486345767975
-0.23008248209953308,-0.04067801684141159,0.12225452810525894
-0.02120932750403881,0.030582666397094727,-0.0865509957075119
0.49044477939605713,0.03235119953751564,0.009169120341539383
0.2375573217868805,0.23013922572135925,0.3520793318748474
0.9389398097991943,0.03185221552848816,0.013280199840664864
-0.201377272605896,-0.29310303926467896,-0.2422409951686859
0.7269063591957092,0.0014130930649116635,0.005125813186168671
0.5515896677970886,0.0014130930649116635,-0.023414164781570435
0.1702789068222046,0.021791160106658936,-0.001124136964790523
0.29880291223526,0.0014130930649116635,0.01735404133796692
-0.015173312276601791,0.03235119953751564,0.1274222582578659
0.6127344965934753,0.024978069588541985,0.04271314665675163
0.3610024154186249,-0.3421061933040619,0.49058210849761963
-0.21707117557525635,0.022290149703621864,0.14157947897911072
-0.32089763879776,0.03209798038005829,-0.08863285183906555
-0.306740403175354,0.022290149703621864,0.2396509349346161
0.1073295995593071,-0.027591802179813385,0.03381791710853577
0.1482335925102234,0.3303442895412445,0.3441483676433563
-0.3861387073993683,-0.03966716676950455,0.06627737730741501
-0.3168014585971832,-0.03966716676950455,-0.2313290238380432
-0.24538569152355194,0.021791160106658936,-0.24577060341835022
-0.11518789827823639,0.022290149703621864,0.023603247478604317
-0.398352712392807,-0.03966716676950455,-0.011185192503035069
0.6374967694282532,0.30140647292137146,0.26229000091552734
0.4088934659957886,0.03185221552848816,-0.01934032514691353
0.9103409051895142,0.0014130930649116635,0.01735404133796692
-0.2699492573738098,0.010609480552375317,-0.2561228275299072
0.702403724193573,0.03185221552848816,0.01735404133796692
-0.19451171159744263,0.03259697183966637,-0.08863285183906555
-0.32089763879776,-0.03966716676950455,-0.1579701006412506
0.6738793849945068,0.008697598241269588,-0.045734647661447525
0.555685818195343,0.0014130930649116635,0.025509174913167953
-0.35761433839797974,-0.03966716676950455,0.03366430103778839
-0.36619386076927185,-0.26966312527656555,0.3173014521598816
-0.4209122061729431,0.022535918280482292,0.08041972666978836
0.0829441025853157,0.021130284294486046,-0.1063905879855156
0.10279000550508499,0.02147703245282173,0.17090949416160583
-0.2417260855436325,0.02298610471189022,0.25767743587493896
0.5293145179748535,0.02091233991086483,-0.034973520785570145
-0.3331117033958435,-0.03966716676950455,-0.06826366484165192
0.008953471668064594,-0.013358221389353275,0.15221934020519257
0.7921473979949951,0.00269408174790442,0.04240034893155098
0.09080566465854645,0.02783098630607128,0.021375272423028946
-0.08853226155042648,0.03235119953751564,-0.1090393140912056
0.04194984212517738,-0.03966716676950455,0.13561461865901947
-0.30458736419677734,0.03185221552848816,-0.2232111394405365
-0.4350694715976715,-0.03966716676950455,-0.011185192503035069
-0.36982840299606323,0.03235119953751564,0.09889789670705795
-0.13336686789989471,0.03235119953751564,-0.0356505885720253
-0.1986079216003418,0.03235119953751564,0.02143533155322075
0.007176293525844812,-0.029606107622385025,-0.08240599930286407
0.17407716810703278,-0.021747557446360588,-0.021120961755514145
-0.6755630970001221,0.29646939039230347,0.5303481817245483
-0.060752689838409424,-0.01033029519021511,0.15929800271987915
-0.2049383670091629,-0.011679057963192463,-0.25612959265708923
0.19285325706005096,-0.0032714521512389183,0.012416276149451733
0.7330167889595032,0.028959088027477264,-0.04302026331424713
-0.461437463760376,0.019638612866401672,-0.1120893806219101
0.5339388251304626,0.030988287180662155,0.04251950979232788
0.4923135042190552,0.011474148370325565,0.023603247478604317
0.2213403582572937,0.03185221552848816,-0.00710613839328289
-0.47357359528541565,-0.003528394503518939,-0.05157357454299927
-0.17008358240127563,-0.03966716676950455,0.21306976675987244
-0.09613559395074844,0.032000500708818436,0.1724734753370285
-0.2961175739765167,0.05222008377313614,-0.10487554967403412
-0.2597527801990509,-0.03966716676950455,-0.0356505885720253
-0.2516349256038666,-0.03966716676950455,-0.24763928353786469
-0.40244895219802856,0.03209798038005829,-0.16608798503875732
0.4456101953983307,0.0014130930649116635,0.025509174913167953
0.5719961524009705,0.03209798038005829,-0.003061342053115368
0.06162508949637413,-0.01957070454955101,0.15556062757968903
-0.3494964838027954,0.03235119953751564,0.14782869815826416
0.38740861415863037,0.004430859815329313,-0.014202959835529327
-0.447283536195755,0.03259697183966637,-0.043805722147226334
-0.0006567855598405004,0.018514689058065414,0.027737148106098175
0.21556010842323303,-0.2837454080581665,0.386680006980896
-0.12099030613899231,0.24625365436077118,0.3521529734134674
0.8410782217979431,0.0014130930649116635,-0.01934032514691353
0.8777204155921936,0.0014130930649116635,-0.023414164781570435
-0.08056330680847168,-0.03965228050947189,0.1720334142446518
-0.1863938570022583,0.03209798038005829,0.21306976675987244
-0.3005656599998474,-0.03966716676950455,0.20487737655639648
0.003012531902641058,-0.025577494874596596,-0.13138200342655182
0.7880512475967407,0.03185221552848816,0.009198911488056183
-0.21508687734603882,-0.25609031319618225,0.3988445997238159
-0.3820424973964691,-0.03966716676950455,-0.12944576144218445
0.4578242599964142,0.0014547996688634157,-0.04291200265288353
0.5189691781997681,0.0014130930649116635,-0.007105393335223198
0.930747389793396,0.0014130930649116635,-0.01934032514691353
-0.26794517040252686,-0.0035276501439511776,0.26080891489982605
-0.33600950241088867,0.0337134525179863,-0.23757821321487427
0.895973801612854,0.011524047702550888,0.030611449852585793
0.14088980853557587,0.029080213978886604,0.036652274429798126
-0.1986079216003418,0.03235119953751564,-0.16608798503875732
-0.06812579929828644,-0.03966716676950455,-0.12944576144218445
-0.24128949642181396,-0.029606107622385025,0.07252658158540726
-0.005034216679632664,0.02630828320980072,0.08064091950654984
0.629044771194458,0.0014130930649116635,-0.007105393335223198
-0.21901437640190125,-0.03966716676950455,0.029583018273115158
-0.45957204699516296,0.03259697183966637,0.11111198365688324
0.21703027188777924,-0.05396173894405365,0.06803108006715775
-0.19160716235637665,0.012778887525200844,0.2468818873167038
-0.3891887366771698,-0.016464414075016975,-0.22165058553218842
-0.03230281174182892,0.025007862597703934,-0.15156514942646027
0.09490184485912323,-0.035645946860313416,-0.1539488583803177
0.0962076336145401,-0.010304496623575687,-0.17781992256641388
-0.24753868579864502,0.03209798038005829,0.17225684225559235
-0.6027750372886658,0.3645517826080322,-0.349788635969162
-0.41875919699668884,0.03209798038005829,0.1396363079547882
0.0791126936674118,0.36630547046661377,0.09720274806022644
-0.29237326979637146,0.03209798038005829,-0.1579701006412506
-0.14975211024284363,-0.035645946860313416,0.13553965091705322
-0.4269515573978424,-0.03966716676950455,-0.08051498234272003
-0.2516349256038666,0.03210543096065521,-0.015259034931659698
-0.2485421597957611,0.031347740441560745,0.05711878463625908
-0.30458736419677734,-0.03966716676950455,-0.08863285183906555
0.02765388786792755,0.030582666397094727,-0.041738737374544144
-0.3331117033958435,-0.03966716676950455,-0.023414164781570435
0.3558664917945862,0.031978823244571686,0.033671747893095016
-0.03773277625441551,0.04241225868463516,-0.06201445683836937
-0.8099408149719238,0.36659595370292664,0.29300791025161743
0.6251742839813232,0.341034471988678,0.2650264799594879
0.4510146379470825,-0.33865633606910706,-0.34248021245002747
0.18464599549770355,0.03259697183966637,0.06626993417739868
0.09219580888748169,-0.27066656947135925,0.39781948924064636
0.5013182759284973,0.030988287180662155,0.04251950979232788
-0.447283536195755,0.03259697183966637,-0.011185192503035069
-0.10289934277534485,-0.029606107622385025,0.17448434233665466
0.4659421443939209,0.03185221552848816,-0.015259034931659698
-0.005726277828216553,0.3106592893600464,-0.038439422845840454
-0.45018813014030457,0.01659669727087021,0.1518504023551941
-0.017326338216662407,-0.02840704284608364,0.1482078731060028
-0.14780843257904053,0.022290149703621864,0.13776764273643494
-0.2108219861984253,-0.03966716676950455,0.2415940910577774
-0.1230214536190033,-0.029606107622385025,-0.17643335461616516
-0.8018974661827087,-0.3738746643066406,-0.3009053170681
0.32427412271499634,0.36223962903022766,-0.48897218704223633
0.19280113279819489,0.0014130930649116635,-0.01934032514691353
-0.0438133180141449,0.36253008246421814,0.2212071418762207
-0.1719522625207901,-0.029606107622385025,-0.001124136964790523
-0.4746907353401184,-0.011679057963192463,0.08638591319322586
-0.2903589606285095,0.030210282653570175,0.22736571729183197
0.8696025609970093,0.03185221552848816,0.0010475035523995757
0.6252678632736206,-0.32877981662750244,0.3719307482242584
0.09758345782756805,-0.0076037258841097355,-0.09243115037679672
0.7535619735717773,-0.008647962473332882,-0.005197979975491762
0.7880512475967407,0.0014138377737253904,-0.03970952704548836
-0.1660686582326889,0.001097396481782198,0.22028712928295135
-0.4695451259613037,-0.00951411947607994,0.0479867123067379
-0.07222200185060501,0.03235119953751564,-0.13756366074085236
0.14407415688037872,0.3403979539871216,-0.4071711301803589
0.6901895999908447,0.0014130930649116635,-0.015259034931659698
-0.3861387073993683,0.03235119953751564,-0.056034695357084274
0.10719089210033417,0.03185221552848816,0.12332605570554733
-0.29646944999694824,0.03235119953751564,0.19675947725772858
0.04597155377268791,0.03210543096065521,-0.08863285183906555
0.5842101573944092,0.0014138377737253904,0.037723250687122345
-0.10074634104967117,-0.03966716676950455,0.14373250305652618
0.4007011353969574,0.03209798038005829,0.013242961838841438
-0.4787869453430176,-0.003532118396833539,-0.015147319994866848
0.6006592512130737,0.35406312346458435,0.37499916553497314
0.2621115446090698,0.0014130930649116635,0.013280199840664864
-0.2516349256038666,-0.03966716676950455,0.2415940910577774
0.5964242219924927,0.03185221552848816,0.01735404133796692
0.10637176036834717,-0.023797521367669106,-0.07863695919513702
0.06012878566980362,-0.029606107622385025,-0.14381283521652222
-0.06618943810462952,-0.007605960592627525,-0.16727960109710693
-0.41689053177833557,-0.04972821846604347,0.17829619348049164
-0.02671074867248535,0.2780989110469818,0.047217875719070435
0.1500823050737381,0.022535918280482292,0.12145736068487167
0.09291688352823257,0.01594717614352703,-0.153107687830925
0.5239003896713257,0.30596980452537537,-0.24930065870285034
0.6372371315956116,0.03185221552848816,0.025509174913167953
0.7717409133911133,0.03185221552848816,0.03771580383181572
0.9144371747970581,0.031904347240924835,-0.04305350407958031
0.622795581817627,0.02091233991086483,-0.034973520785570145
0.701231837272644,-0.2770763337612152,0.37672698497772217
0.6947942972183228,0.29871395230293274,0.2551185190677643
0.4212898015975952,0.36306577920913696,-0.5111690163612366
0.9725642204284668,0.028834447264671326,-0.0203963965177536
-0.36573225259780884,-0.03966716676950455,0.16004276275634766
0.06235628202557564,-0.03966716676950455,0.054048407822847366
-0.3658066987991333,0.03235119953751564,0.005123579874634743
-0.3372079133987427,-0.03966716676950455,0.09889789670705795
0.17243191599845886,0.012786336243152618,-0.045734647661447525
0.4029516875743866,0.27240392565727234,0.1727786809206009
-0.29646944999694824,-0.03966716676950455,0.14373250305652618
-0.3943310081958771,0.03235119953751564,0.17635302245616913
-0.47150182723999023,-0.059789277613162994,-0.10494313389062881
-0.36573225259780884,-0.03966716676950455,0.19675947725772858
-0.03960147872567177,-0.03966716676950455,-0.027495451271533966
-0.1374630630016327,-0.03966716676950455,0.058122243732213974
-0.2557310461997986,0.03235119953751564,0.2293800264596939
-0.19041556119918823,-0.03966716676950455,-0.1090393140912056
0.6615976691246033,0.02782360091805458,-0.0316145233809948
0.6837601065635681,-0.3327943980693817,0.34353387355804443
-0.19057130813598633,-0.009513373486697674,-0.2346736639738083
-0.443783164024353,-0.00624826131388545,-0.15931066870689392
-0.388457328081131,-0.34168148040771484,0.14605115354061127
1.2650222778320312,0.2672562599182129,0.37487998604774475
-0.13149815797805786,0.02216353639960289,-0.20876957476139069
-0.28015923500061035,0.03209798038005829,0.17225684225559235
-0.09262844175100327,-0.03966716676950455,0.11520816385746002
-0.16598738729953766,-0.03966716676950455,-0.056034695357084274
-0.1680692732334137,-0.041681475937366486,0.04387896880507469
-0.398352712392807,-0.03966716676950455,-0.06826366484165192
-0.11101369559764862,-0.041681475937366486,-0.021309399977326393
0.2665758728981018,0.25833332538604736,-0.2742214500904083
0.27000170946121216,0.03185221552848816,-0.015259035862982273
0.4007011353969574,0.0014130930649116635,0.025509174913167953
0.29880291223526,0.03185221552848816,-0.015259034931659698
0.6738793849945068,0.03185221552848816,0.009198911488056183
-0.28827711939811707,-0.03966716676950455,-0.06418981403112411
-0.21901437640190125,0.03185221552848816,-0.2313290238380432
-0.29646944999694824,-0.03966716676950455,0.0377381406724453
-0.23934632539749146,-0.03966716676950455,0.1885671317577362
-0.3127797544002533,0.03235119953751564,0.1315184384584427
-0.13336686789989471,-0.03966716676950455,-0.1090393140912056
-0.3739246428012848,-0.03966716676950455,0.09889789670705795
-0.16598738729953766,-0.03966716676950455,-0.1742803305387497
-0.2067258208990097,-0.03966716676950455,-0.13346746563911438
-0.422855406999588,0.03259697183966637,0.0377381406724453
-0.14155921339988708,0.03235119953751564,-0.00303080677986145
-0.422855406999588,0.03259697183966637,0.005122834350913763
0.8125538229942322,0.0014130930649116635,0.02143533155322075
0.8532922267913818,0.004951451439410448,-0.04557080194354057
0.4803837239742279,-0.008647962473332882,-0.021508239209651947
1.2932260036468506,0.32181352376937866,0.30295270681381226
-0.2556566298007965,-0.03966716676950455,-0.1742803305387497
-0.406711220741272,-0.2774640917778015,-0.26035594940185547
-0.2883516252040863,0.03210543096065521,0.01735404133796692
0.2090964913368225,0.01685273088514805,0.04222160950303078
-0.029540423303842545,0.022535918280482292,0.06440868973731995
-0.11920961737632751,0.022290149703621864,-0.16012310981750488
-0.23532463610172272,0.03235119953751564,0.20897357165813446
-0.33600950241088867,-0.017928261309862137,0.23518237471580505
-0.4513797461986542,0.03235119953751564,0.04997456073760986
-0.28025418519973755,0.29052647948265076,0.32539770007133484
-0.3617105185985565,0.03235119953751564,0.062203533947467804
-0.18229766190052032,0.03209798038005829,-0.22723285853862762
-0.2597527801990509,0.03235119953751564,-0.1701841652393341
-0.3617105185985565,0.03235119953751564,-0.1579701006412506
-0.3943310081958771,0.03235119953751564,-0.0071076275780797005
-0.7570628523826599,-0.2334413230419159,-0.13176441192626953
0.058260101824998856,-0.03966716676950455,-0.09272904694080353
0.025639580562710762,-0.03966716676950455,-0.11715720593929291
-0.3372079133987427,-0.03966716676950455,-0.13346746563911438
0.1561216562986374,-0.03966716676950455,0.09889789670705795
-0.14774090051651,-0.025577494874596596,-0.20883709192276
-0.2965496778488159,-0.36984604597091675,-0.31323742866516113
-0.2640826106071472,0.3185073137283325,0.29103317856788635
0.375641405582428,0.2653649151325226,0.296013206243515
0.6616653203964233,0.0014130930649116635,-0.011185192503035069
-0.447283536195755,-0.03966716676950455,-0.04787955805659294
0.7473872900009155,0.002727596089243889,0.042392902076244354
-0.29646944999694824,-0.03966716676950455,-0.19870850443840027
-0.10671120136976242,-0.029606107622385025,-0.06635773926973343
-0.17820145189762115,0.03235119953751564,-0.14575602114200592
-0.34439682960510254,-0.03866370767354965,-0.21401530504226685
0.40264424681663513,0.018640821799635887,-0.03562890738248825
0.681787371635437,0.0014637367567047477,0.04067249968647957
1.2684482336044312,-0.3216288685798645,-0.3690618574619293
0.2868175804615021,0.009560861624777317,-0.03183658793568611
0.5497668981552124,-0.2641191780567169,-0.28269121050834656
-0.26794517040252686,-0.03966716676950455,0.15192486345767975
-0.2210320234298706,-0.029516739770770073,-0.24539823830127716
0.0908806174993515,-0.03966716676950455,0.09889789670705795
-0.2719668447971344,0.03185221552848816,-0.21501876413822174
-0.2472543567419052,0.03235120326280594,-0.15358957648277283
0.06228181719779968,0.03210543096065521,-0.11715720593929291
0.017447208985686302,-0.03966716676950455,0.07035867124795914
-0.1374630630016327,-0.03966716676950455,-0.13756366074085236
-0.16196568310260773,0.03235119953751564,-0.09272904694080353
-0.03773277625441551,0.022535918280482292,0.12145736068487167
-0.1374630630016327,0.03235119953751564,-0.06418981403112411
-0.03960147872567177,-0.03966716676950455,-0.12944576144218445
-0.4432618021965027,-0.03966716676950455,0.09480171650648117
0.17853549122810364,-0.0028265584260225296,0.11439237743616104
0.555685818195343,0.03185221552848816,0.02143533155322075
0.005679987836629152,-0.03961503505706787,0.1473073661327362
0.759526789188385,0.03185221552848816,-0.03970952704548836
-0.6285141706466675,0.3552655577659607,-0.5617971420288086
-0.1509285569190979,0.3436688780784607,0.40988749265670776
-0.2335439920425415,-0.0054372986778616905,0.24635376036167145
0.9676029086112976,0.019851326942443848,0.0488235168159008
0.08268824964761734,-0.03966716676950455,0.16004276275634766
0.13571521639823914,-0.03966716676950455,0.07446975260972977
-0.07753532379865646,0.017384681850671768,0.06723252683877945
0.5107768177986145,0.03185221552848816,-0.01934032514691353
-0.11296039819717407,-0.03966716676950455,-0.15387390553951263
-0.18337608873844147,-0.03664940595626831,0.09372329711914062
-0.13961608707904816,-0.029606107622385025,0.0929330363869667
-0.058000996708869934,-0.04167408496141434,0.027516096830368042
-0.1282348334789276,-0.008752809837460518,0.19712510704994202
-0.16383440792560577,-0.029606107622385025,-0.07045392692089081
-0.4147374927997589,0.03210543096065521,-0.06010853871703148
0.15434101223945618,-0.3597997725009918,-0.09130814671516418
-0.2516349256038666,-0.03966716676950455,-0.11313549429178238
-0.3820424973964691,-0.03966716676950455,0.13561461865901947
0.37318018078804016,0.0024165536742657423,0.014283660799264908
-0.5434424877166748,0.260332852602005,-0.24187776446342468
0.4214223623275757,-0.3638136088848114,0.27652889490127563
-0.36820077896118164,-0.36986079812049866,0.29076167941093445
-0.3086835741996765,0.03210543096065521,-0.007106882520020008
-0.4641222655773163,-0.27369171380996704,-0.2519945204257965
0.42898136377334595,-0.31267228722572327,0.27855491638183594
-0.21491818130016327,0.03235119953751564,0.16004276275634766
-0.3290899991989136,0.03235119953751564,-0.19059060513973236
-0.21491818130016327,-0.03966716676950455,0.17635302245616913
-0.2108219861984253,-0.03966716676950455,0.1396363079547882
-0.09772858023643494,0.035115744918584824,-0.16716639697551727
0.37627294659614563,0.0014138377737253904,-0.03970952704548836
-0.5456657409667969,-0.2650699317455292,0.0232294499874115
0.8410782217979431,0.03185221552848816,0.03771580383181572
-0.6179816722869873,0.28613385558128357,-0.05953250825405121
-0.25378793478012085,-0.013854419812560081,-0.2569420337677002
0.403220534324646,0.34105995297431946,0.3726983964443207
-0.38721364736557007,0.012170692905783653,0.21362337470054626
0.13191014528274536,-0.026805808767676353,0.15191808342933655
-0.41034337878227234,0.0032638234551995993,-0.2025812417268753
0.057962194085121155,0.012443745508790016,-0.16951388120651245
0.0013603685656562448,0.004631204064935446,-0.14784133434295654
0.1437654197216034,0.014692259952425957,-0.05929608643054962
-0.47052013874053955,0.016860177740454674,-0.06802534312009811
-0.11504572629928589,-0.0035328632220625877,-0.1962507665157318
-0.28936293721199036,-0.04267754405736923,0.23039133846759796
-0.10484252125024796,0.03235119953751564,-0.08453668653964996
-0.11813504248857498,-0.03664940595626831,0.13044002652168274
-0.0009411327191628516,0.018514689058065414,0.01946934498846531
0.08716373145580292,0.26435405015945435,-0.37235233187675476
-0.39023488759994507,0.03235119953751564,0.11520816385746002
-0.3249938488006592,-0.03966716676950455,0.049967117607593536
0.021827729418873787,0.03259697183966637,0.09480171650648117
-0.017042016610503197,-0.029606107622385025,0.08883684128522873
-0.19041556119918823,-0.03966716676950455,0.192663311958313
-0.17417973279953003,0.03209798038005829,0.1274222582578659
-0.23532463610172272,-0.03966716676950455,0.22118765115737915
-0.11705660074949265,-0.03966716676950455,0.04181943088769913
0.30288422107696533,0.03185221552848816,0.013257856480777264
0.8206717371940613,0.032224588096141815,-0.02342161349952221
-0.2780062258243561,0.022290149703621864,0.06843040138483047
-0.14342793822288513,-0.04972821846604347,0.015183890238404274
0.6127344965934753,0.0014130930649116635,0.013280199840664864
0.27476945519447327,0.2683752775192261,0.3030039966106415
0.20917601883411407,0.23416782915592194,0.2580445110797882
-0.6743955016136169,-0.27866679430007935,0.03624981641769409
-0.0946427434682846,0.03033689595758915,-0.021399857476353645
-0.1866907775402069,-0.26614826917648315,-0.32541370391845703
0.8940306901931763,0.0014130930649116635,-0.0030285725370049477
0.3191870450973511,0.0014130930649116635,-0.007105393335223198
0.7554306387901306,0.03185221552848816,0.01735404133796692
-0.4624699056148529,-0.02836235985159874,-0.04426068440079689
-0.4409598708152771,0.022215671837329865,-0.18017075955867767
0.040006671100854874,0.022290149703621864,0.12555356323719025
-0.3820424973964691,-0.03966716676950455,0.013280199840664864
-0.02896745875477791,0.03863371163606644,-0.06603878736495972
-0.3617105185985565,-0.03966716676950455,-0.11313549429178238
-0.28827711939811707,-0.03966716676950455,-0.2313290238380432
-0.13336686789989471,0.03235119953751564,-0.12944576144218445
-0.2882766127586365,-0.043688394129276276,0.0989728644490242
0.06235628202557564,-0.03966716676950455,0.11520816385746002
-0.19451171159744263,0.012229091487824917,0.09459185600280762
0.9542466402053833,0.030848754569888115,-0.00810959842056036
0.2987954914569855,0.008712494745850563,0.04272059351205826
0.1797904223203659,0.036884382367134094,0.09442910552024841
-0.04123993590474129,0.0008872918551787734,-0.15521447360515594
-0.22005702555179596,0.028886737301945686,-0.26104500889778137
-0.7350013852119446,-0.2756986618041992,0.20720289647579193
-0.3372079133987427,0.03209798038005829,0.17635302245616913
0.12249768525362015,0.032855670899152756,0.08158417791128159
-0.2638489902019501,-0.03966716676950455,-0.14977772533893585
0.5270870327949524,0.03185221552848816,0.01736893691122532
-0.21491818130016327,-0.03966716676950455,-0.023414164781570435
-0.3005656599998474,-0.03966716676950455,-0.011185192503035069
0.11940494924783707,0.03259697183966637,0.14782869815826416
-0.33533918857574463,0.022036926820874214,0.2274368554353714
-0.20256157219409943,-0.03161733224987984,-0.2273753434419632
0.7002506852149963,0.018640821799635887,-0.03562890738248825
0.5597075819969177,0.012786336243152618,-0.045734647661447525
0.8328858017921448,0.0014130930649116635,0.005125813186168671
0.33768755197525024,0.011474148370325565,-0.02532009221613407
0.11530876904726028,0.03185221552848816,0.029583018273115158
-0.23934632539749146,-0.03966716676950455,-0.08051498234272003
-0.2597527801990509,-0.03966716676950455,-0.06418981403112411
-0.04771936684846878,-0.03966716676950455,0.0784914568066597
-0.08853226155042648,-0.03966716676950455,0.03366430103778839
-0.15377333760261536,0.03235119953751564,0.10299409180879593
-0.212765172123909,0.022290149703621864,0.13338711857795715
0.9430290460586548,0.02782360091805458,0.03368718549609184
-0.2638489902019501,0.03235119953751564,-0.07641879469156265
-0.3617105185985565,0.03235119953751564,0.12332605570554733
0.23998470604419708,0.2563116252422333,0.4172077178955078
-0.21901437640190125,-0.03966716676950455,-0.1579701006412506
-0.4770670533180237,-0.02396070584654808,0.02555464394390583
0.34804654121398926,0.0054504405707120895,0.04276528209447861
0.262116014957428,0.011975869536399841,0.05377151817083359
0.31103193759918213,0.004951451439410448,-0.025448685511946678
0.10495659708976746,-0.007605960592627525,-0.154693141579628
0.17857030034065247,0.3602699339389801,-0.06688308715820312
0.21725906431674957,0.02782360091805458,0.017384376376867294
-0.3657964766025543,-0.027584359049797058,-0.23513755202293396
-0.44763147830963135,0.3652777075767517,-0.028216242790222168
-0.08711720257997513,0.012778887525200844,-0.17882338166236877
0.1258372664451599,0.04740947484970093,0.19512076675891876
-0.3862136900424957,-0.043688394129276276,0.18877647817134857
0.17377248406410217,-0.02119709923863411,0.12526242434978485
-0.13537771999835968,-0.00038475965266115963,0.21850651502609253
0.04016241058707237,-0.018478721380233765,-0.16258761286735535
0.44963186979293823,0.0014130930649116635,-0.01934032514691353
0.43332165479660034,0.004951451439410448,-0.04557080194354057
-0.002153573790565133,0.03111490234732628,-0.17116594314575195
-0.4061659574508667,-0.009516353718936443,0.18818792700767517
-0.01919502206146717,0.03259697183966637,-0.11715720593929291
-0.12115280330181122,0.03235119953751564,0.14373250305652618
-0.3331117033958435,-0.03966716676950455,0.1274222582578659
-0.3127797544002533,-0.03966716676950455,0.09070553630590439
0.930747389793396,0.03185221552848816,-0.011185192503035069
-0.3211382031440735,-0.2774640917778015,0.2869074046611786
-0.3739246428012848,0.03209798038005829,-0.21099704504013062
0.002222259994596243,-0.0487142838537693,-0.10589329153299332
-0.3127797544002533,0.03235119953751564,0.04997456073760986
-0.0345018208026886,0.03159351274371147,-0.012188653461635113
0.33139029145240784,-0.3738746643066406,-0.28835946321487427
0.18871983885765076,0.03185221552848816,-0.00710613839328289
0.02966819331049919,-0.03563855588436127,-0.06387515366077423
0.12759733200073242,0.03185221552848816,0.0581296905875206
-0.3617105185985565,-0.03966716676950455,-0.07234494388103485
-0.3494219481945038,0.032477810978889465,-0.039739321917295456
-0.19041556119918823,-0.03966716676950455,-0.0030315518379211426
-0.3168759346008301,0.03209798038005829,-0.06418981403112411
0.14788126945495605,0.3562413156032562,-0.11551479995250702
-0.17410530149936676,0.03209798038005829,-0.1701841652393341
-0.28827711939811707,0.032224588096141815,0.14373250305652618
-0.7855871915817261,-0.3738746643066406,-0.402569055557251
-0.2638489902019501,-0.03966716676950455,0.17635302245616913
-0.24344249069690704,-0.03966716676950455,-0.2232111394405365
0.7187139987945557,0.03235119953751564,-0.015288825146853924
0.43332165479660034,0.03185221552848816,-0.015259034931659698
0.702403724193573,0.0014130930649116635,0.01735404133796692
-0.13598117232322693,0.242218017578125,-0.09779268503189087
0.32140466570854187,0.32455024123191833,0.19288958609104156
-0.13403715193271637,0.004623756743967533,-0.20958201587200165
-0.30533239245414734,0.2761363685131073,-0.46691733598709106
0.6315126419067383,-0.251994788646698,0.26099008321762085
0.5107768177986145,0.02870187722146511,-0.045689962804317474
-0.04503823071718216,0.008705046027898788,0.1455199420452118
-0.09262844175100327,0.03235120326280594,0.14782869815826416
0.5638037323951721,0.0014130930649116635,0.0010489930864423513
-0.27398809790611267,0.04442347213625908,0.13116604089736938
0.9022229909896851,0.03185221552848816,0.02143533155322075
-0.25805017352104187,0.32856836915016174,0.2826666235923767
0.37217673659324646,0.03185221552848816,-0.023414164781570435
-0.18327666819095612,0.2789081931114197,-0.11530613899230957
0.21725906431674957,0.03185221552848816,-0.03156929463148117
-0.28425541520118713,0.03235119953751564,-0.04379827156662941
0.017447208985686302,-0.03966716676950455,0.09480171650648117
-0.07833248376846313,0.03436550498008728,-0.053967706859111786
-0.41064128279685974,-0.03966716676950455,0.062203533947467804
0.7170113921165466,-0.2712981402873993,0.2543100416660309
-0.13264775276184082,-0.03866370767354965,0.15494312345981598
-0.06812579929828644,-0.03966716676950455,-0.06010853871703148
0.8124793171882629,0.0014138377737253904,-0.03970952704548836
0.8124793171882629,0.03185221552848816,0.009198911488056183
0.5760177969932556,0.0014130930649116635,-0.03156929463148117
0.1035347655415535,0.021135766059160233,-0.053153131157159805
0.8450998663902283,0.03209798038005829,-0.03159908577799797
-0.447283536195755,-0.03966716676950455,0.1193043515086174
0.12506118416786194,-0.3146730363368988,0.2725498378276825
-0.0035550473257899284,0.004631204064935446,0.14350908994674683
-0.04503823071718216,-0.023915473371744156,0.1455199420452118
0.07837539911270142,-0.028183620423078537,-0.16168710589408875
0.22529035806655884,0.29108092188835144,0.37674933671951294
0.2368459701538086,0.005682921502739191,-0.02862720936536789
-0.6576143503189087,0.3323512077331543,0.5089735984802246
-0.19451171159744263,-0.03966716676950455,0.21716593205928802
-0.024933665990829468,0.364298552274704,-0.44367414712905884
-0.3496386408805847,0.002717832336202264,0.22877740859985352
0.1459149718284607,0.02983790636062622,0.007184604648500681
-0.3679597079753876,-0.029606107622385025,-0.03755650669336319
-0.26794517040252686,0.03210543096065521,0.045885827392339706
0.36047640442848206,0.3566284775733948,0.24815189838409424
-0.23122844099998474,0.03235119953751564,-0.06418981403112411
-0.24344249069690704,-0.03966716676950455,0.021427882835268974
0.1783967912197113,-0.029606107622385025,0.023603247478604317
-0.1863938570022583,0.03235119953751564,-0.0071076275780797005
-0.7755261659622192,0.3564976453781128,-0.24155877530574799
-0.34130412340164185,-0.03966716676950455,0.009198911488056183
-0.422855406999588,-0.03966716676950455,0.01735404133796692
0.08053521811962128,0.022535918280482292,0.03583222255110741
-0.5660738945007324,0.36277586221694946,-0.4516490697860718
-0.2676607668399811,0.03209798038005829,0.1193043515086174
-0.38211697340011597,0.03209798038005829,0.19675947725772858
-0.09478146582841873,0.022290149703621864,0.10895895212888718
-0.20270411670207977,-0.03966716676950455,-0.18649441003799438
-0.3820424973964691,-0.03966716676950455,-0.1701841652393341
0.009329299442470074,0.03259697183966637,0.09889789670705795
0.10719089210033417,-0.03966716676950455,0.12332605570554733
-0.24753868579864502,0.03235119953751564,-0.1090393140912056
-0.34540027379989624,-0.03966716676950455,0.21716593205928802
0.07524742931127548,0.02121024578809738,0.17239899933338165
0.16933919489383698,0.027438290417194366,0.042747873812913895
0.2784188389778137,0.0014130930649116635,-0.011185192503035069
-0.3861387073993683,0.03235119953751564,0.04181943088769913
0.13161903619766235,-0.03966716676950455,-0.0071083721704781055
0.11940494924783707,-0.03966716676950455,0.01735404133796692
-0.23532463610172272,0.03235119953751564,0.0377381406724453
0.7676447629928589,0.03185221552848816,-0.0030293171294033527
-0.27026426792144775,0.2623397707939148,0.23581019043922424
-0.4551711976528168,0.0067991213873028755,-0.10219430178403854
-0.7428418397903442,0.36254486441612244,0.38264787197113037
-0.17008358240127563,-0.03966716676950455,-0.14575602114200592
0.06235628202557564,-0.03966716676950455,0.14782869815826416
0.19588442146778107,-0.015767792239785194,0.037753038108348846
0.056032612919807434,0.022044379264116287,-0.12750259041786194
0.6189228296279907,0.011968669481575489,0.030566764995455742
-0.44362741708755493,-0.02866026572883129,-0.11811860650777817
-0.004678976722061634,-0.0097731314599514,-0.13845056295394897
0.9348436594009399,0.0014130930649116635,0.01735404133796692
0.44785076379776,-0.34971344470977783,0.4354616403579712
-0.42553654313087463,-0.013041970320045948,-0.18560071289539337
0.08580946177244186,0.0027103840839117765,-0.09473311901092529
-0.19848042726516724,-0.3285280466079712,0.26800233125686646
1.2991952896118164,0.3168978989124298,0.311258465051651
0.16247163712978363,-0.36277827620506287,0.5608924627304077
-0.7653982639312744,-0.2535548508167267,0.19267591834068298
-0.4396125376224518,0.008705046027898788,0.16942675411701202
-0.03303748369216919,0.36630547046661377,0.07658642530441284
-0.4482080936431885,0.04629633203148842,-0.19596326351165771
0.49044477939605713,0.0014130930649116635,0.009206359274685383
0.21318522095680237,0.0014130930649116635,-0.007105393335223198
-0.3127797544002533,0.03235119953751564,-0.1742803305387497
0.054302629083395004,-0.027591802179813385,-0.08033901453018188
-0.04556633532047272,0.022535918280482292,0.04779919981956482
-0.18229766190052032,0.03235119953751564,-0.1090393140912056
-0.34130412340164185,-0.03966716676950455,-0.17837652564048767
-0.28425541520118713,-0.03966716676950455,-0.027495451271533966
0.35933470726013184,-0.35274600982666016,0.265461266040802
-0.19041556119918823,-0.03966716676950455,0.15594658255577087
-0.24344249069690704,-0.03966716676950455,-0.19870850443840027
-0.41875919699668884,-0.03966716676950455,-0.1742803305387497
-0.5575997233390808,0.2502717971801758,0.40895897150039673
-0.051815543323755264,-0.03966716676950455,-0.08453668653964996
0.555685818195343,0.03185221552848816,-0.01934032514691353
-0.47126486897468567,0.012786336243152618,0.09979161620140076
0.6453550457954407,0.0014130930649116635,-0.02748800627887249
-0.4594976305961609,-0.03966716676950455,0.054048407822847366
-0.2562659680843353,-0.017690598964691162,-0.2643219232559204
-0.08131485432386398,-0.0027263695374131203,0.15899331867694855
-0.4178045690059662,-0.03949587419629097,-0.19005566835403442
0.07963473349809647,0.004623756743967533,-0.1756209135055542
0.6860934495925903,0.016830390319228172,0.042467374354600906
0.08570268005132675,0.007481954991817474,0.1700480580329895
0.8981268405914307,0.03209798038005829,-0.02748800627887249
-0.46106162667274475,0.0005491705960594118,-0.1082945466041565
-0.10134239494800568,0.2402181327342987,-0.21337640285491943
0.4535380005836487,0.3645368814468384,0.5063154697418213
-0.46137332916259766,-0.3096173107624054,0.07232379913330078
-0.018078625202178955,0.27019837498664856,0.02077275514602661
-0.2516349256038666,0.03209798038005829,-0.2354251891374588
-0.4513797461986542,0.03235119953751564,0.1315184384584427
-0.1190033033490181,-0.03362425044178963,-0.10688985139131546
-0.32714685797691345,-0.029606107622385025,-0.22946032881736755
0.033757466822862625,-0.03966716676950455,0.11520816385746002
-0.422855406999588,-0.03966716676950455,0.11111198365688324
0.42110759019851685,0.03209798038005829,0.021427882835268974
-0.023291220888495445,-0.03966716676950455,-0.08051498234272003
0.3724173307418823,-0.2774640917778015,0.3233412802219391
-0.34540027379989624,0.03235119953751564,0.013280199840664864
0.3477485775947571,0.03209798038005829,0.013250408694148064
0.7921473979949951,0.0014130930649116635,0.013280199840664864
-0.23532463610172272,-0.03966716676950455,-0.03156929463148117
-0.01919502206146717,0.03259697183966637,-0.06010853871703148
-0.060007914900779724,-0.03966716676950455,-0.0356505885720253
-0.008849642239511013,0.022535918280482292,0.07226459681987762
0.5393756031990051,0.0014130930649116635,0.0010489930864423513
-0.26794517040252686,0.03210543096065521,0.0010467588435858488
-0.3193437457084656,-0.37186771631240845,0.33143943548202515
-0.24344249069690704,0.03235119953751564,0.005123579874634743
0.04194984212517738,-0.03966716676950455,0.06627737730741501
0.9796781539916992,0.0014130930649116635,-0.015259034931659698
-0.22133606672286987,0.35624441504478455,0.43963897228240967
-0.1558551788330078,0.03008367493748665,-0.21703307330608368
-0.04369765892624855,0.03209798038005829,-0.08863285183906555
-0.3168759346008301,0.03235119953751564,0.1885671317577362
-0.2805991768836975,0.3546067774295807,-0.16855652630329132
-0.31479406356811523,0.03033689595758915,0.08460194617509842
0.10225686430931091,-0.3326238989830017,-0.20225119590759277
-0.019262606278061867,0.02832259051501751,0.11104439944028854
0.04194984212517738,-0.03966716676950455,-0.13346746563911438
0.23765063285827637,0.0014130930649116635,-0.011185192503035069
-0.39358627796173096,0.0032638234551995993,-0.2177743762731552
0.6535473465919495,0.0014130930649116635,0.009206359274685383
-0.1844506561756134,-0.04972821846604347,0.0317583791911602
0.3232683539390564,0.03185221552848816,0.005125068128108978
-0.3249938488006592,-0.03966716676950455,-0.04787955805659294
0.4537280797958374,0.0014130930649116635,0.005125813186168671
0.6086382865905762,0.0014130930649116635,-0.01934032514691353
0.103392593562603,0.016860177740454674,-0.07731249928474426
-0.11303489655256271,0.03235119953751564,-0.12125339359045029
-0.29260337352752686,0.28850480914115906,0.29912739992141724
0.6372371315956116,0.03185221552848816,-0.027495451271533966
-0.7869142293930054,0.3654490113258362,-0.3657557964324951
-0.16598738729953766,0.03209798038005829,0.20487737655639648
-0.32089763879776,0.03209798038005829,-0.11313549429178238
-0.09887763112783432,0.022036926820874214,0.1785060614347458
0.13981139659881592,0.03259697183966637,0.1396363079547882
-0.43097323179244995,-0.03966716676950455,-0.13346746563911438
0.7269063591957092,0.03185221552848816,0.025509174913167953
0.18961000442504883,-0.021841106936335564,0.08429666608572006
0.8043614625930786,0.02870187722146511,-0.045689962804317474
-0.6924039125442505,-0.3248084783554077,-0.5493546724319458
0.8655062317848206,0.008705046027898788,0.042467374354600906
0.04211848974227905,-0.34206724166870117,-0.03352677822113037
0.15649403631687164,-0.013041970320045948,0.14842450618743896
0.2172665148973465,0.0014130930649116635,0.029590459540486336
0.555685818195343,0.02091912552714348,0.042467374354600906
-0.5234010815620422,0.35401108860969543,0.5531304478645325
0.036296434700489044,0.026913784444332123,0.15661008656024933
0.1632360965013504,0.030848754569888115,-0.04071298614144325
-0.26793161034584045,-0.03180861845612526,0.2596917748451233
-0.029770627617836,0.023280015215277672,0.1400831788778305
0.8165754675865173,0.012786336243152618,0.04222160950303078
0.2743450105190277,0.03185221552848816,-0.023414164781570435
-0.07527551054954529,-0.017123255878686905,0.17315055429935455
0.7228102087974548,0.0014130930649116635,0.029590459540486336
-0.4807232618331909,0.006128172855824232,0.006097726058214903
0.9654497504234314,0.02896653674542904,-0.04304260388016701
0.7146246433258057,0.02782360091805458,-0.03568091616034508
-0.4617251455783844,0.022535918280482292,0.04806119203567505
-0.4802764654159546,-0.023267535492777824,-0.00011432352766860276
0.10933689028024673,-0.03169506788253784,-0.18680614233016968
0.4456101953983307,0.03185221552848816,0.03366430103778839
-0.7993481159210205,-0.32565754652023315,-0.2804771065711975
-0.051815543323755264,0.03209798038005829,-0.14977772533893585
0.07047417014837265,-0.03966716676950455,0.07446975260972977
0.11430530995130539,-0.03866370767354965,0.07136213034391403
0.02988186664879322,0.020528996363282204,0.08242665231227875
-0.34130412340164185,0.03235119953751564,-0.09272904694080353
-0.3494964838027954,0.03209798038005829,-0.19468678534030914
-0.3086835741996765,0.03209798038005829,-0.20280465483665466
-0.24753868579864502,-0.03966716676950455,0.1274222582578659
-0.14967714250087738,0.03235119953751564,-0.1742803305387497
-0.3617105185985565,0.03235119953751564,-0.13346746563911438
-0.10074634104967117,-0.03966716676950455,0.09070553630590439
-0.14342793822288513,-0.029606107622385025,-0.18864744901657104
-0.3086835741996765,-0.03966716676950455,-0.1090393140912056
-0.40654513239860535,-0.03966716676950455,-0.13756366074085236
-0.29646944999694824,-0.03966716676950455,-0.14575602114200592
-0.06812579929828644,0.03235119953751564,-0.11715720593929291
0.013279390521347523,0.020528996363282204,-0.10070084035396576
-0.3964840769767761,0.022290149703621864,-0.11500418186187744
-0.2719668447971344,-0.03966716676950455,-0.12944576144218445
0.7432165741920471,0.0014130930649116635,0.02143533155322075
-0.0742969885468483,-0.045710090547800064,0.007237280253320932
0.15827466547489166,0.021791160106658936,0.0032191441860049963
-0.0548333078622818,0.029579205438494682,0.006181143689900637
0.6738793849945068,0.03209798038005829,-0.015288825146853924
-0.2556566298007965,-0.03966716676950455,-0.0071083721704781055
-0.0966501459479332,-0.03966716676950455,-0.01934032514691353
-0.16820797324180603,-0.04569960758090019,0.07230982929468155
0.05725664645433426,-0.03866370767354965,0.03440576791763306
-0.13336686789989471,-0.03966716676950455,-0.06010853871703148
0.1297503411769867,0.021791160106658936,-0.005197979975491762
-0.04712650179862976,0.2878207564353943,0.04370713233947754
-0.40244895219802856,-0.03966716676950455,-0.11715720593929291
-0.07847121357917786,-0.04972821846604347,-0.12340641021728516
-0.22303608059883118,-0.03966716676950455,-0.20690086483955383
-0.4410342872142792,-0.04972821846604347,0.13776764273643494
-0.16189119219779968,0.03235119953751564,-0.04379827156662941
-0.5019650459289551,-0.06583218276500702,0.051659420132637024
0.9633678197860718,0.0014130930649116635,0.02143533155322075
0.1551181972026825,-0.03866370767354965,0.002048729918897152
0.08275583386421204,-0.03563855588436127,0.04593850299715996
0.8328858017921448,0.03185221552848816,0.01735404133796692
-0.3475533127784729,-0.029606107622385025,-0.013353108428418636
-0.10178900510072708,0.010067957453429699,0.1948975771665573
-0.1978631466627121,-0.010325081646442413,0.24919064342975616
-0.2759885787963867,0.02093402110040188,-0.2664817273616791
-0.29237326979637146,0.03235120326280594,0.057860251516103745
-0.19041556119918823,0.03235119953751564,-0.06826366484165192
-0.2719668447971344,-0.03966716676950455,0.062203533947467804
-0.40244895219802856,-0.03966716676950455,-0.08863285183906555
-0.1990540474653244,0.2542899250984192,0.25390321016311646
-0.08228305727243423,-0.029606107622385025,0.08041972666978836
-0.14155921339988708,0.03235119953751564,-0.08453668653964996
-0.4822264015674591,-0.03995630145072937,-0.08444864302873611
0.035700634121894836,0.022535918280482292,-0.10279010236263275
0.8940306901931763,0.024978069588541985,0.042467374354600906
0.4618459939956665,0.03247036412358284,0.013257856480777264
-0.212765172123909,0.022036926820874214,-0.15581706166267395
-0.22303608059883118,0.03209798038005829,-0.11313549429178238
-0.34130412340164185,-0.03966716676950455,0.16823512315750122
-0.2719668447971344,-0.03966716676950455,-0.25173547863960266
0.7839550971984863,0.0014130930649116635,-0.01934032514691353
0.95726478099823,0.02984529361128807,0.015347120352089405
-0.3943310081958771,-0.03966716676950455,0.08668382465839386
0.015372219495475292,-0.03362425044178963,-0.12742452323436737
-0.0630614310503006,-0.03865429759025574,0.16108542680740356
-0.3514192998409271,0.031420253217220306,-0.21269641816616058
0.3558664917945862,0.0014547996688634157,-0.04291200265288353
-0.4641896188259125,-0.019834185019135475,0.12124072015285492
-0.0793393924832344,-0.022957243025302887,-0.17663130164146423
-0.4516776204109192,-0.0021677168551832438,-0.13957449793815613
0.02191575989127159,-0.02797442115843296,0.16324524581432343
0.6331409811973572,0.02090422995388508,0.042467374354600906
-0.4734990894794464,-0.03838617727160454,0.08780095726251602
0.7717409133911133,0.004973794333636761,0.04256419464945793
0.8963418006896973,0.3249553143978119,-0.34974849224090576
-0.30182498693466187,-0.028958167880773544,-0.2682759463787079
-0.2111266851425171,0.020532511174678802,0.24032121896743774
-0.537391722202301,-0.2538166642189026,0.4578855037689209
-0.4269515573978424,0.03259697183966637,-0.015266479924321175
