-0.037220682948827744,0.01819024793803692,0.11441689729690552
-0.3508893549442291,-0.3004849851131439,0.6987040638923645
0.5502378940582275,-0.3027303218841553,-0.9396179914474487
-0.40339699387550354,0.3134728968143463,-0.0432414710521698
-0.08989501744508743,-0.013456027954816818,0.5549727082252502
0.13422095775604248,-0.014564523473381996,-0.14237885177135468
0.1583244651556015,0.013597914017736912,-0.39808276295661926
0.16084779798984528,0.28541049361228943,0.19554336369037628
-0.10527023673057556,0.2882942259311676,-0.21309545636177063
-0.22038701176643372,-0.312980979681015,0.014354348182678223
0.28511589765548706,-0.29823383688926697,-0.8547722697257996
-0.5613366365432739,-0.3146645426750183,0.38873815536499023
-0.4096479117870331,0.3113642632961273,0.4812556505203247
-0.08989501744508743,0.010755833238363266,0.37519657611846924
0.08867062628269196,-0.3141978085041046,0.5452776551246643
-0.29213079810142517,0.3144063651561737,0.258969247341156
0.2875329256057739,0.31415635347366333,-0.5024709701538086
0.43136221170425415,0.2847853899002075,-0.24193710088729858
-0.018217913806438446,0.008513838984072208,0.6740733981132507
0.021221166476607323,-0.015214618295431137,-0.40483376383781433
-0.07539290934801102,-0.015214618295431137,0.24254389107227325
0.08865515887737274,-0.015214618295431137,-0.28564974665641785
0.5122323036193848,-0.2861270606517792,0.25930264592170715
-0.17133820056915283,0.31377294659614563,-0.10211262106895447
-0.410398006439209,-0.3151729702949524,-0.7695931792259216
-0.46598947048187256,0.31328120827674866,0.3128937780857086
0.17326627671718597,-0.28915250301361084,0.6034402251243591
-0.31796789169311523,-0.2847685217857361,0.7672933340072632
0.411134272813797,0.2847853899002075,-0.29344049096107483
-0.08218353986740112,-0.28606870770454407,-0.7865957021713257
-0.3035491108894348,0.31401464343070984,-0.6126537322998047
-0.3642246127128601,0.2847853899002075,0.3267291486263275
0.05717639997601509,0.01401464082300663,-0.49017953872680664
-0.04622199758887291,-0.015214618295431137,-0.11937550455331802
0.28236550092697144,-0.3134560286998749,0.6166880130767822
0.3481917679309845,0.31387296319007874,0.17162318527698517
-0.08081036806106567,-0.011714108288288116,-0.25872915983200073
-0.023552028462290764,-0.010205554775893688,0.7617528438568115
-0.550835132598877,0.31091418862342834,-0.12857313454151154
0.28219881653785706,0.3171401023864746,0.28872770071029663
-0.03046969510614872,0.014156327582895756,-0.4655092656612396
0.08188833296298981,0.01387295313179493,-0.20697158575057983
0.05599920451641083,0.2857021987438202,0.3037257790565491
0.20331436395645142,0.01387295313179493,-0.5711079835891724
-0.37764325737953186,0.31818193197250366,-0.34736502170562744
0.4158516228199005,-0.28906914591789246,-0.2146790325641632
-0.08956164866685867,-0.014622864313423634,0.6411519646644592
-0.3927288055419922,0.31376463174819946,-0.4798009991645813
0.08416366577148438,0.013597914017736912,-0.3620775640010834
-0.06922535598278046,-0.013614385388791561,0.8515992760658264
0.10661693662405014,0.01387295313179493,-0.0721186026930809
-0.20007775723934174,0.009255614131689072,-0.059283409267663956
-0.01796787418425083,0.008505504578351974,0.19084469974040985
-0.3898950219154358,-0.3134560286998749,-0.13388390839099884
-0.08847814798355103,-0.015047927387058735,0.4560416638851166
-0.31805121898651123,0.2853604853153229,0.6931158304214478
-0.08447757363319397,0.01819024793803692,0.7100786566734314
0.13134554028511047,0.01401464082300663,-0.4722602665424347
-0.053639743477106094,0.012131033465266228,0.9214428663253784
-0.052972983568906784,-0.015214618295431137,-0.39808276295661926
0.1452808976173401,-0.012464217841625214,-0.3320731818675995
-0.0798935666680336,0.01846528984606266,0.3055197596549988
0.2182728350162506,0.3055134117603302,-0.23051875829696655
0.1830614060163498,-0.015214618295431137,0.017811158671975136
0.4730599522590637,-0.3134560286998749,0.45223909616470337
0.032456137239933014,0.014156327582895756,-0.25422850251197815
0.08416366577148438,-0.015214618295431137,-0.42950400710105896
0.4185270071029663,0.2900111675262451,0.5593546628952026
-0.2026614546775818,0.013722931034862995,0.07515284419059753
-0.12823191285133362,-0.30947211384773254,0.21204574406147003
-0.0178011916577816,0.017140096053481102,0.2560291886329651
0.35356754064559937,-0.31477290391921997,-0.8489381074905396
-0.3898950219154358,-0.3134560286998749,-0.2080947309732437
-0.43390145897865295,0.2847853899002075,-0.3361967206001282
0.18168416619300842,0.29089462757110596,-0.7024167776107788
-0.13223454356193542,-0.004979793448001146,0.8406810760498047
0.2740309536457062,-0.3152146339416504,0.8235514760017395
0.06168539077043533,-0.015214618295431137,-0.03169604763388634
0.205104261636734,-0.3148645758628845,1.2569479942321777
-0.32146841287612915,-0.281259685754776,0.3559834063053131
-0.055223312228918076,-0.015214618295431137,-0.3216550052165985
-0.1012696623802185,0.28704404830932617,-0.7335879802703857
-0.07322593033313751,0.01846528984606266,0.5032985806465149
-0.21766364574432373,-0.013464363291859627,0.13005252182483673
-0.016967736184597015,-0.015214618295431137,-0.2632298171520233
0.009952855296432972,-0.015214618295431137,-0.09012123197317123
0.0077025266364216805,-0.015214618295431137,-0.1575477421283722
0.04594976454973221,-0.015214618295431137,-0.3239052891731262
0.005452197976410389,-0.015214618295431137,-0.4991808533668518
0.14483918249607086,0.014156327582895756,-0.029445718973875046
0.18531173467636108,-0.015214618295431137,-0.5239344835281372
-0.055223312228918076,0.017906874418258667,0.4201197624206543
-0.09114520996809006,0.014298015274107456,-0.10362320393323898
-0.05630679428577423,0.011797650717198849,0.8034256100654602
0.2605290114879608,-0.3152146339416504,-0.327195405960083
-0.010300097055733204,0.01401464082300663,-0.36657822132110596
0.38191336393356323,0.2847853899002075,-0.46204841136932373
-0.08222724497318268,0.01846528984606266,0.5998959541320801
-0.08214389532804489,0.01387295313179493,-0.43400466442108154
0.4299120306968689,-0.28613540530204773,-0.16072116792201996
-0.055223312228918076,-0.015214618295431137,-0.21147222816944122
0.1583244651556015,0.01387295313179493,0.05373305827379227
0.11504317075014114,-0.011714108288288116,-0.23847617208957672
-0.03046969510614872,-0.015214618295431137,0.6291502118110657
0.25827866792678833,-0.28167641162872314,0.6504429578781128
0.5443203449249268,0.2862522602081299,-0.28769373893737793
0.3527091145515442,-0.2864021062850952,0.22338074445724487
-0.04397166892886162,-0.015214618295431137,0.7123290300369263
-0.04397166892886162,0.013597914017736912,-0.16204839944839478
0.09764646738767624,-0.015214618295431137,-0.4991808533668518
0.28111532330513,-0.31351438164711,1.2616153955459595
-0.037220682948827744,0.013597914017736912,-0.07886958867311478
0.21018832921981812,-0.28299325704574585,-0.09341968595981598
0.030214140191674232,-0.015214618295431137,-0.20247094333171844
-0.3181345760822296,-0.28169307112693787,-0.2964409291744232
0.3909029960632324,-0.3152146339416504,-0.4126245379447937
0.02796381153166294,-0.015214618295431137,-0.45425763726234436
-0.07764323800802231,-0.015214618295431137,0.7482509016990662
-0.06709800660610199,-0.31169745326042175,-0.835686206817627
-0.3898116946220398,0.31700676679611206,-0.24626696109771729
0.19760316610336304,0.2847853899002075,0.1582045704126358
0.13585452735424042,-0.015214618295431137,-0.43400466442108154
-0.19907759130001068,-0.015214618295431137,0.03348010033369064
0.2605290114879608,0.2847853899002075,-0.14511889219284058
0.16957610845565796,-0.015214618295431137,-0.4722602665424347
-0.039471011608839035,-0.015214618295431137,-0.5171834826469421
-0.08981168270111084,0.01700674369931221,0.0020588580518960953
-0.06422461569309235,0.01819024793803692,0.6651554703712463
0.12077733874320984,0.013914627023041248,-0.17830075323581696
-0.5548357367515564,0.3140396475791931,-0.25951889157295227
-0.05747364088892937,0.014156327582895756,-0.3598271906375885
0.2891998589038849,-0.282109797000885,0.17178988456726074
-0.20799557864665985,0.014289679937064648,-0.009192773140966892
0.12686988711357117,-0.015214618295431137,-0.3755795359611511
-0.20908285677433014,0.31387296319007874,-0.8441873788833618
-0.3439716696739197,0.2847853899002075,-0.2192630171775818
-0.5190805196762085,-0.28611040115356445,0.508222222328186
-0.04622199758887291,0.014156327582895756,-0.28564974665641785
-0.454071044921875,0.3135979175567627,-0.36986827850341797
0.37248697876930237,-0.28925251960754395,0.3116436004638672
-0.04622199758887291,-0.015214618295431137,0.5707250833511353
0.16732577979564667,-0.015214618295431137,-0.5733582973480225
0.12662819027900696,0.010005723685026169,-0.2961512804031372
-0.019218064844608307,-0.015214618295431137,-0.42950400710105896
0.5041478276252747,-0.2874772548675537,0.3488156795501709
0.04474756121635437,-0.2858436703681946,-0.1743481457233429
-0.34847232699394226,0.2847853899002075,-0.01698353886604309
0.06617771089076996,-0.015214618295431137,-0.23847617208957672
0.09989429265260696,-0.015214618295431137,-0.3306563198566437
0.0234548207372427,0.013881288468837738,-0.5306854248046875
-0.08439422398805618,-0.015214618295431137,0.8943555355072021
0.16733412444591522,0.014156327582895756,0.11217489838600159
0.21785610914230347,-0.2818097770214081,0.4346531927585602
-0.08214389532804489,-0.015214618295431137,0.3391913175582886
0.1785607486963272,-0.015214618295431137,-0.03394637629389763
0.3639273941516876,0.314431369304657,-0.10258340835571289
-0.06647494435310364,-0.015214618295431137,-0.4722602665424347
-0.03046969510614872,-0.015214618295431137,0.22905860841274261
-0.03272002562880516,-0.015214618295431137,0.438122421503067
0.13812153041362762,0.013597914017736912,-0.10362320393323898
0.3986457884311676,0.29502439498901367,-0.251267671585083
0.15608248114585876,0.013739600777626038,-0.5104324817657471
-0.08810107409954071,-0.28671881556510925,-0.2973577380180359
-0.07843299210071564,0.3141813278198242,-0.9112805128097534
0.12117534875869751,0.2847853899002075,0.2795555889606476
0.4156099259853363,-0.2858436703681946,-0.10483375191688538
0.050442084670066833,-0.015214618295431137,-0.36657822132110596
0.043716106563806534,0.01401464082300663,-0.17104968428611755
-0.08439422398805618,-0.015214618295431137,0.40886810421943665
-0.0484723262488842,0.01818191446363926,0.7415832877159119
0.13585452735424042,-0.015214618295431137,-0.060866985470056534
-0.04622199758887291,0.014431368559598923,-0.2407265305519104
-0.06189095228910446,0.017906874418258667,0.172867089509964
-0.05072265490889549,0.01818191446363926,0.5392204523086548
0.1493481546640396,-0.015214618295431137,0.08748797327280045
-0.3844775855541229,0.3142813444137573,-0.0036523640155792236
-0.10464717447757721,-0.015214618295431137,-0.07661926001310349
-0.05972396954894066,0.017906874418258667,0.46279263496398926
-0.10014650970697403,-0.015214618295431137,0.8156773447990417
-0.08981168270111084,-0.013531039468944073,0.6830747127532959
0.21052171289920807,-0.28210148215293884,0.5650138854980469
-0.267535537481308,0.2847853899002075,0.01660063862800598
-0.08214389532804489,-0.015214618295431137,-0.022694744169712067
0.07293703407049179,0.013597914017736912,-0.31265369057655334
-0.06230767071247101,0.01252275612205267,0.9616153836250305
0.28236550092697144,-0.3134560286998749,-0.2710205614566803
0.061677057296037674,0.014156327582895756,-0.4497569799423218
-0.05972396954894066,-0.015214618295431137,0.1189175546169281
0.4681175947189331,-0.313831090927124,-0.06991198658943176
-0.055223312228918076,-0.015214618295431137,0.48979657888412476
0.0032018693163990974,-0.015214618295431137,-0.33965763449668884
-0.23049883544445038,-0.015214618295431137,0.06273435801267624
-0.3826439678668976,0.3138229548931122,0.07619264721870422
-0.08439422398805618,-0.015214618295431137,-0.3643278479576111
0.24719372391700745,-0.28571033477783203,-0.25752270221710205
-0.061974283307790756,-0.015214618295431137,0.19534535706043243
-0.060807451605796814,-0.01478955615311861,-0.062283847481012344
0.0077025266364216805,0.014156327582895756,-0.43175435066223145
-0.399896502494812,0.3140646517276764,-0.7945968508720398
-0.05972396954894066,-0.015214618295431137,0.37294623255729675
0.14709782600402832,0.01387295313179493,0.015560830011963844
0.40007683634757996,0.3139979839324951,0.5851834416389465
0.08865682035684586,0.013597914017736912,-0.03619670495390892
-0.22099746763706207,-0.014622864313423634,0.17511823773384094
-0.055223312228918076,0.017906874418258667,0.23580124974250793
-0.2090986967086792,-0.2864021062850952,0.04352119565010071
0.2336084246635437,-0.28153473138809204,-0.2147623598575592
-0.31780120730400085,-0.2828599214553833,-0.1496112048625946
0.09990762174129486,0.01387295313179493,-0.13729478418827057
-0.039471011608839035,0.01819024793803692,0.3010191023349762
0.13080379366874695,-0.014614530839025974,0.17134352028369904
-0.08897823095321655,0.01387295313179493,-0.3913317918777466
0.02795547805726528,0.014431368559598923,-0.37782981991767883
-0.01796787418425083,0.015231485478579998,0.7123290300369263
-0.02371872216463089,0.014156327582895756,-0.40483376383781433
0.17180144786834717,0.014156327582895756,-0.5486880540847778
-0.3687252998352051,-0.3152146339416504,-0.468799352645874
0.07366843521595001,0.289594441652298,0.2677205204963684
0.21335545182228088,0.2847853899002075,0.2168005108833313
0.17180976271629333,0.014156327582895756,-0.43625500798225403
-0.09564586728811264,0.01252275612205267,0.84251469373703
0.13361254334449768,-0.015214618295431137,0.2223159372806549
0.07966301590204239,-0.015214618295431137,-0.06536761671304703
0.1983136236667633,-0.014581192284822464,-0.5960282683372498
0.47856074571609497,0.31415635347366333,-0.3586166799068451
-0.31805121898651123,0.2853604853153229,-0.18782511353492737
-0.3898116946220398,0.31700676679611206,0.7358720302581787
0.10439161211252213,-0.015214618295431137,-0.19797028601169586
-0.09114520996809006,0.01252275612205267,0.9260268211364746
-0.04397166892886162,0.01818191446363926,0.6178985834121704
-0.018217913806438446,0.018040228635072708,0.5047987699508667
-0.08847814798355103,-0.015047927387058735,0.28301647305488586
-0.12715046107769012,-0.015214618295431137,0.8764362931251526
-0.019218064844608307,0.014298015274107456,-0.5059317946434021
-0.05972396954894066,0.014156327582895756,-0.5014311671257019
-0.2575590908527374,0.31368958950042725,0.2823059856891632
-0.02371872216463089,-0.015214618295431137,-0.182301327586174
-0.0012154412688687444,-0.015214618295431137,-0.22947485744953156
0.014470179565250874,0.014431368559598923,-0.4722602665424347
0.45832449197769165,0.3137395977973938,-0.12714210152626038
-0.03046969510614872,-0.015214618295431137,-0.3553265333175659
0.12012724578380585,0.014431368559598923,-0.5194337964057922
-0.16498726606369019,0.31394797563552856,-0.864523708820343
-0.4563213884830475,0.31387296319007874,0.2683039605617523
0.24044273793697357,0.3182986080646515,-0.42904359102249146
-0.3195514380931854,-0.28181809186935425,0.7111184597015381
-0.23724982142448425,0.01387295313179493,0.08748797327280045
0.0482000932097435,-0.015214618295431137,-0.5126828551292419
-0.05072265490889549,-0.015214618295431137,0.6718230843544006
-0.17523875832557678,-0.31346437335014343,0.41454192996025085
-0.2046113759279251,-0.2857019901275635,-0.7655092477798462
-0.014717407524585724,-0.015214618295431137,-0.06311728805303574
-0.27203619480133057,-0.2855686545372009,-0.6351569890975952
-0.052972983568906784,0.017906874418258667,0.037980757653713226
-0.018217913806438446,-0.009455446153879166,0.3571939468383789
0.1826009750366211,-0.2914861738681793,-0.14067229628562927
-0.018217913806438446,0.004014850128442049,0.5549727082252502
0.1785607486963272,0.01387295313179493,-0.011443101800978184
-0.06972542405128479,0.012722785584628582,0.876186192035675
0.1448308378458023,0.01387295313179493,-0.3643278479576111
0.052692413330078125,-0.015214618295431137,-0.10812386125326157
0.15159016847610474,-0.015214618295431137,-0.004692127928137779
-0.055223312228918076,-0.015214618295431137,0.7775051593780518
-0.4190659523010254,0.31383129954338074,-0.4293769598007202
0.14259718358516693,-0.015214618295431137,0.04023108631372452
0.18785174190998077,0.3141480088233948,0.26063618063926697
-0.05972396954894066,-0.015214618295431137,0.6088972687721252
-0.2193305492401123,0.013597914017736912,0.04023108631372452
-0.46757304668426514,-0.3152146339416504,-0.3541160225868225
0.12010223418474197,0.01387295313179493,-0.3329066038131714
0.02572181634604931,-0.015214618295431137,-0.05861665681004524
-0.03497035428881645,0.013597914017736912,-0.3284059464931488
0.005452197976410389,0.013597914017736912,-0.2766484320163727
-0.05972396954894066,0.017906874418258667,-0.015943758189678192
0.04699787497520447,0.2847853899002075,-0.1518615335226059
0.49889707565307617,0.2863856256008148,0.23479905724525452
0.06392738223075867,-0.015214618295431137,-0.4722602665424347
-0.0214683935046196,-0.015214618295431137,-0.30815303325653076
-0.3911452293395996,-0.3152146339416504,-0.02840593457221985
-0.061013802886009216,-0.2899942994117737,-0.8631901741027832
-0.014717407524585724,-0.015214618295431137,-0.3890814483165741
0.3391987979412079,0.31415635347366333,0.08177676796913147
0.18756206333637238,0.014156327582895756,-0.4700099229812622
-0.35072267055511475,0.31684839725494385,-0.49563661217689514
-0.0484723262488842,0.017906874418258667,0.38411450386047363
0.18356148898601532,-0.009463779628276825,-0.40116655826568604
0.19881370663642883,-0.015214618295431137,-0.49017953872680664
0.37516236305236816,0.31387296319007874,0.19637680053710938
0.35944339632987976,-0.2858436703681946,-0.22618472576141357
-0.08214389532804489,-0.015214618295431137,-0.416002094745636
-0.3687252998352051,0.31818193197250366,0.8684747219085693
-0.12264980375766754,0.01387295313179493,-0.08337024599313736
0.140355184674263,-0.015214618295431137,-0.5014311671257019
-0.012467078864574432,0.014156327582895756,-0.24522718787193298
-0.5124962329864502,0.28486040234565735,0.39645594358444214
0.0010348873911425471,0.013597914017736912,-0.0743689313530922
0.25152769684791565,0.2847853899002075,0.034690648317337036
0.07966301590204239,-0.015214618295431137,-0.39583244919776917
-0.37997692823410034,0.28542715311050415,0.6873691082000732
0.11562658846378326,-0.015214618295431137,-0.4655092656612396
0.03246447071433067,-0.015214618295431137,-0.23622587323188782
0.19085218012332916,0.2847853899002075,0.6191091537475586
-0.010216750204563141,0.013739600777626038,-0.16204839944839478
-0.08989501744508743,0.015239818952977657,0.5324695110321045
-0.05072265490889549,-0.015214618295431137,0.40661779046058655
-0.02596905082464218,-0.015214618295431137,-0.14629609882831573
0.1830614060163498,-0.015214618295431137,0.051482729613780975
-0.08447757363319397,0.01819024793803692,0.6359012126922607
-0.17763078212738037,0.2847853899002075,-0.39687222242355347
-0.32371872663497925,-0.28153473138809204,-0.07768407464027405
-0.08989501744508743,-0.013456027954816818,0.5932283401489258
0.01897917129099369,-0.015214618295431137,-0.1260431408882141
0.050442084670066833,0.013597914017736912,-0.28790003061294556
0.12012724578380585,0.014156327582895756,-0.4407556653022766
-0.03272002562880516,-0.015214618295431137,-0.48126158118247986
-0.04622199758887291,0.014431368559598923,-0.42950400710105896
-0.18438175320625305,-0.2872355580329895,-0.512305736541748
0.11338458955287933,0.014156327582895756,0.02222847007215023
0.06617771089076996,-0.015214618295431137,-0.20247094333171844
0.3526924252510071,-0.3152146339416504,-0.4440457820892334
-0.11552172899246216,-0.31332269310951233,-0.1790238320827484
0.0077025266364216805,-0.015214618295431137,-0.5329357981681824
-0.07314258068799973,-0.015214618295431137,0.9281104803085327
-0.32371872663497925,-0.2820931375026703,-0.3316960632801056
-0.0798935666680336,-0.015214618295431137,0.7145793437957764
0.06516720354557037,0.28501877188682556,-0.09351137280464172
-0.07876637578010559,-0.2855686545372009,-0.8194338083267212
-0.08414418250322342,0.015389841049909592,0.7584190368652344
0.4314872622489929,0.3133312165737152,0.5384849905967712
0.5148160457611084,0.28828591108322144,0.2815558910369873
-0.055223312228918076,-0.015214618295431137,0.5392204523086548
-0.32596907019615173,-0.28745225071907043,0.6800346970558167
0.10214211791753769,-0.015214618295431137,-0.029445718973875046
-0.07764323800802231,-0.015214618295431137,-0.10362320393323898
0.33021414279937744,-0.2864021062850952,0.19862714409828186
0.07067836821079254,0.014156327582895756,-0.1530470848083496
0.2116052210330963,-0.2819514572620392,0.0436919629573822
-0.0798935666680336,0.01387295313179493,-0.4677596092224121
0.1496795117855072,-0.3146812319755554,0.2946411073207855
-0.052972983568906784,0.017906874418258667,0.7033277153968811
-0.003465763758867979,-0.015214618295431137,-0.4677596092224121
0.014470179565250874,0.014156327582895756,-0.1845516562461853
0.14710617065429688,0.014156327582895756,-0.06761794537305832
0.0167288426309824,-0.015214618295431137,-0.36882850527763367
0.27853161096572876,0.2847853899002075,0.20312780141830444
-0.18063953518867493,-0.3072268068790436,0.029935866594314575
-0.3753929138183594,0.2847853899002075,-0.5901504158973694
0.21043837070465088,0.2853771448135376,0.3589838445186615
-0.08481094986200333,0.015164808370172977,-0.14854642748832703
-0.1470346599817276,0.29293325543403625,-0.10273770987987518
-0.08889488130807877,-0.015214618295431137,-0.5014311671257019
-0.02371872216463089,0.017906874418258667,0.642652153968811
-0.11814914643764496,0.01252275612205267,0.8181777596473694
0.24927735328674316,-0.28181809186935425,-0.032735854387283325
0.24927735328674316,-0.3152146339416504,1.2506136894226074
-0.08664455264806747,-0.015214618295431137,0.7820058465003967
0.07391847670078278,-0.2861270606517792,0.4436461627483368
0.25819534063339233,0.2847937345504761,-0.8596063256263733
-0.4884927272796631,-0.2868688404560089,-0.25318461656570435
0.08865932375192642,0.013597914017736912,-0.508182168006897
0.3774210214614868,0.2847853899002075,-0.22843509912490845
-0.31780120730400085,-0.2828599214553833,0.3897383213043213
-0.09789618104696274,-0.015214618295431137,0.8651846647262573
0.14709782600402832,-0.015214618295431137,-0.40483376383781433
0.20106403529644012,-0.015214618295431137,-0.5509384274482727
-0.19669188559055328,-0.31477290391921997,-0.8556057214736938
-0.08989501744508743,-0.013456027954816818,0.2133229672908783
-0.31938478350639343,0.28494375944137573,0.8864773511886597
-0.04172134026885033,0.013597914017736912,-0.5284351110458374
0.2804485857486725,-0.28181809186935425,0.6729462146759033
-0.04622199758887291,-0.015214618295431137,-0.24972784519195557
-0.03955435752868652,0.012614436447620392,0.7751715183258057
-0.24625113606452942,-0.015214618295431137,0.035730428993701935
-0.018217913806438446,-0.009455446153879166,0.28301647305488586
-0.11823248118162155,0.01252275612205267,0.8634344339370728
-0.06872527301311493,-0.015214618295431137,0.8112600445747375
-0.32146841287612915,0.2847853899002075,0.7672933340072632
-0.21257956326007843,-0.015214618295431137,-0.0024417992681264877
0.16609856486320496,-0.3152146339416504,-0.36761796474456787
0.2820321321487427,0.2882942259311676,0.2975582182407379
-0.10914783179759979,-0.015214618295431137,-0.11037418991327286
0.052692413330078125,-0.015214618295431137,-0.43625500798225403
0.10439161211252213,0.013597914017736912,-0.006942456588149071
0.08864098787307739,0.013597914017736912,-0.4205026924610138
-0.23274916410446167,0.013597914017736912,0.00880984403192997
-0.11298171430826187,-0.007225120905786753,-0.3713288903236389
-0.2735114097595215,-0.31338101625442505,0.27180445194244385
-0.019384758546948433,-0.015056260861456394,0.6943264007568359
0.06191876530647278,-0.015131272375583649,-0.00044149879249744117
-0.0864778608083725,-0.015206282958388329,-0.19346962869167328
-0.07089225202798843,-0.015214618295431137,0.3077700734138489
-0.03497035428881645,0.01401464082300663,-0.11037418991327286
-0.04622199758887291,0.01832360215485096,0.2020796686410904
-0.26079291105270386,-0.2857019901275635,-0.7295039892196655
0.05045875534415245,0.013597914017736912,-0.3553265333175659
-0.055223312228918076,-0.015214618295431137,0.4582919776439667
-0.212662935256958,0.01346455980092287,0.10612402111291885
-0.09564586728811264,-0.015214618295431137,-0.4430059790611267
0.09989429265260696,-0.015214618295431137,-0.3620775640010834
-0.24056494235992432,0.2847853899002075,0.030102550983428955
0.12012724578380585,-0.015214618295431137,0.06723501533269882
-0.05972396954894066,0.01387295313179493,-0.40258342027664185
0.21335545182228088,-0.28208479285240173,0.7762945890426636
0.052692413330078125,-0.015214618295431137,-0.17555034160614014
-0.15515249967575073,-0.3152146339416504,-0.16309650242328644
-0.08989501744508743,-0.009472114033997059,0.12566021084785461
0.1830614060163498,0.01387295313179493,0.07623632997274399
-0.018217913806438446,0.018040228635072708,0.3316902220249176
-0.17988109588623047,-0.3152146339416504,-0.4710496962070465
0.009952855296432972,-0.015214618295431137,-0.31040331721305847
0.009952855296432972,0.01387295313179493,-0.22497420012950897
-0.07301552593708038,0.28522711992263794,-0.3170313239097595
-0.05072265490889549,-0.015214618295431137,-0.42950400710105896
0.088655985891819,0.013597914017736912,-0.17780067026615143
-0.05747364088892937,-0.015214618295431137,-0.0024417992681264877
-0.03046969510614872,0.01819024793803692,0.4403727054595947
-0.04397166892886162,0.017906874418258667,0.48979657888412476
-0.017634497955441475,-0.011705773882567883,0.7325819730758667
0.16957610845565796,-0.015214618295431137,-0.4407556653022766
-0.5462511777877808,0.2847853899002075,-0.18557478487491608
-0.23832295835018158,-0.2861270606517792,-0.5429768562316895
0.11562658846378326,-0.015214618295431137,-0.4093344211578369
-0.08947829902172089,0.017898540943861008,0.6808243989944458
0.18531173467636108,0.014298015274107456,-0.5216841101646423
0.4336042106151581,0.314431369304657,-0.19007544219493866
0.050442084670066833,-0.015214618295431137,-0.40033310651779175
-0.4716569483280182,0.2853354811668396,-0.27935510873794556
0.18981239199638367,0.014156327582895756,0.02222847007215023
0.25152769684791565,-0.2817014157772064,0.24830102920532227
-0.13266588747501373,-0.2858436703681946,0.4436378479003906
-0.5168302059173584,0.31373128294944763,0.5375515222549438
0.012211517430841923,0.01387295313179493,-0.40258342027664185
0.11338458955287933,0.01387295313179493,-0.3643278479576111
-0.03738737478852272,0.01266444381326437,0.9461963772773743
0.4201105833053589,0.3135979175567627,-0.2440166175365448
-0.04397166892886162,-0.015214618295431137,-0.2788987159729004
0.2806152403354645,-0.3150562644004822,0.3561541438102722
0.205104261636734,-0.31477290391921997,0.2508847415447235
0.5095652937889099,-0.3129476308822632,-0.16067519783973694
-0.09339553862810135,0.01251442264765501,0.8943555355072021
0.3814966082572937,-0.3143478333950043,-0.27660471200942993
-0.19982770085334778,-0.014614530839025974,0.06906862556934357
-0.09456237405538559,0.0124810840934515,-0.07020166516304016
-0.3818105161190033,-0.2874355912208557,0.025518566370010376
0.507314920425415,-0.31346437335014343,0.3333967626094818
0.13967806100845337,0.28581053018569946,0.215129554271698
0.13361254334449768,-0.015214618295431137,-0.0271954033523798
0.4448475241661072,-0.3152146339416504,-0.4148748517036438
0.16283346712589264,-0.015214618295431137,-0.5419371128082275
-0.06647494435310364,-0.015214618295431137,0.43137139081954956
0.07858581840991974,-0.28611040115356445,-0.12113456428050995
-0.18557561933994293,0.01387295313179493,-0.0271954033523798
-0.06872527301311493,0.014431368559598923,-0.08562057465314865
0.05045875534415245,0.01387295313179493,-0.045198019593954086
-0.0484723262488842,0.017906874418258667,0.5887277126312256
0.09314330667257309,0.01387295313179493,-0.29240068793296814
-0.08214389532804489,0.01252275612205267,0.7890068292617798
-0.16717925667762756,-0.28611040115356445,0.15587091445922852
0.043699439615011215,-0.015214618295431137,-0.08111991733312607
0.10317274928092957,0.2847853899002075,0.25480198860168457
0.02123783342540264,0.013597914017736912,-0.13729478418827057
-0.06647494435310364,0.01401464082300663,-0.3329066038131714
-0.31780120730400085,-0.28295159339904785,0.4563354253768921
-0.08989501744508743,-0.007225953508168459,0.48979657888412476
0.03924676775932312,-0.28627708554267883,0.37173569202423096
0.2627793252468109,-0.3152146339416504,-0.25076761841773987
-0.08989501744508743,-0.0027302985545247793,0.02222847007215023
-0.055223312228918076,-0.015214618295431137,0.642652153968811
0.11338458955287933,-0.015214618295431137,-0.3059026598930359
0.10888393223285675,-0.015214618295431137,-0.0721186026930809
0.14485584199428558,0.01387295313179493,-0.42725369334220886
-0.04397166892886162,-0.015214618295431137,0.253778874874115
-0.1945769339799881,0.01387295313179493,0.015560830011963844
0.07517068833112717,-0.015214618295431137,-0.34407493472099304
0.16945943236351013,0.012031018733978271,-0.579609215259552
-0.1086040586233139,-0.286968857049942,-0.7162520885467529
0.2357753962278366,0.2847853899002075,-0.2374364137649536
-0.3327200412750244,0.2847853899002075,-0.11814412474632263
-0.0484723262488842,-0.015214618295431137,0.7505012154579163
-0.018217913806438446,-0.007223453372716904,0.0739860013127327
0.40301641821861267,-0.31352272629737854,0.5820996761322021
-0.04622199758887291,0.017906874418258667,0.011060172691941261
-0.019218064844608307,0.014156327582895756,-0.4385053217411041
-0.054929569363594055,-0.28731057047843933,-0.8960282802581787
-0.018217913806438446,0.004014850128442049,0.6133978962898254
-0.08839479833841324,0.01833193562924862,0.10768258571624756
-0.06572483479976654,0.006249343045055866,0.8288459777832031
0.21018832921981812,-0.28299325704574585,0.10211712121963501
-0.1068975031375885,0.014156327582895756,-0.416002094745636
0.21210527420043945,0.31206437945365906,0.6713666915893555
0.0009515467099845409,0.01387295313179493,-0.33965763449668884
-0.019218064844608307,0.014156327582895756,-0.29015040397644043
-0.06647494435310364,-0.015214618295431137,0.15038880705833435
-0.018217913806438446,-0.007238455582410097,0.49429723620414734
0.005452197976410389,-0.015214618295431137,-0.2788987159729004
0.34502464532852173,0.31200602650642395,-0.2492714524269104
0.10436660796403885,0.01387295313179493,-0.11037418991327286
-0.00796642154455185,0.01387295313179493,-0.10137287527322769
-0.14590319991111755,0.013164517469704151,-0.0976223275065422
0.0010348873911425471,-0.015214618295431137,-0.19355297088623047
-0.04622199758887291,-0.015214618295431137,-0.08562057465314865
0.02571348287165165,0.01387295313179493,-0.2991517186164856
0.1470811665058136,0.01401464082300663,-0.5374364256858826
0.02572181634604931,0.013597914017736912,-0.06311728805303574
0.21456600725650787,0.014156327582895756,-0.5464377403259277
-0.03497035428881645,0.01387295313179493,-0.37782981991767883
0.02570514939725399,0.014156327582895756,-0.4969305098056793
0.030214140191674232,-0.015214618295431137,-0.48126158118247986
0.10887560248374939,0.01387295313179493,-0.49017953872680664
-0.018217913806438446,-0.009455446153879166,0.13914549350738525
-0.08214389532804489,0.01846528984606266,0.23805157840251923
-0.0214683935046196,-0.015214618295431137,-0.20922192931175232
0.08640816062688828,-0.015214618295431137,-0.25872915983200073
0.14259718358516693,-0.015214618295431137,-0.4745105803012848
-0.052972983568906784,-0.015214618295431137,-0.37107887864112854
0.19085218012332916,-0.2858436703681946,-0.16550925374031067
-0.38956165313720703,-0.3146228790283203,0.6669453382492065
-0.519747257232666,0.3138229548931122,-0.3412807881832123
0.3795046806335449,0.3135145902633667,0.6137709617614746
-0.3898950219154358,0.29951754212379456,0.31789857149124146
-0.018217913806438446,-0.009455446153879166,0.2560291886329651
-0.11848253756761551,-0.01303929928690195,0.7967579364776611
-0.07476580142974854,0.2850354313850403,-0.8105992078781128
0.041247040033340454,0.2852104604244232,0.3589838445186615
0.10888393223285675,-0.015214618295431137,-0.13504445552825928
-0.010216750204563141,0.014156327582895756,-0.5306854248046875
-0.07764323800802231,-0.015214618295431137,-0.13279412686824799
0.054942741990089417,-0.015214618295431137,-0.2991517186164856
0.02782212570309639,-0.009472114033997059,-0.5493547916412354
-0.06872527301311493,0.01846528984606266,0.3616946041584015
-0.0798935666680336,-0.015214618295431137,-0.2204735428094864
-0.06422461569309235,-0.015214618295431137,-0.34632521867752075
-0.18543191254138947,-0.28602704405784607,-0.5438936352729797
-0.09893597662448883,-0.28571033477783203,-0.7475066184997559
0.1718181073665619,-0.015214618295431137,-0.5014311671257019
0.13134554028511047,0.014156327582895756,-0.006942456588149071
0.10888393223285675,-0.015214618295431137,-0.5284351110458374
0.07067003846168518,-0.015214618295431137,-0.4991808533668518
-0.29229748249053955,-0.3152146339416504,-0.7272536754608154
0.21456600725650787,-0.015214618295431137,-0.5733582973480225
0.28219881653785706,0.3171401023864746,0.8324695229530334
-0.16000321507453918,-0.3141978085041046,-0.8664406538009644
-0.10273022949695587,0.008513838984072208,0.9489468336105347
-0.33113646507263184,0.2852521240711212,0.6901195049285889
0.14974822103977203,0.011964341625571251,-0.33890748023986816
0.19206272065639496,0.01387295313179493,-0.4969305098056793
-0.3439716696739197,0.2847853899002075,-0.7542576789855957
0.034706465899944305,0.01387295313179493,-0.45650795102119446
0.15606580674648285,0.01387295313179493,-0.4790112376213074
-0.019218064844608307,0.01387295313179493,-0.058699991554021835
-0.32821938395500183,0.31415635347366333,0.03460320830345154
0.061668723821640015,0.013597914017736912,-0.19130264222621918
-0.08889488130807877,-0.015214618295431137,-0.3913317918777466
-0.3574736416339874,-0.2820931375026703,0.4413958191871643
0.2425263673067093,0.2847853899002075,0.6752840280532837
-0.039471011608839035,0.017906874418258667,0.07623632997274399
0.240276038646698,-0.28181809186935425,0.03244033455848694
0.09089131653308868,0.01401464082300663,-0.3306563198566437
0.4905624985694885,-0.2873188853263855,0.400489866733551
0.5144826769828796,-0.31520628929138184,-0.34519803524017334
-0.32821938395500183,-0.2818097770214081,0.3289794623851776
-0.16951292753219604,0.31074750423431396,-0.1294165849685669
0.5113155245780945,-0.31463953852653503,0.3064761757850647
-0.08989501744508743,0.0017653561662882566,0.1863490492105484
-0.0754762589931488,0.01846528984606266,0.7348322868347168
-0.06105749309062958,-0.011705773882567883,0.9061905741691589
-0.10914783179759979,-0.015214618295431137,0.8404310345649719
-0.06647494435310364,0.0144813759252429,-0.17338337004184723
-0.052972983568906784,0.017906874418258667,0.642652153968811
-0.337220698595047,-0.28181809186935425,0.26622438430786133
-0.061974283307790756,-0.015214618295431137,-0.5059317946434021
0.07742101699113846,-0.015214618295431137,-0.13729478418827057
-0.09897968173027039,-0.009472114033997059,-0.16604897379875183
0.06842803955078125,-0.015214618295431137,-0.08787090331315994
-0.5597531199455261,-0.2855686545372009,0.3986896276473999
-0.14390087127685547,-0.2861270606517792,-0.21026170253753662
-0.2214975506067276,-0.015214618295431137,0.02222847007215023
-0.05972396954894066,-0.015214618295431137,0.5145501494407654
-0.04172134026885033,-0.015214618295431137,0.309937059879303
0.08416366577148438,0.013597914017736912,-0.060866985470056534
0.09097632765769958,0.01427301112562418,0.03348010033369064
-0.008049768395721912,0.014156327582895756,-0.48351189494132996
-0.1349412351846695,-0.2858436703681946,0.20762845873832703
-0.014717407524585724,-0.015214618295431137,-0.514933168888092
-0.052345842123031616,-0.28589367866516113,-0.3206985592842102
0.0482000932097435,0.013597914017736912,-0.31490397453308105
-0.06422461569309235,-0.015214618295431137,0.22006560862064362
-0.0057160924188792706,-0.015214618295431137,-0.1282934695482254
-0.2201869785785675,0.2927773892879486,-0.8517718315124512
-0.055223312228918076,0.013597914017736912,-0.4655092656612396
0.08416366577148438,0.013597914017736912,-0.386831134557724
-0.1294320970773697,0.31391462683677673,-0.6765796542167664
0.07293703407049179,0.01387295313179493,-0.1282934695482254
0.16058313846588135,-0.015214618295431137,-0.060866985470056534
0.03921544924378395,0.013597914017736912,-0.40483376383781433
-0.2918807566165924,0.31401464343070984,-0.8500216007232666
0.41162601113319397,0.31350624561309814,0.560696542263031
0.16959908604621887,0.30866387486457825,0.27597174048423767
-0.0178011916577816,0.017140096053481102,0.28976744413375854
-0.07097560167312622,0.014431368559598923,-0.24522718787193298
-0.37764325737953186,-0.2818097770214081,-0.2755212187767029
0.1358378678560257,0.014156327582895756,-0.4969305098056793
0.21785610914230347,-0.2818097770214081,-0.140618234872818
-0.29454782605171204,-0.3152146339416504,0.25480198860168457
-0.07097560167312622,0.01846528984606266,0.2807661294937134
-0.07314258068799973,0.01252275612205267,0.8516826033592224
-0.06647494435310364,-0.015214618295431137,0.6943264007568359
0.16957610845565796,-0.015214618295431137,0.10093993693590164
-0.5358330011367798,0.3092639744281769,-0.3148602843284607
-0.5372498035430908,-0.3152146339416504,0.3919053077697754
-0.17657433450222015,0.013597914017736912,-0.04969867691397667
0.240276038646698,0.2847853899002075,0.3582337200641632
-0.055223312228918076,0.014156327582895756,-0.30815303325653076
0.2380257248878479,0.2847853899002075,-0.3361967206001282
-0.08989501744508743,0.008505504578351974,0.5752257108688354
0.14484751224517822,-0.015214618295431137,-0.08337024599313736
0.15833280980587006,-0.015214618295431137,0.06498468667268753
0.10214211791753769,-0.015214618295431137,-0.386831134557724
0.07742101699113846,-0.015214618295431137,-0.37107887864112854
-0.0214683935046196,-0.015214618295431137,-0.3329066038131714
-0.02596905082464218,0.016965070739388466,-0.17996765673160553
0.19206272065639496,-0.015214618295431137,-0.011443101800978184
-0.018217913806438446,-0.0027277981862425804,0.16387410461902618
0.09537780284881592,0.014156327582895756,-0.22947485744953156
-0.386644572019577,-0.3152146339416504,-0.2979411482810974
0.19485275447368622,0.28828591108322144,-0.04749205708503723
-0.08989501744508743,0.004013183526694775,0.0739860013127327
-0.3417213559150696,-0.3152146339416504,-0.46429872512817383
0.15833280980587006,-0.015214618295431137,0.02222847007215023
0.08416366577148438,-0.015214618295431137,-0.013693430460989475
0.11111759394407272,0.014156327582895756,-0.2766484320163727
-0.01796787418425083,-0.002748634899035096,0.4223700761795044
-0.337220698595047,0.2847853899002075,-0.28443917632102966
-0.05747364088892937,0.013597914017736912,-0.21822324395179749
0.06617771089076996,0.013597914017736912,-0.018194086849689484
-0.037220682948827744,0.018048562109470367,0.16388243436813354
-0.18435674905776978,-0.2861270606517792,-0.25093841552734375
-0.07089225202798843,-0.015214618295431137,0.26726415753364563
-0.018217913806438446,-0.004975626245141029,-0.0271954033523798
-0.017634497955441475,-0.013456027954816818,0.19983768463134766
-0.08989501744508743,0.010755833238363266,0.6584044694900513
0.17180976271629333,0.013739600777626038,-0.03394637629389763
-0.00796642154455185,-0.015214618295431137,-0.3620775640010834
0.09764646738767624,-0.015214618295431137,-0.2204735428094864
0.16732577979564667,0.013597914017736912,0.02897944301366806
-0.1641538143157959,0.31401464343070984,-0.09133177995681763
-0.23058219254016876,0.01387295313179493,0.06498468667268753
-0.06847524642944336,-0.013597715646028519,0.8771864175796509
0.49472978711128235,-0.28611040115356445,-0.2929444909095764
-0.06647494435310364,-0.015214618295431137,0.5864773392677307
-0.08989501744508743,-0.0004824712814297527,0.7348322868347168
-0.10239684581756592,0.01387295313179493,-0.36657822132110596
0.04916486144065857,0.2866773307323456,-0.12869149446487427
-0.08814477175474167,0.01252275612205267,0.8204280734062195
0.224107027053833,-0.2893775403499603,0.6912863254547119
-0.4840754270553589,-0.3064750134944916,-0.3680347204208374
-0.03046969510614872,-0.015214618295431137,0.55047208070755
-0.06314112991094589,0.011839323677122593,0.9002730846405029
-0.04172134026885033,0.01818191446363926,0.6830747127532959
-0.1068975031375885,-0.015214618295431137,-0.4227530360221863
0.050442084670066833,-0.015214618295431137,-0.05194900557398796
0.09539863467216492,-0.015214618295431137,-0.45425763726234436
0.12012724578380585,-0.015214618295431137,-0.34182456135749817
-0.07089225202798843,-0.015214618295431137,-0.4407556653022766
-0.2427506446838379,0.006261844653636217,0.19255328178405762
0.061668723821640015,0.014156327582895756,-0.2677304744720459
0.5045645236968994,0.3086888790130615,0.23821625113487244
-0.3898950219154358,-0.3049781322479248,0.7291210889816284
-0.09589589387178421,-0.003665435127913952,0.7636697888374329
0.02572181634604931,-0.015214618295431137,-0.33515697717666626
-0.03272002562880516,0.017906874418258667,-0.13504445552825928
-0.08222724497318268,0.01819024793803692,-0.020444415509700775
-0.02596905082464218,-0.015214618295431137,-0.23172521591186523
-0.2742781937122345,0.2847853899002075,-0.21718347072601318
-0.03046969510614872,-0.015214618295431137,-0.5396867394447327
0.43585455417633057,0.2847853899002075,-0.28218886256217957
-0.06189095228910446,0.017906874418258667,0.1189175546169281
0.2605290114879608,0.2847853899002075,0.40318194031715393
0.12952861189842224,-0.015047927387058735,0.19988767802715302
-0.17763078212738037,-0.3152146339416504,0.3919886350631714
-0.11598215252161026,0.004202377516776323,0.9286938905715942
-0.1608220338821411,0.013597914017736912,-0.009192773140966892
0.0032852161675691605,0.014156327582895756,-0.508182168006897
0.08416366577148438,-0.015214618295431137,-0.1845516562461853
0.08640816062688828,-0.015214618295431137,-0.30815303325653076
-0.1573861539363861,0.31387296319007874,-0.7497569918632507
-0.08989501744508743,-0.004978126380592585,0.2605215311050415
-0.06326413154602051,0.28494375944137573,-0.857689380645752
0.09765646606683731,0.014156327582895756,-0.4430059790611267
0.13312913477420807,-0.004228850360959768,-0.3124036490917206
-0.0798935666680336,0.014156327582895756,-0.3620775640010834
-0.06872527301311493,0.01818191446363926,0.6178985834121704
-0.02596905082464218,0.014431368559598923,-0.2204735428094864
0.16957610845565796,-0.015214618295431137,-0.4182523787021637
0.0706867054104805,0.013597914017736912,-0.34407493472099304
0.23352506756782532,-0.3152146339416504,0.47286456823349
-0.02371872216463089,0.014156327582895756,-0.3485755920410156
0.23352506756782532,-0.3152146339416504,-0.5384761691093445
-0.08989501744508743,0.008505504578351974,0.3234390318393707
-0.3663915991783142,0.31819024682044983,0.697616457939148
-0.055223312228918076,-0.015214618295431137,-0.18905231356620789
-0.21749694645404816,-0.009463779628276825,0.21956555545330048
0.2817820906639099,0.30849719047546387,0.42116791009902954
-0.10573067516088486,0.0068252598866820335,-0.1522969752550125
-0.13731656968593597,0.29202646017074585,-0.12413331866264343
-0.051929131150245667,-0.3070492744445801,-0.9136975407600403
0.33470648527145386,-0.3152146339416504,-0.6845808029174805
0.10438327491283417,0.01387295313179493,-0.16204839944839478
0.07966301590204239,0.014298015274107456,-0.48126158118247986
0.4493231773376465,-0.2861270606517792,0.42566022276878357
-0.4760742783546448,0.31378960609436035,-0.37286871671676636
0.13585452735424042,0.014156327582895756,0.07623632997274399
-0.5567526817321777,0.3085138499736786,0.4501637816429138
0.12012724578380585,-0.015214618295431137,-0.045198019593954086
0.22123363614082336,0.014298015274107456,-0.5891106128692627
0.030214140191674232,-0.015214618295431137,-0.0991225466132164
0.16508379578590393,0.01387295313179493,-0.45875829458236694
-0.34622201323509216,-0.3152146339416504,-0.0014019906520843506
-0.03497035428881645,-0.015214618295431137,-0.05411599949002266
-0.061974283307790756,-0.015214618295431137,0.7325819730758667
0.059410061687231064,0.014156327582895756,-0.3755795359611511
0.23127473890781403,0.2847853899002075,-0.201310396194458
0.15384049713611603,-0.015214618295431137,0.11667555570602417
-0.3687252998352051,0.28486040234565735,-0.3833702504634857
0.45383214950561523,-0.3152146339416504,-0.05307623744010925
0.3460414409637451,0.28486040234565735,0.2838895618915558
-0.039471011608839035,-0.015214618295431137,0.5954786539077759
-0.09347888827323914,0.010905854403972626,-0.3233218789100647
0.4493981897830963,0.31356459856033325,0.504863440990448
0.2113988846540451,0.00849717017263174,-0.46584266424179077
-0.0798935666680336,-0.015214618295431137,0.6606547832489014
-0.08631116896867752,0.004014850128442049,-0.20472125709056854
-0.432151198387146,0.31073084473609924,0.5800201296806335
-0.0798935666680336,-0.015214618295431137,0.3863648474216461
0.08915773034095764,-0.0012300802627578378,0.2988521158695221
0.21973341703414917,-0.007222619839012623,-0.49076297879219055
-0.061140842735767365,0.01252275612205267,0.7738379836082458
-0.07089225202798843,0.01252275612205267,0.9417791366577148
-0.019551439210772514,0.01818191446363926,0.7348322868347168
-0.318217933177948,0.29502439498901367,0.34923240542411804
-0.12715046107769012,0.014298015274107456,-0.10812386125326157
-0.12640035152435303,-0.007223453372716904,0.8159273862838745
-0.08989501744508743,0.010755833238363266,0.28751713037490845
-0.08501727879047394,-0.2892608344554901,-0.3184441328048706
0.49923044443130493,-0.29822465777397156,0.36898529529571533
-0.0798935666680336,0.014139659702777863,-0.12379280477762222
-0.07539290934801102,0.01819024793803692,0.19084469974040985
0.18385115265846252,-0.3133143484592438,-0.7490901947021484
-0.010216750204563141,0.01401464082300663,-0.45875829458236694
-0.10464717447757721,-0.015214618295431137,0.8876045346260071
-0.02371872216463089,-0.015214618295431137,-0.46100860834121704
-0.061974283307790756,-0.015214618295431137,-0.14854642748832703
-0.08989501744508743,0.015239818952977657,0.5549727082252502
0.048581451177597046,0.30232712626457214,0.32297858595848083
0.005452197976410389,-0.015214618295431137,-0.24972784519195557
-0.039471011608839035,-0.015214618295431137,0.37961384654045105
-0.22024735808372498,-0.0072342888452112675,0.15026378631591797
-0.05747364088892937,0.017906874418258667,0.5190508365631104
0.09090298414230347,-0.015214618295431137,-0.4790112376213074
0.021229499951004982,0.014289679937064648,-0.3553265333175659
0.2066878080368042,-0.2967352569103241,-0.21284949779510498
0.01897917129099369,-0.015214618295431137,-0.17555034160614014
0.12462790310382843,0.014156327582895756,-0.060866985470056534
0.18097777664661407,0.012081025168299675,-0.39499902725219727
0.11564325541257858,0.01387295313179493,-0.024945074692368507
-0.037220682948827744,0.014431368559598923,-0.4946801960468292
-0.3574736416339874,0.3179068863391876,0.3649846911430359
-0.03272002562880516,-0.015214618295431137,-0.37782981991767883
0.3864090144634247,-0.2864021062850952,-0.3856205940246582
0.1291118860244751,-0.015214618295431137,-0.5194337964057922
0.33021414279937744,0.2847853899002075,0.1559542417526245
0.18756206333637238,-0.015214618295431137,-0.46100860834121704
-0.08664455264806747,-0.003951310180127621,-0.08153664320707321
0.041449110954999924,-0.015214618295431137,-0.25872915983200073
-0.12039947509765625,0.01252275612205267,0.8393475413322449
-0.0057160924188792706,0.014156327582895756,-0.3913317918777466
-0.08439422398805618,-0.015214618295431137,-0.46100860834121704
-0.05747364088892937,0.014156327582895756,-0.2677304744720459
0.03920711576938629,-0.015214618295431137,-0.4182523787021637
-0.04588861018419266,-0.002732799155637622,0.9341946244239807
-0.17832458019256592,0.005661757197231054,0.02997959405183792
0.2787816524505615,0.3107641935348511,1.2594482898712158
0.14139699935913086,0.004017350729554892,-0.12771004438400269
-0.10756425559520721,-0.014589527621865273,0.7789220213890076
-0.08989501744508743,-0.0027302985545247793,0.23130059242248535
-0.11406521499156952,-0.008712837472558022,-0.037113506346940994
0.11892502009868622,0.2847853899002075,0.3020588755607605
0.1493481546640396,-0.015214618295431137,0.1616237759590149
0.036973461508750916,0.013597914017736912,-0.514933168888092
-0.08664455264806747,-0.015214618295431137,0.8404310345649719
-0.039471011608839035,0.01832360215485096,0.6584044694900513
0.31673717498779297,-0.2861270606517792,-0.45754775404930115
0.06617771089076996,0.014298015274107456,-0.42950400710105896
0.030205806717276573,0.014156327582895756,-0.2788987159729004
0.0010348873911425471,-0.015214618295431137,-0.4475066363811493
-0.12039947509765625,-0.015214618295431137,-0.09012123197317123
-0.039471011608839035,0.01818191446363926,0.3279396891593933
-0.06422461569309235,-0.015214618295431137,0.3526932895183563
0.1808110773563385,-0.015214618295431137,-0.5554390549659729
-0.08889488130807877,-0.015214618295431137,0.9146084785461426
-0.37764325737953186,-0.3152146339416504,-0.01265367865562439
-0.055223312228918076,0.01387295313179493,-0.3823304772377014
0.09539863467216492,-0.015214618295431137,-0.09237156063318253
0.13585452735424042,0.01387295313179493,0.04248141497373581
-0.3439716696739197,-0.3152146339416504,-0.16759715974330902
0.043699439615011215,-0.015214618295431137,-0.21822324395179749
0.03920711576938629,-0.015214618295431137,-0.5329357981681824
0.08640816062688828,-0.015214618295431137,-0.042947690933942795
-0.03272002562880516,0.017906874418258667,0.13465318083763123
0.16508379578590393,0.01387295313179493,0.004309186711907387
0.06617771089076996,-0.015214618295431137,-0.31940463185310364
-0.14290276169776917,0.013597914017736912,-0.04744834825396538
-0.06864192336797714,0.01387295313179493,-0.4497569799423218
-0.4043971598148346,-0.30572575330734253,-0.7905962467193604
0.06617771089076996,-0.015214618295431137,-0.4137517213821411
0.42236924171447754,0.2847853899002075,-0.2665199041366577
-0.0214683935046196,-0.015214618295431137,-0.283399373292923
0.16058313846588135,-0.015214618295431137,-0.3890814483165741
-0.03497035428881645,-0.015214618295431137,0.5032985806465149
-0.22058074176311493,-0.004977293312549591,0.19548703730106354
-0.039471011608839035,-0.015214618295431137,0.689825713634491
0.21335545182228088,0.2847853899002075,0.4458881616592407
-0.42448341846466064,-0.31519797444343567,0.6054404377937317
-0.019551439210772514,0.01818191446363926,0.6920760273933411
0.2085651308298111,0.006259343586862087,0.024228757247328758
-0.2740198075771332,-0.2855936586856842,-0.32977911829948425
-0.07314258068799973,-0.015214618295431137,0.4695436358451843
-0.018217913806438446,0.008513838984072208,0.3908655345439911
-0.14392587542533875,0.31401464343070984,-0.26435697078704834
-0.039471011608839035,0.01819024793803692,0.46504297852516174
0.030214140191674232,-0.015214618295431137,-0.3036523759365082
0.050442084670066833,-0.015214618295431137,-0.49242985248565674
-0.07322593033313751,0.01846528984606266,0.5437211394309998
-0.08439422398805618,-0.015214618295431137,-0.1530470848083496
0.22573429346084595,-0.015214618295431137,-0.5958616137504578
0.15384049713611603,-0.015214618295431137,-0.024945074692368507
0.1718181073665619,-0.015214618295431137,-0.006942456588149071
-0.0214683935046196,0.01818191446363926,0.3526932895183563
-0.17733073234558105,0.2950218915939331,-0.8611065745353699
0.1718181073665619,-0.015214618295431137,0.08073698729276657
-0.23499949276447296,0.014156327582895756,0.10768258571624756
-0.10681414604187012,-0.015214618295431137,0.939278781414032
-0.06647494435310364,0.01818191446363926,0.6853250861167908
-0.07089225202798843,-0.015214618295431137,0.9483634233474731
-0.01796787418425083,0.0017461867537349463,0.3032694160938263
-0.0214683935046196,-0.015214618295431137,0.6066469550132751
0.043707773089408875,0.01387295313179493,-0.15079675614833832
0.13585452735424042,-0.015214618295431137,-0.45425763726234436
0.050442084670066833,-0.015214618295431137,-0.34632521867752075
0.19431304931640625,-0.015214618295431137,-0.5733582973480225
0.009952855296432972,0.01387295313179493,-0.20472125709056854
-0.08989501744508743,-0.0027302985545247793,0.04248141497373581
0.04819175973534584,0.013597914017736912,-0.33515697717666626
-0.07089225202798843,-0.015214618295431137,0.5617237687110901
0.294283926486969,0.2847853899002075,-0.8486880660057068
-0.31780120730400085,-0.2828599214553833,-0.12938325107097626
0.0386633574962616,0.2950218915939331,-0.1766984760761261
-0.07089225202798843,0.015306496061384678,-0.19813695549964905
-0.3329700827598572,-0.2892441749572754,-0.25902289152145386
0.5326520204544067,0.31074750423431396,-0.23568618297576904
0.24519343674182892,-0.28748559951782227,0.6803680062294006
0.10663360357284546,-0.015214618295431137,-0.25647881627082825
-0.40914785861968994,0.31415635347366333,-0.6913318037986755
0.3054521977901459,0.2847853899002075,0.23463240265846252
0.3706533908843994,-0.2858436703681946,-0.34519803524017334
0.10438327491283417,0.014431368559598923,-0.3823304772377014
0.3526674211025238,0.31387296319007874,-0.16775959730148315
-0.02596905082464218,0.01401464082300663,-0.31040331721305847
0.19431304931640625,0.014156327582895756,-0.5396867394447327
-0.337220698595047,0.3179068863391876,-0.3069424629211426
-0.05747364088892937,0.01818191446363926,0.310020387172699
-0.018217913806438446,-0.0027277981862425804,-0.047365013509988785
-0.3898950219154358,-0.30947211384773254,0.014437705278396606
-0.037220682948827744,0.017906874418258667,0.18410788476467133
0.12421949952840805,0.002516299020498991,0.22111578285694122
-0.04622199758887291,0.017906874418258667,0.09644760936498642
0.1300453543663025,-0.013456027954816818,0.15036378800868988
0.10214295238256454,0.013597914017736912,-0.05194900557398796
0.10663360357284546,-0.015214618295431137,-0.42725369334220886
-0.0660582184791565,-0.013606050051748753,0.8310129642486572
-0.08989501744508743,-0.0004824712814297527,0.7055780291557312
-0.3869779407978058,0.28696903586387634,-0.8224342465400696
-0.23724982142448425,0.014156327582895756,0.031229771673679352
-0.018217913806438446,-0.0004808044177480042,0.22006560862064362
-0.23583295941352844,-0.010972333140671253,-0.014860274270176888
-0.07539290934801102,-0.015214618295431137,0.07848665863275528
-0.09606259316205978,0.006996117997914553,-0.048448484390974045
-0.0754762589931488,0.01846528984606266,0.4493740200996399
-0.41364848613739014,0.31387296319007874,0.23463240265846252
-0.3664749562740326,0.31401464343070984,-0.8396867513656616
-0.06189095228910446,0.017906874418258667,-0.14854642748832703
-0.1193159818649292,0.01058914139866829,0.7982581853866577
-0.061140842735767365,0.004014850128442049,-0.06761794537305832
0.4265531897544861,-0.3151896297931671,0.5423521995544434
-0.0484723262488842,-0.001230913563631475,0.7892568707466125
-0.09701903164386749,-0.3079727292060852,0.3525662422180176
0.05454268306493759,0.0017595220124348998,-0.006609069183468819
-0.07097560167312622,0.01846528984606266,0.21108098328113556
0.07293703407049179,0.013597914017736912,-0.22722455859184265
-0.06872527301311493,0.01401464082300663,-0.29240068793296814
0.1785607486963272,0.01387295313179493,0.0447317436337471
0.08640816062688828,-0.015214618295431137,-0.23622587323188782
0.456065833568573,0.31387296319007874,0.28630658984184265
0.06168539077043533,-0.015214618295431137,-0.3823304772377014
0.10438327491283417,0.01387295313179493,-0.18905231356620789
-0.055223312228918076,-0.015214618295431137,0.23805157840251923
0.10212378203868866,0.01387295313179493,-0.5284351110458374
0.16507545113563538,-0.015214618295431137,0.13240285217761993
-0.018217913806438446,-0.0004808044177480042,0.6404018402099609
0.009952855296432972,-0.015214618295431137,-0.2137225866317749
0.16230005025863647,0.0069936178624629974,-0.3598271906375885
-0.00796642154455185,-0.015214618295431137,-0.16879935562610626
0.021221166476607323,-0.015214618295431137,-0.2677304744720459
0.1493481546640396,-0.015214618295431137,-0.045198019593954086
0.2806152403354645,-0.3150562644004822,0.26622438430786133
0.1817675232887268,0.2857021987438202,0.1691228300333023
-0.07089225202798843,0.013597914017736912,-0.4182523787021637
-0.01796787418425083,-0.0004733033129014075,0.5122998952865601
0.06841137260198593,0.014156327582895756,-0.17330001294612885
0.0324394628405571,0.014156327582895756,-0.20022061467170715
-0.32821938395500183,-0.3152146339416504,-0.37886959314346313
-0.20357824862003326,-0.015214618295431137,-0.0271954033523798
0.16507545113563538,-0.015214618295431137,-0.5194337964057922
0.45158183574676514,0.31429803371429443,-0.14512722194194794
0.4377881586551666,0.31441470980644226,-0.02407202124595642
-0.3394710123538971,-0.3152146339416504,0.4998376965522766
0.06049986183643341,-0.3152146339416504,0.4324028491973877
0.40216130018234253,-0.28598538041114807,-0.25076761841773987
-0.21482989192008972,0.014156327582895756,0.015560830011963844
-0.012467078864574432,-0.015214618295431137,-0.49242985248565674
-0.06189095228910446,0.017906874418258667,0.4830456078052521
0.05943506211042404,-0.015214618295431137,-0.1260431408882141
-0.10914783179759979,0.01387295313179493,-0.09687221795320511
0.12462790310382843,0.01387295313179493,-0.09012123197317123
0.09315080940723419,-0.015214618295431137,-0.4093344211578369
-0.01796787418425083,0.0017745242221280932,0.4537913203239441
-0.0057160924188792706,0.01387295313179493,-0.4182523787021637
-0.07314258068799973,-0.015214618295431137,0.5010482668876648
-0.07097560167312622,0.017906874418258667,0.051482729613780975
0.16734875738620758,0.2852104604244232,0.5569333434104919
-0.06647494435310364,0.013597914017736912,-0.11037418991327286
-0.10014650970697403,0.01387295313179493,-0.1282934695482254
-0.11585511267185211,-0.2873022258281708,-0.17922385036945343
-0.08447757363319397,0.014156327582895756,-0.33965763449668884
0.18131116032600403,-0.009472114033997059,-0.5858601331710815
-0.3898116946220398,0.31700676679611206,0.2122998833656311
0.12664484977722168,0.006280180532485247,-0.16029812395572662
-0.09114520996809006,0.01252275612205267,0.8608506917953491
0.20898185670375824,0.002514632185921073,-0.6034460067749023
-0.08131043612957001,0.01252275612205267,0.9099411368370056
-0.38214391469955444,-0.3152146339416504,-0.11139731109142303
0.15999136865139008,-0.0027302985545247793,-0.10095615684986115
0.1218191534280777,0.00195538392290473,0.10233180224895477
-0.1068975031375885,0.01252275612205267,0.9146084785461426
-0.03272002562880516,0.01818191446363926,0.24479421973228455
-0.5114960670471191,-0.30422553420066833,-0.35319921374320984
0.21456600725650787,-0.015214618295431137,-0.5351860523223877
-0.08989501744508743,0.0017653561662882566,-0.015943758189678192
-0.03738737478852272,0.01839861273765564,0.7565854787826538
0.11836864799261093,-0.007224287372082472,-0.18855226039886475
0.12011890858411789,0.014156327582895756,-0.1305437982082367
-0.018217913806438446,-0.0004958065692335367,0.3301900029182434
0.09763979911804199,0.014431368559598923,-0.31040331721305847
0.012219850905239582,0.014156327582895756,-0.4497569799423218
-0.07089225202798843,-0.015214618295431137,-0.386831134557724
-0.037220682948827744,-0.015214618295431137,0.647152841091156
0.11338458955287933,-0.015214618295431137,-0.1530470848083496
-0.03497035428881645,-0.015214618295431137,-0.009192773140966892
-0.04397166892886162,0.01818191446363926,0.7235806584358215
0.1830614060163498,-0.015214618295431137,-0.05194900557398796
0.0482000932097435,-0.015214618295431137,-0.19355297088623047
0.4178769290447235,0.2847853899002075,0.1851251721382141
-0.018217913806438446,-0.004975626245141029,0.37519657611846924
0.1650921255350113,0.013597914017736912,-0.0721186026930809
0.12686988711357117,-0.015214618295431137,-0.07886958867311478
0.140355184674263,-0.015214618295431137,0.06048404425382614
-0.21699689328670502,-0.015214618295431137,0.07848665863275528
0.009952855296432972,-0.015214618295431137,-0.48126158118247986
-0.08439422398805618,-0.015214618295431137,-0.48351189494132996
-0.03046969510614872,0.017906874418258667,0.5190508365631104
-0.21482989192008972,-0.004975626245141029,0.11390016227960587
-0.20460887253284454,0.31387296319007874,-0.28443917632102966
0.0010348873911425471,0.01387295313179493,-0.25872915983200073
-0.08664455264806747,-0.015214618295431137,0.5729753375053406
-0.0798935666680336,-0.015214618295431137,0.6133978962898254
0.10542307794094086,0.2847853899002075,0.3514827489852905
-0.12264980375766754,-0.015214618295431137,-0.05194900557398796
-0.3622243404388428,-0.2814680337905884,1.0565855503082275
-0.08989501744508743,-0.013456027954816818,0.5347198247909546
0.12010223418474197,0.014156327582895756,-0.31265369057655334
-0.35714027285575867,-0.30572742223739624,-0.8572726845741272
-0.018217913806438446,-0.0004674691299442202,0.5369701385498047
0.3122282028198242,0.3135979175567627,-0.021654993295669556
0.06391071528196335,0.01387295313179493,-0.21147222816944122
0.17405176162719727,0.013739600777626038,-0.4991808533668518
0.27628129720687866,0.31846529245376587,-0.45079678297042847
0.4381132125854492,-0.2864021062850952,-0.8171834945678711
-0.09114520996809006,0.014156327582895756,-0.4497569799423218
-0.014717407524585724,0.013881288468837738,-0.08337024599313736
-0.055223312228918076,0.01818191446363926,0.28976744413375854
-0.23724982142448425,0.014156327582895756,0.1279105395078659
0.14710617065429688,0.014156327582895756,-0.08787090331315994
0.15382380783557892,0.013597914017736912,-0.045198019593954086
-0.337220698595047,-0.28181809186935425,-0.01698353886604309
-0.0484723262488842,-0.015214618295431137,0.4246204197406769
-0.1888657510280609,0.2847853899002075,-0.5879000425338745
-0.0484723262488842,0.01819024793803692,0.438122421503067
0.050442084670066833,-0.015214618295431137,-0.45425763726234436
0.13917797803878784,0.2847853899002075,0.2773052752017975
0.03246447071433067,0.013597914017736912,-0.08337024599313736
-0.03497035428881645,-0.015214618295431137,-0.39583244919776917
-0.03046969510614872,-0.015214618295431137,0.4830456078052521
0.19656337797641754,-0.015214618295431137,-0.03169604763388634
-0.3417213559150696,0.3179068863391876,-0.2440166175365448
-0.02821936644613743,-0.015214618295431137,-0.5014311671257019
-0.04172134026885033,0.017906874418258667,-0.03394637629389763
-0.04622199758887291,-0.015214618295431137,-0.34407493472099304
-0.010216750204563141,-0.015214618295431137,-0.4137517213821411
-0.2428152859210968,-0.2864021062850952,-0.4126245379447937
0.16732577979564667,-0.015214618295431137,0.037980757653713226
0.02569681592285633,0.013597914017736912,-0.23397551476955414
-0.08089371770620346,-0.002729465253651142,-0.2429768294095993
0.12012724578380585,-0.015214618295431137,-0.5036815404891968
-0.06872527301311493,-0.015214618295431137,0.28526678681373596
