0.4355328679084778,0.6876740455627441,0.8486747145652771
-0.1357877254486084,-0.34529829025268555,-0.1713612973690033
-0.19622144103050232,0.36956924200057983,-0.2395181655883789
0.1360602080821991,-0.24698007106781006,-0.8499444723129272
0.12437891960144043,-0.3482910394668579,0.048355311155319214
-0.21562588214874268,-0.06465804576873779,0.22164368629455566
-0.21060580015182495,0.3591430187225342,-0.06739550828933716
0.17897561192512512,0.6704381108283997,-0.15799419581890106
0.3091107904911041,-0.6483875513076782,-0.38959240913391113
-0.3129895329475403,0.025957034900784492,-0.4909588396549225
0.7350948452949524,-0.3174056112766266,-0.18314634263515472
-0.0959591418504715,-0.44951626658439636,0.058997560292482376
-0.21171961724758148,0.16795016825199127,0.0734495222568512
0.36312827467918396,0.12967589497566223,0.8525363206863403
-0.8008553385734558,0.48513421416282654,0.8442339301109314
-0.25438401103019714,0.08448821306228638,-0.850330650806427
0.13403287529945374,0.3681211471557617,0.5567393898963928
0.24747398495674133,-0.6791390180587769,-0.8467586636543274
-0.3814878761768341,-0.9453948736190796,0.7877583503723145
0.7356740236282349,0.9435036182403564,-0.8468552231788635
-0.8187151551246643,0.7021549344062805,0.14190927147865295
-0.05255499482154846,0.6704381108283997,0.2615663409233093
-0.8174601793289185,-0.14700621366500854,-0.3808688223361969
0.4389563798904419,0.3153659403324127,-0.18695604801177979
0.4389563798904419,-0.4369661211967468,-0.027801072224974632
0.12235158681869507,-0.22822245955467224,0.2525362968444824
0.07379947602748871,0.9675419926643372,0.055120304226875305
-0.2939712703227997,0.5414613485336304,0.5525363087654114
-0.09977850317955017,-0.34838753938674927,-0.05291460454463959
0.3776091933250427,-0.13204984366893768,0.06960120797157288
0.132970929145813,-0.6138783097267151,0.8525363206863403
-0.09597844630479813,-0.6483875513076782,-0.2593606412410736
0.10787069797515869,-0.023725301027297974,-0.24994444847106934
-0.8156259059906006,-0.5923500061035156,-0.2195345163345337
-0.13931500911712646,0.16515053808689117,0.46391308307647705
0.4355328679084778,0.46795016527175903,-0.09635734558105469
0.10526412725448608,0.19580543041229248,-0.5303988456726074
-0.21852201223373413,0.6153659820556641,-0.22011375427246094
-0.2512947618961334,-0.28851133584976196,-0.8464690446853638
-0.2187151312828064,-0.013595879077911377,0.48916175961494446
0.4379909932613373,0.3153659403324127,0.3049125671386719
0.47887909412384033,-0.34838753938674927,-0.22655048966407776
0.0159723162651062,-0.43315643072128296,0.191909521818161
0.1500137895345688,-0.452412486076355,0.3338744044303894
0.1500137895345688,-0.452412486076355,-0.18695604801177979
0.12244811654090881,0.8308420777320862,0.2525362968444824
-0.40149086713790894,0.9688935279846191,-0.24337977170944214
-0.012989521026611328,0.4650540053844452,0.08408212661743164
0.43509483337402344,-0.29234999418258667,0.24708540737628937
0.43509483337402344,0.5758294463157654,-0.027791418135166168
0.6815154552459717,0.044327765703201294,-0.8464690446853638
-0.10654348134994507,0.9704381227493286,0.735144317150116
-0.186567485332489,0.3704380989074707,-0.35675328969955444
-0.3129895329475403,-0.6445260047912598,-0.027810726314783096
0.4644947052001953,0.9704381227493286,-0.1474195122718811
-0.2985086143016815,-0.452412486076355,-0.27374503016471863
0.1500137895345688,0.09830661118030548,0.49190953373908997
0.059318557381629944,-0.10810083150863647,0.8515709638595581
-0.24058492481708527,0.3298468589782715,-0.5467586517333984
-0.19723869860172272,0.6675419807434082,0.03006468527019024
-0.24645812809467316,-0.9453948736190796,-0.7857457399368286
-0.5158189535140991,0.460078626871109,0.4207599461078644
0.28024551272392273,0.16505399346351624,-0.027791418135166168
0.7340328693389893,0.9681211709976196,-0.5785720348358154
0.4081602990627289,-0.40810084342956543,-0.288225919008255
-0.8114746809005737,-0.11437588930130005,-0.08187642693519592
0.4644947052001953,0.9675419926643372,-0.1976272612810135
0.1500137895345688,-0.21994540095329285,-0.48806262016296387
-0.12489201873540878,-0.6445260047912598,0.2326045036315918
-0.8012414574623108,-0.13079482316970825,-0.3422819972038269
-0.12488237023353577,0.16505399346351624,-0.389495849609375
0.030453264713287354,0.06557367742061615,-0.24646902084350586
-0.023612461984157562,0.6046947240829468,0.5486747026443481
-0.09215909242630005,-0.9453948736190796,0.7877583503723145
0.1339363157749176,-0.3453948497772217,0.12752489745616913
0.28024551272392273,0.16505399346351624,-0.37501493096351624
-0.04195135831832886,0.4683363437652588,0.6193934679031372
-0.7274852991104126,-0.32512158155441284,0.19219914078712463
-0.2187151312828064,-0.3608483672142029,0.8075489401817322
-0.2187151312828064,0.9191756844520569,-0.002706855535507202
-0.21171961724758148,-0.5527169108390808,-0.48806262016296387
0.7243789434432983,-0.9482910633087158,0.3879304528236389
0.10526412725448608,-0.37532931566238403,0.06283622980117798
-0.2088680863380432,0.36396998167037964,0.24790239334106445
0.20793746411800385,-0.45231592655181885,-0.5056328177452087
-0.28402769565582275,-0.44951626658439636,0.31939348578453064
-0.2588924169540405,-0.7413104176521301,0.8470335602760315
0.40526413917541504,0.35871216654777527,0.07346882671117783
0.4081602990627289,-0.20556102693080902,-0.013349114917218685
-0.8174601793289185,-0.7470062375068665,-0.04132264852523804
0.3053204417228699,0.4681432843208313,0.2866508960723877
-0.39594948291778564,0.08767399191856384,0.8486747145652771
-0.2695467472076416,0.6675419807434082,0.3338744044303894
0.7224481105804443,0.5993404388427734,0.8525363206863403
-0.6274704933166504,-0.7495162487030029,0.3879304528236389
-0.5155293345451355,0.488943874835968,0.07348813861608505
-0.7339534759521484,-0.32676273584365845,0.08408212661743164
-0.8186185956001282,-0.1259678453207016,-0.002706855535507202
-0.2105093002319336,-0.3705023229122162,-0.23324310779571533
-0.3525453507900238,-0.9445260167121887,0.2577276825904846
-0.005273580551147461,-0.4186755120754242,0.8486747145652771
-0.023612461984157562,0.6675419807434082,-0.3316687047481537
-0.28402769565582275,0.5468676090240479,-0.547434389591217
-0.0380760058760643,-0.452412486076355,-0.3316687047481537
-0.06702626496553421,-0.44951626658439636,0.3049125671386719
-0.005273580551147461,-0.7524124979972839,0.47477737069129944
0.40526413917541504,-0.133156418800354,-0.44741952419281006
0.7084499597549438,0.7744629979133606,-0.06063053011894226
0.3845081329345703,-0.445171982049942,0.39179810881614685
0.6525535583496094,0.46795016527175903,0.47477737069129944
0.07760916650295258,-0.6483875513076782,0.3049125671386719
-0.39594948291778564,-0.33189618587493896,0.8486747145652771
-0.08151683211326599,-0.16211825609207153,-0.48757997155189514
0.4644947052001953,-0.11486580967903137,-0.8464690446853638
0.13857021927833557,0.41276824474334717,-0.5303988456726074
0.5368027687072754,0.8034248352050781,-0.24646902084350586
-0.13931500911712646,-0.452412486076355,-0.1435132771730423
0.1500137895345688,-0.6483875513076782,-0.2593606412410736
0.2512836754322052,-0.4080042839050293,0.5486747026443481
-0.05254533886909485,0.6675419807434082,-0.11464798450469971
-0.3129895329475403,0.09832591563463211,0.5486747026443481
0.16449470818042755,-0.44951626658439636,0.015593418851494789
-0.36700695753097534,0.4650540053844452,-0.023952752351760864
0.6235917806625366,0.46795016527175903,0.10627898573875427
-0.3626108169555664,-0.4176582396030426,-0.5500410199165344
-0.32747045159339905,0.34432777762413025,0.5486747026443481
-0.3814782202243805,0.007650017738342285,0.18901333212852478
-0.2550658583641052,-0.6445260047912598,0.39179810881614685
-0.41041111946105957,0.4650540053844452,-0.4724751114845276
0.40526413917541504,0.5034248232841492,0.36283624172210693
0.7319090366363525,-0.8370775580406189,-0.7837183475494385
-0.03423541784286499,0.26810383796691895,-0.8464690446853638
0.4389563798904419,0.2864041328430176,-0.37501493096351624
-0.515336275100708,0.3876740038394928,-0.34614962339401245
0.26576459407806396,-0.6483875513076782,0.24708540737628937
0.5512837171554565,-0.34838753938674927,0.199832946062088
-0.818522036075592,-0.18722213804721832,-0.7948204278945923
-0.03814937546849251,0.2140960395336151,-0.5467586517333984
0.019791685044765472,0.2429613471031189,0.5486747026443481
-0.35633575916290283,0.6704381108283997,-0.41845768690109253
-0.6419513821601868,0.9704381227493286,-0.13970357179641724
-0.6997785568237305,-0.13204984366893768,0.416853666305542
-0.5158189535140991,0.2575387954711914,0.3773171603679657
-0.28402769565582275,-0.6445260047912598,-0.3171877861022949
0.2512836754322052,0.6704381108283997,0.2615663409233093
0.10816028714179993,-0.3174345791339874,-0.371214896440506
0.6815154552459717,0.36754196882247925,0.13514429330825806
-0.3236221373081207,0.3704380989074707,0.3734688460826874
-0.12491133064031601,0.011488663032650948,-0.4909588396549225
0.2409539520740509,0.24402327835559845,0.5525363087654114
-0.2512657940387726,-0.7524124979972839,0.4602964520454407
0.23680275678634644,0.5468676090240479,0.5515709519386292
0.1769132912158966,0.7595959305763245,-0.24946171045303345
-0.35633575916290283,-0.29234999418258667,0.48901334404945374
-0.6419513821601868,0.4650540053844452,-0.689495861530304
0.3525535762310028,0.6675419807434082,0.10237275063991547
-0.012989521026611328,-0.1495162546634674,0.21431386470794678
0.40526413917541504,0.5179057717323303,0.17477735877037048
-0.26573705673217773,0.8613485097885132,-0.8464690446853638
-0.1682768613100052,0.6675419807434082,0.4785870611667633
0.40526413917541504,0.025979237630963326,-0.37501493096351624
0.4091256856918335,0.5179057717323303,-0.18695604801177979
-0.8187151551246643,0.8034248352050781,-0.8052467107772827
0.4389563798904419,0.1416914463043213,0.030074339359998703
-0.5187151432037354,0.44559767842292786,0.24708540737628937
0.4081602990627289,-0.29234999418258667,-0.15799419581890106
-0.772279679775238,-0.1485508680343628,0.6773171424865723
-0.21171961724758148,-0.3791390061378479,-0.48806262016296387
-0.739842414855957,-0.8816788196563721,0.35900723934173584
0.3091107904911041,-0.44951626658439636,-0.12912890315055847
-0.42874035239219666,0.6704381108283997,0.3773171603679657
0.30530112981796265,-0.9483875632286072,-0.16866540908813477
-0.2801986634731293,-0.7524124979972839,0.2143235206604004
-0.027470439672470093,0.9704381227493286,-0.4001670777797699
-0.16446715593338013,-0.6068309545516968,0.18901333212852478
0.7379909753799438,-0.867294430732727,-0.017187774181365967
0.3291909992694855,0.17644564807415009,-0.550330638885498
0.4355328679084778,-0.1495162546634674,-0.06063053011894226
0.23680275678634644,0.16505399346351624,-0.20143696665763855
-0.2512851059436798,0.46795016527175903,-0.11845767498016357
-0.18275777995586395,0.6704381108283997,-0.40397676825523376
-0.0852975845336914,0.7021549344062805,-0.24646902084350586
0.43509483337402344,-0.5238516926765442,0.24708540737628937
0.009207338094711304,0.9704381227493286,-0.35675328969955444
0.43509483337402344,-0.24890725314617157,0.4062789976596832
0.13828060030937195,-0.5633881688117981,-0.6606305837631226
0.06322478502988815,0.16795016825199127,0.3773171603679657
0.4379909932613373,0.09829695522785187,0.31939348578453064
-0.8007588386535645,0.044327765703201294,0.24433040618896484
0.38151541352272034,-0.5961596965789795,0.49190953373908997
-0.3419513702392578,0.17065328359603882,-0.5464690327644348
0.10816028714179993,-0.035696208477020264,-0.21205991506576538
-0.18275777995586395,-0.6483875513076782,0.058978255838155746
0.03425329178571701,0.6704381108283997,0.39179810881614685
0.2947264313697815,-0.26338815689086914,0.49190953373908997
0.13847368955612183,0.788943886756897,-0.23449808359146118
0.04874386638402939,-0.480601966381073,-0.4881591796875
0.5947264432907104,0.3704380989074707,-0.6461496353149414
0.1953873336315155,0.346355140209198,-0.550330638885498
-0.6852976083755493,0.9704381227493286,0.055120304226875305
0.10276131331920624,-0.7524124979972839,0.47477737069129944
-0.016375631093978882,0.96454918384552,-0.2439589500427246
-0.11044006049633026,-0.4948897957801819,0.49190953373908997
-0.09594948589801788,-0.6445260047912598,-0.44741952419281006
0.009207338094711304,0.7021549344062805,0.8486747145652771
0.34874388575553894,0.26811349391937256,0.7890133857727051
-0.6853941679000854,-0.4476373493671417,-0.7909588813781738
0.03035670518875122,0.46795016527175903,-0.3712341785430908
-0.240681454539299,-0.6445260047912598,-0.17247511446475983
-0.18275777995586395,0.17065328359603882,-0.5464690327644348
-0.028636127710342407,0.33319172263145447,0.8525363206863403
0.3235917389392853,-0.452412486076355,-0.40397676825523376
0.4081602990627289,0.4311167895793915,-0.05674361065030098
-0.22229430079460144,0.9675419926643372,0.2577276825904846
0.45001381635665894,0.4650540053844452,-0.255454421043396
0.13509482145309448,0.13788175582885742,-0.12522265315055847
-0.28402769565582275,-0.5383325815200806,0.49190953373908997
-0.5158189535140991,0.3153659403324127,-0.027791418135166168
0.4066675901412964,-0.3453948497772217,0.22881409525871277
0.09209010004997253,0.6704381108283997,0.2326045036315918
-0.47218313813209534,0.5179057717323303,0.5486747026443481
-0.01653611846268177,0.0916839987039566,0.5521501302719116
-0.500951886177063,-0.20546448230743408,0.48901334404945374
-0.3564322888851166,0.6707277297973633,0.5219332575798035
0.06322478502988815,-0.6446225047111511,0.4638165235519409
-0.1995556354522705,-0.09927106648683548,-0.550330638885498
-0.4457313120365143,-0.4256710410118103,-0.206263929605484
-0.019754499197006226,0.051092758774757385,-0.8464690446853638
-0.30913156270980835,-0.13494601845741272,0.43133461475372314
-0.7721831798553467,0.9675419926643372,0.38794010877609253
0.5078409314155579,-0.9251216053962708,-0.7909588813781738
0.13847368955612183,0.19580543041229248,0.2367038130760193
-0.24164685606956482,0.22761157155036926,0.5525363087654114
-0.18275777995586395,-0.44951626658439636,-0.3606305420398712
-0.5158189535140991,0.5468676090240479,-0.15799419581890106
-0.21746015548706055,-0.14700621366500854,-0.18603530526161194
0.04874386638402939,-0.133156418800354,-0.547434389591217
-0.8174601793289185,-0.14700621366500854,-0.2217138707637787
-0.540584921836853,0.4650540053844452,-0.08177988231182098
0.12105194479227066,0.6675419807434082,-0.288225919008255
-0.4537959396839142,0.13788175582885742,0.8515709638595581
-0.4827578067779541,0.36754196882247925,0.5037392377853394
-0.47218313813209534,0.16833633184432983,0.2615663409233093
-0.6997785568237305,-0.7450754642486572,0.2071627378463745
0.03426295518875122,-0.6445260047912598,-0.34614962339401245
-0.38529759645462036,-0.452412486076355,-0.389495849609375
0.13895636796951294,0.5864041447639465,-0.3422723412513733
0.4389563798904419,-0.4804089069366455,-0.17247511446475983
0.7350948452949524,-0.8961597084999084,-0.34225302934646606
0.08151540160179138,-0.15212279558181763,0.23689687252044678
-0.38529759645462036,-0.0029439893551170826,0.48901334404945374
0.009207338094711304,-0.15241247415542603,0.3156030774116516
0.09396898746490479,-0.14276571571826935,-0.40499404072761536
0.30920735001564026,0.6675419807434082,-0.20143696665763855
0.07770570367574692,-0.3356962203979492,-0.547434389591217
-0.5695467591285706,-0.3454914093017578,-0.09626081585884094
0.40657103061676025,0.3481374979019165,0.2515709400177002
0.43509483337402344,-0.509370744228363,0.0879594013094902
0.03426295518875122,-0.6445260047912598,-0.18695604801177979
0.2512836754322052,0.16505399346351624,0.29052817821502686
0.406615674495697,0.6209133863449097,-0.40397676825523376
0.16449470818042755,-0.10429111868143082,0.49190953373908997
-0.2187151312828064,0.5429613590240479,0.11304396390914917
-0.5373026132583618,0.9710174202919006,-0.8309261798858643
0.04872456192970276,0.488943874835968,0.5515709519386292
-0.37091323733329773,0.16795016825199127,0.4496252238750458
-0.1394115537405014,0.16795016825199127,-0.04229164868593216
0.2512836754322052,-0.44951626658439636,0.42066338658332825
0.07379947602748871,-0.5633881688117981,0.18901333212852478
0.23680275678634644,0.08390292525291443,-0.48806262016296387
-0.01010054349899292,0.3683142066001892,0.24645429849624634
-0.4398424029350281,-0.5527169108390808,-0.10016706585884094
0.43509483337402344,0.3588087260723114,0.43524083495140076
-0.4398424029350281,-0.5238516926765442,0.2615663409233093
0.33807265758514404,-0.45231592655181885,-0.5344980955123901
-0.005273580551147461,-0.3454914093017578,0.04073593020439148
0.28024551272392273,-0.6445260047912598,0.3773171603679657
0.13553285598754883,0.16795016825199127,-0.08570544421672821
0.7389563918113708,0.456172376871109,-0.08949583768844604
-0.5117196440696716,0.3404591977596283,0.7890133857727051
-0.3708166778087616,-0.29234999418258667,-0.48806262016296387
0.13403287529945374,0.3681211471557617,-0.4194749593734741
-0.3670359253883362,-0.9483875632286072,0.048355311155319214
-0.5187151432037354,0.5757328867912292,0.36283624172210693
0.0014913976192474365,-0.34462249279022217,-0.16161081194877625
-0.08150718361139297,-0.5238516926765442,-0.4909588396549225
0.16449470818042755,-0.5238516926765442,0.48901334404945374
-0.39417925477027893,-0.15941515564918518,0.5516674518585205
0.13895636796951294,-0.02807682752609253,0.4602964520454407
0.13509482145309448,0.26812314987182617,-0.05291460454463959
-0.37091323733329773,-0.5383325815200806,-0.4909588396549225
-0.5187151432037354,0.19961512088775635,0.08792078495025635
0.13171592354774475,0.3568260669708252,0.2515709400177002
0.13553285598754883,-0.060858018696308136,-0.4909588396549225
-0.125857412815094,0.5313247442245483,0.5525363087654114
0.7379909753799438,0.44169145822525024,0.7496252059936523
-0.3419513702392578,-0.6483875513076782,0.10237275063991547
-0.21171961724758148,-0.452412486076355,0.4207599461078644
-0.5187151432037354,0.5179057717323303,-0.37511146068573
-0.010618249885737896,-0.24292181432247162,-0.550330638885498
-0.4972386956214905,0.4650540053844452,-0.5882259607315063
-0.22620053589344025,-0.44951626658439636,0.015593418851494789
0.07379947602748871,0.7166358232498169,0.8486747145652771
-0.5406814813613892,-0.13204984366893768,0.6917980909347534
-0.02363177016377449,0.16795016825199127,-0.30270686745643616
-0.8187151551246643,0.5719231963157654,-0.7039767503738403
-0.726423442363739,-0.33873361349105835,0.06766322255134583
-0.3236124813556671,-0.7524124979972839,-0.5014369487762451
-0.12489201873540878,0.6675419807434082,0.36283624172210693
0.7350948452949524,-0.10810083150863647,-0.7329386472702026
-0.009141195565462112,0.6675419807434082,-0.4619004726409912
0.38836970925331116,-0.06799228489398956,-0.550330638885498
-0.4142594337463379,0.16795016825199127,-0.12912890315055847
0.4389563798904419,0.40215492248535156,0.21812358498573303
0.7243789434432983,-0.3482910394668579,-0.7329386472702026
-0.4398424029350281,-0.5961596965789795,-0.3605339825153351
0.3525535762310028,0.17065328359603882,0.5486747026443481
0.7084499597549438,-0.07151958346366882,0.026254981756210327
-0.4391666054725647,0.2140960395336151,-0.48999345302581787
0.40526413917541504,-0.40810084342956543,0.2615663409233093
0.13799098134040833,-0.28851133584976196,0.7496252059936523
-0.10654348134994507,0.08005461096763611,0.2486746907234192
-0.14998622238636017,0.3046947121620178,-0.24646902084350586
0.1360602080821991,0.09260474145412445,-0.24994444847106934
-0.11044970899820328,-0.2778691053390503,-0.4909588396549225
-0.12489201873540878,-0.6445260047912598,-0.1435132771730423
-0.05643227696418762,0.3704380989074707,0.315593421459198
0.6815154552459717,-0.9483875632286072,-0.08187642693519592
0.17897561192512512,-0.452412486076355,0.203739196062088
0.1934565305709839,0.6675419807434082,-0.013339459896087646
-0.5158189535140991,0.3732896149158478,0.10246928036212921
-0.2187151312828064,-0.23063594102859497,0.22202980518341064
0.1500137895345688,-0.6483875513076782,-0.38959240913391113
-0.6984269618988037,0.2795944809913635,-0.24849635362625122
0.005339725874364376,-0.5383325815200806,0.48901334404945374
-0.2802083194255829,-0.006830930709838867,0.8486747145652771
-0.11425942182540894,-0.30295366048812866,-0.24646902084350586
0.22232185304164886,-0.33579277992248535,-0.4909588396549225
-0.09713692218065262,0.2418028861284256,0.5525363087654114
0.7080637216567993,-0.07151958346366882,-0.7760917544364929
0.7350948452949524,-0.47659921646118164,-0.44351327419281006
0.28024551272392273,-0.6445260047912598,0.015564456582069397
0.7379909753799438,-0.41877204179763794,-0.2410217523574829
-0.16837339103221893,0.6704381108283997,-0.12903235852718353
0.4091256856918335,0.47446298599243164,0.058978255838155746
0.7389563918113708,0.8903103470802307,-0.21205025911331177
0.16449470818042755,0.16795016825199127,-0.389495849609375
0.4789756238460541,0.4650540053844452,0.0917980968952179
0.019791685044765472,0.37319308519363403,0.5515709519386292
-0.515336275100708,0.5468676090240479,0.18925827741622925
0.26576459407806396,-0.4489370584487915,0.3049125671386719
0.4081602990627289,-0.1765991896390915,0.3050090968608856
0.5512837171554565,0.46795016527175903,-0.1976272612810135
0.4644947052001953,-0.34838753938674927,0.48916175961494446
-0.8155293464660645,0.9190791249275208,-0.13293859362602234
-0.7139698266983032,-0.7523159384727478,-0.32780107855796814
0.43509483337402344,0.3876740038394928,-0.288225919008255
0.3487245738506317,-0.7490335702896118,0.34449735283851624
-0.5155293345451355,0.48904043436050415,-0.04229164868593216
-0.2946603000164032,0.4650540053844452,0.17096765339374542
0.22434917092323303,-0.14783042669296265,-0.5492686629295349
-0.1249016746878624,-0.3791390061378479,0.5515709519386292
-0.38529759645462036,-0.452412486076355,0.18925827741622925
-0.3997785151004791,0.6704381108283997,0.2615663409233093
0.06322478502988815,-0.452412486076355,0.435144305229187
0.4066675901412964,-0.20166444778442383,-0.1880626082420349
0.13799098134040833,-0.2017030566930771,-0.154184490442276
0.705264151096344,0.08005461096763611,0.055120304226875305
0.4379909932613373,0.2429613471031189,0.39179810881614685
-0.4104304313659668,0.3704380989074707,0.04073593020439148
-0.5158189535140991,0.3732896149158478,0.34835532307624817
-0.20790991187095642,-0.02807682752609253,-0.24646902084350586
0.04872456192970276,0.6704381108283997,-0.20143696665763855
0.40526413917541504,0.40215492248535156,-0.44741952419281006
-0.6997785568237305,-0.13204984366893768,-0.5882259607315063
-0.19723869860172272,-0.6445260047912598,-0.05674361065030098
-0.35633575916290283,0.16505399346351624,0.001143390778452158
0.4644947052001953,-0.30295366048812866,0.2486746907234192
0.40526413917541504,-0.35017716884613037,0.4497217833995819
0.2763778865337372,-0.43315643072128296,0.7923922538757324
0.37755727767944336,-0.19667938351631165,0.5525363087654114
-0.8158189654350281,0.8903103470802307,-0.2843872904777527
-0.13984239101409912,-0.8238517045974731,-0.559264063835144
0.4382806122303009,-0.5383325815200806,0.36283624172210693
0.638072669506073,-0.8961597084999084,-0.7880626320838928
0.40526413917541504,0.2429613471031189,0.05900721624493599
-0.13931500911712646,-0.452412486076355,-0.2592640817165375
-0.32747045159339905,-0.452412486076355,0.4207599461078644
-0.6419513821601868,0.5864041447639465,-0.24646902084350586
0.40526413917541504,0.2140960395336151,0.2760472595691681
0.33807265758514404,0.04042636603116989,-0.4909588396549225
-0.3708166778087616,0.2429613471031189,0.5486747026443481
0.0159723162651062,-0.7495162487030029,-0.7329386472702026
-0.39595913887023926,0.4683363437652588,0.3589975833892822
0.1500137895345688,0.6704381108283997,0.3338744044303894
-0.8187151551246643,-0.013595879077911377,-0.5882259607315063
-0.2367752194404602,-0.9445260167121887,0.33006468415260315
-0.09215909242630005,-0.1495162546634674,0.21431386470794678
-0.18275777995586395,-0.5816788077354431,0.4921991527080536
0.2947264313697815,-0.5238516926765442,0.48901334404945374
0.43509483337402344,-0.10419458150863647,-0.3460530936717987
0.13509482145309448,0.2970656752586365,0.026254981756210327
0.40526413917541504,0.460078626871109,0.46410617232322693
-0.37091323733329773,-0.6483875513076782,-0.12912890315055847
0.13876330852508545,0.8757328987121582,0.7496252059936523
0.32726022601127625,0.5650169849395752,-0.550330638885498
-0.22620053589344025,-0.060829050838947296,0.5486747026443481
0.16824403405189514,-0.19655750691890717,0.8525363206863403
-0.3525260388851166,-0.3463577926158905,-0.24675863981246948
-0.3091605305671692,0.3838353455066681,-0.7909588813781738
-0.5487908124923706,0.9390628337860107,0.8525363206863403
0.4081602990627289,-0.3356962203979492,-0.042281992733478546
-0.2785249352455139,0.44019150733947754,-0.5462759137153625
-0.4577021896839142,0.16795016825199127,0.3773171603679657
-0.7577022314071655,0.4650540053844452,-0.689495861530304
-0.4432213008403778,-0.2778691053390503,0.5486747026443481
-0.15379592776298523,0.5613484978675842,-0.547434389591217
0.13505016267299652,0.24595408141613007,0.5525363087654114
-0.817653238773346,0.1089199036359787,-0.18912455439567566
-0.22620053589344025,0.16795016825199127,-0.41845768690109253
-0.03806634992361069,0.16505399346351624,0.4062789976596832
0.705264151096344,0.3115079700946808,0.12752489745616913
0.2947264313697815,-0.44951626658439636,-0.30270686745643616
0.7379909753799438,-0.4476373493671417,0.13514429330825806
0.08828039467334747,-0.23061662912368774,-0.8464690446853638
0.16449470818042755,-0.6445260047912598,0.39179810881614685
-0.7577022314071655,0.9704381227493286,0.1420058161020279
-0.09594948589801788,-0.452412486076355,0.203739196062088
0.3684379458427429,0.3709208369255066,-0.24144893884658813
0.2512836754322052,0.25744226574897766,-0.5464690327644348
0.7245720624923706,0.3707277178764343,0.315593421459198
-0.2985086143016815,-0.08971365541219711,-0.48806262016296387
0.43509483337402344,-0.42248523235321045,0.14581552147865295
-0.18275777995586395,-0.6483875513076782,-0.38959240913391113
0.6235917806625366,0.9675419926643372,0.048355311155319214
0.1500137895345688,-0.5383325815200806,-0.48777300119400024
0.3235917389392853,0.16795016825199127,-0.2738415598869324
0.6525535583496094,0.26810383796691895,0.2486746907234192
0.23680275678634644,0.15530352294445038,0.4923922121524811
-0.6530534029006958,0.3710173964500427,-0.23092615604400635
-0.03807986527681351,-0.21994540095329285,0.5486747026443481
-0.2985086143016815,-0.21994540095329285,0.5486747026443481
0.2832225561141968,0.166739821434021,-0.2503306269645691
-0.2187151312828064,0.3046947121620178,0.16410616040229797
0.009110778570175171,-0.4476373493671417,-0.19095882773399353
0.13895636796951294,0.2613484859466553,0.5615663528442383
-0.3564322888851166,0.460078626871109,0.5486747026443481
-0.14998622238636017,-0.12229213118553162,0.18901333212852478
-0.05254533886909485,-0.452412486076355,0.4062789976596832
0.323688268661499,-0.35017716884613037,-0.48806262016296387
-0.18275777995586395,-0.6483875513076782,0.31939348578453064
-0.5187151432037354,0.4599820673465729,-0.27374503016471863
-0.13665658235549927,-0.8671979308128357,0.4602964520454407
0.29085880517959595,-0.9445260167121887,-0.06739550828933716
0.04872456192970276,-0.44951626658439636,0.31939348578453064
0.0159723162651062,0.3704380989074707,0.13514429330825806
-0.07767815887928009,0.3704380989074707,-0.5737450122833252
-0.027470439672470093,-0.3454914093017578,0.019490033388137817
0.23680275678634644,-0.452412486076355,0.08794009685516357
0.048714909702539444,0.16795016825199127,0.2760472595691681
0.4644947052001953,-0.34838753938674927,0.14190927147865295
0.17509832978248596,-0.1495162546634674,0.257718026638031
-0.12489201873540878,0.6675419807434082,0.10237275063991547
0.21849283576011658,-0.34838753938674927,-0.22655048966407776
-0.28402769565582275,0.6704381108283997,-0.34614962339401245
-0.19221864640712738,0.3204825520515442,0.5525363087654114
0.19122043251991272,0.3926880359649658,-0.2503306269645691
0.5512837171554565,0.2536229193210602,0.7919095754623413
0.40526413917541504,0.40215492248535156,0.34835532307624817
0.4379909932613373,0.02595413476228714,0.015593418851494789
-0.06702626496553421,0.6704381108283997,0.4785870611667633
0.4644947052001953,-0.13204984366893768,0.01177409291267395
-0.4827578067779541,-0.1495162546634674,0.6193934679031372
-0.38529759645462036,-0.44951626658439636,0.31939348578453064
0.10816028714179993,-0.5344263315200806,0.38794010877609253
0.13779792189598083,-0.1393868327140808,-0.244634747505188
-0.5695467591285706,-0.1523159146308899,-0.23449808359146118
-0.2695467472076416,-0.6375751495361328,0.4923922121524811
0.0626455545425415,0.16717785596847534,0.47752511501312256
0.3525535762310028,-0.6483875513076782,-0.11464798450469971
0.10859834402799606,0.4619128704071045,-0.550330638885498
-0.739842414855957,-0.2383325695991516,0.7062790393829346
-0.7139698266983032,-0.9450086951255798,-0.3133201599121094
0.13895636796951294,-0.28167879581451416,-0.13970357179641724
-0.3937930762767792,0.5786290764808655,0.5521501302719116
-0.1394115537405014,-0.44478583335876465,-0.5051501393318176
-0.18275777995586395,-0.1765991896390915,-0.4909588396549225
0.3443477153778076,-0.36205148696899414,0.5525363087654114
0.7382806539535522,0.10215491056442261,0.8367038369178772
-0.15770217776298523,0.3704380989074707,-0.6606305837631226
-0.1789480745792389,-0.7263468503952026,-0.842800498008728
-0.4272922873497009,-0.37904244661331177,-0.4881591796875
0.4053606688976288,-0.2344263345003128,-0.4616108238697052
0.4053606688976288,-0.03189617395401001,-0.4616108238697052
-0.8155293464660645,0.7021549344062805,-0.7762848138809204
-0.19723869860172272,-0.6483875513076782,-0.2593606412410736
0.40526413917541504,0.5613484978675842,-0.3171877861022949
-0.4537959396839142,0.4650540053844452,0.6483553647994995
0.4389563798904419,-0.4804089069366455,-0.3605339825153351
0.3235917389392853,0.5034248232841492,0.5486747026443481
0.2512836754322052,-0.5383325815200806,-0.48806262016296387
0.3525535762310028,-0.452412486076355,-0.21591788530349731
-0.42489203810691833,0.36754196882247925,0.2577276825904846
-0.240681454539299,0.6675419807434082,-0.05674361065030098
-0.16446715593338013,-0.7524124979972839,0.416853666305542
-0.08147821575403214,-0.452412486076355,-0.41845768690109253
0.7389563918113708,0.18132451176643372,0.2577276825904846
0.4081602990627289,-0.40810084342956543,-0.11464798450469971
0.07770570367574692,0.06938338279724121,0.5486747026443481
0.06703448295593262,0.9704381227493286,-0.17638134956359863
0.13509482145309448,-0.6067343950271606,-0.5737450122833252
0.3959963321685791,-0.6483875513076782,-0.288225919008255
-0.1355053037405014,0.3115079700946808,-0.8464690446853638
-0.3564322888851166,-0.36465805768966675,0.5515709519386292
0.13799098134040833,-0.6791390180587769,0.048355311155319214
0.43509483337402344,0.19961512088775635,-0.18695604801177979
0.4351913630962372,-0.4804089069366455,0.46391308307647705
-0.6129895448684692,0.2825751006603241,0.8486747145652771
0.18448197841644287,0.9267057180404663,0.8525363206863403
0.3291909992694855,0.2777155637741089,0.5525363087654114
0.4091256856918335,0.5467710494995117,-0.4619004726409912
-0.19723869860172272,-0.3068309426307678,-0.5464690327644348
-0.3670359253883362,0.34043022990226746,0.7919095754623413
-0.7287403345108032,-0.36082905530929565,0.2486746907234192
-0.048716336488723755,-0.47659921646118164,0.7890133857727051
0.7053606510162354,0.5285769701004028,0.17810437083244324
-0.6997785568237305,-0.17284740507602692,-0.1880626082420349
-0.04195135831832886,-0.34838753938674927,0.735144317150116
0.4389563798904419,0.4311167895793915,-0.20143696665763855
0.09209010004997253,-0.44951626658439636,-0.2593606412410736
0.40526413917541504,0.09832591563463211,0.2326045036315918
0.3235917389392853,-0.6445260047912598,0.14581552147865295
0.421051949262619,0.8468676209449768,0.2486746907234192
0.33807265758514404,0.16795016825199127,-0.44741952419281006
-0.13931500911712646,-0.6445260047912598,0.4062789976596832
0.09209010004997253,0.16795016825199127,0.11685366928577423
-0.7577022314071655,-0.13494601845741272,0.08408212661743164
0.5368027687072754,0.9704381227493286,-0.13970357179641724
0.22232185304164886,-0.6445260047912598,-0.3171877861022949
-0.5695467591285706,0.5285769701004028,-0.24646902084350586
0.3525535762310028,-0.452412486076355,0.10237275063991547
0.22232185304164886,-0.44951626658439636,-0.24487970769405365
0.06322478502988815,-0.24890725314617157,0.48901334404945374
0.5802454948425293,0.3704380989074707,-0.25547370314598083
-0.240681454539299,-0.44951626658439636,-0.20143696665763855
-0.3814878761768341,0.36754196882247925,-0.7039767503738403
0.30920735001564026,0.40215492248535156,-0.5464690327644348
0.33807265758514404,-0.6483875513076782,0.3049125671386719
-0.6564322710037231,-0.9483875632286072,-0.08959239721298218
-0.5158189535140991,0.30088502168655396,0.46410617232322693
-0.42874035239219666,0.40215492248535156,0.5486747026443481
-0.3997785151004791,-0.21994540095329285,-0.5464690327644348
-0.14559008181095123,0.3702969253063202,-0.5475309491157532
-0.7432212829589844,0.36754196882247925,-0.16190046072006226
0.14620408415794373,0.22467072308063507,0.19239220023155212
-0.09597844630479813,0.16795016825199127,0.1891617476940155
0.13895636796951294,0.6153659820556641,-0.16190046072006226
-0.32747045159339905,0.16505399346351624,0.18925827741622925
0.43509483337402344,0.6191756725311279,0.17477735877037048
0.06322478502988815,0.6675419807434082,0.10237275063991547
-0.0670166090130806,-0.6445260047912598,-0.34614962339401245
0.13509482145309448,0.8903103470802307,0.048355311155319214
0.059318557381629944,0.46795016527175903,-0.45809075236320496
0.276406854391098,0.9705346822738647,0.2721506655216217
-0.526200532913208,0.3704380989074707,0.416853666305542
-0.240681454539299,0.12723948061466217,0.49190953373908997
-0.8010483980178833,-0.7524124979972839,0.7641061544418335
0.13799098134040833,-0.28851133584976196,0.048355311155319214
-0.4142594337463379,0.08386430144309998,0.48901334404945374
-0.45389246940612793,-0.9453948736190796,-0.154184490442276
0.1065710186958313,-0.44951626658439636,-0.056753262877464294
-0.5117196440696716,0.28255578875541687,-0.7909588813781738
0.3235917389392853,0.6704381108283997,0.18925827741622925
0.22232185304164886,0.35871216654777527,0.5486747026443481
-0.3419513702392578,-0.6483875513076782,-0.21591788530349731
0.009207338094711304,-0.9446225166320801,0.7638165354728699
-0.7577022314071655,0.1523626744747162,-0.24646902084350586
-0.39659273624420166,0.1555931270122528,0.5508951544761658
-0.3997785151004791,-0.5383325815200806,0.49190953373908997
0.21969956159591675,-0.14672383666038513,-0.1885453164577484
-0.4373323917388916,-0.4256710410118103,0.11569519340991974
0.13509482145309448,-0.23059731721878052,0.22880443930625916
0.2436123937368393,0.8599969744682312,-0.2503306269645691
-0.8186185956001282,-0.1259678453207016,0.47477737069129944
0.03807264566421509,-0.25956979393959045,0.191909521818161
0.3342629671096802,-0.15241247415542603,-0.10397675633430481
0.10816028714179993,0.4127875566482544,-0.7619004845619202
-0.8172670602798462,0.9675419926643372,0.6628362536430359
0.2908394932746887,-0.28167879581451416,-0.7909588813781738
0.43509483337402344,-0.5671979188919067,-0.21591788530349731
0.6426100134849548,0.8965854048728943,0.25186049938201904
-0.5187151432037354,0.2429613471031189,0.2760472595691681
-0.1056746244430542,-0.02787652611732483,0.8525363206863403
-0.21147465705871582,0.9702450633049011,0.06960120797157288
0.43509483337402344,-0.36465805768966675,-0.20143696665763855
0.7350948452949524,0.8034248352050781,-0.4001670777797699
-0.01897495985031128,0.1397159993648529,-0.8478205800056458
0.4385702311992645,-0.21994540095329285,0.49306797981262207
0.27634894847869873,0.02984684705734253,-0.8464690446853638
-0.3129895329475403,-0.4496128261089325,0.5219332575798035
-0.5187151432037354,0.40215492248535156,-0.05676291510462761
0.16449470818042755,-0.6483875513076782,0.2904316186904907
-0.6709132194519043,-0.9483875632286072,-0.6027069091796875
-0.3381020724773407,-0.9483875632286072,0.17087110877037048
0.2947264313697815,0.16505399346351624,-0.11464798450469971
-0.03807986527681351,0.5034248232841492,0.5486747026443481
-0.13931500911712646,-0.24890725314617157,0.5486747026443481
0.0159723162651062,-0.1495162546634674,-0.11074173450469971
0.4379909932613373,-0.2778691053390503,0.16029644012451172
0.13553285598754883,-0.19108010828495026,0.48901334404945374
-0.30913156270980835,0.4650540053844452,-0.5159178972244263
0.40657103061676025,0.9675419926643372,-0.07501491904258728
-0.2985086143016815,0.16505399346351624,-0.30270686745643616
0.4644947052001953,0.4650540053844452,0.005009084939956665
-0.32747045159339905,-0.44951626658439636,-0.17247511446475983
-0.42874035239219666,0.30088502168655396,-0.5464690327644348
0.7267924547195435,-0.7080042958259583,-0.8332431316375732
-0.4398424029350281,-0.509370744228363,-0.34614962339401245
0.522321879863739,-0.1495162546634674,-0.6750149726867676
0.06322478502988815,0.16795016825199127,-0.3171877861022949
0.421051949262619,-0.1495162546634674,-0.7473230361938477
-0.2802179753780365,-0.3752327561378479,-0.1880626082420349
0.7381840944290161,0.456172376871109,0.8367038369178772
0.4081602990627289,-0.3213118314743042,-0.41845768690109253
-0.817653238773346,0.3259696066379547,-0.789124608039856
0.13895636796951294,-0.38971367478370667,-0.44351327419281006
0.7379909753799438,-0.12258172035217285,0.358978271484375
0.43509483337402344,0.18513420224189758,0.14581552147865295
-0.10654348134994507,0.3481374979019165,0.2515709400177002
-0.22229430079460144,-0.9445260167121887,-0.08187642693519592
0.3342629671096802,0.9675419926643372,0.8075489401817322
-0.32747045159339905,-0.452412486076355,0.0011337369214743376
0.5512837171554565,0.9675419926643372,-0.747419536113739
-0.06319725513458252,0.36754196882247925,0.048355311155319214
-0.048716336488723755,0.46795016527175903,-0.11083826422691345
-0.7457313537597656,-0.12567102909088135,-0.5930529236793518
-0.21581894159317017,0.5140960216522217,0.7641061544418335
-0.4398424029350281,-0.4948897957801819,-0.4619004726409912
0.04874386638402939,-0.2344263345003128,-0.48806262016296387
-0.18275777995586395,-0.3936198949813843,0.48901334404945374
-0.21099919080734253,-0.05799683928489685,0.8525363206863403
0.3959963321685791,0.6675419807434082,-0.20143696665763855
-0.2008553147315979,-0.11486580967903137,-0.24202823638916016
-0.038075041025877,-0.45231592655181885,0.5078385472297668
0.6670345067977905,-0.13204984366893768,0.37344953417778015
-0.02363177016377449,-0.3213118314743042,-0.4909588396549225
-0.2985086143016815,-0.36465805768966675,0.48901334404945374
0.2524421513080597,0.16601939499378204,-0.47396788001060486
-0.2187151312828064,0.5284804105758667,-0.4001670777797699
0.43509483337402344,0.4745595157146454,0.2615663409233093
-0.009160504676401615,-0.6483875513076782,-0.2593606412410736
0.07379947602748871,0.46795016527175903,0.6049125790596008
-0.2695467472076416,0.09833557158708572,-0.48806262016296387
-0.3236221373081207,-0.1495162546634674,0.416853666305542
0.1606850028038025,0.543057918548584,-0.847048282623291
0.019791685044765472,0.6675419807434082,0.3050090968608856
0.7389563918113708,-0.20937073230743408,-0.37120524048805237
-0.5551624298095703,-0.9483875632286072,-0.1976272612810135
-0.7432212829589844,0.4650540053844452,-0.255454421043396
0.3525535762310028,-0.44951626658439636,-0.056753262877464294
0.28024551272392273,0.6675419807434082,0.4207599461078644
-0.009141195565462112,-0.01742490753531456,0.5486747026443481
-0.023612461984157562,-0.452412486076355,-0.013339459896087646
0.7389563918113708,0.058808714151382446,-0.41464799642562866
-0.2985086143016815,0.6675419807434082,-0.20143696665763855
0.06322478502988815,-0.452412486076355,-0.15799419581890106
0.3525535762310028,-0.133156418800354,0.48901334404945374
-0.8187151551246643,0.8902138471603394,-0.38570547103881836
0.05255356431007385,-0.3454914093017578,-0.327830046415329
-0.009141195565462112,-0.6445260047912598,-0.41845768690109253
0.0053300694562494755,-0.452412486076355,0.2326045036315918
-0.05254533886909485,0.3153659403324127,0.5486747026443481
-0.5187151432037354,0.2429613471031189,0.01558376383036375
0.13172315061092377,0.36754196882247925,0.5905281901359558
-0.4577021896839142,0.25744226574897766,0.5486747026443481
-0.12102439999580383,-0.3454914093017578,0.27216997742652893
-0.009141195565462112,-0.6445260047912598,0.4207599461078644
0.10666756331920624,-0.14763733744621277,-0.48806262016296387
0.2512836754322052,-0.3936198949813843,-0.547434389591217
0.33908993005752563,0.48185187578201294,-0.8492686748504639
-0.41041111946105957,-0.6646580696105957,-0.7880626320838928
-0.756543755531311,-0.7193959951400757,-0.7184576988220215
-0.12729227542877197,0.22467072308063507,-0.788159191608429
-0.5008553266525269,-0.4194924831390381,0.0011279445607215166
-0.32747045159339905,-0.21994540095329285,-0.48806262016296387
0.13895636796951294,0.2903103232383728,-0.4579942226409912
0.10912567377090454,-0.042557746171951294,-0.41464799642562866
0.40526413917541504,-0.1765991896390915,-0.3171877861022949
-0.05048905313014984,0.17268061637878418,0.5525363087654114
-0.18164396286010742,0.8795945048332214,-0.8471447825431824
0.2512836754322052,-0.3356962203979492,0.4923922121524811
-0.19965218007564545,0.5719678401947021,0.5525363087654114
-0.35710805654525757,0.5072864294052124,-0.5460828542709351
0.4091256856918335,0.17065328359603882,0.34835532307624817
0.7377979755401611,0.1065957248210907,-0.8446347713470459
0.2322653979063034,0.5947511792182922,-0.549365222454071
-0.11396980285644531,-0.34558796882629395,0.4458155333995819
-0.05643227696418762,0.36938339471817017,-0.8464690446853638
0.23680275678634644,-0.20556102693080902,-0.4909588396549225
-0.16238795220851898,0.1910231113433838,0.5525363087654114
-0.7864710092544556,-0.6646580696105957,-0.8464690446853638
0.40840527415275574,0.19860506057739258,0.2525362968444824
0.3525535762310028,-0.2778691053390503,0.5486747026443481
0.7350948452949524,-0.9105441570281982,-0.023952752351760864
-0.1447659134864807,0.3748185634613037,-0.23256731033325195
0.7350948452949524,0.1455976665019989,0.43133461475372314
0.3525535762310028,0.6675419807434082,-0.12912890315055847
-0.8187151551246643,0.9046947360038757,-0.16866540908813477
-0.7142594456672668,0.46795016527175903,0.5036426782608032
0.7350948452949524,-0.37532931566238403,0.47477737069129944
-0.21171961724758148,0.5034248232841492,-0.547434389591217
-0.5158189535140991,0.5613484978675842,-0.2447831779718399
0.7232204675674438,-0.33805781602859497,0.7352408170700073
-0.5695467591285706,0.4650540053844452,-0.16866540908813477
-0.12488237023353577,-0.6452018022537231,0.0011569063644856215
0.22232185304164886,-0.6450086832046509,-0.21591788530349731
-0.21171961724758148,0.6675419807434082,0.39179810881614685
-0.739842414855957,-0.7805054783821106,0.3445456027984619
-0.5695467591285706,0.4650540053844452,0.3156127333641052
-0.8187151551246643,0.731116771697998,-0.13970357179641724
0.6650071740150452,0.14473605155944824,-0.25023406744003296
0.13509482145309448,0.06557367742061615,0.214333176612854
0.1065710186958313,-0.44951626658439636,0.2615663409233093
-0.2695467472076416,-0.3213118314743042,-0.487483412027359
-0.8187151551246643,0.20342481136322021,0.6049125790596008
-0.3129895329475403,0.18513420224189758,0.5486747026443481
-0.5187151432037354,0.3442312479019165,-0.23039880394935608
0.09209010004997253,0.3153659403324127,0.5486747026443481
-0.21726703643798828,-0.11746516823768616,0.055120304226875305
0.2827555239200592,0.057760030031204224,-0.550330638885498
0.638072669506073,-0.042557746171951294,-0.24646902084350586
-0.09594948589801788,-0.21994540095329285,-0.5464690327644348
0.7384737133979797,-0.6936199069023132,0.8367038369178772
0.22232185304164886,0.09832591563463211,0.5486747026443481
0.43509483337402344,-0.5527169108390808,-0.40397676825523376
-0.5174601674079895,-0.4470062255859375,0.30973953008651733
-0.43907010555267334,0.46249210834503174,-0.5417386293411255
-0.06700695306062698,-0.3791390061378479,0.48901334404945374
0.3525535762310028,0.09832591563463211,-0.5464690327644348
0.4389563798904419,-0.5816788077354431,0.04454560577869415
-0.04833018779754639,-0.1605289727449417,-0.8502340912818909
-0.32081282138824463,0.37063121795654297,-0.8428970575332642
0.40526413917541504,-0.35017716884613037,0.17477735877037048
0.2531833350658417,0.34165918827056885,-0.8500410318374634
0.07770570367574692,0.6704381108283997,-0.4619004726409912
0.27634894847869873,-0.14864736795425415,-0.819631040096283
0.3345007002353668,0.48546844720840454,-0.550330638885498
0.10526412725448608,0.02984684705734253,0.5036426782608032
0.4081602990627289,-0.04636744409799576,0.044526297599077225
0.4081602990627289,-0.3068309426307678,0.3338744044303894
0.12105194479227066,-0.5961596965789795,0.48901334404945374
-0.19723869860172272,-0.3068309426307678,0.5486747026443481
0.12105194479227066,-0.36465805768966675,-0.48806262016296387
-0.4577987492084503,-0.4138931930065155,-0.12912890315055847
0.39396899938583374,0.1572342962026596,-0.3075338304042816
-0.12489201873540878,-0.133156418800354,-0.5464690327644348
-0.15389247238636017,-0.07532928884029388,-0.4909588396549225
-0.186567485332489,0.3704380989074707,0.13514429330825806
0.729785144329071,0.28218895196914673,0.2525362968444824
-0.4075016677379608,-0.33531007170677185,-0.550330638885498
0.42756474018096924,0.5651135444641113,-0.549365222454071
0.7382806539535522,-0.5778691172599792,0.30113181471824646
0.39561015367507935,-0.46621760725975037,-0.48333221673965454
0.43509483337402344,0.06940268725156784,-0.3171877861022949
0.40526413917541504,-0.21994540095329285,0.21812358498573303
0.43509483337402344,0.5034248232841492,-0.2592640817165375
0.40835338830947876,0.06933511048555374,0.39179810881614685
0.33807265758514404,-0.060858018696308136,-0.4909588396549225
0.13895636796951294,-0.6791390180587769,-0.6605340242385864
0.019801337271928787,-0.3936198949813843,0.48901334404945374
-0.1682768613100052,-0.44951626658439636,0.10237275063991547
0.20793746411800385,0.16505399346351624,-0.11464798450469971
-0.3091605305671692,0.46795016527175903,0.6338744163513184
-0.5187151432037354,0.3876740038394928,0.4496252238750458
-0.5551624298095703,0.9704381227493286,-0.06739550828933716
0.1065710186958313,0.6675419807434082,-0.12912890315055847
-0.5158189535140991,0.30088502168655396,0.07348813861608505
0.4066675901412964,0.311527281999588,-0.7880626320838928
-0.14322128891944885,0.3704380989074707,-0.2844066023826599
-0.21171961724758148,-0.452412486076355,-0.288225919008255
0.12105194479227066,-0.24890725314617157,0.5486747026443481
-0.09594948589801788,0.6675419807434082,0.17477735877037048
-0.3708166778087616,-0.445171982049942,-0.46576201915740967
-0.35633575916290283,-0.07532928884029388,0.48901334404945374
0.4091256856918335,0.5902138352394104,-0.24487970769405365
-0.21171961724758148,-0.24890725314617157,-0.4879661202430725
0.10276131331920624,0.9704381227493286,-0.017187774181365967
-0.5158189535140991,0.3732896149158478,0.21812358498573303
0.1751176416873932,-0.13494601845741272,0.04073593020439148
-0.8187151551246643,0.8757328987121582,0.5615663528442383
-0.03808662295341492,0.6704381108283997,0.36283624172210693
-0.06700695306062698,-0.44951626658439636,-0.11464798450469971
0.03807264566421509,0.9704381227493286,-0.5737450122833252
-0.46827685832977295,-0.3482910394668579,-0.176091730594635
-0.4398424029350281,-0.5671979188919067,-0.4329386055469513
-0.4972386956214905,0.788943886756897,0.2486746907234192
-0.4398424029350281,-0.5961596965789795,0.29052817821502686
-0.6419513821601868,-0.33189618587493896,-0.8464690446853638
-0.22229430079460144,-0.13494601845741272,0.3156127333641052
-0.22239084541797638,0.23915165662765503,-0.8469517827033997
0.5512837171554565,0.4683363437652588,-0.6027069091796875
-0.5187151432037354,0.3153659403324127,-0.158090740442276
0.08417385816574097,0.187064990401268,0.5525363087654114
0.7101876735687256,0.9676384925842285,0.6628362536430359
0.009207338094711304,-0.17284740507602692,0.7890133857727051
-0.5187151432037354,0.4166358411312103,0.522126317024231
0.5191360712051392,0.7278344631195068,-0.850330650806427
-0.3129895329475403,0.16515053808689117,-0.4616108238697052
-0.13018843531608582,0.3710173964500427,0.24635779857635498
-0.19723869860172272,-0.14763733744621277,0.48901334404945374
0.3525535762310028,-0.6483875513076782,0.058978255838155746
0.48805034160614014,0.05447165668010712,-0.2503306269645691
-0.8156259059906006,0.022130906581878662,0.8216437101364136
0.3332456648349762,-0.4569498300552368,0.4769459068775177
-0.1843024045228958,0.00653618760406971,0.5525363087654114
-0.1394115537405014,0.6704381108283997,-0.4763813614845276
0.13509482145309448,0.11663582921028137,-0.2843872904777527
0.6012911200523376,0.09704555571079254,0.8525363206863403
-0.10287497937679291,0.3645491600036621,-0.2439589500427246
0.12105194479227066,-0.6106406450271606,-0.4909588396549225
0.034243639558553696,0.09830661118030548,0.49190953373908997
-0.17962385714054108,0.6725172996520996,-0.850330650806427
-0.03806828334927559,0.12715260684490204,0.48901334404945374
-0.42874035239219666,-0.2344263345003128,0.48901334404945374
0.20793746411800385,-0.26338815689086914,0.48901334404945374
-0.1287403404712677,0.3404476046562195,0.2486746907234192
-0.3814782202243805,0.09453552961349487,0.18901333212852478
-0.3469373881816864,-0.6433228254318237,0.851860523223877
0.14620408415794373,-0.14276571571826935,-0.775222897529602
-0.5159155130386353,0.1854238212108612,0.3338744044303894
0.13799098134040833,-0.2595765292644501,-0.17638134956359863
0.4297851324081421,0.23456241190433502,-0.550330638885498
0.03807264566421509,-0.15241247415542603,0.6338744163513184
0.4479864835739136,-0.45381587743759155,-0.2498478889465332
0.13857021927833557,-0.33757513761520386,-0.6605340242385864
0.4644947052001953,0.4446841776371002,-0.18391141295433044
0.2512836754322052,-0.07532928884029388,-0.48806262016296387
-0.42874035239219666,-0.4496128261089325,-0.519631028175354
0.43509483337402344,0.4745595157146454,-0.4618039131164551
-0.22229430079460144,-0.9445260167121887,0.416853666305542
0.12148997187614441,0.9654181003570557,0.8525363206863403
-0.14998622238636017,0.16007861495018005,0.8515709638595581
-0.2695467472076416,-0.452412486076355,-0.3605339825153351
-0.03423541784286499,-0.9483875632286072,-0.2120792269706726
-0.18647095561027527,-0.1398623287677765,0.8354488015174866
-0.2187151312828064,0.7744629979133606,-0.41464799642562866
0.7389563918113708,0.6153659820556641,0.026254981756210327
0.43509483337402344,0.17065328359603882,0.21822012960910797
0.638072669506073,-0.13204984366893768,0.0985630452632904
-0.3091701567173004,-0.3445259928703308,0.34450700879096985
-0.00911223329603672,-0.1477338820695877,-0.48777300119400024
0.23299306631088257,-0.13494601845741272,-0.3277914226055145
0.06322478502988815,-0.6483875513076782,-0.2738415598869324
0.07760916650295258,0.16843287646770477,-0.14360982179641724
0.2512836754322052,0.6675419807434082,-0.1435132771730423
-0.240681454539299,-0.452412486076355,-0.10016706585884094
-0.28402769565582275,0.6675419807434082,-0.4329386055469513
-0.21581894159317017,0.6876740455627441,-0.26991602778434753
0.638072669506073,0.4650540053844452,0.5470854043960571
-0.2187151312828064,0.319175660610199,-0.4724751114845276
0.3342629671096802,0.36754196882247925,-0.5737450122833252
0.23680275678634644,-0.452412486076355,0.0011337369214743376
0.29974648356437683,-0.10390496999025345,-0.5496548414230347
-0.3129895329475403,0.025990821421146393,0.48901334404945374
0.33807265758514404,-0.2778691053390503,-0.4909588396549225
-0.02363177016377449,0.16795016825199127,-0.4329386055469513
-0.12489201873540878,-0.452412486076355,0.39179810881614685
0.6525535583496094,0.46795016527175903,0.30111056566238403
-0.48656749725341797,0.6675419807434082,0.16029644012451172
-0.11043040454387665,-0.44951626658439636,-0.34614962339401245
-0.14322128891944885,-0.6212153434753418,0.18901333212852478
-0.14998622238636017,-0.6212153434753418,-0.24743437767028809
0.2947264313697815,0.3298468589782715,-0.5464690327644348
0.638072669506073,-0.34838753938674927,-0.48695605993270874
0.3342629671096802,0.36754196882247925,-0.08949583768844604
0.005301107652485371,-0.6483875513076782,0.31939348578453064
-0.3564322888851166,0.6704381108283997,0.36283624172210693
-0.4398424029350281,-0.6106406450271606,-0.288225919008255
0.522321879863739,-0.13494601845741272,0.3300839960575104
0.7084499597549438,0.658808708190918,0.2577083706855774
-0.18275777995586395,-0.48050546646118164,0.49190953373908997
0.323688268661499,-0.5238516926765442,-0.48806262016296387
0.06322478502988815,-0.133156418800354,0.48901334404945374
-0.2530384957790375,0.056099552661180496,0.5525363087654114
-0.47218313813209534,0.6704381108283997,0.3050090968608856
0.36872756481170654,-0.18523342907428741,-0.8491721153259277
0.05255356431007385,0.3704380989074707,-0.10397675633430481
0.7350948452949524,-0.8671979308128357,0.7497217655181885
0.34492695331573486,0.09793010354042053,0.5525363087654114
-0.28402769565582275,-0.509370744228363,-0.4909588396549225
0.3842185139656067,0.44868695735931396,0.5525363087654114
0.40526413917541504,0.08385464549064636,0.05900721624493599
0.5078409314155579,-0.4186755120754242,0.2486746907234192
0.3669379651546478,-0.44951626658439636,-0.3316687047481537
-0.005370110273361206,-0.9483875632286072,-0.16190046072006226
0.22232185304164886,-0.4663141667842865,0.48524829745292664
0.005339725874364376,0.011527279391884804,-0.48806262016296387
-0.10654348134994507,-0.2161453664302826,-0.8464690446853638
0.26576459407806396,-0.3213118314743042,-0.547434389591217
-0.739842414855957,-0.9251216053962708,-0.44351327419281006
0.13741174340248108,0.5280942916870117,0.2468404769897461
-0.7865675091743469,-0.13494601845741272,0.18535202741622925
-0.36701661348342896,0.18132451176643372,0.8486747145652771
0.13799098134040833,-0.3608580231666565,0.17858704924583435
0.7379909753799438,0.13111677765846252,0.7061824798583984
-0.052535686641931534,-0.08971365541219711,-0.48806262016296387
-0.3419513702392578,-0.1765991896390915,0.48901334404945374
-0.5187151432037354,0.3153659403324127,0.3049125671386719
-0.16446715593338013,0.9675419926643372,-0.5159178972244263
0.43509483337402344,-0.509370744228363,0.0011491832556203008
-0.052535686641931534,-0.2344263345003128,-0.48806262016296387
0.3053397238254547,0.4650540053844452,-0.24098314344882965
0.1065710186958313,0.6710174083709717,0.16029644012451172
0.03035670518875122,-0.34838753938674927,-0.38570547103881836
-0.4366565942764282,-0.5528134703636169,-0.027810726314783096
0.4355328679084778,0.4650540053844452,0.11304396390914917
-0.38529759645462036,0.16505399346351624,0.3773171603679657
0.3632248044013977,-0.13494601845741272,-0.3567339777946472
0.13509482145309448,-0.08590397238731384,-0.34225302934646606
-0.26575636863708496,-0.9483875632286072,0.18535202741622925
0.13509482145309448,-0.18040889501571655,0.05521683394908905
0.16449470818042755,0.6675419807434082,-0.08567649126052856
-0.038078900426626205,0.6675419807434082,-0.2592640817165375
-0.3708166778087616,-0.452412486076355,-0.23039880394935608
-0.15389247238636017,-0.20556102693080902,0.49190953373908997
-0.11043040454387665,0.6704381108283997,-0.3316687047481537
0.23680275678634644,-0.6445260047912598,0.31939348578453064
0.40526413917541504,0.35871216654777527,-0.389495849609375
0.13895636796951294,0.731116771697998,0.17096765339374542
-0.5550658702850342,-0.4476373493671417,-0.7880626320838928
-0.2695467472076416,0.30088502168655396,0.5486747026443481
-0.5187151432037354,0.44559767842292786,-0.41845768690109253
0.03428225964307785,-0.36465805768966675,-0.48806262016296387
-0.5551624298095703,-0.34838753938674927,0.31557410955429077
0.4789756238460541,-0.13494601845741272,0.4458155333995819
-0.5406814813613892,0.9704381227493286,0.1420058161020279
0.13553285598754883,0.16795016825199127,0.4496252238750458
-0.3814878761768341,0.9704381227493286,-0.2844066023826599
-0.009150847792625427,0.6704381108283997,0.20364266633987427
0.13509482145309448,-0.27400147914886475,-0.12522265315055847
0.10276131331920624,-0.13494601845741272,0.3011434078216553
-0.4366565942764282,-0.5238516926765442,-0.18695604801177979
0.005339725874364376,-0.20546448230743408,0.48901334404945374
-0.2695467472076416,-0.3356962203979492,0.5486747026443481
-0.3091605305671692,0.46795016527175903,-0.09635734558105469
0.3670344948768616,-0.5238516926765442,0.49190953373908997
-0.43694621324539185,-0.5238516926765442,0.3338744044303894
0.40526413917541504,-0.1765991896390915,0.3773171603679657
0.048734214156866074,-0.6445260047912598,0.3773171603679657
-0.26573705673217773,-0.37532931566238403,0.8486747145652771
0.40526413917541504,0.488943874835968,-0.013339459896087646
-0.1682768613100052,0.16795016825199127,-0.12912890315055847
-0.2151431441307068,0.04423123598098755,-0.7329386472702026
-0.06702626496553421,-0.44951626658439636,-0.2593606412410736
-0.3997785151004791,0.6704381108283997,-0.11464798450469971
0.10276131331920624,-0.13494601845741272,0.4602964520454407
0.2078409194946289,0.6704381108283997,-0.389495849609375
0.048734214156866074,0.6046947240829468,0.5486747026443481
-0.3997785151004791,0.6675419807434082,0.46410617232322693
-0.2802083194255829,0.9675419926643372,0.18535202741622925
-0.22229430079460144,-0.30295366048812866,0.8486747145652771
-0.19723869860172272,-0.6483875513076782,0.20364266633987427
-0.15770217776298523,0.09443898499011993,0.2486746907234192
0.26576459407806396,-0.44951626658439636,-0.4473229944705963
-0.3419513702392578,0.6675419807434082,-0.30270686745643616
0.4644947052001953,-0.15241247415542603,0.01177409291267395
-0.25516238808631897,-0.16211825609207153,0.5515709519386292
-0.5406814813613892,-0.15241247415542603,0.5470854043960571
-0.03423541784286499,0.46795016527175903,0.6628362536430359
-0.19723869860172272,0.16795016825199127,-0.21591788530349731
0.2512836754322052,-0.452412486076355,0.2326045036315918
-0.4537959396839142,-0.06465804576873779,-0.8464690446853638
0.1065710186958313,0.5468676090240479,-0.5464690327644348
0.2512836754322052,-0.5816788077354431,0.48901334404945374
-0.1394115537405014,-0.6483875513076782,-0.3171877861022949
-0.42874035239219666,0.3298468589782715,0.5486747026443481
0.38151541352272034,-0.452412486076355,0.015603072941303253
0.1360602080821991,-0.4350872337818146,-0.24994444847106934
0.23299306631088257,0.4650540053844452,0.18535202741622925
0.14620408415794373,-0.15241247415542603,-0.05291460454463959
-0.19342899322509766,0.9675419926643372,-0.2554640769958496
0.06322478502988815,-0.5672944188117981,-0.4909588396549225
0.40526413917541504,0.37319308519363403,0.14581552147865295
-0.3419513702392578,-0.452412486076355,-0.3316687047481537
-0.3564322888851166,-0.6483875513076782,0.03004537709057331
-0.05252603441476822,-0.133156418800354,-0.5467586517333984
-0.22620053589344025,-0.4569498300552368,-0.47512635588645935
-0.09594948589801788,-0.3213118314743042,-0.5464690327644348
0.03807264566421509,0.9704381227493286,0.793067991733551
-0.28402769565582275,0.6191756725311279,-0.547434389591217
-0.37825021147727966,-0.22930973768234253,0.5525363087654114
-0.2187151312828064,-0.10038489103317261,-0.7039767503738403
0.7389563918113708,0.6298468708992004,-0.2843969464302063
0.17144553363323212,0.2789705693721771,-0.550330638885498
0.2817901372909546,0.16177165508270264,0.5525363087654114
0.030453264713287354,0.7744629979133606,0.2486746907234192
0.10526412725448608,0.2101898193359375,0.5760473012924194
0.13509482145309448,-0.4621182680130005,-0.08949583768844604
0.4086430072784424,0.04044857248663902,0.2904316186904907
-0.303335577249527,0.1572342962026596,0.47704243659973145
0.03428225964307785,0.14468416571617126,-0.4839114248752594
0.06322478502988815,-0.4948897957801819,0.49190953373908997
-0.3080660104751587,-0.08787941932678223,0.5525363087654114
-0.5051030516624451,0.5801737308502197,0.5425927042961121
-0.5011449456214905,0.25744226574897766,-0.48352527618408203
-0.06703591346740723,0.4166358411312103,-0.547434389591217
-0.4398424029350281,-0.48050546646118164,-0.11464798450469971
0.18486453592777252,0.2957684397697449,0.5525363087654114
0.3525535762310028,-0.452412486076355,0.24708540737628937
-0.15654373168945312,-0.11939594149589539,0.5615663528442383
-0.729705810546875,0.9479444026947021,-0.8451175093650818
-0.11043040454387665,-0.5816788077354431,0.4923922121524811
-0.15379592776298523,0.08386430144309998,0.48901334404945374
0.4084499180316925,-0.2778691053390503,0.4640096127986908
0.13857021927833557,-0.15144702792167664,-0.08187642693519592
-0.42874035239219666,-0.14763733744621277,0.4921991527080536
-0.8107989430427551,0.17591829597949982,0.8359315395355225
0.7379909753799438,-0.042557746171951294,0.5326045155525208
0.10526412725448608,-0.4621182680130005,-0.1976272612810135
0.13172315061092377,0.3499717116355896,-0.842800498008728
-0.51070237159729,-0.42576757073402405,-0.17247511446475983
-0.19723869860172272,0.4166358411312103,-0.547434389591217
0.3670344948768616,0.633560061454773,-0.5464690327644348
0.43509483337402344,-0.40810084342956543,0.4207599461078644
