0.9991146326065063,0.21930530667304993,-0.814378023147583
-0.8494823575019836,0.6106637716293335,1.0682752132415771
-0.6817846894264221,-0.06730185449123383,-0.5462338328361511
0.25255846977233887,0.24714331328868866,0.36668074131011963
0.2792198359966278,-0.24386754631996155,0.30933064222335815
-0.28426551818847656,0.2612058222293854,-1.070085883140564
-0.2955920696258545,-0.007703661918640137,0.1852075755596161
-0.36269983649253845,-0.35955312848091125,0.9933708906173706
0.5535151362419128,-0.054100312292575836,0.07775858044624329
-0.8862171173095703,0.4483327269554138,-0.16865086555480957
0.5530368089675903,0.012194335460662842,0.4770761728286743
0.2735087275505066,0.07985026389360428,-0.3646649420261383
-0.26010099053382874,0.06819944083690643,-0.39259859919548035
0.21888500452041626,-0.08873041719198227,0.35147032141685486
-0.5772247314453125,0.2112695872783661,0.00019481778144836426
-0.4575499892234802,0.6121943593025208,0.4770761728286743
0.10705465078353882,0.32378873229026794,-1.0452134609222412
-0.3631303906440735,0.21021729707717896,-0.46243277192115784
-0.06274768710136414,-0.2982425391674042,-1.049901008605957
-0.7996418476104736,-0.3552483022212982,1.0381412506103516
-0.03710991144180298,0.2112695872783661,-0.34199270606040955
-0.0035320993047207594,-0.09877505898475647,-0.28143787384033203
0.8699692487716675,0.5747900009155273,0.42436569929122925
0.26566433906555176,-0.2526111602783203,-0.5291100740432739
0.27867454290390015,-0.08873041719198227,-0.08475419133901596
0.29828548431396484,-0.6077992916107178,0.7903734445571899
-0.2218356728553772,-0.24527379870414734,0.1456029713153839
0.8202242851257324,-0.26433947682380676,0.6714639663696289
0.544522762298584,0.2321241796016693,0.3867700695991516
0.15364263951778412,0.41440099477767944,0.7688491940498352
0.20845770835876465,-0.11838603764772415,-0.5684276819229126
-0.3032240867614746,-0.22410732507705688,-0.8009851574897766
-0.6085066199302673,0.4306924343109131,0.42484405636787415
-0.5335066318511963,0.07400237023830414,-0.3367312252521515
0.8863276243209839,-0.6068426966667175,-0.30879759788513184
-0.28631269931793213,-0.6100952625274658,-0.9123371839523315
-0.3061150312423706,-0.11848170310258865,0.5621208548545837
-0.3121035397052765,-0.3987750709056854,-0.07681411504745483
0.01292198896408081,0.3431892395019531,-0.15382306277751923
-0.20777320861816406,0.2015119194984436,0.4633007049560547
-0.4226329028606415,-0.11369854211807251,-0.5248052477836609
-0.34495431184768677,0.14404700696468353,0.6993019580841064
0.047523390501737595,0.16756103932857513,0.7321144938468933
0.5014743208885193,0.07630402594804764,-0.4796522259712219
-0.16749894618988037,-0.11829037219285965,-0.5337018966674805
0.09032313525676727,0.05046920105814934,0.5140022039413452
-0.48864054679870605,-0.23056556284427643,-0.46893787384033203
0.3984449803829193,0.11945199221372604,0.7002586126327515
0.41547301411628723,-0.22613349556922913,-0.4775475561618805
0.9224883913993835,0.1448792815208435,-0.4420565068721771
-0.6798714399337769,0.2112695872783661,-0.5644098520278931
0.4240827262401581,-0.08873041719198227,-0.3413230776786804
0.43317073583602905,-0.11867303401231766,-0.5660361051559448
-0.4994505047798157,0.05655338987708092,-0.09326822310686111
-0.10340455174446106,0.10494943708181381,0.22969098389148712
0.3215316832065582,0.04287353903055191,0.5053925514221191
-0.34179744124412537,0.14054574072360992,0.34429559111595154
-0.09766475856304169,-0.08873041719198227,0.4198695719242096
-0.7819441556930542,-0.20958182215690613,-0.2441292405128479
-0.1487489491701126,0.04868030175566673,-0.6662912368774414
0.5785788893699646,-0.21983405947685242,-0.2739761471748352
0.15899980068206787,-0.08873041719198227,0.094863161444664
0.13393601775169373,-0.3887304365634918,-0.22224143147468567
-0.5231750011444092,-0.12737837433815002,0.5482496619224548
0.0728071928024292,-0.23146001994609833,-0.4703728258609772
-0.2546481490135193,-0.3480735421180725,-0.41699278354644775
0.5101796388626099,0.29355913400650024,-1.0469353199005127
0.16148704290390015,0.18333591520786285,0.18348565697669983
-0.2560831308364868,0.4351120591163635,0.37729936838150024
0.07327593863010406,0.051138848066329956,0.31731855869293213
0.6854348182678223,-0.08863475173711777,-0.31941619515419006
-0.07260097563266754,0.2112695872783661,0.027076154947280884
0.14120644330978394,-0.3887304365634918,0.5316999554634094
-0.41191864013671875,0.22963693737983704,-0.6484978199005127
0.20233525335788727,-0.3887304365634918,-0.40187790989875793
-0.27997025847435,0.1819009780883789,-0.2915782332420349
-0.14042624831199646,0.13512162864208221,0.7120251655578613
-0.06284332275390625,0.609228789806366,1.0883644819259644
-0.36404868960380554,-0.22748041152954102,-0.6242949962615967
-0.1917017698287964,-0.08873041719198227,-0.2644098103046417
-0.49112778902053833,-0.09877505898475647,0.35147032141685486
-0.5430729389190674,0.28493988513946533,0.399397611618042
0.8595418930053711,0.30590927600860596,-0.935870349407196
0.08198129385709763,-0.08873041719198227,-0.09326822310686111
0.13058780133724213,-0.11867303401231766,0.5538938045501709
0.450390100479126,-0.0897827222943306,-0.14463938772678375
-0.35423365235328674,0.056792546063661575,0.5054881572723389
-0.3066890239715576,0.0875387191772461,-0.5710106492042542
0.4240827262401581,0.043763209134340286,0.009340206161141396
-0.526714563369751,0.05316690728068352,0.2659473717212677
-0.5145652890205383,-0.09734011441469193,-0.37557053565979004
-0.20777320861816406,0.2015119194984436,-0.316316694021225
-0.6285959482192993,0.2112695872783661,-0.16233709454536438
0.2102753072977066,0.12512481212615967,0.7072420120239258
0.09886586666107178,0.04997175559401512,-0.3670565187931061
-0.18385735154151917,0.36300110816955566,-0.9237210750579834
-0.0982387363910675,-0.25497403740882874,-0.3163453936576843
0.6556835174560547,0.3438301682472229,0.008708834648132324
-0.054137974977493286,0.3672552704811096,0.10322412848472595
0.6070865392684937,0.1813269853591919,0.8422228693962097
0.43269240856170654,0.07885058224201202,-0.32448631525039673
-0.49170178174972534,0.3574334979057312,-0.29065024852752686
0.7241784334182739,0.014872938394546509,1.0848249197006226
-0.3029581606388092,-0.08873041719198227,-0.4183320105075836
-0.2515869736671448,-0.08873041719198227,-0.6749008893966675
0.2964679002761841,-0.3987750709056854,-0.24787919223308563
0.2000393271446228,-0.25941282510757446,0.23112595081329346
0.07342900335788727,-0.08873041719198227,-0.4439697563648224
0.09909546375274658,-0.006536537781357765,0.6995889544487
-0.14894026517868042,-0.11532481759786606,0.5706349015235901
-0.2949884235858917,0.6121943593025208,1.0770761966705322
0.2701604962348938,-0.08873041719198227,-0.4269416928291321
-0.24374257028102875,-0.2475505769252777,0.4461769461631775
0.5772396326065063,-0.17568834125995636,0.5729307532310486
0.3214360177516937,-0.08873041719198227,-0.6749008893966675
0.5410789251327515,-0.07198935002088547,-0.45257943868637085
0.6992102861404419,-0.3544829785823822,0.39576244354248047
0.37280720472335815,-0.08873041719198227,0.06920628249645233
0.05638181045651436,-0.08873041719198227,0.4198695719242096
0.2539933919906616,0.31505468487739563,0.5203160047531128
-0.45554107427597046,0.11382699012756348,0.04102388024330139
0.13403166830539703,-0.21320746839046478,-0.21275168657302856
0.9123480319976807,0.33706679940223694,-0.07403990626335144
-0.5766507387161255,-0.17568834125995636,-0.5283448100090027
-0.13669538497924805,0.47060316801071167,0.5294996500015259
0.24528807401657104,0.43737930059432983,0.36821138858795166
-0.3319441080093384,-0.22927507758140564,-0.2134212851524353
0.5678645968437195,-0.15416409075260162,-0.6217121481895447
-0.5219314098358154,-0.09016536176204681,-0.2130386233329773
-0.037903908640146255,0.05557762458920479,0.591011106967926
0.5570546388626099,-0.02348806895315647,-0.06764958798885345
-0.4062744677066803,0.07075173407793045,-0.41976696252822876
-0.03710991144180298,-0.24272915720939636,0.27510231733322144
0.5102753043174744,0.3448633551597595,-0.034052640199661255
0.5701605081558228,-0.3887304365634918,-0.08542381227016449
-0.854456901550293,0.31741756200790405,0.29101109504699707
-0.3293612003326416,-0.22614210844039917,-0.478025883436203
-0.07200786471366882,0.056467290967702866,0.3600800335407257
-0.3457196354866028,-0.08873041719198227,0.42847925424575806
0.8288339972496033,0.22705402970314026,-0.44961392879486084
-0.8865997195243835,-0.24690963327884674,0.0949970930814743
-0.20882548391819,0.05696474015712738,0.5824014544487
0.37280720472335815,-0.08873041719198227,0.377108097076416
-0.10904868692159653,-0.08442556858062744,-0.6919289827346802
0.11566436290740967,-0.2253299057483673,-0.3141547441482544
-0.08053146302700043,-0.08873041719198227,-0.4269416928291321
-0.557039737701416,0.0018148674862459302,0.06920628249645233
-0.0982387363910675,0.3450259864330292,0.1284792423248291
0.3642931878566742,0.043667543679475784,-0.46960753202438354
0.176219180226326,0.04521729052066803,-0.48673126101493835
-0.3798713982105255,0.010300197638571262,0.6987279653549194
-0.4662553369998932,0.1950068473815918,0.7633963823318481
0.11805590987205505,0.43804895877838135,0.6369295120239258
0.2530367970466614,0.043390121310949326,-0.2301623374223709
-0.4141188859939575,-0.08873041719198227,-0.6578728556632996
-0.31525087356567383,0.1815183162689209,0.2621208429336548
0.022775262594223022,0.2112695872783661,-0.4617631435394287
0.03980332612991333,-0.07055439054965973,1.0543084144592285
0.5333301424980164,-0.0833732858300209,-0.24728608131408691
0.5312255620956421,-0.0898783802986145,0.33434662222862244
0.44972047209739685,0.04285440593957901,0.14617694914340973
-0.5566571354866028,-0.04051613435149193,-0.5722542405128479
0.12475235015153885,0.26426705718040466,0.7699971199035645
-0.14042624831199646,-0.08873041719198227,0.22318589687347412
0.10198449343442917,-0.08863475173711777,-0.6860935688018799
-0.9568166136741638,0.34730276465415955,-0.014346003532409668
-0.6131941080093384,-0.032671742141246796,-0.4252197742462158
0.33865541219711304,0.22609740495681763,0.7363236546516418
-0.16673363745212555,-0.3887304365634918,0.5573376417160034
0.27877020835876465,0.04452851414680481,0.6251628994941711
0.9180878400802612,0.33877915143966675,-0.22939711809158325
-0.17113417387008667,-0.24664177000522614,-0.36361265182495117
-0.2687107026576996,0.057395223528146744,0.4029371738433838
0.47583654522895813,0.1948155164718628,0.7635876536369324
-0.0035483622923493385,0.053769588470458984,-0.6580641865730286
0.41623833775520325,0.2112695872783661,0.08696138858795166
-0.030623940750956535,0.07038629800081253,0.7142254114151001
0.47583654522895813,-0.09867939352989197,-0.00776438694447279
-0.3969951272010803,-0.08873041719198227,0.24030961096286774
-0.12320683896541595,-0.2546296715736389,-0.19569487869739532
-0.07207483053207397,0.057117801159620285,0.12052005529403687
0.03855973482131958,-0.3887304365634918,-0.5216483473777771
-0.2259492129087448,-0.10040133446455002,0.47181475162506104
-0.4141188859939575,-0.08873041719198227,-0.1361253708600998
0.10801126062870026,0.41118669509887695,-0.15344040095806122
-0.41402319073677063,-0.08471256494522095,0.6025863885879517
-0.5429772734642029,0.31022366881370544,-1.051048994064331
0.7783238291740417,0.330035537481308,0.4270443320274353
0.5560980439186096,-0.040324803441762924,0.46272674202919006
0.5805878639221191,-0.21978910267353058,-0.5227963328361511
-0.2887043356895447,-0.11819470673799515,-0.5331279635429382
-0.2556048035621643,0.07774566859006882,-0.2673753798007965
0.3215316832065582,0.04287353903055191,-0.06763046234846115
-0.5723459124565125,-0.1518012136220932,-0.04888045787811279
-0.4141188859939575,-0.08873041719198227,0.05209212005138397
-0.038353532552719116,-0.3887304365634918,-0.2650115191936493
-0.4226329028606415,0.057433489710092545,0.31731855869293213
0.31856614351272583,-0.11829037219285965,-0.5327453017234802
-0.7534364461898804,-0.21259522438049316,-0.5526432394981384
-0.8897566199302673,-0.5296424627304077,0.8703479170799255
-0.43124258518218994,0.056744713336229324,0.5909155011177063
0.7839679718017578,0.36571794748306274,0.1579435169696808
-0.5352285504341125,0.04633655399084091,-0.45257943868637085
-0.49170178174972534,-0.3887304365634918,0.2665596008300781
-0.1917017698287964,-0.08873041719198227,-0.4012082815170288
0.039181552827358246,0.053119074553251266,-0.2644098103046417
0.4241783916950226,0.04360058158636093,0.42847925424575806
0.3903518617153168,-0.24953080713748932,0.3178858160972595
0.38993093371391296,0.043342288583517075,0.6166489124298096
-0.07196003198623657,0.22026194632053375,0.7337407469749451
-0.35404232144355774,0.08905976265668869,-0.3231470584869385
0.23591306805610657,-0.08863475173711777,0.46243971586227417
0.039171986281871796,0.053119074553251266,-0.09326822310686111
-0.19256271421909332,-0.25841793417930603,-0.4319162368774414
-0.3121035397052765,-0.3987750709056854,-0.47027716040611267
-0.08043579757213593,0.0711793452501297,-0.5800986289978027
-0.44052189588546753,0.3264003396034241,0.39719730615615845
0.9187574982643127,-0.4290046691894531,-0.6964251399040222
0.4689487814903259,-0.09753144532442093,0.5911067724227905
0.14187607169151306,-0.08873041719198227,-0.35844680666923523
0.6088085174560547,-0.03448934480547905,-0.17056414484977722
0.5957982540130615,-0.2579396069049835,-0.40044301748275757
-0.5575181245803833,-0.006641767919063568,0.35147032141685486
0.16703550517559052,0.045762572437524796,0.591011106967926
-0.49112778902053833,0.061231326311826706,0.7222611904144287
0.4241783916950226,-0.0764855295419693,-0.7089570164680481
0.23659226298332214,-0.2689695954322815,-0.4449264407157898
-0.1486532837152481,0.07370007783174515,-0.3912593126296997
-0.44827064871788025,-0.10891536623239517,0.4731540083885193
0.3390285074710846,0.20715607702732086,0.376534104347229
-0.8934875130653381,0.3465087413787842,-0.9238167405128479
-0.511121392250061,0.07124821841716766,0.16110041737556458
-0.15965458750724792,-0.3408988118171692,-1.0682682991027832
0.46933144330978394,-0.22351135313510895,0.009474128484725952
0.06487670540809631,-0.08873041719198227,0.14617694914340973
-0.5569441318511963,-0.04051613435149193,0.47975480556488037
-0.952320396900177,-0.34319472312927246,0.04199966788291931
-0.03815263509750366,-0.09035669267177582,0.33147671818733215
-0.32783058285713196,-0.0761985331773758,0.6662980914115906
-0.31147217750549316,0.056495990604162216,0.6080392003059387
-0.04641794040799141,0.056467290967702866,0.46272674202919006
0.291206419467926,0.3622836172580719,-0.04792383313179016
0.8175457119941711,0.3310686945915222,-1.0390911102294922
-0.8576138019561768,0.27641627192497253,0.17267566919326782
0.05692708492279053,0.2112695872783661,0.4975481331348419
0.14245004951953888,0.2112695872783661,0.634346604347229
-0.08063669502735138,0.05696474015712738,-0.0761444941163063
0.03865540027618408,-0.21531397104263306,0.026884853839874268
0.4689487814903259,-0.09762711077928543,0.12053918838500977
0.3813212215900421,-0.08873041719198227,-0.05054499953985214
-0.14894026517868042,0.057433489710092545,-0.2644098103046417
-0.24307292699813843,0.12376640737056732,0.6948057413101196
-0.3629390299320221,0.048728134483098984,-0.6490718722343445
0.6143569946289062,-0.05543960630893707,-0.5732108354568481
0.4412064552307129,0.04326576367020607,0.2488236278295517
0.21888500452041626,-0.08873041719198227,-0.17027714848518372
0.6214359998703003,0.2112695872783661,-0.032809048891067505
0.3044079542160034,0.043667543679475784,0.04357809200882912
-0.14960990846157074,0.2112695872783661,-0.3163358271121979
0.5260597467422485,0.03372813016176224,0.017897285521030426
-0.5577094554901123,-0.023583732545375824,-0.31568533182144165
0.20176127552986145,0.04502596706151962,-0.11900163441896439
-0.4226329028606415,0.057433489710092545,0.4198695719242096
0.20463117957115173,-0.08863475173711777,-0.6860935688018799
-0.5193484425544739,-0.09466154128313065,0.6451565623283386
0.2616465091705322,-0.4414408802986145,0.7760239243507385
-0.5322630405426025,-0.13503144681453705,-0.6102325916290283
0.9437255859375,0.15588055551052094,-0.5407810211181641
-0.10579612851142883,-0.14222531020641327,0.4231221079826355
-0.5309236645698547,-0.07859010994434357,0.2594422698020935
-0.5193484425544739,-0.09466154128313065,-0.4753473103046417
-0.5772247314453125,0.2112695872783661,-0.015685319900512695
0.38993093371391296,-0.08873041719198227,-0.46970319747924805
0.15039010345935822,-0.07734649628400803,0.6419996619224548
0.10456740111112595,-0.11829037219285965,-0.5333192944526672
-0.05861501023173332,-0.11809904128313065,-0.5324583053588867
0.6172268390655518,-0.022914092987775803,-0.2744544744491577
0.8262510895729065,0.38188982009887695,-0.6594991087913513
0.2699691951274872,0.0707613006234169,-0.47027716040611267
-0.3890933394432068,0.2112695872783661,-0.16233709454536438
-0.27722474932670593,0.057433489710092545,-0.10187790542840958
0.3134270906448364,-0.21885064244270325,-0.10159093141555786
-0.32840457558631897,0.07501161843538284,-0.47726061940193176
-0.5601966977119446,0.2112695872783661,0.3349885046482086
-0.4660640060901642,0.2112695872783661,0.12972286343574524
0.5536107420921326,-0.054100312292575836,-0.35844680666923523
0.5309385657310486,-0.1302482783794403,-0.5357109308242798
0.21878933906555176,0.04432762414216995,-0.6407491564750671
-0.39766478538513184,-0.3887304365634918,0.001438438892364502
-0.30353212356567383,-0.3987750709056854,0.24947413802146912
0.20176127552986145,0.22026194632053375,0.7337407469749451
0.0477338507771492,0.0526503287255764,0.6336769461631775
-0.20099064707756042,0.383001446723938,-0.22882312536239624
-0.4226329028606415,-0.08873041719198227,-0.3499327600002289
0.5188850164413452,-0.2734561860561371,0.39748436212539673
0.37290287017822266,-0.08413858711719513,0.6022994518280029
-0.5545525550842285,0.01736014522612095,-0.024878544732928276
0.5364870429039001,-0.07734649628400803,0.24030961096286774
-0.8575181365013123,-0.3066417872905731,-0.11106158792972565
0.5171630382537842,0.03786078467965126,0.6412343382835388
0.22959929704666138,0.3701079189777374,-0.8734979033470154
-0.12330251932144165,0.056400325149297714,0.539639949798584
-0.2601966857910156,0.057117801159620285,0.4968785047531128
0.07330464571714401,0.051464103162288666,0.41135555505752563
-0.2436182051897049,0.2112695872783661,0.6258325576782227
0.5397396087646484,0.029691141098737717,0.11767886579036713
-0.40550917387008667,0.057433489710092545,-0.11900163441896439
-0.225375235080719,0.06957411766052246,-0.6129111647605896
-0.3628433346748352,0.22361016273498535,0.751725435256958
0.21946854889392853,0.2112695872783661,-0.2992216646671295
-0.27779871225357056,-0.47348809242248535,0.7889384627342224
0.6254538893699646,-0.13847532868385315,-0.5224136710166931
-0.28645622730255127,-0.31524190306663513,0.43460172414779663
0.4412064552307129,0.043428387492895126,-0.40981799364089966
-0.2259492129087448,-0.07763347774744034,0.6335813403129578
0.28795385360717773,0.028457075357437134,0.2745569944381714
-0.09546449780464172,0.35411399602890015,-0.8369545340538025
-0.4397566318511963,0.13744625449180603,0.6965277194976807
0.14187607169151306,-0.08873041719198227,0.4541170299053192
-0.3798713982105255,-0.08873041719198227,0.3429563045501709
-0.01970875822007656,-0.09810542315244675,-0.6749008893966675
0.4414934515953064,0.3470253348350525,-0.11106158792972565
0.1932472437620163,0.0912313237786293,-0.40924400091171265
0.754886269569397,0.3794609308242798,0.06428919732570648
0.21888500452041626,-0.08863475173711777,0.582592785358429
0.48396793007850647,-0.09179165214300156,0.7119295597076416
-0.012715756893157959,0.34287354350090027,0.0685940682888031
-0.02065582387149334,-0.10719343274831772,0.47219738364219666
0.15105974674224854,-0.2980033755302429,-0.4521968364715576
-0.29654866456985474,0.036110132932662964,-0.8316929936408997
-0.2226009964942932,-0.2614695727825165,-0.43622106313705444
-0.2928178310394287,0.09903744608163834,0.04199964553117752
-0.8547438979148865,-0.3150314390659332,0.9747165441513062
0.35568347573280334,-0.08873041719198227,0.1889384239912033
0.04797300696372986,-0.089974045753479,-0.35844680666923523
0.5542804002761841,0.015092928893864155,-0.4383256435394287
0.35568347573280334,0.02651512250304222,0.6972930431365967
-0.5457515120506287,0.21720072627067566,0.7303925156593323
0.549210250377655,-0.06347531825304031,0.5738874077796936
-0.24307292699813843,-0.08873041719198227,0.3857177793979645
-0.33146581053733826,-0.09399190545082092,-0.6269736289978027
-0.24345558881759644,-0.19586370885372162,0.3681061565876007
-0.07183567434549332,0.07106837630271912,-0.4344991147518158
0.1332663744688034,0.16800108551979065,0.7101119160652161
0.31292200088500977,-0.08873041719198227,0.29158514738082886
0.039133697748184204,-0.15240389108657837,0.07768207788467407
-0.59721839427948,0.24111652374267578,-0.44320452213287354
-0.2860257625579834,0.07657571136951447,-0.32276445627212524
-0.05547724664211273,0.2112695872783661,0.4205200672149658
-0.38848111033439636,-0.08873041719198227,-0.4354557394981384
0.21878933906555176,0.044050201773643494,0.5140022039413452
-0.05432930588722229,0.47817009687423706,-0.043044984340667725
0.4577561914920807,-0.09217429906129837,0.399971604347229
-0.13545174896717072,-0.2547062039375305,0.04008638858795166
0.6295673847198486,-0.06577122956514359,-0.4641547203063965
-0.46529871225357056,-0.35955312848091125,0.9933708906173706
-0.18318773806095123,-0.10862839221954346,-0.6248690485954285
0.05869686231017113,-0.11819470673799515,0.5052011609077454
-0.7002477049827576,-0.0664408877491951,-0.4616674780845642
-0.5139913558959961,0.15368030965328217,0.18721649050712585
-0.27722474932670593,0.3121943473815918,0.7770761847496033
0.2273990362882614,0.04452851414680481,0.18042440712451935
0.31292200088500977,0.129984512925148,0.6946144700050354
-0.44836631417274475,0.3121943473815918,0.7770761847496033
-0.8145653009414673,0.20265990495681763,-0.40187790989875793
-0.21456527709960938,0.20265990495681763,0.3777681589126587
-0.2693420648574829,-0.22897756099700928,-0.27952462434768677
-0.21801871061325073,-0.3887304365634918,-0.2650115191936493
0.14254571497440338,0.5202619433403015,0.4337407350540161
-0.35423365235328674,0.05727086216211319,0.36859408020973206
-0.10617878288030624,0.05695517361164093,0.00931150745600462
-0.4235895276069641,0.07430370897054672,-0.0273275263607502
-0.44884464144706726,0.07590798288583755,-0.3433320224285126
0.4753582179546356,0.042691778391599655,-0.6663869023323059
0.43269240856170654,-0.08873041719198227,0.3172228932380676
1.03364896774292,0.14277468621730804,-0.8037593364715576
-0.24307292699813843,0.05318604037165642,-0.5038549900054932
0.6043123006820679,-0.3405161499977112,-1.0419609546661377
-0.2267240732908249,-0.24921512603759766,-0.1525794267654419
-0.5091124773025513,0.07447399199008942,-0.18070444464683533
0.5066401362419128,0.309420108795166,0.7717190980911255
0.27867454290390015,0.06317328661680222,-0.1463613212108612
0.5288339853286743,-0.09437454491853714,-0.10187790542840958
-0.39115965366363525,-0.28802570700645447,-0.21896976232528687
0.005002020858228207,0.22399280965328217,0.7765978574752808
0.0357854962348938,0.6126726865768433,1.0875035524368286
0.347169429063797,-0.10040133446455002,0.47181475162506104
-0.15745429694652557,0.057117801159620285,0.09487274289131165
0.357214093208313,-0.11723807454109192,-0.6053537726402283
0.5364870429039001,-0.07725083082914352,-0.5979876518249512
0.05568346381187439,0.382277250289917,-0.8465208411216736
-0.07990965247154236,-0.08461689949035645,0.6020123958587646
-0.49112778902053833,-0.09877505898475647,-0.6835106015205383
-0.593104898929596,0.033718567341566086,-0.37547487020492554
0.640760064125061,-0.04893449321389198,-0.374996542930603
0.1931515783071518,-0.08873041719198227,-0.09326822310686111
0.29579827189445496,-0.08873041719198227,0.4027458429336548
0.35568347573280334,-0.08873041719198227,-0.12751567363739014
0.48377662897109985,0.04194561019539833,-0.05054499953985214
0.47669750452041626,-0.2546296715736389,-0.8717759847640991
0.5722651481628418,-0.21988476812839508,0.5054881572723389
0.32220134139060974,-0.0761985331773758,0.6662980914115906
-0.37135738134384155,0.11041180789470673,0.027128791436553
0.06520196050405502,-0.08873041719198227,0.5898631811141968
-0.5426902770996094,0.03808080777525902,-0.5466164946556091
-0.4993548095226288,0.056400325149297714,0.5225162506103516
-0.20882548391819,0.05707953870296478,-0.33242639899253845
-0.4995461702346802,0.056438595056533813,0.633772611618042
0.47583654522895813,-0.09867939352989197,-0.4012082815170288
0.005651563405990601,0.344576358795166,-1.0006344318389893
-0.0035320993047207594,-0.09877505898475647,-0.478217214345932
0.14120644330978394,-0.21662360429763794,-0.23925036191940308
0.25628936290740967,0.25957953929901123,0.4633007049560547
0.33855974674224854,0.06926034390926361,-0.6325221061706543
-0.4825180768966675,-0.09877505898475647,-0.28143787384033203
-0.46577703952789307,0.11052660644054413,0.2721654772758484
-0.4311469495296478,-0.08873041719198227,0.14617694914340973
-0.03704294562339783,0.15564140677452087,0.7044677734375
-0.4403305947780609,-0.0695977658033371,0.6880136728286743
-0.576937735080719,-0.23302793502807617,-0.48022615909576416
0.2102753072977066,-0.08873041719198227,-0.4953409731388092
0.3300457298755646,0.04287353903055191,0.22318589687347412
-0.17457804083824158,0.05695517361164093,-0.06764958798885345
-0.20031145215034485,0.056792546063661575,0.44560298323631287
0.18463754653930664,-0.08873041719198227,0.19754812121391296
0.41614267230033875,-0.3402291536331177,-1.0466485023498535
0.6471694707870483,-0.256169855594635,-0.0926942229270935
0.5260597467422485,0.03372813016176224,0.29158514738082886
0.8534194827079773,0.3288206160068512,0.16272670030593872
0.5570546388626099,-0.023583732545375824,-0.512464702129364
-0.06353209912776947,0.05695517361164093,-0.24728608131408691
-0.6256303787231445,0.007401598617434502,-0.5619226098060608
-0.21733951568603516,0.05516627058386803,0.6667764782905579
0.8795355558395386,0.3570125699043274,-0.005736351013183594
-0.08053146302700043,0.2912440896034241,0.7657879590988159
0.49028170108795166,0.3874334990978241,0.0849524587392807
0.4578518569469452,-0.09207863360643387,-0.6352006793022156
-0.029839515686035156,0.4830489456653595,0.4333580732345581
-0.12923364341259003,0.09923834353685379,0.39097926020622253
0.4639742970466614,-0.09542685002088547,-0.4924710690975189
-0.2934874892234802,-0.607129693031311,0.26709532737731934
-0.07196960598230362,-0.11494215577840805,-0.6200858950614929
0.11422938853502274,-0.11723807454109192,-0.6102325916290283
0.36470451951026917,0.35132062435150146,-0.07681411504745483
0.14187607169151306,-0.08873041719198227,0.3599843680858612
0.15039010345935822,-0.08873041719198227,-0.4354557394981384
-0.2687107026576996,-0.08873041719198227,-0.23877203464508057
-0.10617878288030624,-0.08873041719198227,-0.22164832055568695
-0.5349416136741638,0.047063592821359634,-0.2643141448497772
-0.5344632863998413,-0.3887304365634918,-0.7867312431335449
0.5518888235092163,-0.05926613137125969,0.0007783445762470365
0.3305431604385376,-0.25985288619995117,-0.4378473162651062
0.2962765693664551,-0.530407726764679,-0.30592769384384155
-0.6373012661933899,-0.07820746302604675,-0.3679174780845642
0.19391688704490662,0.3737000823020935,-0.4718077778816223
0.3984449803829193,0.04285440593957901,0.5053925514221191
0.41556867957115173,-0.08873041719198227,-0.2130386233329773
-0.4489402770996094,0.19108465313911438,0.7731540203094482
0.15039010345935822,-0.08873041719198227,-0.28153350949287415
-0.3457196354866028,-0.08873041719198227,-0.19591490924358368
0.35568347573280334,-0.08873041719198227,-0.4012082815170288
-0.23446324467658997,-0.08873041719198227,0.11196776479482651
0.4583301544189453,0.043074432760477066,0.3258325755596161
-0.5265231728553772,-0.08375593274831772,0.4170953333377838
-0.765203058719635,-0.22901485860347748,-0.7690335512161255
-0.9128114581108093,-0.31327125430107117,0.12101750075817108
0.5559067130088806,-0.040324803441762924,0.3857177793979645
-0.5158088803291321,0.05489841103553772,0.3600800335407257
-0.7482706308364868,0.20801705121994019,0.2323504239320755
-0.3858025372028351,-0.11867303401231766,0.5423185229301453
0.5448097586631775,0.2116522490978241,0.6939448118209839
-0.7912234663963318,-0.24324572086334229,0.3092254102230072
0.04129570722579956,-0.09255696088075638,-0.22164832055568695
0.039860762655735016,0.09347940981388092,0.7151820659637451
-0.2059555947780609,-0.05381333455443382,-0.7455961108207703
0.8397396206855774,0.32983464002609253,0.7427331209182739
0.2530367970466614,-0.09915772080421448,-0.6242950558662415
0.18004575371742249,0.44853365421295166,0.40131086111068726
-0.17409972846508026,0.12336461991071701,0.24107491970062256
-0.1556367129087448,0.07217902690172195,-0.5888996720314026
-0.6856112480163574,0.23298515379428864,-0.4360297918319702
-0.2186788022518158,-0.11867303401231766,0.5469104051589966
-0.11431017518043518,0.34745582938194275,-1.0238804817199707
0.2230941653251648,-0.3348720073699951,0.43747156858444214
0.3300457298755646,0.04350491613149643,0.42847925424575806
0.12456101924180984,0.0492829792201519,0.6509920358657837
-0.501746416091919,-0.11905567348003387,-0.5453728437423706
0.6677370667457581,-0.14823298156261444,-0.46319812536239624
-0.08060799539089203,0.05591244250535965,0.6506093740463257
-0.20088542997837067,0.13236653804779053,0.4169996678829193
-0.5573267936706543,-0.03209776431322098,-0.478217214345932
-0.16606399416923523,-0.08873041719198227,-0.33280906081199646
0.4583301544189453,0.043409254401922226,0.591011106967926
0.45000746846199036,0.34604957699775696,-0.36764001846313477
0.29619812965393066,0.355415016412735,0.08571776747703552
-0.027447909116744995,0.45627278089523315,-0.10704371333122253
0.01915922947227955,0.05356869846582413,0.4940086007118225
0.21888500452041626,-0.08873041719198227,-0.37557053565979004
-0.5516826510429382,-0.060701075941324234,0.5510239005088806
-0.48137015104293823,0.1479596495628357,0.12273944914340973
-0.4407132565975189,-0.0897827222943306,0.3001948297023773
-0.5915742516517639,-0.08547787368297577,-0.14253480732440948
-0.2607801854610443,-0.24689050018787384,-0.4703728258609772
-0.29147857427597046,0.03787991777062416,0.6932751536369324
0.10762862861156464,0.07702437043190002,-0.24900802969932556
-0.2089211493730545,0.07570517808198929,-0.444926381111145
-0.05489370599389076,-0.04013347998261452,-0.74760502576828
-0.4401392638683319,0.06564139574766159,-0.5968397259712219
-0.060011692345142365,0.087749183177948,0.29522034525871277
0.5306515693664551,-0.13063092529773712,0.5425098538398743
-0.3313796818256378,-0.39322662353515625,-0.6470628976821899
0.3984449803829193,0.04317966103553772,-0.27292385697364807
0.8552371263504028,-0.3403248190879822,-0.3918333053588867
0.2273990362882614,0.04357188194990158,-0.3242950141429901
0.21946854889392853,-0.3887304365634918,-0.025538623332977295
-0.5144696235656738,0.13249090313911438,0.7346973419189453
0.06488627940416336,0.2388206273317337,0.7420634627342224
-0.012237456627190113,0.0559602752327919,0.16330067813396454
0.4070546627044678,0.2120349109172821,0.7464639544487
-0.3457196354866028,-0.08873041719198227,-0.11900163441896439
-0.14894026517868042,0.05654382333159447,0.6335813403129578
-0.5408727526664734,-0.07218068093061447,-0.6414188146591187
-0.08050277084112167,0.05219114199280739,-0.6494544744491577
0.41556867957115173,0.04348578676581383,-0.06766873598098755
0.49994367361068726,0.040376726537942886,-0.27292385697364807
0.32621920108795166,-0.2458190768957138,0.3827139437198639
-0.5397247672080994,-0.11522915214300156,0.48128536343574524
0.7840635776519775,0.27641627192497253,-1.070659875869751
-0.37747982144355774,-0.11838603764772415,-0.5803856253623962
-0.21657420694828033,0.04562864080071449,-0.6825540065765381
-0.5569441318511963,-0.04051613435149193,-0.24728608131408691
0.22797304391860962,0.3941681981086731,0.4197738766670227
0.29589393734931946,-0.08471256494522095,0.6025863885879517
-0.49533697962760925,0.059796374291181564,-0.3973817527294159
0.4414934515953064,0.34686270356178284,0.16263103485107422
-0.4394696354866028,0.06777564436197281,-0.18768785893917084
0.013591625727713108,0.0763528123497963,-0.3243906795978546
-0.8577094674110413,-0.31510797142982483,-0.034052640199661255
0.8891018629074097,0.01162034273147583,-0.8225093483924866
-0.2648841440677643,-0.394661545753479,-1.0168014764785767
-0.5601966977119446,0.2112695872783661,0.25800731778144836
0.0996885597705841,0.2112695872783661,0.18960806727409363
0.43269240856170654,0.043045733124017715,0.07776814699172974
0.39884674549102783,-0.25065964460372925,0.38632044196128845
0.287284255027771,-0.08873041719198227,-0.1531534194946289
-0.328595906496048,-0.08873041719198227,0.23169992864131927
0.31292200088500977,-0.08873041719198227,0.12905322015285492
0.2273990362882614,-0.08873041719198227,0.2830711007118225
-0.38838544487953186,0.056792546063661575,-0.27292385697364807
0.5364870429039001,-0.07734649628400803,-0.17879118025302887
-0.2391507625579834,-0.2583509683609009,-0.36571723222732544
0.6093824505805969,-0.08882608264684677,-0.21858710050582886
-0.8735895156860352,0.05476449429988861,0.20539253950119019
0.4689487814903259,-0.09762711077928543,-0.2900475561618805
0.6897395849227905,-0.21165771782398224,-0.1229238212108612
-0.6558599472045898,-0.015213198028504848,-0.3481151759624481
0.6545355916023254,-0.018475312739610672,-0.5199264287948608
-0.901331901550293,0.38090449571609497,-0.5926305055618286
0.37548577785491943,-0.11867303401231766,0.5422228574752808
-0.924960732460022,-0.28235286474227905,-0.17123377323150635
-0.33710992336273193,-0.08873041719198227,-0.4953409731388092
0.02622874453663826,0.05405657738447189,0.5617381930351257
-0.6102285981178284,0.017341013997793198,-0.25790470838546753
-0.285834401845932,0.05637162923812866,-0.3241993486881256
0.16751383244991302,0.04423195868730545,-0.7006343603134155
-0.2625882625579834,0.12238885462284088,0.18922542035579681
0.8568633794784546,-0.3067183196544647,-0.6071712970733643
-0.11325787007808685,0.08688820898532867,0.16502262651920319
-0.8097821474075317,-0.04682990908622742,1.0746846199035645
-0.14042624831199646,-0.07763347774744034,0.6335813403129578
0.3603709936141968,-0.30750274658203125,-0.6259213089942932
-0.021229803562164307,0.5564227104187012,0.4500035047531128
-0.43124258518218994,0.05022048205137253,0.6824651956558228
-0.07197917252779007,0.010414992459118366,0.6991106271743774
0.2701604962348938,0.04383974149823189,-0.024868980050086975
0.5615508556365967,0.3434284031391144,-0.19659410417079926
-0.24307292699813843,0.057433489710092545,-0.03342127799987793
0.37280720472335815,-0.08873041719198227,-0.2900475561618805
-0.16673363745212555,0.2112695872783661,-0.43612539768218994
0.09844496846199036,-0.2565046548843384,0.4975481331348419
-0.4311469495296478,-0.08873041719198227,0.3857177793979645
-0.3798713982105255,0.05606550723314285,0.6334856152534485
-0.2932961583137512,0.0796637237071991,-0.6439060568809509
0.517737090587616,-0.09839241951704025,0.42847925424575806
-0.20031145215034485,0.17376959323883057,0.7126948237419128
0.6010597944259644,0.38797879219055176,0.08189122378826141
-0.29434844851493835,0.18544051051139832,0.7179563045501709
0.09117452800273895,-0.02980181574821472,1.0727713108062744
0.4412064552307129,0.04295007139444351,-0.48673126101493835
0.7498161792755127,-0.03783756494522095,1.0526821613311768
0.16751383244991302,-0.01506970077753067,0.699397623538971
-0.548812747001648,-0.06538858264684677,0.023573946207761765
0.25619369745254517,-0.2983860373497009,0.8652777075767517
-0.1146928146481514,0.05453489348292351,-0.48663559556007385
0.6813212633132935,-0.11360287666320801,-0.38331925868988037
-0.26794540882110596,-0.2158353328704834,-0.207011878490448
-0.12330251932144165,0.057433489710092545,0.44560298323631287
-0.10684843361377716,0.5795731544494629,1.0605263710021973
0.3813212215900421,0.04322749376296997,-0.6749008893966675
0.4753582179546356,0.043026603758335114,-0.5979876518249512
0.5872842669487,0.3438301682472229,0.001438438892364502
0.1931515783071518,-0.08873041719198227,0.41135555505752563
0.37280720472335815,0.04286397621035576,-0.33280906081199646
0.11681227385997772,0.2112695872783661,-0.025538623332977295
0.1332663744688034,-0.08873041719198227,0.15469098091125488
0.21888500452041626,-0.08873041719198227,-0.03344040736556053
-0.15917626023292542,0.20265990495681763,-0.7098180055618286
0.25628936290740967,-0.3404204845428467,0.6001948118209839
-0.2436182051897049,-0.3887304365634918,-0.32488811016082764
0.6214359998703003,0.2112695872783661,0.30933064222335815
-0.6628433465957642,0.2112695872783661,-0.675570547580719
0.5243378281593323,-0.09705312550067902,0.6251628994941711
-0.21733951568603516,0.05642902851104736,0.06908191740512848
-0.5539785623550415,-0.05534394085407257,0.14617694914340973
-0.0035320993047207594,-0.09877505898475647,0.3857177793979645
-0.6179772615432739,-0.062327366322278976,-0.5562784671783447
-0.42856401205062866,-0.2215617299079895,-0.6220947504043579
-0.2557961344718933,0.2516394853591919,-0.36765915155410767
0.38199087977409363,0.012194335460662842,1.0770761966705322
0.47612354159355164,0.19424152374267578,-0.324773371219635
-0.8663191199302673,-0.46975719928741455,0.8757050037384033
-0.737460732460022,0.18276193737983704,-0.9037274718284607
0.48396793007850647,-0.09867939352989197,-0.700538694858551
-0.11277955770492554,0.10554254800081253,0.329276442527771
-0.025582484900951385,-0.0964791476726532,0.633772611618042
0.12054316699504852,0.0877109095454216,-0.4139315187931061
-0.4141188859939575,0.2584315836429596,0.7674142122268677
0.4639742970466614,-0.09533118456602097,0.05496202036738396
0.526155412197113,0.03388119488954544,-0.5209786891937256
0.27430272102355957,0.20371219515800476,0.43766292929649353
-0.45917627215385437,-0.09743577986955643,-0.20452459156513214
-0.1516188681125641,0.2846241891384125,1.0259920358657837
0.5569590330123901,-0.01513667032122612,-0.22164832055568695
-0.45487144589424133,-0.11733373999595642,0.566616952419281
0.08195260167121887,0.08380690217018127,-0.3065973222255707
0.8433748483657837,0.30470389127731323,0.9916489124298096
-0.5564658045768738,-0.04051613435149193,0.6166489124298096
-0.3457196354866028,0.0692392960190773,-0.4012082815170288
-0.3634268641471863,-0.3887304365634918,-0.23079372942447662
-0.3792017698287964,-0.054482974112033844,0.6957624554634094
0.29579827189445496,0.04383017122745514,-0.5209786891937256
0.5837447643280029,-0.10968067497015,-0.5641228556632996
0.2273990362882614,0.04388757422566414,0.3429563045501709
-0.5452732443809509,-0.06911944597959518,-0.4240718185901642
-0.1346864402294159,-0.058500826358795166,-0.7430131435394287
0.614452600479126,0.003699434455484152,-0.47706925868988037
-1.0039786100387573,0.2789035141468048,-0.008414894342422485
-0.37183570861816406,0.0860559418797493,-0.5851687788963318
-0.3805314898490906,-0.3887304365634918,-0.09393784403800964
0.6728072166442871,-0.2561793923377991,-0.17094679176807404
0.5701605081558228,0.34383976459503174,0.1456029713153839
-0.6542336940765381,0.2112695872783661,-0.23079372942447662
-0.14894026517868042,-0.08873041719198227,0.017881980165839195
-0.4141188859939575,0.057423923164606094,0.5225162506103516
0.36487671732902527,0.2112695872783661,0.001438438892364502
0.3642931878566742,0.17007699608802795,0.727522611618042
0.3300457298755646,0.017637571319937706,-0.7462657690048218
-0.09766475856304169,-0.08873041719198227,-0.48673126101493835
-0.17457804083824158,-0.08059904724359512,-0.6991037130355835
0.05638181045651436,-0.08863475173711777,-0.6324264407157898
0.03932502865791321,-0.13745172321796417,0.6174142360687256
0.20185694098472595,0.08310377597808838,-0.5286318063735962
-0.557422399520874,-0.006613072473555803,-0.4183320105075836
0.6043123006820679,0.3902460038661957,-0.11737537384033203
-1.0341124534606934,0.22973260283470154,-0.21332567930221558
0.5553327202796936,0.009113973006606102,-0.3669608235359192
-0.28765201568603516,0.26713693141937256,-0.9319481253623962
0.16378295421600342,-0.3951398730278015,0.9536705613136292
-0.44827064871788025,-0.09198296815156937,0.2060621678829193
0.33855974674224854,0.04397366940975189,0.5824014544487
0.4070546627044678,-0.08873041719198227,0.15469098091125488
0.41595134139060974,-0.2510135769844055,-0.41900163888931274
0.47583654522895813,-0.09867939352989197,-0.22164832055568695
0.41556867957115173,-0.08873041719198227,0.0007783445762470365
-0.08867242932319641,0.47084230184555054,-0.11909729242324829
0.49315160512924194,-0.3887304365634918,-0.25646018981933594
-0.5450818538665771,-0.06950210779905319,0.3458262085914612
0.0324946865439415,-0.11781205981969833,-0.531214714050293
-0.29434844851493835,0.05651511996984482,0.5481539964675903
0.39978423714637756,0.22581040859222412,0.9769167304039001
0.47621917724609375,-0.2547827363014221,-0.6584467887878418
-0.4141188859939575,0.18304893374443054,0.7333580851554871
0.6413339972496033,-0.086434505879879,-0.2768460512161255
0.3479730188846588,-0.38997405767440796,0.5316999554634094
-0.3637138605117798,-0.21504420042037964,-0.20500296354293823
-0.5311150550842285,-0.07859010994434357,-0.313580721616745
-0.620081901550293,-0.22765643894672394,-0.5472860932350159
0.8099883198738098,0.3826752007007599,-0.11833199858665466
0.2273990362882614,0.04454764723777771,0.5824014544487
-0.004871398210525513,-0.2669128179550171,0.9958580732345581
0.013127659447491169,0.05495581403374672,0.3258325755596161
0.4754539132118225,-0.023775063455104828,0.6988236308097839
0.5979028344154358,-0.0996360331773758,-0.1459786742925644
0.5364870429039001,-0.07734649628400803,0.5140022039413452
0.2579156160354614,-0.11790772527456284,-0.531023383140564
0.5924500823020935,0.001116525148972869,-0.5714889168739319
0.3984449803829193,0.04285440593957901,-0.5637401938438416
-0.857422411441803,0.2679979205131531,0.7113555669784546
0.21257126331329346,-0.05027379095554352,0.4798504114151001
0.12542197108268738,-0.3887304365634918,0.43766292929649353
0.3642931878566742,-0.08873041719198227,0.2488236278295517
0.15852147340774536,0.04655657708644867,0.5311259627342224
0.287284255027771,-0.08873041719198227,-0.2644098103046417
0.37280720472335815,-0.08873041719198227,0.3087088465690613
0.18463754653930664,-0.08873041719198227,-0.2301623374223709
0.5567676424980164,-0.032002102583646774,-0.12751567363739014
-0.1318165510892868,0.057433489710092545,-0.11039193719625473
-0.21733951568603516,0.057117801159620285,-0.11039193719625473
0.4070546627044678,0.04285440593957901,-0.2130386233329773
-0.04571962356567383,0.3574334979057312,-0.4103919565677643
0.1329793930053711,0.04736015200614929,0.4028415083885193
-0.7407132387161255,0.21021729707717896,-0.30777397751808167
-0.8561788201332092,0.3097549378871918,0.42905324697494507
0.31915923953056335,-0.24626868963241577,0.26368969678878784
-0.027897536754608154,0.05466882139444351,-0.5554174780845642
0.2701604962348938,0.010453260503709316,-0.7466484308242798
0.33855974674224854,0.043667543679475784,-0.12751567363739014
-0.34849387407302856,-0.08442556858062744,-0.6919289827346802
-0.8527349829673767,-0.2767661511898041,0.2152458131313324
0.09909546375274658,0.11943285912275314,0.7003542184829712
0.36993733048439026,-0.06682352721691132,-0.7328729033470154
-0.3199862241744995,0.27019819617271423,0.7727713584899902
0.7999436855316162,0.3405393660068512,0.5146718621253967
0.2273990362882614,0.04244305565953255,-0.700538694858551
-0.4908407926559448,0.09319242089986801,-0.29932689666748047
0.5000393390655518,0.040701981633901596,-0.2130386233329773
-0.07209396362304688,0.05663948506116867,0.060673121362924576
0.6089041233062744,-0.01974763721227646,-0.41622740030288696
-0.03803784027695656,-0.09045235812664032,-0.10474780946969986
-0.0023841559886932373,0.4050929546356201,0.08265656232833862
-0.49964186549186707,0.06868922710418701,-0.5977963209152222
-0.26010099053382874,-0.07141537219285965,0.681986927986145
0.8177371025085449,0.2016075849533081,-0.024199336767196655
-0.16606399416923523,-0.08873041719198227,0.4198695719242096
0.7240827083587646,0.34376323223114014,0.14684659242630005
-0.41172727942466736,0.1514035314321518,0.2798185348510742
-0.35423365235328674,-0.08863475173711777,0.582592785358429
-0.5537872314453125,0.044107597321271896,-0.1562146544456482
0.21888500452041626,0.044691141694784164,-0.4354557394981384
0.34130528569221497,0.20744305849075317,0.16397030651569366
-0.5103561282157898,0.1109762191772461,0.22787338495254517
0.4689487814903259,-0.09762711077928543,0.18042440712451935
-0.9628434181213379,-0.39226996898651123,-0.5212656855583191
0.48377662897109985,0.04226129502058029,-0.3499327600002289
-0.285834401845932,-0.07772914320230484,0.6250672340393066
-0.2116953730583191,-0.30834460258483887,-0.46979886293411255
-0.3674638867378235,0.368387907743454,-0.09872101247310638
-0.5399160385131836,0.04047239199280739,0.6862917542457581
0.029280394315719604,0.1817096471786499,-0.28889966011047363
0.15899980068206787,-0.10021001845598221,-0.5211700797080994
-0.12617242336273193,-0.09389623999595642,-0.6268779635429382
0.33855974674224854,0.04318923130631447,-0.22155267000198364
-0.4059874713420868,-0.25117620825767517,-0.40895700454711914
0.3984449803829193,-0.08873041719198227,-0.6578728556632996
0.5288339853286743,-0.09437454491853714,0.11197733134031296
-0.554074227809906,-0.05534394085407257,0.0863013043999672
0.15536458790302277,-0.07543322443962097,-0.7217759490013123
0.3221152424812317,-0.3987750709056854,-0.718332052230835
0.5559066534042358,-0.3707457482814789,-1.0305769443511963
0.19611714780330658,-0.11867303401231766,0.53849196434021
-0.7591762542724609,0.20265990495681763,-0.2051272690296173
0.1162383183836937,0.2120349109172821,0.7464639544487
0.12475235015153885,0.07273291796445847,-0.46970319747924805
-0.3097502291202545,-0.11819470673799515,0.5043402314186096
0.41556867957115173,-0.08863475173711777,0.46243971586227417
0.27896153926849365,0.06101129949092865,-0.6486892104148865
-0.0033886046148836613,0.07984452694654465,-0.22911007702350616
0.34198451042175293,-0.2755129635334015,1.0042765140533447
0.5781005620956421,-0.16545237600803375,-0.5414506793022156
-0.004152954556047916,-0.06137073040008545,0.6977713704109192
0.005651563405990601,0.2112695872783661,-0.3932682275772095
0.24452276527881622,0.043715376406908035,-0.0762401595711708
-0.06284332275390625,0.2112695872783661,0.30933064222335815
0.4070546627044678,-0.08873041719198227,-0.10187790542840958
-0.44827064871788025,-0.09207863360643387,-0.478217214345932
0.27066752314567566,0.35613247752189636,0.19812211394309998
-0.21743518114089966,-0.08873041719198227,-0.2130386233329773
-0.44827064871788025,0.05634292960166931,0.36859408020973206
0.09887544065713882,0.04981869459152222,-0.041992705315351486
-0.1147884801030159,-0.08873041719198227,-0.35844680666923523
0.2552371025085449,-0.29089561104774475,0.03434661030769348
0.47602787613868713,0.07891371846199036,0.6971973180770874
-0.5579964518547058,-0.18181078135967255,-0.5894736051559448
0.37280720472335815,0.2679979205131531,0.755264937877655
0.23973959684371948,-0.2701653838157654,-0.37901440262794495
-0.3492591679096222,0.08735696226358414,-0.5328409671783447
0.26164647936820984,-0.01506970077753067,0.699397623538971
-0.525949239730835,-0.2133796513080597,-0.24661648273468018
-0.1146928146481514,0.18544051051139832,0.7179563045501709
-0.6656175851821899,-0.02138347737491131,-0.478025883436203
-0.4703688621520996,-0.2549836039543152,-0.42206287384033203
0.4584258496761322,0.08553935587406158,-0.4439697563648224
-0.8352285623550415,0.3467766046524048,0.5060621500015259
0.3044079542160034,-0.08873041719198227,-0.48673126101493835
-0.4466443657875061,-0.07782480865716934,-0.7276114225387573
-0.18251806497573853,0.20122495293617249,-0.45315343141555786
-0.06246067211031914,-0.11829037219285965,0.5312215685844421
-0.507773220539093,0.09116436541080475,-0.23800675570964813
-0.45917627215385437,-0.09734011441469193,0.633772611618042
0.3564774990081787,-0.21539241075515747,0.07892566919326782
-0.07250532507896423,0.4371975362300873,-0.22337982058525085
0.287284255027771,-0.10891536623239517,0.4731540083885193
-0.3938382565975189,0.10421282798051834,0.3294677734375
0.4314487874507904,-0.11867303401231766,0.5468146800994873
0.639229416847229,-0.2542852759361267,0.34716546535491943
0.1162383183836937,-0.08873041719198227,-0.48673126101493835
-0.3293229341506958,0.3558550477027893,-0.675570547580719
-0.21896576881408691,0.23049789667129517,-0.4544927477836609
0.07213753461837769,0.1815183162689209,-0.8337019085884094
-0.39125534892082214,0.06241754814982414,-0.4817568063735962
-0.0027371379546821117,0.053444333374500275,0.6687853932380676
-0.20452062785625458,0.07055944949388504,-0.3881024122238159
-0.5075818300247192,0.06140351668000221,0.06925410777330399
0.5016655921936035,-0.11867303401231766,-0.5817249417304993
-0.012103527784347534,-0.09877505898475647,0.2830711007118225
-0.1581239402294159,0.014872938394546509,1.0852075815200806
-0.27722474932670593,-0.08873041719198227,0.4541170299053192
0.5360087156295776,-0.22303208708763123,-0.5709149241447449
-0.028490647673606873,0.2680935859680176,0.7739192843437195
0.6806516647338867,-0.16640900075435638,-0.5170565247535706
-0.5558918714523315,0.009697520174086094,-0.6065016388893127
0.13718856871128082,0.07834548503160477,-0.3373052179813385
-0.08561119437217712,-0.23917047679424286,-0.6638039350509644
0.15852147340774536,0.04555211216211319,0.05208255350589752
-0.18720558285713196,0.06662099063396454,-0.22557051479816437
0.395001083612442,0.07038916647434235,-0.507011890411377
0.49257761240005493,-0.09877505898475647,0.2659473717212677
0.3736681640148163,-0.11848170310258865,-0.5353282690048218
-0.5539785623550415,-0.05534394085407257,0.21457619965076447
-0.861057698726654,-0.17953398823738098,0.47171905636787415
0.217354416847229,0.447299599647522,0.4418720602989197
0.2737000584602356,-0.24263349175453186,-0.20251572132110596
0.42637866735458374,0.1952938288450241,-0.6528983116149902
0.005024023354053497,0.20285123586654663,0.7258006930351257
0.6086171269416809,-0.11436818540096283,-0.4484659433364868
0.03128930926322937,0.3756037950515747,-0.7607108354568481
0.16512225568294525,0.04544688016176224,-0.4205322563648224
0.38983526825904846,0.08155020326375961,-0.36849144101142883
0.27877020835876465,0.04394496977329254,0.539639949798584
0.5701605081558228,-0.25647595524787903,-0.08532814681529999
-0.14894026517868042,-0.08873041719198227,-0.4354557394981384
0.2701604962348938,0.04383974149823189,0.3087088465690613
0.26164647936820984,-0.08873041719198227,-0.20452459156513214
-0.5953050851821899,0.05298515036702156,-0.5637401938438416
0.22802084684371948,0.2112695872783661,0.12111316621303558
0.04716941714286804,0.34366756677627563,-0.22224143147468567
0.21285821497440338,0.06918381154537201,-0.16865088045597076
-0.38838544487953186,0.057117801159620285,0.46272674202919006
0.4240827262401581,-0.08873041719198227,-0.4269416928291321
-0.33710992336273193,-0.08873041719198227,-0.29856157302856445
-0.11536246538162231,0.2112695872783661,-0.024295002222061157
0.06553676724433899,0.2112695872783661,-0.6670565605163574
-0.4568803608417511,0.05689777806401253,0.2659473717212677
-0.10617878288030624,0.05606550723314285,0.5995252132415771
-0.1147884801030159,-0.023583732545375824,0.6992062926292419
-0.22659970819950104,0.30196794867515564,-0.4479876756668091
-0.2687107026576996,0.056419458240270615,0.6419996619224548
0.5288339853286743,-0.09437454491853714,-0.6492632031440735
0.6315763592720032,-0.08442556858062744,-0.5270055532455444
-0.5428816676139832,0.09765033423900604,0.125418022274971
0.2336171269416809,0.3318818509578705,-0.12818530201911926
0.4585214853286743,-0.2541322112083435,-0.05117638409137726
-0.8214530944824219,-0.3890174329280853,1.0013108253479004
-0.557039737701416,0.0018148674862459302,0.5140022039413452
0.23591306805610657,0.04388757422566414,-0.512464702129364
0.15852147340774536,0.04619305580854416,-0.19591490924358368
0.5273033976554871,-0.2275148630142212,-0.2902389168739319
0.8331388831138611,-0.2491864114999771,-0.3512721061706543
0.3307153582572937,0.07706359028816223,-0.33577460050582886
0.17602786421775818,0.04860377311706543,0.6683070659637451
-0.21743518114089966,-0.08873041719198227,-0.31568533182144165
0.09908588975667953,-0.08873041719198227,0.08631087094545364
0.5957982540130615,0.2112695872783661,0.37775859236717224
0.40695899724960327,0.04349535331130028,0.29158514738082886
-0.02859589457511902,0.2112695872783661,0.6258325576782227
-0.4404262602329254,-0.3887304365634918,0.24945500493049622
0.5563849806785583,-0.015174930915236473,0.6166489124298096
0.1332663744688034,-0.08873041719198227,-0.0762401595711708
-0.012227891013026237,0.0559602752327919,-0.28153350949287415
-0.3199862241744995,0.057433489710092545,0.4198695719242096
-0.3802923262119293,-0.21611276268959045,-0.6745182275772095
0.2568633556365967,0.29327213764190674,0.35210171341896057
0.7838722467422485,0.34226131439208984,0.3606635630130768
-0.483187735080719,0.2934539020061493,0.9993976354598999
0.43269240856170654,-0.02348806895315647,-0.742343544960022
0.5410789251327515,-0.07198935002088547,-0.05053543299436569
-0.31970876455307007,-0.3981054425239563,0.3007974922657013
-0.12378083169460297,-0.2547827363014221,0.05271393060684204
-0.4829964339733124,0.1682019978761673,0.7097292542457581
0.05313882604241371,0.07928011566400528,-0.3605514168739319
-0.15745429694652557,0.07545454055070877,-0.45984986424446106
-0.1654900312423706,-0.2598720192909241,-0.4379430413246155
0.007277846336364746,-0.4114026427268982,-0.32381671667099
0.5364870429039001,-0.07734649628400803,-0.5294927954673767
-0.5573267936706543,-0.015088837593793869,-0.6749008893966675
0.02985435724258423,0.41742393374443054,-0.2131534218788147
0.15899980068206787,-0.08873041719198227,0.5904371738433838
-0.858570396900177,-0.4343618154525757,-0.2637401819229126
0.09050488471984863,-0.21335095167160034,0.0613236278295517
-0.29434844851493835,0.05695517361164093,0.00931150745600462
-0.37078338861465454,0.22973260283470154,-0.7174710035324097
0.15048576891422272,0.08455976843833923,-0.5471904873847961
-0.15831530094146729,-0.12852632999420166,0.4809983968734741
-0.4338254928588867,0.08125843107700348,-0.512273371219635
0.2744749188423157,-0.39657482504844666,0.07844734191894531
0.3507663905620575,-0.2233496904373169,-0.207777202129364
0.8330431580543518,0.36113566160202026,-0.4740080237388611
0.1462765634059906,0.4129086136817932,-0.1127835214138031
0.5266337394714355,0.07142519950866699,-0.3076495826244354
-0.32763925194740295,0.05835185572504997,-0.6097542643547058
-0.29434844851493835,0.12512481212615967,0.7072420120239258
-0.6829326748847961,-0.07782480865716934,-0.2834467887878418
0.36480018496513367,0.35088056325912476,-0.9234340786933899
-0.21867883205413818,0.3139832317829132,0.4266616702079773
-0.1113446056842804,-0.11848170310258865,-0.5337976217269897
-0.8079645037651062,0.3609921634197235,-0.798210859298706
0.16416561603546143,0.23030658066272736,-1.0547797679901123
-0.4740040600299835,-0.09877505898475647,0.42847925424575806
0.2618856430053711,-0.39035671949386597,0.1256093680858612
-0.029332485049962997,0.05565415322780609,0.5140022039413452
-0.2388637512922287,0.07077372819185257,-0.21734347939491272
-0.7057961225509644,0.3871273994445801,-0.014824360609054565
0.15746916830539703,0.4253639876842499,-0.01721590757369995
0.1526860147714615,-0.11819470673799515,0.5064448118209839
-0.12330251932144165,0.25642266869544983,0.7500035166740417
-0.27732038497924805,0.051760658621788025,-0.5466164946556091
0.29541563987731934,-0.5242853164672852,0.25351113080978394
0.3208620250225067,0.06981901079416275,-0.4822351038455963
0.21888500452041626,-0.07763347774744034,0.6335813403129578
0.5202242732048035,0.035660531371831894,-0.3983384072780609
0.3642931878566742,0.043667543679475784,0.3600800335407257
0.7588084936141968,-0.27069151401519775,-0.44320452213287354
0.2273990362882614,0.04452851414680481,-0.3840845823287964
0.12475235015153885,-0.08873041719198227,0.3087088465690613
-0.37135738134384155,-0.08873041719198227,0.29158514738082886
0.43259674310684204,0.043361421674489975,0.377108097076416
-0.41421452164649963,0.0508422888815403,-0.6577771902084351
-0.43181657791137695,-0.24677571654319763,-0.8467121124267578
0.8565763831138611,0.6226216554641724,0.4655965566635132
-0.483187735080719,0.2112695872783661,-0.11106158792972565
-0.3969951272010803,-0.08873041719198227,-0.20452459156513214
-0.5561788082122803,0.009754917584359646,0.4626310467720032
0.287284255027771,-0.08873041719198227,0.35147032141685486
-0.3969951272010803,-0.08873041719198227,0.4369933009147644
0.7752625942230225,0.3430361747741699,0.7373759746551514
0.5708301663398743,0.0560368075966835,-0.4112529158592224
-0.5511086583137512,0.06348897516727448,-0.5979876518249512
-0.25732675194740295,-0.09887072443962097,0.5749396681785583
-0.5525436401367188,0.023176472634077072,-0.4953409731388092
0.3211490511894226,0.1681254506111145,0.10733766853809357
-0.19160610437393188,-0.08777378499507904,0.5964639782905579
0.5518888235092163,-0.05926613137125969,-0.3071712851524353
0.20243091881275177,0.3834969401359558,-0.581246554851532
-0.22661885619163513,0.12683719396591187,0.24126622080802917
-0.21973109245300293,0.14513757824897766,0.29168078303337097
0.544714093208313,0.23365479707717896,0.7431157231330872
-0.8577094674110413,0.2848920524120331,0.31789442896842957
-0.4995461702346802,0.05661078542470932,0.5738874077796936
0.8243378400802612,0.20285123586654663,0.9765341281890869
0.24452276527881622,-0.08873041719198227,0.41135555505752563
0.18463754653930664,-0.08873041719198227,0.14617694914340973
0.37280720472335815,-0.08873041719198227,0.42847925424575806
0.38993093371391296,-0.07696383446455002,0.6505136489868164
-0.03402955085039139,-0.08184266090393066,-0.7260807752609253
-0.1755346655845642,0.3481637239456177,-0.27234989404678345
0.47583654522895813,-0.09867939352989197,-0.05908772721886635
-0.03743516281247139,0.05887800455093384,-0.6198945641517639
0.16741816699504852,0.06405338644981384,-0.623816728591919
0.7753582000732422,0.3430361747741699,-0.29066938161849976
-0.4739084243774414,0.05689777806401253,0.3172228932380676
-0.05547724664211273,0.39132699370384216,-0.7095309495925903
0.37280720472335815,0.04382060840725899,0.009349772706627846
-0.24307292699813843,-0.08873041719198227,0.2488236278295517
0.1332663744688034,-0.08873041719198227,0.2060621678829193
-0.31147217750549316,-0.08873041719198227,0.034988485276699066
-0.32190901041030884,-0.22878432273864746,-0.746074378490448
0.05809418484568596,-0.05429164320230484,-0.7457873821258545
0.3300457298755646,0.04311269894242287,-0.5894736051559448
0.2533237934112549,0.30902788043022156,-0.41010499000549316
0.7498161792755127,-0.25647595524787903,0.8396399617195129
0.31292200088500977,0.04335185885429382,-0.4354557394981384
0.43269240856170654,0.1526375710964203,0.7196782231330872
-0.4739084243774414,0.057050835341215134,0.42847925424575806
-0.507773220539093,-0.09848808497190475,0.3001948297023773
0.565186083316803,-0.193386048078537,-0.5893779397010803
-0.11402317881584167,-0.07418959587812424,0.6769167184829712
-0.5433599352836609,0.037679024040699005,0.4028415083885193
-0.22671455144882202,-0.2468235343694687,-0.35053545236587524
0.08859162032604218,-0.202177494764328,-0.20219996571540833
0.12446535378694534,0.048173289746046066,-0.29856157302856445
-0.2667495906352997,-0.36194470524787903,1.0353670120239258
-0.8419249653816223,0.39413949847221375,0.01837080717086792
0.5142931938171387,0.037717290222644806,0.5796272158622742
-0.759558916091919,-0.05869212746620178,0.48272037506103516
-0.5349416136741638,0.18037036061286926,0.6851438283920288
-0.5394377708435059,0.04217519983649254,-0.37557053565979004
-0.3798713982105255,-0.07696383446455002,0.6505136489868164
-0.07197917252779007,0.11943285912275314,0.7003542184829712
0.16186968982219696,0.06144178286194801,-0.14521338045597076
-0.5393421053886414,0.04215606302022934,0.31731855869293213
-0.1996418535709381,0.014011919498443604,1.0752586126327515
-0.7995461821556091,-0.3237750828266144,0.3987279534339905
-0.46587270498275757,-0.09858373552560806,0.25743332505226135
0.23581740260124207,0.04693923145532608,0.6513746976852417
-0.028844602406024933,-0.01513667032122612,0.7037981152534485
0.5312255620956421,-0.0898783802986145,0.03500092402100563
0.46693986654281616,0.08351512253284454,-0.39231160283088684
-0.07197917252779007,-0.08873041719198227,0.36859408020973206
-0.531019389629364,-0.07859010994434357,0.5931156873703003
0.49994367361068726,0.040386296808719635,-0.4439697563648224
0.5872842669487,0.019206447526812553,-0.2645054757595062
0.3476668894290924,-0.249243825674057,-0.3919289708137512
-0.7384173274040222,0.4410431981086731,-0.21104882657527924
0.8540891408920288,0.3150833547115326,-0.31918659806251526
0.5791528820991516,-0.26312455534935,-0.5722542405128479
0.2098926454782486,0.08374758064746857,-0.35854247212409973
-0.620081901550293,-0.3887304365634918,0.06122797727584839
0.3815125524997711,0.08239969611167908,-0.29875290393829346
0.23591306805610657,-0.08873041719198227,-0.11900163441896439
-0.08848109841346741,-0.3887304365634918,0.20673179626464844
-0.285834401845932,-0.08873041719198227,0.3599843680858612
0.09053359925746918,-0.08873041719198227,-0.17027714848518372
0.16818346083164215,-0.24320746958255768,-0.33346912264823914
0.11556866765022278,-0.3887304365634918,0.39486318826675415
