0.32531461119651794,0.035276640206575394,0.1750534474849701
-0.28695935010910034,-0.014860962517559528,-0.8986406922340393
-0.3075984716415405,-0.04331289976835251,0.9043512344360352
-0.3170316815376282,-0.01978076994419098,-0.19793550670146942
0.3172454237937927,0.02659541554749012,-0.5598796010017395
0.3095676004886627,-0.0038012159056961536,0.8170886635780334
-0.22049091756343842,-0.04767598956823349,0.36511310935020447
0.11485777795314789,0.013908077031373978,-0.912062406539917
0.10355979204177856,0.018425660207867622,-0.2041282057762146
-0.11374595016241074,-0.03833214193582535,-0.5497041344642639
-0.03978763520717621,0.0323876291513443,0.6802602410316467
-0.08617173880338669,0.015605306252837181,0.06799997389316559
0.21911047399044037,-0.009210623800754547,0.47733715176582336
-0.30135953426361084,-0.0345679372549057,0.6348155736923218
0.06519555300474167,-0.04590031877160072,0.9043512344360352
0.032135579735040665,0.025714842602610588,0.29290610551834106
0.10219001770019531,-0.019438961520791054,-0.6763107776641846
0.3151216208934784,-0.0015600624028593302,-0.07771647721529007
0.3167562186717987,0.036682866513729095,-0.8037981986999512
0.0904196947813034,0.06651973724365234,-0.4688528776168823
0.3313578963279724,0.059953950345516205,-0.3450835347175598
-0.11873587220907211,0.01295632403343916,-0.7834472060203552
-0.29607611894607544,-0.04507610201835632,0.13210643827915192
-0.29910919070243835,-0.04328560456633568,-0.43547147512435913
-0.09355149418115616,-0.036570992320775986,-0.3108731806278229
-0.33737727999687195,0.008732657879590988,-0.6378933191299438
0.12309351563453674,-0.015451607294380665,0.041850294917821884
0.16598260402679443,0.05117317661643028,0.6700847148895264
-0.0477127842605114,-0.03255949169397354,0.47694578766822815
-0.12245383858680725,0.007643537130206823,0.8632236123085022
-0.07782837748527527,0.029246918857097626,-0.13104069232940674
-0.24523942172527313,-0.06777702271938324,-0.021806135773658752
0.21558818221092224,-0.009516865946352482,0.2994615137577057
-0.11873587220907211,-0.038772426545619965,0.22285166382789612
0.29764798283576965,-0.010584143921732903,0.5965479016304016
-0.21540316939353943,0.017975587397813797,0.5226377248764038
-0.047046829015016556,-0.035583432763814926,-0.8980535864830017
0.07985283434391022,0.04257291555404663,0.5412276387214661
0.07421715557575226,-0.021894780918955803,0.7717418670654297
-0.18879032135009766,0.01999112218618393,0.7196902632713318
0.20218929648399353,0.01588227041065693,0.9109756350517273
0.16563747823238373,0.03108903206884861,0.16322000324726105
-0.17450547218322754,0.020734716206789017,-0.4276958107948303
-0.03688174486160278,0.03071453422307968,-0.6556662917137146
0.008205528371036053,-0.027667425572872162,0.14663322269916534
0.035804633051157,0.03861033916473389,-0.7936226725578308
0.22683995962142944,-0.0085374740883708,-0.4327835440635681
-0.24847355484962463,-0.05012202635407448,-0.7881435751914978
0.19322875142097473,0.042164672166109085,-0.06105741113424301
0.18105019629001617,-0.012547015212476254,-0.8088858723640442
-0.0018750728340819478,-0.012870040722191334,-0.049847137182950974
-0.31236401200294495,-0.03157129883766174,0.7848526835441589
0.22652310132980347,0.056626707315444946,-0.1990404576063156
0.048983871936798096,-0.024096213281154633,-0.32603856921195984
0.3362903594970703,0.07018879055976868,0.40401986241340637
-0.2306664139032364,-0.04855656251311302,-0.3108731806278229
0.03773210942745209,-0.025084413588047028,-0.5544004440307617
0.22703564167022705,0.034745603799819946,-0.6666245460510254
0.25227874517440796,0.026061691343784332,-0.9422383904457092
-0.08710706979036331,0.03371494263410568,0.37892624735832214
-0.25821149349212646,0.00013200788816902786,0.2631107270717621
-0.24583183228969574,-0.01576012372970581,-0.540898323059082
-0.17450547218322754,0.019629109650850296,-0.6542964577674866
0.07421715557575226,-0.021894780918955803,0.41090285778045654
-0.11374595016241074,-0.03833214193582535,0.5938662886619568
-0.042116258293390274,0.026722611859440804,-0.44804683327674866
-0.16578005254268646,0.005619784817099571,-0.9192684888839722
0.16598260402679443,0.02638016641139984,-0.5511716604232788
0.17126606404781342,0.025988800451159477,-0.31527602672576904
0.1928889900445938,0.032544177025556564,0.797180712223053
0.2433060258626938,0.045039158314466476,0.05112959444522858
-0.18879032135009766,0.0002912441559601575,-0.18955521285533905
-0.30694815516471863,-0.051124583929777145,0.47091418504714966
-0.18399609625339508,-0.04447657987475395,0.11649806052446365
-0.013170203194022179,-0.007707951124757528,-0.21580591797828674
0.003226377535611391,0.03624258190393448,0.847960352897644
-0.3091639578342438,-0.008485959842801094,0.014015221036970615
0.0689506083726883,0.03130428120493889,-0.107213594019413
0.06412971019744873,-0.022775353863835335,0.6344704627990723
0.25707295536994934,-0.00588988559320569,0.7056989669799805
-0.06284887343645096,-0.03388035297393799,0.7666541934013367
0.3167562186717987,0.03670243173837662,0.502384603023529
-0.04052601754665375,-0.010771023109555244,0.9282535910606384
-0.20876748859882355,-0.025565888732671738,0.9439602494239807
0.1841811090707779,0.05212223902344704,0.4033636748790741
-0.027254154905676842,0.024902762845158577,0.5671555399894714
0.03389459848403931,0.035327449440956116,0.06175123527646065
0.1712198257446289,-0.0027166458312422037,0.5687726736068726
0.3088826835155487,0.020614618435502052,0.2638010084629059
-0.09509237110614777,-0.062415946274995804,-0.03129137307405472
-0.14945808053016663,-0.041463058441877365,0.44641929864883423
-0.21041327714920044,-0.04679542034864426,0.8072583079338074
-0.03232942894101143,-0.02051790989935398,-0.7330126166343689
0.31235337257385254,0.06222387030720711,-0.45861369371414185
-0.1894235908985138,0.010464061051607132,-0.09772836416959763
-0.3019120395183563,-0.02673262357711792,-0.10411722958087921
-0.1844336837530136,0.011383770033717155,0.31437963247299194
0.14599426090717316,0.07223368436098099,0.9071202278137207
0.2978149652481079,0.0370696559548378,0.9127712845802307
0.11500724405050278,-0.018323570489883423,0.24320267140865326
-0.3367902636528015,0.011173801496624947,0.3516451120376587
0.3079504668712616,-0.0014381022192537785,-0.7123165130615234
-0.0437299981713295,-0.028576713055372238,0.3030529022216797
-0.194597527384758,0.013743631541728973,0.03276018798351288
-0.23546065390110016,0.015402361750602722,0.6242949366569519
-0.03951825201511383,0.028351353481411934,0.20559701323509216
0.2420053780078888,-0.007212701253592968,0.20250065624713898
0.17905880510807037,-0.010555624030530453,-0.14617154002189636
-0.1901600956916809,0.017388543114066124,0.192325159907341
-0.26664918661117554,0.027630478143692017,-0.3707749843597412
-0.26461735367774963,0.013005245476961136,0.8581358194351196
0.017068002372980118,0.0236503928899765,-0.8857892155647278
0.0025414875708520412,0.03670243173837662,0.3909432291984558
-0.11873587220907211,-0.038772426545619965,0.6904357075691223
0.25183576345443726,0.002617668593302369,-0.016373245045542717
-0.12024971842765808,0.04044770449399948,0.5088246464729309
0.1372172236442566,0.03657524287700653,0.46677032113075256
-0.027087824419140816,0.03019597940146923,-0.3248645067214966
-0.08545543998479843,-0.03369902819395065,0.1293785572052002
-0.17470113933086395,-0.043664492666721344,-0.722491979598999
-0.24074409902095795,-0.04944692179560661,-0.1379874348640442
-0.10865820944309235,-0.03789185360074043,-0.21939148008823395
-0.09858053177595139,-0.0370112806558609,-0.41243255138397217
-0.09858053177595139,-0.0370112806558609,-0.6462734937667847
-0.24847355484962463,-0.05012202635407448,0.7213535904884338
0.06615502387285233,0.0417412631213665,-0.610757052898407
-0.29377955198287964,-0.018744289875030518,-0.3050951063632965
-0.05276140198111534,-0.032999780029058456,-0.8292369246482849
-0.29093673825263977,-0.01938026025891304,0.5582520365715027
0.07879075407981873,0.04511743038892746,0.20250065624713898
0.13041993975639343,-0.006281985901296139,-0.38743677735328674
0.09870685636997223,-0.019742270931601524,0.1368490755558014
0.12309351563453674,-0.015451607294380665,-0.07902361452579498
0.3088826835155487,0.010070248506963253,-0.18304070830345154
-0.26554417610168457,0.003801060374826193,0.12084932625293732
0.023339632898569107,-0.026346564292907715,-0.41243255138397217
0.16109055280685425,0.028972961008548737,-0.7275797724723816
-0.2557138204574585,0.013631431385874748,0.44133153557777405
0.12407776713371277,-0.041526805609464645,0.3386671841144562
-0.23565636575222015,-0.04899685084819794,-0.6360980272293091
0.08670692890882492,0.042176343500614166,-0.010406801477074623
0.0661843866109848,0.04175104945898056,0.7106888890266418
0.09439205378293991,-0.020123854279518127,-0.8241491913795471
-0.16961339116096497,-0.04322420805692673,-0.8292369246482849
-0.24054841697216034,0.014952289871871471,-0.7123165130615234
-0.19684737920761108,-0.07131950557231903,-0.4425444006919861
0.24699530005455017,-0.006771436892449856,-0.28543442487716675
0.34274792671203613,-0.017624150961637497,-0.00013328221393749118
-0.04092259705066681,0.011919206008315086,-0.5596838593482971
-0.018674103543162346,-0.03364617004990578,-0.10817450284957886
0.03392608091235161,0.03683941066265106,-0.7068374156951904
0.1762097179889679,-0.0022753803059458733,0.09101308882236481
-0.30140578746795654,-0.054749924689531326,0.2994615137577057
0.032174721360206604,0.026145344600081444,0.47185805439949036
-0.27426958084106445,0.03772502392530441,-0.8834068775177002
0.26284560561180115,0.03787653520703316,0.8632236123085022
0.2421032041311264,0.036340419203042984,-0.7530185580253601
0.1351625621318817,-0.016552643850445747,0.7106888890266418
-0.06126886233687401,-0.027696140110492706,0.05510259419679642
-0.10864240676164627,0.0437312088906765,-0.9027794599533081
0.23192772269248962,-0.008095230907201767,-0.5904061198234558
-0.17450547218322754,0.020734716206789017,0.3956395983695984
-0.29607611894607544,-0.04507610201835632,-0.5946595072746277
0.1079280897974968,-0.016772465780377388,-0.5009157657623291
-0.18551529943943024,-0.03564419224858284,0.5833455920219421
-0.1489688605070114,0.02356233261525631,0.6435697078704834
0.03040754795074463,0.06063947454094887,-0.17464923858642578
-0.13938041031360626,-0.04058248549699783,0.3498498201370239
-0.02249906398355961,-0.0303482785820961,0.6293826699256897
0.3160713016986847,0.04031277820467949,-0.6415771245956421
-0.17470113933086395,-0.043664492666721344,-0.37691614031791687
-0.13546675443649292,0.020519468933343887,0.7819173336029053
0.17097251117229462,-0.013429543003439903,-0.8901921510696411
-0.006785733625292778,0.03573380038142204,0.7666541934013367
-0.1647213250398636,0.0009257463389076293,-0.29560989141464233
0.2421032041311264,0.03600775822997093,0.6040416955947876
-0.21710056066513062,-0.07309044152498245,0.04096386954188347
-0.05331721529364586,0.01748386211693287,-0.0008406033157370985
0.24699530005455017,-0.006771436892449856,0.4007273316383362
-0.23565636575222015,-0.04899685084819794,-0.2294691503047943
-0.33532261848449707,-0.06299321353435516,-0.8641608953475952
-0.21041327714920044,-0.04679542034864426,0.263455867767334
0.17905880510807037,-0.010555624030530453,-0.2314605414867401
0.15600278973579407,0.04919677972793579,0.30640825629234314
-0.31265753507614136,-0.028068574145436287,-0.7415710687637329
0.2557031810283661,0.04201522096991539,-0.11235297471284866
0.07964735478162766,0.04028342664241791,0.8236956596374512
0.33159399032592773,-0.021098842844367027,0.12050418555736542
-0.09907513856887817,-0.062415946274995804,-0.11434388905763626
0.3126468360424042,0.042739249765872955,-0.8854957222938538
0.1655450016260147,0.04214511066675186,-0.4373304843902588
0.2621607184410095,-0.005447642877697945,-0.8445001840591431
0.17006324231624603,0.04655442759394646,0.04131610319018364
0.0031647372525185347,-0.028107712045311928,0.23811490833759308
-0.16941772401332855,5.6914421293186024e-05,-0.5039142966270447
0.14524024724960327,-0.015675004571676254,0.8377848267555237
0.06917832791805267,-0.02233506552875042,-0.14307518303394318
-0.04332491755485535,0.028077395632863045,0.11907650530338287
-0.3072071075439453,-0.04041552543640137,-0.49993154406547546
0.08670692890882492,0.045728620141744614,-0.3647492527961731
0.06724582612514496,0.03430468961596489,0.08832037448883057
0.16167759895324707,-0.01423967070877552,-0.6255311965942383
-0.12912458181381226,0.038921382278203964,0.15679118037223816
-0.24563618004322052,0.015138189308345318,0.7748727798461914
-0.2210833579301834,-0.07309044152498245,-0.9156308770179749
0.018291017040610313,-0.02678684890270233,0.5277254581451416
0.0283882487565279,-0.025896495208144188,-0.6513612270355225
0.24885424971580505,0.036624159663915634,-0.36165285110473633
0.26758822798728943,0.04376927390694618,0.3261205554008484
0.04300037771463394,-0.04999008774757385,0.3262063264846802
0.024109888821840286,0.027057962492108345,-0.5209848880767822
0.02898508310317993,0.018229980021715164,-0.2599956691265106
0.30297762155532837,0.054296836256980896,0.7272410988807678
-0.09687101095914841,0.016794398427009583,0.4315011501312256
-0.057800233364105225,-0.03344006463885307,0.8530480861663818
-0.1370667815208435,-0.038209520280361176,0.057524483650922775
-0.07279933243989944,0.02963828295469284,-0.20921596884727478
-0.10670138150453568,0.026624770835042,0.26854363083839417
0.3151216208934784,-0.013255237601697445,-0.2348557710647583
0.30673015117645264,0.009394165128469467,-0.37677207589149475
-0.30245909094810486,-0.06018657982349396,0.21302129328250885
0.2369176298379898,-0.0076539660803973675,-0.514089822769165
0.013242402113974094,-0.027227137237787247,0.7259521484375
-0.21305498480796814,0.017427679151296616,-0.7854040265083313
0.001144459587521851,-0.01467032078653574,-0.47528085112571716
-0.03978763520717621,0.0323876291513443,-0.7885348796844482
0.12398529797792435,0.06746816635131836,0.6146320104598999
0.0540422722697258,-0.023655928671360016,-0.7479308247566223
-0.19104066491127014,-0.045092981308698654,0.6704760789871216
0.11525454372167587,-0.0076126293279230595,0.5274781584739685
-0.07783817499876022,0.029197998344898224,-0.722491979598999
-0.2449512630701065,-0.049808938056230545,0.5078637003898621
-0.19143204391002655,0.018689829856157303,0.8377848267555237
-0.17411410808563232,-0.0014508214080706239,-0.5832636952400208
-0.06778985261917114,0.030401447787880898,0.817433774471283
-0.2570374310016632,0.002480203052982688,-0.023192791268229485
0.25208306312561035,-0.006330172065645456,0.5429887771606445
0.267887145280838,0.047223079949617386,-0.016383031383156776
0.13868486881256104,0.04554729536175728,-0.132899671792984
0.0027973433025181293,0.05817387253046036,-0.09670274704694748
-0.26461735367774963,0.013005245476961136,-0.6106591820716858
0.03637292981147766,-0.0020037959329783916,0.026606598868966103
0.045001089572906494,-0.02011343091726303,0.8541530966758728
-0.28226298093795776,-0.07854998856782913,0.8770829439163208
0.12867583334445953,0.006422304082661867,0.9025266766548157
-0.29910919070243835,-0.04328560456633568,-0.35915520787239075
0.09010659903287888,0.03779825568199158,0.3703964948654175
-0.26872673630714417,0.005950880236923695,-0.45313456654548645
0.07188916951417923,0.038237906992435455,0.8907458186149597
-0.24074409902095795,-0.04944692179560661,0.17197413742542267
0.08483295142650604,0.04368830844759941,-0.5242652893066406
0.1101151630282402,0.025176718831062317,-0.2752588987350464
0.25149598717689514,0.0417412631213665,0.12667356431484222
0.13868486881256104,0.04554729536175728,0.7463032007217407
0.09454591572284698,0.03390686213970184,-0.8448453545570374
-0.06064742058515549,0.029491523280739784,0.8914019465446472
-0.11263496428728104,0.04785097390413284,-0.586008608341217
0.018291017040610313,-0.02678684890270233,-0.8292369246482849
-0.3174230456352234,-0.02272707037627697,0.7343323230743408
0.2061954140663147,-0.010340691544115543,0.6446459293365479
-0.09858053177595139,-0.0370112806558609,-0.7377552390098572
0.15032796561717987,-0.015233738347887993,0.4210783541202545
-0.12362793833017349,0.0045615327544510365,-0.36165285110473633
-0.08291614055633545,0.02907080389559269,0.7361276745796204
-0.10034168511629105,0.006234621629118919,-0.4936409294605255
-0.13155309855937958,-0.039887815713882446,0.5180392265319824
-0.26872673630714417,0.005941096693277359,0.324508935213089
-0.2744477391242981,0.0031748756300657988,-0.1681688129901886
0.03671455755829811,0.03915825113654137,0.6174460053443909
0.2778153419494629,0.045459240674972534,0.4406466484069824
0.20126879215240479,0.03496542572975159,0.25116240978240967
-0.15073001384735107,0.02279917150735855,-0.03536156564950943
-0.03258650749921799,-0.031238636001944542,-0.35656511783599854
0.11026462912559509,-0.008052916266024113,-0.32129597663879395
0.09439205378293991,-0.020123854279518127,-0.600483775138855
-0.03212665393948555,0.0329551063477993,0.4949486553668976
-0.16462349891662598,-0.04278391972184181,0.7412154078483582
0.1351625621318817,-0.016552643850445747,0.6293826699256897
-0.029539069160819054,-0.028806958347558975,-0.28233802318573
0.014141223393380642,0.041154853999614716,-0.014942705631256104
0.19699832797050476,0.03273007273674011,0.5263556838035583
0.0005544028826989233,0.008434169925749302,0.9163397550582886
0.2009582221508026,-0.0018341148970648646,0.014784839004278183
-0.06284887343645096,-0.03388035297393799,0.5429887771606445
0.24699530005455017,-0.006771436892449856,0.7870051264762878
-0.03028992749750614,0.020698271691799164,0.33150187134742737
-0.12649406492710114,-0.000625676300842315,0.9259687066078186
-0.08297484368085861,0.025088656693696976,0.604922354221344
-0.21550101041793823,-0.04723570868372917,0.43624377250671387
0.3147302567958832,-0.015441013500094414,0.6806515455245972
-0.25199583172798157,-0.05042533576488495,0.6146085858345032
0.175962433218956,-0.012988278642296791,0.20758840441703796
-0.14446815848350525,-0.04102277383208275,0.8123461008071899
-0.10366829484701157,-0.037451568990945816,-0.8800166249275208
0.10561446100473404,0.021047810092568398,-0.7733694314956665
-0.0013484429800882936,-0.019529713317751884,0.3963761031627655
-0.17460329830646515,0.020724931731820107,0.46168252825737
-0.16462349891662598,-0.04278391972184181,-0.6360980272293091
-0.24847355484962463,-0.05012202635407448,-0.717012882232666
-0.2449512630701065,-0.049808938056230545,0.8890537023544312
-0.17239919304847717,0.011912113055586815,-0.8244943618774414
-0.3019236922264099,-0.07854998856782913,-0.021365849301218987
-0.17944376170635223,0.011295714415609837,0.10559585690498352
-0.18453152477741241,-0.033834125846624374,-0.19429783523082733
-0.09435047209262848,-0.041978295892477036,0.37673869729042053
0.08430460095405579,-0.02100442722439766,0.5684275031089783
0.15071935951709747,0.026233403012156487,-0.013171138241887093
0.21128316223621368,-0.009899426251649857,0.8428726196289062
-0.2571352422237396,0.0024117135908454657,-0.21337692439556122
0.20120550692081451,-0.01078097801655531,0.7412154078483582
-0.13986963033676147,0.02390477806329727,-0.15872982144355774
0.2676398456096649,0.056172870099544525,0.20758840441703796
0.0529666543006897,-0.04375695437192917,-0.911648154258728
0.04745485261082649,0.028701700270175934,0.1317151039838791
0.048983871936798096,-0.024096213281154633,0.09576548635959625
0.012263987213373184,0.03731883689761162,-0.4129217565059662
-0.18904927372932434,-0.04310159012675285,-0.0989832654595375
0.21128316223621368,-0.009899426251649857,-0.7174042463302612
0.2371649146080017,0.003058933187276125,-0.16308104991912842
0.20189039409160614,0.032544177025556564,-0.8495879173278809
0.19156545400619507,0.040569860488176346,0.12476297467947006
0.09629996120929718,0.025343049317598343,0.2934931814670563
0.2186499834060669,-0.004920619074255228,-0.09584774821996689
-0.09662371873855591,0.007672888692468405,-0.06948866695165634
-0.0477127842605114,-0.03255949169397354,0.1974128931760788
-0.23580580949783325,0.004847963806241751,-0.107213594019413
-0.17978890240192413,-0.04410478100180626,0.86831134557724
-0.042664170265197754,-0.032119207084178925,-0.6055715084075928
0.19283738732337952,0.042135316878557205,-0.22912399470806122
0.0900283232331276,0.042660973966121674,-0.6755281090736389
0.27497798204421997,-0.004319531377404928,0.3350757360458374
0.03569700941443443,0.037788473069667816,-0.32594072818756104
-0.23555850982666016,0.015725234523415565,0.38037633895874023
-0.2541021406650543,0.0022649504244327545,0.6706255078315735
-0.27925950288772583,0.0372847355902195,0.011127625592052937
-0.17470113933086395,-0.043664492666721344,0.192325159907341
-0.0018750729504972696,-0.028548000380396843,0.7870051264762878
0.18604008853435516,-0.012105749920010567,0.3549375534057617
0.06917832791805267,-0.02233506552875042,0.192325159907341
0.20120550692081451,-0.01078097801655531,-0.35656511783599854
0.3187130391597748,0.00023987771419342607,0.44621819257736206
-0.21540316939353943,0.010813597589731216,0.8965874910354614
-0.20953269302845,0.009913458488881588,-0.3413018584251404
0.08887649327516556,-0.009911901317536831,-0.030545081943273544
0.14595970511436462,0.036472827196121216,-0.48027119040489197
0.0925917774438858,0.03624258190393448,0.6446459293365479
0.003330089384689927,0.031066767871379852,-0.5984291434288025
-0.05276140198111534,-0.032999780029058456,0.7056989669799805
0.07447423785924911,-0.011174055747687817,-0.4324384331703186
0.2780110239982605,0.03919738903641701,-0.514089822769165
-0.32941171526908875,-0.010928081348538399,0.07211218774318695
-0.269509494304657,0.0010040195193141699,0.192325159907341
-0.23565636575222015,-0.04899685084819794,-0.8546757102012634
-0.027547677978873253,-0.030798347666859627,-0.6818878650665283
-0.16442780196666718,0.005676924716681242,0.5863324403762817
-0.11325675249099731,0.02111629769206047,-0.6736690998077393
-0.16188393533229828,0.014776174910366535,-0.7328632473945618
0.08006475120782852,-0.016047194600105286,-0.24109472334384918
-0.18399609625339508,-0.04447657987475395,0.01994817517697811
0.2031623274087906,0.03712315112352371,0.890325665473938
0.14103305339813232,0.035821858793497086,0.24946454167366028
-0.0625917837023735,-0.02316940762102604,-0.05195816606283188
0.3048020303249359,0.020545491948723793,0.8608004450798035
0.32591331005096436,0.04506266862154007,-0.2308681160211563
0.2672484815120697,-0.005006377585232258,0.6395581364631653
-0.04853922873735428,0.02963811159133911,0.4152478277683258
-0.06486251950263977,0.0163533054292202,-0.25326165556907654
-0.16462349891662598,-0.04278391972184181,-0.4378713071346283
0.24699530005455017,-0.006771436892449856,0.09068752080202103
0.28779518604278564,-0.003203160595148802,-0.7682817578315735
-0.0477127842605114,-0.03255949169397354,-0.4429590404033661
0.3392256200313568,0.06108827143907547,-0.11898283660411835
0.18403702974319458,0.04309416189789772,0.4694582521915436
0.19631342589855194,0.04856080934405327,0.7210600972175598
0.3170210123062134,-0.016673818230628967,0.19851787388324738
-0.03729267790913582,0.021008674055337906,-0.38474342226982117
0.3141777515411377,0.04229439049959183,0.5609570145606995
-0.20953269302845,0.009903673082590103,-0.046544842422008514
0.27155348658561707,-0.004626753274351358,-0.6661353707313538
-0.0173552967607975,0.016667203977704048,0.25470179319381714
-0.18399609625339508,-0.04447657987475395,-0.5391371846199036
0.20179256796836853,0.033356260508298874,-0.9105432033538818
-0.25263455510139465,-0.01756652444601059,0.9204146265983582
0.2527679204940796,0.036995962262153625,-0.45822232961654663
0.19636504352092743,-0.0005103214061819017,0.16654124855995178
-0.22381751239299774,0.016537319868803024,-0.48855316638946533
0.20736952126026154,0.03745581582188606,-0.006390731316059828
-0.2563008964061737,-0.050806913524866104,0.10084345191717148
-0.21230682730674744,0.011669391766190529,0.25869616866111755
-0.2506260871887207,-0.007042457349598408,-0.2752588987350464
0.2032085657119751,0.042986541986465454,-0.3736357092857361
-0.2612907886505127,-0.05124720185995102,-0.3820038437843323
0.16566038131713867,-0.010256889276206493,-0.45672598481178284
-0.10366829484701157,-0.03745156526565552,0.8937501311302185
0.21040262281894684,0.03759279474616051,-0.14992408454418182
-0.11374595016241074,-0.03833214193582535,-0.8088858723640442
-0.3107006847858429,-0.049534980207681656,-0.1379874348640442
0.09213191270828247,0.036086034029722214,0.4312538802623749
-0.26872673630714417,0.005941096693277359,-0.7784572243690491
0.021940503269433975,0.016018763184547424,0.6853479743003845
0.15815529227256775,-0.01454689260572195,-0.6864863038063049
-0.1595357358455658,-0.042343635112047195,0.2888946235179901
0.09870685636997223,-0.019742270931601524,0.4671616852283478
0.27497798204421997,-0.004319531377404928,0.4875126779079437
0.023339632898569107,-0.026346564292907715,0.451507031917572
0.15815529227256775,-0.01454689260572195,0.7823087573051453
0.27155348658561707,-0.004626753274351358,-0.22399000823497772
0.2678355276584625,0.03896256536245346,-0.585318386554718
0.03342708945274353,-0.02545621059834957,-0.4683978259563446
0.22204573452472687,0.03462819382548332,-0.5497041344642639
-0.022048993036150932,0.03078302927315235,0.6264474391937256
-0.022088130936026573,0.02802390046417713,-0.7325696349143982
-0.04192057624459267,0.022495228797197342,0.04056335985660553
-0.2910291850566864,-0.05212777853012085,-0.10685867816209793
0.07958865165710449,0.03590992093086243,0.7653822302818298
-0.198280930519104,-0.0017423887038603425,-0.15794707834720612
-0.27247342467308044,-0.048585280776023865,0.3905518352985382
-0.022188661620020866,0.023702001199126244,-0.8499330878257751
0.18105019629001617,-0.012547015212476254,-0.5090020895004272
-0.1319444626569748,0.010461369529366493,0.7157766222953796
0.24914780259132385,0.036633946001529694,0.7513909339904785
0.06917832791805267,-0.0026743283960968256,-0.07703222334384918
-0.13644516468048096,0.009688423946499825,-0.22966481745243073
0.2672484815120697,-0.005006377585232258,0.2583681344985962
0.33159399032592773,-0.025026831775903702,-0.9430902004241943
0.2828052341938019,-0.0036444258876144886,-0.33112633228302
-0.011705441400408745,-0.03837836906313896,-0.880361795425415
0.302960604429245,-0.0018793666968122125,-0.6055715084075928
0.31245118379592896,0.04256313666701317,-0.7483221292495728
0.28580379486083984,-0.0012117699952796102,-0.4805647134780884
0.12997698783874512,0.024178732186555862,0.1233469545841217
0.20766302943229675,0.034999996423721313,-0.4938366115093231
-0.07539752125740051,0.028082607313990593,0.6780098080635071
-0.11189235001802444,-0.039887815713882446,-0.28944048285484314
-0.10797331482172012,0.00604872265830636,0.005433402489870787
0.21720527112483978,0.044575974345207214,-0.24507750570774078
0.008205528371036053,-0.027667425572872162,0.5836907625198364
0.13017266988754272,-0.017002712935209274,-0.1685139387845993
-0.1953456699848175,-0.04547456279397011,-0.7733694314956665
-0.08850287646055222,-0.03613070771098137,0.6446459293365479
0.15032796561717987,-0.015233738347887993,-0.28543442487716675
0.06838106364011765,-0.048111531883478165,-0.2244047224521637
0.2785002589225769,-0.004012309480458498,0.14702457189559937
-0.07967758178710938,0.019237743690609932,-0.8237578272819519
-0.17416571080684662,-0.03464621305465698,0.5126063227653503
-0.11873587220907211,-0.038772426545619965,-0.4683978259563446
-0.13279633224010468,-0.009942818433046341,-0.9185948967933655
0.242298886179924,0.040792204439640045,0.48203352093696594
0.24914780259132385,0.036633946001529694,0.6700847148895264
0.2641521096229553,-0.003456252161413431,0.026596814393997192
0.15968619287014008,-0.01224827952682972,0.47534576058387756
0.0036999299190938473,0.013034597970545292,0.18254099786281586
0.1101151630282402,0.025333262979984283,-0.5751428008079529
-0.14945808053016663,-0.041463058441877365,-0.32603856921195984
0.12009499222040176,-0.017883285880088806,-0.7275797724723816
-0.020764749497175217,-0.03907761350274086,0.11885793507099152
0.059081099927425385,-0.02321563847362995,0.6904357075691223
-0.25383153557777405,-0.002978761913254857,0.4882262647151947
0.16588476300239563,-0.01387080829590559,0.27871912717819214
0.16232840716838837,0.06919081509113312,-0.38640135526657104
-0.19104066491127014,-0.045092981308698654,-0.259604275226593
-0.13938041031360626,-0.04058248549699783,0.14663322269916534
0.16608044505119324,0.029579579830169678,-0.656449019908905
0.22683995962142944,-0.008537475019693375,-0.7784572243690491
-0.04169993847608566,0.011044017039239407,-0.2072645127773285
-0.1957886517047882,-0.01137707568705082,0.15470245480537415
-0.1625688225030899,0.02224147506058216,0.5331067442893982
0.06917832791805267,-0.02233506552875042,0.3194211423397064
0.10820519924163818,-0.029954222962260246,0.8323519825935364
-0.2119787186384201,-0.0009782473789528012,-0.3967778980731964
0.3088826835155487,0.010070248506963253,-0.8443560600280762
0.14626488089561462,0.021833233535289764,0.40546995401382446
0.13007482886314392,0.02687915414571762,0.5480765104293823
-0.04851005598902702,-0.05037039518356323,-0.1670176237821579
-0.20033560693264008,-0.045914847403764725,-0.5953960418701172
-0.2506260871887207,0.01407171692699194,0.5735152363777161
-0.22733981907367706,0.016576457768678665,-0.6513612270355225
0.14524024724960327,-0.015675004571676254,0.1617986261844635
0.2784256637096405,0.062420181930065155,0.9516381025314331
0.09529488533735275,0.03447874262928963,0.9181643128395081
0.05419880896806717,0.021082544699311256,-0.19963286817073822
0.016392895951867104,0.031076550483703613,0.5379010438919067
0.21304431557655334,0.03432488441467285,0.18723739683628082
-0.13938041031360626,-0.04058248549699783,-0.08720773458480835
0.19318252801895142,0.03174187242984772,-0.7733694314956665
0.04410158470273018,0.03986271470785141,0.34485989809036255
-0.19426943361759186,0.0062248362228274345,0.7819173336029053
-0.2727382481098175,-0.019585726782679558,-0.33112633228302
0.033505361527204514,0.03372805193066597,-0.6511656045913696
-0.057543158531188965,-0.022729123011231422,-0.010628486052155495
-0.17470113933086395,-0.043664492666721344,0.3905518352985382
-0.30221182107925415,-0.07709215581417084,-0.8862094283103943
0.21558818221092224,-0.009516865946352482,-0.6407944560050964
-0.24847355484962463,-0.05012202635407448,0.2994615137577057
0.08848243951797485,0.044079676270484924,-0.14816294610500336
0.2769060432910919,0.04273988679051399,-0.28941720724105835
0.23349317908287048,0.039647459983825684,-0.06177874654531479
0.19680264592170715,0.03210388869047165,-0.5954937934875488
-0.0929742306470871,0.028190234676003456,0.21766605973243713
0.13027051091194153,0.026233403012156487,-0.8190613985061646
0.3178270757198334,0.06583421677350998,0.04560757055878639
-0.09838486462831497,0.006058506201952696,0.31570321321487427
0.26866990327835083,0.00581806106492877,-0.4371348023414612
0.029033366590738297,0.05114886164665222,-0.44401201605796814
0.175962433218956,-0.012988278642296791,-0.036379117518663406
-0.17944376170635223,-0.03339384123682976,-0.0512874536216259
-0.006932495627552271,-0.02898828499019146,0.8428726196289062
-0.04267395660281181,0.023190535604953766,-0.5090020895004272
-0.04385783523321152,0.01593070477247238,0.38037633895874023
0.1752541959285736,0.07272224873304367,0.5580329895019531
0.2729232609272003,0.03875710815191269,0.8123461008071899
0.049250729382038116,-0.013385270722210407,0.23327447474002838
-0.1595357358455658,-0.042343635112047195,-0.8800166249275208
-0.10865820944309235,-0.03789185360074043,0.27363136410713196
0.32561981678009033,-0.019107451662421227,-0.02930976077914238
0.21314215660095215,0.03434445708990097,0.34476205706596375
0.07955929636955261,0.03812113404273987,-0.7322760820388794
-0.14407679438591003,0.010617916472256184,0.346621036529541
0.25550752878189087,0.04176083579659462,0.38595330715179443
-0.10846251994371414,0.005716060753911734,-0.4429590404033661
0.13017266988754272,-0.017002712935209274,-0.21489614248275757
-0.2612907886505127,-0.05124720185995102,0.8123461008071899
-0.09858053177595139,-0.0370112806558609,0.47185805439949036
0.03392608091235161,0.03683941066265106,0.7975720763206482
0.07166017591953278,0.028387967497110367,0.02623164653778076
0.2986214756965637,-0.027963053435087204,0.593152642250061
0.018291017040610313,-0.02678684890270233,0.8987400531768799
0.29307860136032104,0.040528032928705215,-0.4074425995349884
-0.24893403053283691,-0.045826155692338943,0.5547584295272827
-0.30624622106552124,-0.0008987518958747387,-0.5493589639663696
0.02902216464281082,0.020707419142127037,0.2514388859272003
0.14083737134933472,0.02720203436911106,-0.8851043581962585
-0.3235641419887543,-0.024742208421230316,0.4162379205226898
0.09870685636997223,-0.019742270931601524,0.08602047711610794
0.019425978884100914,0.01726134493947029,-0.12409394234418869
0.1099194809794426,-0.01876385509967804,-0.5497041344642639
0.3362903594970703,0.07018879055976868,0.34925737977027893
0.11500724405050278,-0.018323570489883423,-0.8952798843383789
-0.1350753903388977,-0.040200911462306976,-0.6813985705375671
-0.32158440351486206,-0.07058443874120712,-0.6955567598342896
-0.20767369866371155,0.005530162248760462,0.675074577331543
0.02307276986539364,-0.017396770417690277,-0.7882875800132751
-0.07273084670305252,0.008846987038850784,-0.32104867696762085
0.2785002589225769,-0.004012309480458498,-0.5493127107620239
0.0540422722697258,-0.023655928671360016,0.4922090470790863
-0.3131467401981354,0.007191997487097979,-0.813283383846283
0.11899001151323318,-0.018323570489883423,0.8886623978614807
0.27155348658561707,-0.004626753274351358,-0.10198178142309189
0.16109055280685425,0.029295841231942177,-0.2650834023952484
0.31000515818595886,0.04228917881846428,0.6548213958740234
0.10561446100473404,0.021047810092568398,-0.10247097909450531
0.10561446100473404,0.021047810092568398,0.1668863743543625
0.023339632898569107,-0.026346564292907715,0.2838068902492523
0.2254185676574707,0.00031350328936241567,-0.20339171588420868
-0.14412839710712433,0.013027505949139595,0.24344994127750397
-0.2255786806344986,-0.048116277903318405,-0.5090020895004272
-0.27420589327812195,-0.02486916072666645,-0.0008020297973416746
0.2169579714536667,0.034187909215688705,-0.4074425995349884
0.06091324985027313,0.028804104775190353,-0.034703511744737625
-0.014691317453980446,-0.029663387686014175,-0.5544004440307617
0.12987911701202393,0.02637038193643093,-0.6204433441162109
-0.3137337863445282,0.008732657879590988,0.15740114450454712
0.25149598717689514,0.04140860587358475,0.263945072889328
0.05606049671769142,0.03207722678780556,0.24853773415088654
-0.21041327714920044,0.013621647842228413,0.3380109965801239
-0.3059064745903015,-0.05490647628903389,0.5023612380027771
0.0936288982629776,0.03256373852491379,0.5904418230056763
0.29307860136032104,0.040850911289453506,-0.6919654607772827
0.13809780776500702,0.0329551063477993,0.8358280062675476
-0.2720533609390259,-0.015294400975108147,0.7466945648193359
-0.17470113933086395,-0.043664492666721344,0.6242949366569519
0.3088826835155487,0.010070248506963253,0.35577192902565
-0.07916881144046783,-0.0353088416159153,-0.508610725402832
0.2722383737564087,0.0429251454770565,0.521757185459137
-0.2814461290836334,-0.05300834774971008,0.6853479743003845
-0.3106028735637665,-0.011866037733852863,0.263455867767334
-0.13155309855937958,-0.039887815713882446,-0.595004677772522
0.15815529227256775,-0.01454689260572195,-0.7576170563697815
-0.015437993220984936,-0.011989467777311802,0.06350241601467133
0.26274776458740234,0.03852228447794914,-0.8241491913795471
-0.27161577343940735,-0.043177977204322815,-0.25456276535987854
-0.2612907886505127,-0.05124720185995102,0.451507031917572
0.19611775875091553,-0.011223221197724342,0.40581509470939636
-0.06749632954597473,0.018533285707235336,0.16659285128116608
-0.006932495627552271,-0.02898828499019146,0.6751724481582642
0.18175840377807617,0.05395691096782684,0.931977391242981
-0.031090175732970238,0.033918995410203934,-0.9265603423118591
0.3327276408672333,0.0603850893676281,0.2370099425315857
0.23217500746250153,0.002617668593302369,-0.39183422923088074
-0.057543158531188965,-0.022729123011231422,0.3552827537059784
-0.23226645588874817,-0.00560744246467948,0.07190655171871185
0.29307860136032104,0.04540053382515907,-0.08211997896432877
-0.3134402632713318,-0.018744289875030518,-0.39217936992645264
0.18604008853435516,-0.012105749920010567,0.6955234408378601
-0.269509494304657,0.0010040195193141699,-0.671712338924408
-0.2852960526943207,-0.029472457244992256,0.3508973717689514
-0.3111898899078369,-0.04439830780029297,0.5938662886619568
0.18604008853435516,-0.012105749920010567,0.8835746645927429
-0.10841090232133865,-0.027180906385183334,0.014775055460631847
-0.0018750729504972696,-0.028548000380396843,-0.15833842754364014
-0.19104066491127014,-0.045092981308698654,0.32490023970603943
0.1266503781080246,0.025118011981248856,0.688772439956665
-0.31292232871055603,-0.07675948739051819,0.07138403505086899
-0.3328074514865875,0.011174780316650867,-0.49204134941101074
0.27155348658561707,-0.004626753274351358,0.8432639837265015
-0.2812504768371582,-0.030563529580831528,-0.6208347678184509
-0.2724447250366211,-0.01933133415877819,-0.8187679052352905
0.3079504668712616,-0.0014381022192537785,0.7615664005279541
-0.3064935505390167,-0.01128192525357008,0.8276093602180481
0.28381240367889404,-0.018880141898989677,0.9201960563659668
0.12000252306461334,0.04780742898583412,-0.21361345052719116
0.19112785160541534,-0.011664483696222305,-0.5649673342704773
-0.0561271496117115,0.015314302407205105,0.7730138301849365
0.16613204777240753,-0.003157909493893385,0.5129052400588989
0.09765017032623291,0.020910831168293953,0.8632236123085022
-0.12871569395065308,0.004111462738364935,-0.5649673342704773
0.1101151630282402,0.02516692876815796,-0.4023548662662506
-0.00981360673904419,0.03728490695357323,0.43425238132476807
-0.2449512630701065,-0.049808938056230545,-0.5797414183616638
0.010090930387377739,0.017926670610904694,0.10299594700336456
0.13574962317943573,0.02746620774269104,-0.06645556539297104
-0.1673971265554428,-0.0687364935874939,-0.9152395725250244
-0.22563029825687408,0.00572853721678257,0.7357825040817261
-0.131846621632576,0.010510290041565895,-0.6259225606918335
0.12533220648765564,-0.006722272373735905,0.5782578587532043
0.0643351823091507,0.020676013082265854,-0.5649673342704773
-0.04206733778119087,0.03231913596391678,-0.17360170185565948
0.25707295536994934,-0.00588988559320569,-0.7275797724723816
0.016872316598892212,0.017104798927903175,-0.5551831722259521
-0.1955929845571518,-0.05618549883365631,-0.42226290702819824
-0.10366829484701157,-0.037451568990945816,0.15740114450454712
0.010193664580583572,0.03683941066265106,-0.8394124507904053
-0.14446815848350525,-0.04102277383208275,-0.514089822769165
0.3147302567958832,0.004222659859806299,-0.5176811814308167
-0.01193219143897295,0.021233707666397095,0.7173420786857605
0.03066795878112316,0.016361204907298088,0.7463032007217407
0.07421715557575226,-0.021894780918955803,-0.37691614031791687
-0.08346404880285263,-0.035690419375896454,-0.35656511783599854
-0.27146631479263306,-0.01168796606361866,0.14702457189559937
-0.1457401067018509,0.004013621713966131,0.044790107756853104
-0.21102362871170044,-0.029796600341796875,0.04162479192018509
0.19465014338493347,0.05105576664209366,0.8400352597236633
-0.12274736911058426,0.007535910699516535,0.5633397102355957
-0.05276140198111534,-0.032999780029058456,-0.2345568984746933
0.0419345423579216,-0.05043037608265877,-0.24143987894058228
-0.091814324259758,-0.034692443907260895,0.0860302522778511
0.030981048941612244,0.016273148357868195,-0.7530185580253601
0.07977454364299774,0.03731883689761162,-0.8082988858222961
0.12019282579421997,0.02605728805065155,0.02460542507469654
-0.14945808053016663,-0.041463058441877365,-0.7682817578315735
-0.18751837313175201,-0.04477988928556442,-0.6763107776641846
0.07339591532945633,0.013162429444491863,-0.8867964744567871
-0.13155309855937958,0.010617916472256184,0.47694578766822815
0.0031647372525185347,-0.028107712045311928,-0.32095083594322205
-0.22449705004692078,0.03806683048605919,-0.8743364214897156
-0.10865820944309235,-0.03789185360074043,0.7717418670654297
-0.32025501132011414,-0.07798250019550323,-0.8070906400680542
-0.225382998585701,-0.004784278105944395,-0.5942219495773315
-0.06790725886821747,-0.0343206413090229,0.588778555393219
-0.0625917837023735,-0.02316940762102604,0.2530330717563629
-0.0477127842605114,-0.03255949169397354,-0.7834472060203552
-0.057800233364105225,-0.03344006463885307,-0.8750267624855042
0.059081099927425385,-0.02321563847362995,-0.7021409869194031
-0.0676039531826973,0.011919206008315086,0.5437714457511902
-0.3007725179195404,-0.02169543132185936,0.8635687232017517
-0.21550101041793823,-0.04723570868372917,0.21776391565799713
-0.16462349891662598,-0.04278391972184181,0.24320267140865326
0.3366817235946655,-0.02463938109576702,0.5469714999198914
0.031382203102111816,0.021155433729290962,0.4261660873889923
-0.27645620703697205,-0.03290732577443123,-0.17937970161437988
-0.2563008964061737,-0.050806913524866104,-0.4276958107948303
0.19611775875091553,-0.011223221197724342,-0.28543442487716675
-0.13378013670444489,-0.061123792082071304,0.9398567080497742
-0.2199038863182068,0.01676235720515251,0.47694578766822815
0.0283882487565279,-0.025896495208144188,-0.6055715084075928
-0.11902939528226852,0.009473172016441822,0.4007273316383362
0.16588476300239563,-0.01387080829590559,-0.09738322347402573
-0.20542335510253906,-0.04635513573884964,0.7615664005279541
-0.2612907886505127,-0.05124720185995102,-0.4785733222961426
0.14524024724960327,-0.015675004571676254,0.37528860569000244
-0.09858053177595139,-0.0370112806558609,0.8326971530914307
0.10121160745620728,0.018259329721331596,0.2195250540971756
0.3392256200313568,0.06877009570598602,0.10385319590568542
-0.20672936737537384,-0.000969784043263644,-0.9313088059425354
-0.3131467401981354,-0.012468741275370121,0.5158525109291077
0.23349317908287048,0.039970338344573975,0.4312538802623749
-0.05544225871562958,0.015519769862294197,-0.09228570014238358
-0.12861785292625427,0.006958646234124899,0.13097858428955078
-0.13938041031360626,-0.04058248549699783,0.10084345191717148
-0.1857859492301941,-0.018472928553819656,-0.4423082768917084
-0.16831813752651215,-0.06015453115105629,-0.14887654781341553
-0.2563008964061737,-0.050806913524866104,0.24320267140865326
-0.25199583172798157,-0.05042533576488495,0.7670455574989319
-0.04150964319705963,0.030342744663357735,-0.6106591820716858
0.0961238443851471,0.025372399017214775,0.48203352093696594
0.1372172236442566,0.03657524287700653,0.08052179217338562
0.02011086791753769,0.020382488146424294,-0.3718283772468567
-0.1279616802930832,0.006449234206229448,-0.10136599838733673
-0.08511298149824142,-0.010869353078305721,0.928449273109436
-0.27645620703697205,-0.05256805941462517,-0.3006976246833801
-0.0926780104637146,0.01892734132707119,0.47729089856147766
0.3029089570045471,0.05523090064525604,0.02427985705435276
-0.2727382481098175,-0.019585726782679558,0.6497336626052856
-0.12274736911058426,0.007545695640146732,-0.8495879173278809
-0.2727382481098175,-0.019566155970096588,-0.12790977954864502
0.0580250509083271,-0.03933388739824295,-0.01715264655649662
0.17107035219669342,0.030880868434906006,0.6304588913917542
0.12412937730550766,0.03798210248351097,0.3658154606819153
-0.20796722173690796,0.005422537215054035,0.4210783541202545
0.21128316223621368,-0.009899426251649857,-0.8597634434700012
-0.23047074675559998,-0.004509343765676022,-0.821800947189331
-0.184335857629776,-0.009891842491924763,0.9143484234809875
-0.27136847376823425,-0.05212777480483055,-0.5395286083221436
-0.08284764736890793,0.007956629619002342,-0.534440815448761
-0.2916216254234314,-0.053898703306913376,0.7310398817062378
0.2728254497051239,0.039402853697538376,-0.6513612270355225
0.2226327657699585,-0.008903400972485542,-0.24434103071689606
0.23192772269248962,-0.008095230907201767,0.5989540219306946
0.0491306371986866,0.04030299931764603,0.6599091291427612
-0.20473845303058624,-0.0030309599824249744,-0.2599956691265106
0.21786725521087646,0.038894716650247574,0.09467028826475143
-0.06794910132884979,0.018227286636829376,-0.9058005213737488
-0.2852794826030731,-0.005839399993419647,0.42001962661743164
-0.07613635808229446,-0.030709655955433846,0.4407157599925995
0.0540422722697258,-0.023655928671360016,-0.8037981986999512
-0.20679312944412231,0.0018914411775767803,0.5751785635948181
-0.27136847376823425,-0.05212777480483055,-0.6615367531776428
-0.1927039623260498,0.015646962448954582,0.6344704627990723
0.057089708745479584,-0.0212242491543293,-0.5060035586357117
-0.2092391699552536,0.00998194795101881,-0.5294508934020996
0.04907193034887314,0.021791404113173485,0.004981375299394131
0.2981663644313812,0.04096831753849983,-0.36165285110473633
0.027967533096671104,0.013367258943617344,0.8840638399124146
-0.30150359869003296,-0.01084261853247881,-0.026874316856265068
0.14698386192321777,0.030379826202988625,-0.93639075756073
-0.14662067592144012,-0.00048610512749291956,-0.46340787410736084
-0.09355149418115616,-0.036570992320775986,-0.07703222334384918
-0.2963642477989197,-0.04361826553940773,0.0395333357155323
-0.26461735367774963,0.013005245476961136,-0.514089822769165
-0.07916881144046783,-0.0353088416159153,-0.2697798013687134
0.10571230202913284,-0.01912587136030197,-0.2900329530239105
-0.2306664139032364,-0.04855656251311302,0.847960352897644
0.3168540596961975,0.03166360408067703,0.4565947949886322
0.12009499222040176,-0.017883285880088806,0.7615664005279541
-0.1597830206155777,0.01178491860628128,0.16213838756084442
0.29288291931152344,-0.002761896001175046,0.060190338641405106
0.09106544405221939,0.039921414107084274,-0.05736609920859337
0.08934344351291656,-0.020564138889312744,0.36511310935020447
0.25267013907432556,0.03731883689761162,-0.7072287201881409
0.12009499222040176,-0.017883285880088806,0.6700847148895264
0.1402503103017807,-0.016112355515360832,-0.8597634434700012
0.038218624889850616,-0.01606612652540207,-0.12247685343027115
0.1757151335477829,-0.004040439613163471,-0.32129597663879395
-0.06806650757789612,0.020013384521007538,-0.7584514021873474
-0.08850287646055222,-0.03613070771098137,-0.5953960418701172
-0.11902939528226852,0.009619935415685177,-0.7339393496513367
0.15081721544265747,0.02988288551568985,0.7878857254981995
0.03919973224401474,0.03958876058459282,0.5735152363777161
0.19885732233524323,0.04092917963862419,0.3046470880508423
-0.21970820426940918,0.017143934965133667,-0.00537513755261898
-0.05490412935614586,-0.00464240787550807,-0.4785733222961426
0.18090073764324188,0.041127562522888184,0.5071271657943726
-0.148773193359375,0.006410735193639994,0.19614094495773315
0.34049755334854126,0.05751705914735794,-0.07018835842609406
-0.04752688854932785,0.0082012340426445,0.8534395098686218
-0.06778985261917114,0.030401447787880898,0.6446459293365479
0.1099194809794426,-0.01876385509967804,-0.11773424595594406
-0.20542335510253906,-0.04635513573884964,0.710786759853363
0.10571230202913284,-0.01912587136030197,0.2943737506866455
-0.12803082168102264,-0.039584506303071976,-0.38151466846466064
0.32286858558654785,-0.010826228186488152,0.30450305342674255
0.05918872728943825,0.018572421744465828,-0.39002686738967896
-0.10790957510471344,-0.06353133916854858,-0.18338583409786224
0.33478236198425293,-0.013255237601697445,-0.6846910715103149
-0.15767675638198853,-0.0022159412037581205,0.42743802070617676
-0.001738095423206687,0.02437441796064377,0.33918511867523193
-0.2719555199146271,-0.01573077216744423,0.79131019115448
0.2729232609272003,0.0439622662961483,0.1668863743543625
-0.2720533609390259,-0.01576012372970581,-0.7378530502319336
-0.23056858777999878,0.015783941373229027,0.2939823865890503
-0.24563618004322052,0.014512003399431705,-0.41752028465270996
0.3065466284751892,0.059953950345516205,-0.9392743110656738
-0.20190106332302094,-0.0023949909955263138,-0.7102618217468262
-0.2966115176677704,-0.010473755188286304,-0.7021409869194031
0.043974392116069794,0.028063036501407623,0.3854641020298004
-0.2812504768371582,-0.03040698543190956,0.8987400531768799
-0.14446815848350525,-0.04102277383208275,0.5582520365715027
-0.2257281243801117,0.005894865840673447,-0.17903459072113037
-0.0271660964936018,0.005735629238188267,0.9012839198112488
0.22683995962142944,-0.008537475019693375,0.34476205706596375
0.023339632898569107,-0.026346564292907715,0.6446459293365479
0.021637193858623505,0.01591113954782486,-0.20921596884727478
0.2981663644313812,0.04617348313331604,0.2838068902492523
0.29944369196891785,0.0024227190297096968,-0.4673161506652832
-0.159437894821167,0.0001547560968901962,-0.3833736479282379
-0.27161577343940735,-0.043177977204322815,0.1919800043106079
-0.044278550893068314,0.011019065976142883,-0.6920633316040039
0.21245726943016052,0.03409985452890396,-0.31596094369888306
-0.28134825825691223,-0.009260522201657295,-0.5792522430419922
-0.10308124870061874,0.026986781507730484,-0.17868945002555847
-0.016882967203855515,0.03485322743654251,0.8073561787605286
-0.03762533888220787,-0.03167892247438431,0.1567108929157257
-0.2306664139032364,-0.04855656251311302,-0.17868945002555847
0.07261256128549576,0.02227082848548889,-0.3135148882865906
-0.005150803364813328,0.012799778953194618,-0.4688870310783386
0.0021077089477330446,-0.032530780881643295,0.09619975835084915
0.1644633710384369,-0.005022766999900341,0.0094559071585536
-0.14407679438591003,0.013063950464129448,-0.8852022290229797
0.04909149557352066,0.03570444881916046,0.08418106287717819
-0.03170324116945267,0.003624947275966406,-0.2749137580394745
-0.16961339116096497,0.02112608402967453,0.8733991384506226
0.0540422722697258,-0.023655928671360016,-0.8699389100074768
0.32362842559814453,-0.017116060480475426,-0.1289168894290924
0.11500724405050278,-0.018323570489883423,-0.7834472060203552
-0.26089945435523987,-0.01742342859506607,-0.8901921510696411
-0.30150359869003296,-0.01084261853247881,0.22285166382789612
-0.3097510039806366,-0.030588820576667786,-0.21091334521770477
0.06059747189283371,0.037250176072120667,-0.9009255170822144
0.22703564167022705,0.03540114313364029,0.5633397102355957
0.2032085657119751,0.042996328324079514,0.1643887460231781
-0.15894868969917297,0.022583920508623123,-0.7835449576377869
0.10698424279689789,0.02386564202606678,0.7310398817062378
0.15463300049304962,-0.01485313568264246,-0.5848291516304016
0.12528060376644135,0.02584203891456127,-0.7072287201881409
0.2780110239982605,0.0439133495092392,-0.17868945002555847
0.23212340474128723,0.03518588840961456,0.817433774471283
0.09588193148374557,-0.009295500814914703,-0.4676612913608551
0.048983871936798096,-0.024096213281154633,0.14154547452926636
0.2421032041311264,0.03601754084229469,-0.8597634434700012
0.20179256796836853,0.03303338214755058,-0.722491979598999
-0.2449512630701065,-0.049808938056230545,0.6552128195762634
-0.17170214653015137,-0.06911808252334595,0.1606936752796173
0.14825628697872162,0.0434853658080101,-0.44969305396080017
0.2531130909919739,0.051992353051900864,-0.22472652792930603
0.07421715557575226,-0.021894780918955803,-0.6462734937667847
0.14832493662834167,-0.004716522991657257,0.08060715347528458
-0.18399609625339508,-0.04447657987475395,-0.4933473467826843
-0.225066140294075,-0.06910766661167145,-0.266188383102417
-0.09355149418115616,-0.036570992320775986,-0.6970531940460205
-0.27146631479263306,-0.011686008423566818,0.6095208525657654
0.0540422722697258,-0.023655928671360016,0.7361276745796204
-0.0879158228635788,0.028307639062404633,0.8530480861663818
0.1351625621318817,-0.016552643850445747,-0.8190613985061646
0.19112785160541534,-0.011664483696222305,0.8072583079338074
0.28779518604278564,-0.003203160595148802,-0.28543442487716675
0.1351625621318817,-0.016552643850445747,0.20758840441703796
-0.02249906398355961,-0.0303482785820961,0.5277254581451416
-0.006932495627552271,-0.02898828499019146,0.1974128931760788
-0.3137337863445282,-0.014910862781107426,0.30415788292884827
-0.007162912283092737,0.01046675257384777,-0.017931615933775902
-0.3131467401981354,-0.012468741275370121,-0.35147735476493835
0.059130024164915085,0.041633639484643936,-0.17868945002555847
0.19112785160541534,-0.011664483696222305,0.44641929864883423
0.2828052341938019,-0.0036444258876144886,0.8835746645927429
-0.07766204327344894,0.003599751740694046,-0.6637871265411377
0.048983871936798096,-0.024096213281154633,0.588778555393219
-0.23096533119678497,-0.00525636225938797,-0.35597264766693115
-0.08290257304906845,-0.0330284982919693,0.7416301369667053
-0.08669550716876984,0.020204318687319756,-0.4059925079345703
0.0540422722697258,-0.023655928671360016,0.817433774471283
-0.03714592009782791,0.026155130937695503,-0.1298666000366211
-0.011178812012076378,-0.029360082000494003,-0.07153353095054626
-0.20319631695747375,-0.048762671649456024,-0.31986916065216064
-0.10865820944309235,-0.03789185360074043,0.31433340907096863
-0.05276140198111534,-0.032999780029058456,0.6649969816207886
0.3058495819568634,0.030443275347352028,0.7048645615577698
-0.14388112723827362,0.023738447576761246,0.8326971530914307
0.25707295536994934,-0.00588988559320569,0.7463032007217407
0.24699530005455017,-0.006771436892449856,0.44133153557777405
0.023339632898569107,-0.026346564292907715,-0.3718283772468567
0.17273366451263428,0.028141310438513756,-0.16156719624996185
-0.06271188706159592,0.015666533261537552,0.2415393888950348
0.062368568032979965,0.04175104945898056,-0.48366105556488037
-0.23056858777999878,0.015783941373229027,0.8124439120292664
0.28779518604278564,-0.003203160595148802,0.4007273316383362
0.3286125361919403,0.05630778893828392,-0.2628101408481598
-0.27420589327812195,-0.02486916072666645,-0.1685139387845993
0.17715942859649658,0.038152534514665604,0.2017408311367035
0.18520575761795044,0.04214511066675186,-0.10761035978794098
-0.011178812012076378,-0.029360082000494003,-0.6306189298629761
0.1101151630282402,0.025176718831062317,-0.4989243447780609
0.2226327657699585,-0.008903400972485542,-0.8999762535095215
-0.11359649896621704,0.01609434373676777,-0.3054402470588684
0.2036515325307846,0.03727969899773598,0.6717479825019836
-0.27146631479263306,-0.011686988174915314,0.3605145514011383
0.23548457026481628,0.03765606880187988,0.22086025774478912
0.10561446100473404,0.02492232620716095,-0.3362140655517578
-0.16462349891662598,-0.04278391972184181,0.7006112337112427
-0.2697051763534546,-0.00802674051374197,0.07980754971504211
-0.14446815848350525,-0.04102277383208275,0.014439703896641731
0.2421032041311264,0.036340419203042984,-0.6259225606918335
0.2728254497051239,0.03907997906208038,-0.7784572243690491
0.29288291931152344,-0.002761896001175046,-0.8190613985061646
-0.12803082168102264,-0.039584506303071976,0.6400474309921265
-0.15777459740638733,0.001219270401634276,-0.3413018584251404
0.02041417546570301,0.020490113645792007,-0.07703222334384918
-0.33434420824050903,-0.02987423539161682,-0.5642770528793335
0.13643449544906616,0.03165381774306297,0.6497336626052856
0.19103001058101654,0.05318870767951012,-0.5334624648094177
0.1402503103017807,-0.016112355515360832,-0.5242652893066406
-0.13122549653053284,0.05077706277370453,0.9179806113243103
0.20189039409160614,0.032544177025556564,-0.6360980272293091
-0.11355027556419373,0.0011155587853863835,0.23909331858158112
-0.17450547218322754,0.001073975581675768,-0.06687629222869873
-0.23723933100700378,0.03025263175368309,-0.1472998857498169
-0.27146631479263306,-0.011686988174915314,0.2892859876155853
0.21957097947597504,-0.005534084513783455,0.05154052749276161
0.09870685636997223,-0.019742270931601524,0.6146085858345032
-0.10670138150453568,0.026624770835042,0.8123461008071899
-0.08161278069019318,0.02061999961733818,-0.06525006145238876
0.08382581174373627,0.03900107368826866,0.30883100628852844
-0.04385783523321152,0.01594049111008644,0.08051199465990067
-0.12803082168102264,-0.039584506303071976,0.8585272431373596
-0.2649742066860199,0.029891857877373695,0.5398923754692078
0.041048936545848846,0.018269112333655357,0.8313273787498474
-0.23213407397270203,0.014512003399431705,-0.7513552308082581
0.20103853940963745,0.037035729736089706,0.9456294775009155
0.16608044505119324,0.02941324934363365,-0.8343247175216675
0.2061954140663147,-0.010340691544115543,-0.3972671329975128
0.29288291931152344,-0.002761896001175046,0.7208644151687622
0.20159687101840973,0.0367807075381279,0.03698236122727394
-0.06284887343645096,-0.03388035297393799,-0.6615367531776428
-0.05037407577037811,0.007888141088187695,0.7327031493186951
-0.057800233364105225,-0.03344006463885307,-0.32603856921195984
0.27155348658561707,-0.004626753274351358,-0.18338583409786224
0.0153805548325181,0.01418391801416874,-0.2976013123989105
0.31528857350349426,0.04251421242952347,-0.8466527462005615
0.1459251195192337,0.027642322704195976,-0.7834472060203552
-0.057543158531188965,-0.022729123011231422,-0.14273005723953247
0.18520575761795044,0.0419885627925396,0.3301374912261963
-0.003155498532578349,0.005935886409133673,0.48461198806762695
-0.2870464026927948,-0.07487114518880844,0.9456294775009155
0.22683995962142944,-0.008537475019693375,-0.6818878650665283
0.14480264484882355,-0.005022766999900341,-0.20838163793087006
-0.20561902225017548,-0.0015467057237401605,-0.08890038728713989
-0.291714072227478,0.004362424835562706,-0.4882596433162689
0.09765017032623291,0.020910831168293953,-0.6411857604980469
-0.13898904621601105,-0.00223550945520401,-0.8151476979255676
-0.21555261313915253,-0.003615316702052951,-0.23841893672943115
0.21403439342975616,0.0014810693683102727,-0.02278168685734272
-0.0017801672220230103,0.011283237487077713,-0.8129952549934387
0.10223103314638138,-0.027962831780314445,0.6978599429130554
0.2980685234069824,0.04144774004817009,0.847960352897644
-0.10308124870061874,0.05063030123710632,-0.060012854635715485
-0.17969107627868652,-0.0024253218434751034,0.3547419011592865
-0.14686259627342224,0.013399302028119564,-0.4291118085384369
-0.13673867285251617,0.023396002128720284,0.29231908917427063
0.2421032041311264,0.03601754084229469,-0.9003676176071167
0.20010055601596832,-0.03486674278974533,-0.7490357756614685
-0.23754990100860596,0.013410970568656921,0.2299308031797409
-0.27146631479263306,-0.011703621596097946,-0.4069534242153168
0.20326018333435059,0.037191636860370636,0.6107928156852722
-0.16971124708652496,0.021781619638204575,0.7570656538009644
-0.12724807858467102,0.007467422168701887,0.6768357157707214
-0.07566608488559723,-0.035005535930395126,-0.5593903660774231
-0.0017742966301739216,0.016282932832837105,-0.660264790058136
0.3185518980026245,-0.0024275968316942453,-0.2927146255970001
-0.042145609855651855,0.005716060753911734,-0.8157348036766052
-0.011178812012076378,-0.029360082000494003,0.30963701009750366
0.1757667511701584,0.05167216807603836,0.4260682761669159
-0.09355149418115616,-0.036570992320775986,0.5176478028297424
0.0693935751914978,0.017936451360583305,0.4559098780155182
-0.011178812012076378,-0.029360082000494003,0.4875126779079437
-0.011178812012076378,-0.029360082000494003,-0.3967778980731964
-0.17460329830646515,0.02138047106564045,-0.005813465919345617
0.07009803503751755,0.022358883172273636,0.15289506316184998
-0.27645620703697205,-0.05256805941462517,-0.8394124507904053
-0.3177165687084198,-0.010928081348538399,-0.14926789700984955
0.05391238257288933,0.030022557824850082,-0.8549229502677917
-0.17792992293834686,-0.007178456988185644,0.5032651424407959
0.31000515818595886,0.06593269109725952,0.8062511086463928
0.09472408145666122,-0.03542023152112961,-0.20983172953128815
0.13379278779029846,0.026976997032761574,-0.3109709918498993
0.025487110018730164,0.059963732957839966,0.48272383213043213
-0.028952021151781082,0.031658392399549484,0.14972956478595734
0.03624492138624191,0.009434035047888756,-0.5872752070426941
-0.09323840588331223,0.021047810092568398,0.7737964987754822
0.3359968662261963,0.06620664894580841,-0.5032985210418701
-0.2812504768371582,-0.030563529580831528,0.3295966684818268
-0.20561902225017548,-0.001556489965878427,-0.4345446825027466
0.2672484815120697,-0.005006377585232258,-0.8901921510696411
-0.044591646641492844,0.011097338981926441,-0.7581062912940979
-0.23784340918064117,0.01233535073697567,0.16545331478118896
0.16598260402679443,0.050527423620224,-0.5039142966270447
0.2779131829738617,0.03919738903641701,0.614217221736908
-0.25199583172798157,-0.05042533576488495,0.34525129199028015
-0.04755624011158943,0.007995766587555408,0.47185805439949036
0.23535215854644775,0.038590773940086365,0.5254751443862915
0.018291017040610313,-0.02678684890270233,-0.7377552390098572
0.25267013907432556,0.03731883689761162,-0.41752028465270996
-0.1926061362028122,0.015284949913620949,-0.7538991570472717
0.08934344351291656,-0.020564138889312744,0.050024621188640594
-0.06767244637012482,0.008954612538218498,-0.4276958107948303
0.13643449544906616,0.03145813196897507,0.5117773413658142
-0.2720479667186737,0.036678116768598557,0.9145849347114563
0.002206527628004551,0.04047974944114685,0.3198358118534088
0.2785002589225769,-0.004012309014797211,-0.3724440932273865
0.018291017040610313,-0.02678684890270233,-0.6869755387306213
0.302960604429245,-0.0018793666968122125,0.23811490833759308
0.0917796939611435,0.00889590848237276,-0.23788349330425262
-0.21201281249523163,-0.07264036685228348,0.01776156574487686
0.2729232609272003,0.03875710815191269,-0.8800166249275208
0.18662714958190918,0.05281691253185272,0.7564787268638611
-0.03258650749921799,-0.031238636001944542,-0.18377721309661865
0.2369176298379898,-0.0076539660803973675,-0.32095083594322205
0.3187130391597748,0.00023987806343939155,-0.7881435751914978
0.2061954140663147,-0.010340691544115543,-0.4633100628852844
-0.25199583172798157,-0.05042533576488495,-0.34091049432754517
-0.1238236129283905,-0.03921271488070488,0.4007273316383362
0.1099194809794426,-0.01876385509967804,0.17197413742542267
0.12508490681648254,-0.01744299754500389,0.802268385887146
-0.26743730902671814,-0.019231785088777542,-0.24109472334384918
-0.08346404880285263,-0.035690419375896454,-0.04145708680152893
0.17107035219669342,0.030597127974033356,0.5523815155029297
-0.12861785292625427,0.003625190583989024,-0.2650834023952484
-0.1101258248090744,0.02664433978497982,0.6296761631965637
0.13746453821659088,0.04780473932623863,-0.3935028910636902
-0.09301336854696274,0.02852289192378521,0.5684275031089783
0.006705617066472769,0.03654589504003525,0.502384603023529
0.12508490681648254,-0.01744299754500389,-0.6259225606918335
-0.28226298093795776,-0.07058443874120712,-0.12562531232833862
0.04566704481840134,0.013063950464129448,-0.8180830478668213
-0.17959323525428772,0.0202944315969944,-0.6919654607772827
0.06718693673610687,-0.020343676209449768,-0.46021372079849243
