-0.8518292903900146,0.011500924825668335,0.32808592915534973
0.8678486943244934,-0.8918253183364868,-0.25702935457229614
0.9099925756454468,0.8415318131446838,0.8692870736122131
0.41080442070961,-0.27734148502349854,0.2790434956550598
0.7102367877960205,0.8661743998527527,-0.8889138102531433
-0.8229622840881348,-0.8919259309768677,-0.8652770519256592
0.9008395671844482,-0.36610373854637146,-0.25890886783599854
-0.573856770992279,-0.46981945633888245,0.21041077375411987
-0.47565293312072754,-0.2099100649356842,-0.8915289044380188
-0.05849508196115494,0.15519660711288452,0.5955389738082886
0.43685513734817505,0.2923256754875183,-0.24587343633174896
0.31962692737579346,-0.8944404721260071,-0.4281480014324188
-0.2457943558692932,0.8901128768920898,-0.8633660078048706
-0.8356356024742126,0.8756290674209595,0.8779371380805969
0.436287522315979,-0.014082759618759155,-0.5915288925170898
0.8852493762969971,0.05910500884056091,0.8917168974876404
0.21443969011306763,-0.29444044828414917,-0.1287156045436859
-0.8726497888565063,0.2598564624786377,0.8689853549003601
-0.25182926654815674,0.14268858730793,-0.5453259348869324
0.6106966137886047,0.441754549741745,-0.1020972728729248
-0.019429059699177742,-0.39166730642318726,-0.5915288925170898
0.24150493741035461,0.2923256754875183,-0.7406560182571411
0.43685513734817505,0.8920239210128784,0.861341118812561
-0.3188815712928772,-0.4307936728000641,0.5955389738082886
0.0331193208694458,0.2923256754875183,-0.06353853642940521
0.6972617506980896,-0.13182832300662994,0.8955389857292175
-0.3970337212085724,-0.5944404602050781,-0.15419872105121613
-0.873856782913208,-0.13182832300662994,-0.8188081979751587
-0.18872857093811035,-0.5944404602050781,0.24943655729293823
0.6071762442588806,0.26774778962135315,0.26804420351982117
-0.5702358484268188,-0.06620431691408157,0.15830932557582855
0.5958104729652405,-0.3263896405696869,-0.2584015727043152
-0.04493224620819092,0.8923256993293762,0.13272564113140106
-0.16314488649368286,-0.4833621382713318,0.8955389857292175
-0.07098299264907837,-0.5354635715484619,-0.8915289044380188
0.4758809208869934,0.5593994855880737,-0.2915288805961609
0.6045610904693604,0.12914590537548065,-0.2975279688835144
0.4883889853954315,-0.5944404602050781,0.5358938574790955
0.436287522315979,0.5923256874084473,0.24943655729293823
-0.5702358484268188,0.27237460017204285,0.39266520738601685
0.07121101021766663,-0.29444044828414917,-0.4933250844478607
0.16290584206581116,-0.5944404602050781,0.1973351091146469
0.0060339272022247314,0.8921245336532593,-0.5584015846252441
0.31910958886146545,-0.3526415228843689,-0.5915288925170898
0.08522072434425354,0.7547296285629272,0.8955389857292175
-0.27985578775405884,0.4026281535625458,-0.5915288925170898
0.41080442070961,-0.3661741614341736,-0.2915288805961609
0.2771022319793701,0.5864560604095459,-0.29022133350372314
-0.573856770992279,0.3895525336265564,-0.28445228934288025
0.29631340503692627,-0.0004394948482513428,-0.02451273798942566
-0.17565292119979858,-0.5944404602050781,-0.4016302525997162
-0.21477928757667542,-0.1312607079744339,0.5955389738082886
0.17588090896606445,-0.5944404602050781,-0.44065603613853455
-0.8735550045967102,-0.8850863575935364,0.796868085861206
-0.573856770992279,0.532781183719635,0.23646147549152374
0.9014430642127991,-0.30098700523376465,0.11871591210365295
0.9103949069976807,0.8658726215362549,-0.6669294834136963
-0.3449322581291199,0.18124733865261078,0.5945331454277039
-0.573856770992279,-0.3786922097206116,-0.06307148933410645
0.29399996995925903,-0.0004394948482513428,-0.26608169078826904
-0.5702358484268188,-0.24853923916816711,0.3795895576477051
-0.873856782913208,0.4291459321975708,-0.48024943470954895
-0.573856770992279,-0.404742956161499,-0.3626044690608978
0.019566550850868225,0.5916215777397156,0.30153799057006836
0.3321852385997772,-0.3786922097206116,0.5955389738082886
0.17588090896606445,0.3244760036468506,0.5955389738082886
-0.07152044028043747,0.5923256874084473,-0.11517292261123657
0.5945029258728027,-0.3914661407470703,0.015050492249429226
0.6972617506980896,0.2923256754875183,-0.31099018454551697
-0.2713421583175659,0.2661743760108948,-0.33704090118408203
-0.05849508196115494,-0.3786922097206116,0.5955389738082886
-0.2702358365058899,0.20775502920150757,-0.805833101272583
-0.15016980469226837,0.8661743998527527,-0.8889138102531433
0.8990290760993958,-0.4051094055175781,-0.10163024067878723
0.30606985092163086,0.5072980523109436,-0.3110002279281616
-0.12365205585956573,-0.15731142461299896,-0.5915288925170898
-0.33195722103118896,0.5923256874084473,-0.41470590233802795
-0.3840586543083191,-0.5944404602050781,0.09319259226322174
0.8872610330581665,-0.8686915040016174,-0.610503077507019
-0.2929314076900482,-0.46981945633888245,-0.5915288925170898
0.13732217252254486,-0.8944404721260071,0.19686809182167053
0.6063715815544128,0.2765990197658539,0.5229188203811646
0.6712110042572021,0.2923256754875183,0.18379244208335876
0.6842867136001587,0.1947900354862213,0.8945331573486328
-0.04546971991658211,0.35052672028541565,-0.5915288925170898
-0.8479065895080566,-0.6657171249389648,0.8927226662635803
0.3114006519317627,0.18088087439537048,-0.16774140298366547
-0.1626778393983841,-0.5944404602050781,0.015060551464557648
0.3451603353023529,-0.5944404602050781,0.3405637741088867
-0.09806837141513824,-0.24897609651088715,0.8955389857292175
0.3321852385997772,-0.5944404602050781,0.02807585336267948
-0.5702358484268188,0.050993744283914566,0.3536394238471985
-0.6970337629318237,0.35102394223213196,-0.2915288805961609
-0.684058666229248,-0.8944404721260071,0.6796901226043701
0.019626900553703308,-0.5944404602050781,0.36661452054977417
0.5998337268829346,-0.06605343520641327,-0.18024942278862
-0.501236617565155,0.33755168318748474,0.5945331454277039
-0.3709830045700073,0.5918228030204773,0.43179160356521606
0.6088861227035522,0.350727915763855,-0.3234780728816986
-0.5142116546630859,0.36350178718566895,-0.5915288925170898
-0.8737561702728271,-0.600540041923523,-0.25712984800338745
-0.2396588921546936,0.2920238971710205,-0.049528807401657104
-0.08453574031591415,0.5913198590278625,0.4968681037425995
-0.2735549807548523,-0.28508633375167847,0.28900983929634094
-0.41057640314102173,0.8923256993293762,-0.20680741965770721
0.3023483157157898,-0.23589038848876953,-0.08958923816680908
0.9108977317810059,0.15483015775680542,0.6666145324707031
-0.25182926654815674,0.2598765790462494,-0.3500461280345917
0.8924912810325623,-0.7959707975387573,0.6536394357681274
-0.270638108253479,0.4551966190338135,0.471284419298172
-0.5702358484268188,-0.2745899558067322,0.1322586089372635
0.253465473651886,-0.29444044828414917,0.2108878642320633
-0.2022310197353363,0.8913198709487915,0.015547722578048706
-0.41010934114456177,-0.5944404602050781,-0.3626044690608978
0.38428667187690735,0.3765774667263031,0.5955389738082886
-0.6580079793930054,0.2923256754875183,-0.2588987946510315
0.6038570404052734,0.09011006355285645,-0.5318838357925415
0.38428667187690735,-0.5944404602050781,-0.4667067527770996
0.6842867136001587,0.6635017991065979,-0.2915288805961609
0.22798234224319458,0.5923256874084473,0.23646147549152374
0.24584001302719116,-0.8919259309768677,-0.8652770519256592
-0.00640370137989521,0.41560325026512146,0.5955389738082886
0.31119948625564575,0.19385594129562378,-0.25712984800338745
-0.4361600875854492,-0.196437805891037,0.5955389738082886
-0.2735549807548523,-0.28508633375167847,-0.5454265475273132
0.3326522707939148,-0.1838291734457016,-0.2915288805961609
0.3582359552383423,0.168171688914299,-0.5915288925170898
-0.3324544429779053,-0.3401234447956085,0.2955389618873596
0.877102255821228,0.3890036642551422,0.2942314147949219
-0.18872857093811035,-0.5944404602050781,-0.20630015432834625
-0.2738567590713501,0.35102394223213196,-0.06260445713996887
0.5937988758087158,-0.43089422583580017,0.5508806109428406
-0.0069411396980285645,0.1556636542081833,-0.8915289044380188
-0.5518292784690857,0.4677046537399292,0.4187159240245819
0.6061345338821411,-0.2686914801597595,0.2927226424217224
0.0982963889837265,0.27593082189559937,-0.2742288112640381
0.18895655870437622,-0.5944404602050781,-0.24542652070522308
-0.25172871351242065,-0.14480340480804443,0.2858830690383911
0.5144397020339966,0.5923256874084473,-0.20630015432834625
0.5978220701217651,-0.2222873419523239,-0.07610690593719482
0.4629058539867401,-0.7568444013595581,-0.2915288805961609
-0.46267783641815186,0.8923256993293762,-0.5844522714614868
-0.31942906975746155,-0.8944404721260071,-0.1416906863451004
-0.3840586543083191,-0.0010403018677607179,0.5948348641395569
-0.018881559371948242,-0.07972688972949982,-0.2915288805961609
0.12377948313951492,-0.2744893431663513,-0.5915288925170898
-0.5712416172027588,0.35052672028541565,0.21041077375411987
0.2998337149620056,0.18181496858596802,0.5233858823776245
-0.573856770992279,-0.4307936728000641,0.39266520738601685
-0.3970337212085724,-0.5919259190559387,0.5692870616912842
0.8931953310966492,-0.7181203365325928,-0.7143036127090454
0.28057095408439636,-0.29444044828414917,-0.010503023862838745
0.5930588841438293,0.2913198471069336,-0.7537317276000977
0.16290584206581116,-0.5944404602050781,-0.0240054689347744
0.0982963889837265,0.3510339856147766,0.2945331335067749
0.2019316405057907,0.5923256874084473,-0.11517292261123657
0.43685513734817505,-0.10474294424057007,0.2955389618873596
-0.20170362293720245,-0.31361573934555054,-0.5915288925170898
0.8934970498085022,-0.41828563809394836,-0.8747317790985107
-0.3840586543083191,0.49375540018081665,0.5955389738082886
-0.25182926654815674,-0.07972688972949982,-0.6365537643432617
-0.25182926654815674,-0.15777845680713654,-0.3109801113605499
-0.6709830164909363,0.8580272197723389,-0.8914283514022827
-0.8712416291236877,0.09058715403079987,-0.3370509445667267
-0.8518292903900146,-0.5354635715484619,-0.7016302347183228
0.26654112339019775,0.2923256754875183,0.2629691958427429
-0.2642008662223816,-0.2943398356437683,0.027588695287704468
0.2670081555843353,0.02498326078057289,-0.5915288925170898
-0.5017036199569702,0.5723745822906494,0.2955389618873596
-0.5702358484268188,0.41560325026512146,-0.11517292261123657
0.7493631839752197,-0.5094128847122192,-0.8915289044380188
0.16290584206581116,0.5923256874084473,0.39266520738601685
0.47541388869285583,-0.41771799325942993,-0.5915288925170898
0.436287522315979,0.5923256874084473,-0.3626044690608978
-0.4622108042240143,-0.41771799325942993,-0.5915288925170898
-0.5518292784690857,0.4547296166419983,-0.44065603613853455
0.26754558086395264,0.832781195640564,-0.8915289044380188
0.6073774099349976,0.2765990197658539,-0.17723198235034943
0.08522072434425354,0.8923256993293762,-0.337030827999115
0.007068604230880737,-0.3922148048877716,-0.8915289044380188
-0.573856770992279,-0.5609467029571533,-0.4146053194999695
0.5970174670219421,-0.2613131105899811,0.11918295919895172
0.5970174670219421,-0.2613131105899811,0.43179160356521606
-0.08499272167682648,0.1156032383441925,-0.2915288805961609
0.18895655870437622,-0.5944404602050781,0.37969014048576355
0.6043599247932434,0.168171688914299,0.4057408571243286
0.5275153517723083,0.5923256874084473,0.37969014048576355
-0.17565292119979858,0.5913198590278625,0.36661452054977417
-0.1230844259262085,0.8923256993293762,-0.08958923816680908
0.5932959318161011,-0.45684438943862915,0.15830932557582855
0.11080441623926163,0.18124733865261078,0.5955389738082886
-0.5017036199569702,-0.013615727424621582,0.2955389618873596
0.6080814599990845,0.31160151958465576,0.10620789229869843
-0.873856782913208,0.7547296285629272,0.3931925892829895
-0.5518292784690857,-0.31361573934555054,-0.23235085606575012
-0.045966923236846924,0.1937553882598877,0.2955389618873596
-0.8637985587120056,0.8708011507987976,-0.4933250844478607
-0.34503287076950073,0.3374510705471039,0.5946337580680847
-0.6319572329521179,-0.8944404721260071,-0.805833101272583
0.5670081377029419,-0.27211129665374756,-0.2821747660636902
-0.05849508196115494,-0.5349965691566467,0.5955389738082886
0.44936320185661316,0.5198061466217041,0.5955389738082886
-0.5702358484268188,-0.196437805891037,0.5229188203811646
-0.5702358484268188,-0.09224497526884079,0.40564030408859253
0.9035553336143494,-0.22289520502090454,0.21087780594825745
0.8995320200920105,-0.39294904470443726,0.8606370687484741
0.6060698628425598,0.20729805529117584,-0.42768096923828125
-0.24770545959472656,-0.2706816792488098,-0.2889137864112854
-0.371520459651947,0.11663787066936493,0.2955389618873596
-0.5272873044013977,-0.5944404602050781,0.1322586089372635
0.7883889675140381,0.2923256754875183,-0.19379211962223053
0.30613455176353455,0.5923256874084473,0.10620789229869843
0.24150493741035461,-0.3010634481906891,-0.8915289044380188
-0.3059064745903015,-0.5944404602050781,-0.03703082725405693
0.5941005945205688,-0.4092691242694855,-0.135591059923172
0.47541388869285583,-0.3396664261817932,0.5945331454277039
-0.5518292784690857,0.25939950346946716,-0.11517292261123657
-0.25182926654815674,-0.14376872777938843,0.3671519458293915
-0.873856782913208,-0.3140827715396881,-0.5193758010864258
0.020144224166870117,0.2916215658187866,0.26124048233032227
0.4883889853954315,-0.5944404602050781,0.37969014048576355
0.44983023405075073,0.2913198471069336,-0.1276809573173523
0.6093890070915222,0.3766780197620392,-0.4667067527770996
-0.8702358603477478,-0.4833621382713318,-0.05056345462799072
0.40210407972335815,-0.8919259309768677,-0.8652770519256592
0.8789127469062805,0.10262814164161682,0.8952372074127197
-0.501236617565155,0.5923256874084473,0.36661452054977417
0.29631340503692627,0.051661938428878784,-0.114705890417099
0.3582359552383423,-0.5944404602050781,0.1973351091146469
-0.7361600995063782,-0.4052099883556366,-0.2915288805961609
0.019566550850868225,0.5916215777397156,0.15830932557582855
0.1026214063167572,-0.8919259309768677,-0.8652770519256592
0.44936320185661316,-0.5944404602050781,-0.33655375242233276
-0.5702358484268188,0.2984252870082855,-0.4537316858768463
0.6061345338821411,0.2923256754875183,0.05363941192626953
-0.17565292119979858,-0.45684438943862915,0.5955389738082886
0.47541388869285583,-0.5944404602050781,0.02807585336267948
0.5771022439002991,0.5910181403160095,0.24833016097545624
0.20146459341049194,-0.13182832300662994,-0.8915289044380188
-0.573856770992279,-0.32659080624580383,0.26251220703125
0.9117024540901184,0.19385594129562378,0.06764915585517883
0.3066096007823944,0.8923256993293762,0.30203619599342346
0.736287534236908,0.32498326897621155,0.8955389857292175
-0.4622108042240143,0.2333487719297409,-0.5915288925170898
-0.5518292784690857,-0.45684438943862915,-0.19332507252693176
0.5978220701217651,-0.17028649151325226,-0.27147722244262695
-0.5702358484268188,-0.4307936728000641,-0.505833089351654
0.5930588841438293,-0.8944404721260071,-0.06260445713996887
-0.07152044028043747,0.20729805529117584,-0.5915288925170898
-0.2673477530479431,0.025510668754577637,0.8955389857292175
-0.8479065895080566,0.889509379863739,0.4062079191207886
0.2404903769493103,0.29212450981140137,-0.19285807013511658
0.3451603353023529,-0.23546357452869415,0.5945331454277039
-0.2673477530479431,-0.8944404721260071,-0.2849394679069519
0.6040582060813904,0.10309518128633499,0.08015716820955276
-0.573856770992279,-0.09221479296684265,-0.3626044690608978
0.39726173877716064,-0.5349965691566467,-0.5915288925170898
-0.00640370137989521,-0.22238792479038239,-0.5915288925170898
0.5800838470458984,0.533348798751831,0.2955389618873596
-0.3059064745903015,-0.5944404602050781,-0.27137666940689087
0.29933083057403564,-0.44423580169677734,0.6536394357681274
-0.618982195854187,-0.29444044828414917,-0.07661417126655579
0.41080442070961,-0.35312867164611816,0.8946337699890137
0.6073774099349976,0.32467716932296753,0.39266520738601685
-0.03245441988110542,0.2854502201080322,0.5955389738082886
0.44936320185661316,-0.4828950762748718,0.5955389738082886
0.5922901034355164,-0.45684438943862915,-0.5448588728904724
-0.4881609380245209,-0.4828950762748718,0.5955389738082886
0.3326522707939148,-0.8944404721260071,-0.15373167395591736
-0.26688069105148315,-0.5773414969444275,0.5790435075759888
0.08474364131689072,0.4026281535625458,-0.5915288925170898
-0.03245441988110542,0.5923256874084473,-0.27137666940689087
-0.873856782913208,0.3640492856502533,0.18379244208335876
-0.873856782913208,0.35102394223213196,0.38016724586486816
0.5919883847236633,-0.521920919418335,0.015050492249429226
-0.20170362293720245,0.5923256874084473,-0.41470590233802795
0.15039782226085663,0.12867885828018188,-0.2915288805961609
-0.5408300161361694,-0.8944404721260071,-0.18081705272197723
0.9025494456291199,0.32502350211143494,-0.10163024067878723
0.7883889675140381,0.7416539192199707,-0.2915288805961609
-0.11104345321655273,-0.1708541065454483,-0.2915288805961609
-0.573856770992279,0.4547296166419983,0.5489695072174072
0.554033100605011,-0.29444044828414917,-0.4151729345321655
0.04619494080543518,-0.29444044828414917,0.10574084520339966
0.5404903888702393,-0.5944404602050781,-0.42768096923828125
-0.4491351544857025,0.5923256874084473,-0.2584015727043152
-0.41010934114456177,-0.5349965691566467,-0.5915288925170898
-0.16221079230308533,0.2923256754875183,0.18482708930969238
0.04563738778233528,0.5923256874084473,0.444766640663147
-0.3188815712928772,-0.24843865633010864,0.5955389738082886
-0.24129703640937805,0.2913198471069336,-0.4151729345321655
-0.18919560313224792,0.16770464181900024,0.2955389618873596
-0.7361600995063782,-0.29444044828414917,0.27599453926086426
0.609891951084137,0.40272876620292664,0.24943655729293823
-0.41057640314102173,-0.29444044828414917,0.6796901226043701
-0.39760133624076843,0.20683103799819946,0.2955389618873596
-0.09760133177042007,0.5913198590278625,0.24943655729293823
0.189423605799675,-0.8944404721260071,-0.40209728479385376
0.5914854407310486,-0.5479716062545776,0.4708173871040344
0.5014646053314209,-0.5944404602050781,-0.21937580406665802
0.8144397139549255,-0.06665123999118805,0.2955389618873596
-0.5518292784690857,0.20729805529117584,0.28856292366981506
0.38428667187690735,-0.5944404602050781,0.45784232020378113
0.3088861107826233,0.050727903842926025,0.28900983929634094
0.5932959318161011,-0.45684438943862915,-0.2584015727043152
0.5279823541641235,0.20779526233673096,0.2945331335067749
-0.7491351366043091,0.2923256754875183,-0.15373167395591736
-0.3059064745903015,0.5923256874084473,-0.28445228934288025
-0.42308443784713745,-0.3657171428203583,0.5955389738082886
-0.4622108042240143,-0.5944404602050781,0.23646147549152374
-0.2702358365058899,-0.262031614780426,-0.07661417126655579
-0.21477928757667542,0.2854502201080322,-0.5915288925170898
-0.8518292903900146,0.16873930394649506,0.35412657260894775
-0.27124160528182983,0.08955252170562744,0.027588695287704468
-0.5518292784690857,0.35052672028541565,0.4838930070400238
0.2861546277999878,-0.2529001235961914,0.29221969842910767
-0.873856782913208,-0.43126070499420166,-0.4281480014324188
0.11080441623926163,-0.5944404602050781,-0.33655375242233276
-0.3449322581291199,-0.3526415228843689,-0.5915288925170898
0.2930588722229004,0.2854502201080322,-0.5915288925170898
-0.47565293312072754,-0.7307937145233154,-0.8915289044380188
0.554033100605011,0.2923256754875183,0.20984309911727905
-0.5277543663978577,0.2923256754875183,-0.18081705272197723
0.6712110042572021,0.2923256754875183,-0.4281480014324188
0.006134539842605591,0.8068310618400574,-0.2915288805961609
-0.573856770992279,-0.5609467029571533,-0.12814798951148987
-0.4622108042240143,0.48078033328056335,-0.5915288925170898
-0.8272873163223267,0.10356220602989197,-0.8915289044380188
0.47541388869285583,-0.19633722305297852,0.5945331454277039
-0.03245441988110542,-0.5944404602050781,0.4968681037425995
0.6111994981765747,0.46780526638031006,0.015040434896945953
-0.2543223798274994,0.533348798751831,-0.8915289044380188
-0.20170362293720245,0.5923256874084473,-0.15419872105121613
-0.3970337212085724,0.35052672028541565,-0.5915288925170898
0.29430168867111206,-0.7005184888839722,0.12173336744308472
-0.5702358484268188,0.28534963726997375,-0.23235085606575012
0.4889565706253052,-0.0005400478839874268,0.8955389857292175
-0.27985578775405884,0.037998560816049576,-0.5915288925170898
-0.2702358365058899,-0.36620432138442993,-0.02451273798942566
0.29148542881011963,-0.24797159433364868,-0.05056345462799072
-0.4361600875854492,0.10309518128633499,0.5945331454277039
-0.42308443784713745,0.5913198590278625,0.5358938574790955
-0.2738567590713501,-0.7698194980621338,0.20984309911727905
0.2019316405057907,-0.5089458227157593,0.5955389738082886
-0.873856782913208,-0.03966641426086426,0.7837924957275391
0.33266234397888184,0.8582284450531006,0.8951366543769836
-0.8737561702728271,0.7547296285629272,-0.8571298718452454
-0.5518292784690857,0.20729805529117584,0.4838930070400238
0.6111994981765747,0.46780526638031006,0.4837924540042877
-0.17518585920333862,0.8923256993293762,0.315060555934906
0.7102367877960205,-0.29444044828414917,-0.3630715012550354
0.1368551254272461,0.5923256874084473,0.17128440737724304
0.9017448425292969,-0.30104634165763855,-0.5714772343635559
0.5930588841438293,-0.1838291734457016,0.8955389857292175
0.3048628568649292,-0.15777845680713654,0.11975058913230896
0.9023483395576477,0.3641096353530884,0.6275887489318848
0.4103374183177948,0.5913198590278625,-0.4797824025154114
0.3326723873615265,0.2916215658187866,-0.6755795478820801
0.0191095769405365,0.2858468294143677,0.8948348760604858
-0.13662712275981903,0.36350178718566895,0.5955389738082886
-0.4621102213859558,0.2333487719297409,0.5945331454277039
-0.25182926654815674,0.025510668754577637,-0.4281480014324188
-0.4751858711242676,-0.09221479296684265,0.5955389738082886
0.1112714409828186,-0.35314878821372986,-0.8915289044380188
-0.04493224620819092,0.1947900354862213,0.2955389618873596
-0.03299185633659363,0.8923256993293762,0.30203619599342346
0.006613611243665218,0.06404928117990494,0.5955389738082886
-0.31942906975746155,-0.4052099883556366,-0.2915288805961609
0.2019316405057907,-0.3526415228843689,-0.5915288925170898
0.04619494080543518,0.2913198471069336,0.14476662874221802
0.11080441623926163,-0.5944404602050781,0.30153799057006836
-0.2673477530479431,0.16873930394649506,0.8955389857292175
0.41080442070961,-0.8944404721260071,0.3931925892829895
0.058692920953035355,-0.5944404602050781,-0.23235085606575012
0.3717283606529236,0.2913198471069336,-0.805833101272583
0.46233826875686646,0.2854502201080322,-0.5915288925170898
0.18838897347450256,0.2923256754875183,0.2229188084602356
-0.5518292784690857,0.02498326078057289,-0.4797824025154114
0.5941005945205688,-0.4092691242694855,0.26814478635787964
-0.8637985587120056,0.8708011507987976,-0.15373167395591736
0.5914854407310486,-0.5479716062545776,-0.18024942278862
-0.8516281247138977,0.8829715847969055,0.7708173990249634
0.24095742404460907,-0.5944404602050781,0.509843111038208
0.6063715815544128,0.22027312219142914,0.17128440737724304
-0.1882615089416504,-0.29444044828414917,0.1317915916442871
0.8955087661743164,0.8758302927017212,-0.2154977023601532
-0.2702358365058899,-0.6006406545639038,-0.27195432782173157
-0.045479778200387955,-0.5944404602050781,0.26251220703125
0.0587029792368412,-0.4828950762748718,-0.5915288925170898
0.6114006638526917,0.48088088631629944,-0.440756618976593
0.9003366231918335,-0.39213433861732483,0.23690840601921082
-0.17575350403785706,0.15519660711288452,0.5945331454277039
-0.573856770992279,0.15519660711288452,0.39266520738601685
-0.573856770992279,0.22027312219142914,0.08016723394393921
-0.5702358484268188,0.49375540018081665,-0.32357868552207947
-0.2727503776550293,0.5637245178222656,-0.26497530937194824
0.2958104610443115,0.6895525455474854,-0.27503347396850586
-0.5518292784690857,0.41560325026512146,-0.010980109684169292
0.8885685801506042,-0.3130165934562683,-0.8811690211296082
0.554033100605011,0.8916215896606445,-0.8573310971260071
0.5670081377029419,-0.8944404721260071,0.5494365692138672
-0.12365205585956573,-0.5944404602050781,0.14523367583751678
-0.8702358603477478,-0.6786922216415405,0.4583093523979187
0.6321852207183838,0.05156135559082031,-0.2915288805961609
0.2800838053226471,-0.5944404602050781,-0.4797824025154114
-0.01991620659828186,0.06350177526473999,0.2955389618873596
0.60969078540802,0.38975369930267334,-0.19332507252693176
0.41023680567741394,0.5923256874084473,-0.24542652070522308
-0.33195722103118896,0.5923256874084473,-0.06307148933410645
-0.2929314076900482,-0.5944404602050781,-0.3755795359611511
-0.8702358603477478,-0.1578790545463562,-0.114705890417099
0.03265226259827614,-0.4307936728000641,0.5955389738082886
-0.22828173637390137,-0.0015747249126434326,0.8955389857292175
-0.5518292784690857,0.12914590537548065,-0.28445228934288025
0.17588090896606445,-0.18336214125156403,-0.5915288925170898
-0.08499272167682648,-0.29444044828414917,-0.19379211962223053
-0.4622108042240143,-0.5944404602050781,-0.4537316858768463
-0.4751858711242676,-0.2875650227069855,-0.5915288925170898
-0.07151038199663162,0.5913198590278625,0.37969014048576355
0.8144397139549255,-0.23595073819160461,-0.8915289044380188
0.7623382806777954,-0.013615727424621582,-0.8915289044380188
0.5990290641784668,-0.1572108417749405,0.45774170756340027
0.5014646053314209,-0.07917937636375427,0.5945331454277039
0.8144397139549255,0.8580272197723389,-0.8914283514022827
0.4883889853954315,0.35052672028541565,0.5955389738082886
-0.08499272167682648,-0.3661741614341736,-0.8915289044380188
0.08522072434425354,-0.29444044828414917,0.19790273904800415
0.18838897347450256,-0.8944404721260071,-0.02451273798942566
0.6043599247932434,0.168171688914299,0.30153799057006836
0.3321852385997772,0.5923256874084473,0.23646147549152374
-0.08454579859972,-0.5944404602050781,-0.20630015432834625
0.5978220701217651,-0.2222873419523239,-0.18024942278862
0.29902905225753784,-0.45721083879470825,-0.18081705272197723
-0.09806837141513824,0.8913198709487915,0.04159843921661377
-0.1626778393983841,-0.5604437589645386,0.5952371954917908
-0.25182926654815674,0.3640492856502533,0.19790273904800415
0.3128088116645813,0.2579266428947449,0.731791615486145
-0.2735549807548523,-0.28508633375167847,-0.07661417126655579
-0.7881609201431274,-0.28801193833351135,0.2945331335067749
-0.17518585920333862,-0.8944404721260071,-0.5713766813278198
0.33651024103164673,0.5759308338165283,0.578238844871521
-0.5702358484268188,-0.3396664261817932,-0.440756618976593
-0.7622108459472656,-0.1708541065454483,-0.2915288805961609
-0.07152044028043747,-0.3005400598049164,-0.5915288925170898
0.6014430522918701,-0.0009869933128356934,0.1322586089372635
0.16337288916110992,0.23382587730884552,0.2955389618873596
-0.17622053623199463,-0.29444044828414917,0.14580129086971283
0.189423605799675,-0.20894581079483032,-0.2915288805961609
0.46233826875686646,-0.5944404602050781,-0.5318838357925415
0.9025494456291199,-0.2228851318359375,0.7837924957275391
-0.6449322700500488,0.2923256754875183,0.6015380024909973
-0.5518292784690857,-0.4958701729774475,-0.3234780728816986
-0.5712416172027588,-0.4828950762748718,-0.024045703932642937
0.9128088355064392,0.8579266667366028,0.14580129086971283
0.85356605052948,-0.5094128847122192,-0.8915289044380188
-0.12365205585956573,-0.5944404602050781,-0.4927574694156647
-0.22728729248046875,-0.19587016105651855,-0.2915288805961609
0.2953075170516968,-0.05254089832305908,-0.1416906863451004
-0.24083000421524048,-0.22238792479038239,-0.5915288925170898
0.05823594331741333,-0.23595073819160461,-0.8915289044380188
0.601040780544281,-0.05305825546383858,0.31451305747032166
0.41023680567741394,-0.1182856336236,-0.5915288925170898
0.12377948313951492,0.5923256874084473,0.30153799057006836
-0.3584950864315033,-0.8944404721260071,-0.24587343633174896
-0.2738567590713501,0.5593994855880737,-0.1287156045436859
0.302851140499115,0.3380186855792999,0.11975058913230896
-0.3059064745903015,0.09009999781847,0.5945331454277039
-0.11057640612125397,-0.2744893431663513,0.5955389738082886
0.2800838053226471,-0.4437687397003174,-0.5915288925170898
0.12434709072113037,0.2913198471069336,0.2358938455581665
0.2922900915145874,-0.20894581079483032,-0.15373167395591736
0.2678486704826355,-0.8920265436172485,-0.21983277797698975
0.07171827554702759,0.5068310499191284,-0.5915288925170898
-0.2476048469543457,-0.26034313440322876,0.2927226424217224
0.7883889675140381,0.4291459321975708,0.8955389857292175
-0.8518292903900146,-0.013615727424621582,-0.6365537643432617
-0.573856770992279,-0.2094128578901291,-0.4927574694156647
-0.5712416172027588,0.49375540018081665,0.3275887072086334
-0.5518292784690857,0.3244760036468506,-0.3626044690608978
0.5970174670219421,-0.20921169221401215,-0.505833089351654
0.9103949069976807,0.8658726215362549,0.03623875975608826
0.8919883966445923,-0.03524082899093628,0.8786411881446838
-0.39760133624076843,0.2923256754875183,0.27599453926086426
0.5973191857337952,-0.24833807349205017,0.015060551464557648
0.058692920953035355,-0.5944404602050781,0.4708173871040344
0.7623382806777954,0.8923256993293762,0.19790273904800415
0.09726172685623169,0.8923256993293762,0.6926652193069458
-0.20170362293720245,-0.5944404602050781,-0.3105030357837677
-0.2929314076900482,-0.5944404602050781,0.31451305747032166
0.6582359671592712,0.7677046656608582,0.2955389618873596
0.5404903888702393,0.5923256874084473,-0.29742735624313354
-0.873856782913208,-0.06665123999118805,-0.32400548458099365
-0.5518292784690857,0.44165393710136414,0.24943655729293823
-0.873856782913208,-0.014549791812896729,0.8489695191383362
0.5945029258728027,-0.3393647074699402,-0.4667067527770996
-0.5518292784690857,0.3765774667263031,-0.505833089351654
0.8144397139549255,-0.221920907497406,-0.2915288805961609
-0.573856770992279,0.48078033328056335,-0.21937580406665802
-0.5518292784690857,0.36350178718566895,0.11928354203701019
-0.573856770992279,0.3374510705471039,-0.06307148933410645
0.9083831906318665,0.07667800784111023,0.809843122959137
-0.2538050711154938,0.14222155511379242,-0.5915288925170898
0.058692920953035355,-0.5944404602050781,0.22338584065437317
0.6078803539276123,0.29862645268440247,-0.4016302525997162
0.2800838053226471,0.5923256874084473,-0.1672743707895279
-0.33195722103118896,-0.5944404602050781,0.45784232020378113
0.43685513734817505,0.35102394223213196,-0.8915289044380188
0.2922900915145874,-0.8089458346366882,0.2108878642320633
-0.1882615089416504,-0.29444044828414917,0.19790273904800415
-0.25182926654815674,-0.6396664381027222,0.06661450862884521
0.31910958886146545,-0.5944404602050781,-0.27137666940689087
-0.11057640612125397,0.5923256874084473,-0.3626044690608978
0.03265226259827614,-0.31361573934555054,-0.5915288925170898
-0.5518292784690857,-0.521920919418335,0.39266520738601685
-0.25182926654815674,-0.13079366087913513,0.0015379786491394043
0.6073774099349976,0.2765990197658539,-0.5028156638145447
0.29792267084121704,-0.1240835189819336,0.2689853310585022
-0.8517287373542786,0.03848573565483093,0.885883092880249
0.31190353631973267,0.8068310618400574,0.562512218952179
-0.07098299264907837,-0.15777845680713654,-0.8915289044380188
-0.03299185633659363,0.4812473654747009,-0.8915289044380188
-0.11010932922363281,0.8923256993293762,-0.18081705272197723
0.20146459341049194,-0.43126070499420166,-0.2915288805961609
-0.005906462669372559,0.6115009784698486,-0.8915289044380188
0.3456776440143585,-0.27501675486564636,-0.8915289044380188
-0.6709830164909363,0.2598765790462494,-0.8915289044380188
-0.33195722103118896,0.5923256874084473,0.17128440737724304
-0.3840586543083191,-0.4958701729774475,0.5955389738082886
0.09776899963617325,0.07706458866596222,0.5955389738082886
0.6025494337081909,0.02502349205315113,0.02807585336267948
-0.4751858711242676,0.4806797206401825,0.5950360894203186
-0.8518292903900146,-0.5223879218101501,-0.010503023862838745
0.11080441623926163,-0.3657171428203583,-0.5915288925170898
-0.08454579859972,-0.5944404602050781,-0.3755795359611511
0.04516032338142395,0.2728918790817261,-0.2915288805961609
-0.8272873163223267,-0.3922148048877716,-0.8915289044380188
-0.26688069105148315,0.49375540018081665,-0.5915288925170898
-0.4361600875854492,0.5923256874084473,-0.34952881932258606
-0.08499272167682648,0.8923256993293762,0.4191829562187195
0.3712110221385956,-0.4307936728000641,-0.5915288925170898
0.6972617506980896,-0.8944404721260071,0.8489695191383362
0.09726172685623169,0.2923256754875183,0.4191829562187195
-0.8702358603477478,-0.4573114514350891,0.44523370265960693
0.43685513734817505,0.2913198471069336,-0.48024943470954895
0.9106966257095337,0.7417545318603516,-0.010503023862838745
-0.41057640314102173,0.2829715609550476,-0.2691997289657593
-0.8706381320953369,-0.822021484375,-0.805833101272583
-0.573856770992279,-0.404742956161499,-0.27137666940689087
-0.29283085465431213,-0.0010403018677607179,0.5948348641395569
0.13732217252254486,0.5072980523109436,-0.8915289044380188
0.6058686375617981,0.19422240555286407,0.08014710992574692
0.5279823541641235,0.11663787066936493,0.8950361013412476
-0.09806837141513824,0.2913198471069336,-0.6495288610458374
-0.11104345321655273,0.533348798751831,0.8955389857292175
0.38428667187690735,0.2854502201080322,0.5955389738082886
0.5019316673278809,-0.8944404721260071,-0.6365537643432617
-0.21477928757667542,-0.22238792479038239,0.5955389738082886
-0.5702358484268188,0.5067304372787476,-0.11517292261123657
0.2627190351486206,-0.2943398356437683,0.6275887489318848
0.6017448306083679,-0.0010463368380442262,-0.4927574694156647
-0.8518292903900146,0.46827226877212524,-0.40209728479385376
0.4758809208869934,-0.24797159433364868,-0.2915288805961609
-0.5518292784690857,-0.014082759618759155,0.444766640663147
0.8933965563774109,-0.2971387505531311,0.87823885679245
0.3069750666618347,-0.04090225696563721,0.21653050184249878
0.30717623233795166,-0.032151609659194946,0.03425595164299011
-0.5702358484268188,-0.10531056672334671,0.509843111038208
-0.7622108459472656,0.8708011507987976,-0.8814707398414612
-0.5712416172027588,-0.4699200391769409,-0.42768096923828125
0.5950058102607727,-0.36551597714424133,-0.33655375242233276
-0.2702358365058899,0.03745105862617493,-0.45429930090904236
0.2930588722229004,-0.45684438943862915,0.5955389738082886
0.30613455176353455,0.4026281535625458,-0.5915288925170898
-0.4622108042240143,-0.5944404602050781,0.3405637741088867
-0.4622108042240143,-0.2875650227069855,0.5955389738082886
0.07171827554702759,-0.14433635771274567,-0.5915288925170898
0.38474366068840027,-0.29444044828414917,-0.3630715012550354
0.39775896072387695,0.2923256754875183,-0.3240155279636383
0.019647017121315002,0.5919233560562134,-0.19332507252693176
0.3088861107826233,0.6507279276847839,-0.4151729345321655
0.4883889853954315,0.44165393710136414,0.5955389738082886
-0.8702358603477478,-0.4443363547325134,0.6275887489318848
0.1112714409828186,0.8923256993293762,-0.10266490280628204
-0.2929314076900482,0.49375540018081665,0.5955389738082886
-0.16221079230308533,0.8923256993293762,0.7578423023223877
0.47541388869285583,-0.5944404602050781,-0.12814798951148987
-0.2929314076900482,0.5923256874084473,-0.4927574694156647
0.2670081555843353,-0.5944404602050781,0.4187159240245819
-0.573856770992279,-0.2094128578901291,-0.18024942278862
0.5993308424949646,-0.09212426841259003,-0.49285808205604553
-0.2396588921546936,0.2920238971710205,-0.011537671089172363
-0.8715433478355408,0.3726993501186371,0.8689853549003601
-0.8712416291236877,-0.06571713089942932,-0.46727436780929565
0.41023680567741394,0.48078033328056335,-0.5915288925170898
-0.5702358484268188,-0.5089458227157593,0.11918295919895172
-0.5518292784690857,0.41560325026512146,-0.3626044690608978
-0.5518292784690857,-0.02709806151688099,0.054126571863889694
0.3326522707939148,-0.8479716181755066,0.2955389618873596
-0.5712416172027588,0.532781183719635,0.04108109325170517
0.0244692862033844,-0.8686915040016174,-0.8887126445770264
0.28534996509552,0.45630303025245667,-0.28770679235458374
-0.2760380208492279,-0.2686914801597595,-0.28871262073516846
-0.25182926654815674,0.12961293756961823,0.14476662874221802
-0.08509330451488495,0.8705999851226807,0.885279655456543
0.31039488315582275,0.265872597694397,0.4669593870639801
-0.8518292903900146,0.5072980523109436,0.0936998575925827
0.8665411472320557,-0.6916673183441162,-0.8915289044380188
0.5404903888702393,-0.4828950762748718,0.5946337580680847
-0.573856770992279,0.10309518128633499,0.2754872739315033
0.6581354141235352,0.29182279109954834,-0.623578667640686
-0.14960218966007233,-0.24843865633010864,-0.5915288925170898
0.14983020722866058,0.4677046537399292,-0.5915288925170898
0.019636960700154305,0.22027312219142914,0.5955389738082886
-0.16221079230308533,0.2989365756511688,-0.8915289044380188
-0.2702358365058899,-0.522488534450531,0.3671117126941681
0.38428667187690735,-0.5944404602050781,0.09319259226322174
0.3977690041065216,-0.026590794324874878,0.2955389618873596
0.6122053265571594,0.5199066996574402,-0.05006624758243561
-0.5518292784690857,-0.04012342169880867,-0.42768096923828125
0.24095742404460907,-0.3657171428203583,0.5955389738082886
-0.29283085465431213,0.5914204716682434,0.36661452054977417
0.609891951084137,0.40272876620292664,0.06713181734085083
-0.41010934114456177,0.3895525336265564,0.5945331454277039
0.25403308868408203,0.5923256874084473,0.4187159240245819
0.4237794876098633,0.02447599172592163,-0.2915288805961609
-0.3840586543083191,-0.5944404602050781,0.2754872739315033
0.5019316673278809,0.7286788821220398,0.8955389857292175
-0.5712416172027588,0.2984252870082855,0.2754872739315033
0.39726173877716064,-0.5944404602050781,0.2754872739315033
-0.2538050711154938,0.5923256874084473,-0.34952881932258606
0.5144397020339966,0.35052672028541565,-0.5915288925170898
-0.5538051128387451,0.2923256754875183,0.08062420785427094
0.30613455176353455,-0.5944404602050781,0.1322586089372635
-0.27985578775405884,0.2333487719297409,0.5945331454277039
0.5150073170661926,0.2923256754875183,0.6275887489318848
-0.2702358365058899,-0.4443363547325134,-0.740756630897522
0.6003366112709045,-0.04006307199597359,-0.34952881932258606
0.8958104848861694,-0.026389628648757935,0.3671318292617798
0.2953075170516968,-0.05254089832305908,0.6536394357681274
0.0331193208694458,-0.06571713089942932,0.2955389618873596
0.2958104610443115,-0.6263896226882935,-0.4412236511707306
-0.2515275478363037,-0.10474294424057007,-0.281973659992218
-0.5702358484268188,-0.04016365110874176,-0.14122363924980164
-0.5702358484268188,-0.06620431691408157,-0.28445228934288025
0.2404903769493103,0.8923256993293762,-0.7016302347183228
0.21543410420417786,0.37703442573547363,0.8946337699890137
0.20239868760108948,-0.1708541065454483,-0.8915289044380188
0.1368551254272461,-0.5944404602050781,0.4968681037425995
0.5670081377029419,-0.5615142583847046,0.8955389857292175
0.30657273530960083,0.533348798751831,-0.049528807401657104
0.7623382806777954,0.2923256754875183,0.027588695287704468
-0.7491351366043091,0.8923256993293762,-0.011437088251113892
0.41080442070961,0.4551966190338135,-0.8915289044380188
-0.26688069105148315,-0.5944404602050781,-0.18024942278862
0.46233826875686646,0.5923256874084473,0.444766640663147
0.3712110221385956,0.25939950346946716,-0.5915288925170898
0.6451603174209595,-0.29444044828414917,-0.4151729345321655
0.6061345338821411,0.16873930394649506,0.2945331335067749
0.17588090896606445,0.5913198590278625,-0.505833089351654
-0.2538050711154938,-0.5944404602050781,-0.4797824025154114
-0.2543626129627228,0.8923256993293762,0.38016724586486816
0.4883889853954315,0.5923256874084473,-0.010990167036652565
-0.3324544429779053,0.2923256754875183,-0.21880817413330078
-0.6188815832138062,-0.4703871011734009,-0.8915289044380188
-0.13662712275981903,0.5923256874084473,-0.4667067527770996
-0.20123660564422607,-0.29444044828414917,-0.24587343633174896
-0.09760133177042007,-0.07918943464756012,-0.5915288925170898
0.3326522707939148,0.02447599172592163,-0.8915289044380188
0.07171827554702759,0.3895525336265564,0.5955389738082886
-0.873856782913208,0.8068310618400574,-0.1416906863451004
-0.11010932922363281,-0.29444044828414917,-0.1287156045436859
0.8983250260353088,0.10376337170600891,0.49733513593673706
0.609891951084137,0.40272876620292664,-0.3886551558971405
-0.21477928757667542,-0.14433635771274567,-0.5915288925170898
0.24095742404460907,-0.5944404602050781,0.002036197343841195
-0.5518292784690857,-0.261514276266098,0.4708173871040344
-0.8518292903900146,0.3900899589061737,-0.8318838477134705
-0.25182926654815674,-0.7828950881958008,-0.4151729345321655
0.8907814025878906,0.8829715847969055,-0.857029378414154
-0.1370941698551178,0.8923256993293762,0.18379244208335876
-0.5518292784690857,0.22027312219142914,-0.42768096923828125
-0.8518292903900146,0.16873930394649506,0.2629792392253876
-0.5518292784690857,-0.02709806151688099,0.3536394238471985
-0.25182926654815674,0.05156135559082031,0.0015379786491394043
0.007068604230880737,0.8708011507987976,-0.8814707398414612
-0.11057640612125397,0.5068310499191284,-0.5915288925170898
-0.573856770992279,-0.3657171428203583,0.08016723394393921
0.6041587591171265,0.14212095737457275,0.18436004221439362
-0.7882615327835083,0.8923256993293762,-0.1416906863451004
0.29933083057403564,0.20787574350833893,0.015547722578048706
0.6045610904693604,0.12914590537548065,-0.024025585502386093
0.592994213104248,-0.4699200391769409,-0.33655375242233276
0.30838316679000854,0.6246771812438965,0.4843600392341614
0.5144397020339966,0.011917667463421822,0.5955389738082886
-0.0069411396980285645,0.8923256993293762,-0.3891121745109558
-0.03245441988110542,0.42867887020111084,-0.5915288925170898
0.6040582060813904,0.10309518128633499,-0.4537316858768463
-0.684058666229248,-0.29444044828414917,0.04159843921661377
-0.5518292784690857,-0.5089458227157593,0.28856292366981506
0.11080441623926163,-0.5944404602050781,0.39266520738601685
0.13628751039505005,-0.8944404721260071,-0.1416906863451004
-0.31898215413093567,-0.5944404602050781,0.041101209819316864
-0.11057640612125397,0.27237460017204285,0.5955389738082886
-0.2738567590713501,0.3640492856502533,-0.5323508977890015
-0.5712416172027588,0.14212095737457275,0.09317247569561005
0.5800838470458984,-0.19690483808517456,-0.8915289044380188
0.2983250021934509,0.15586480498313904,0.10667493939399719
-0.2642008662223816,-0.2943398356437683,-0.6234780550003052
0.3048628568649292,-0.15777845680713654,-0.6755795478820801
-0.7751858830451965,-0.8944404721260071,0.809843122959137
0.5014646053314209,-0.5944404602050781,0.45784232020378113
0.6011412739753723,-0.014082759618759155,-0.05006624758243561
0.5975203514099121,-0.18326155841350555,-0.34952881932258606
-0.05848501995205879,0.5913198590278625,0.17128440737724304
-0.42308443784713745,0.3115009367465973,0.5945331454277039
-0.5518292784690857,-0.261514276266098,0.22338584065437317
-0.573856770992279,0.02498326078057289,-0.010980109684169292
-0.873856782913208,0.2077852189540863,0.0936998575925827
-0.5518292784690857,0.011957899667322636,0.14523367583751678
-0.873856782913208,0.6765774488449097,-0.1276809573173523
-0.5737561583518982,0.36350178718566895,0.5611399412155151
0.5948046445846558,-0.37849104404449463,-0.06307148933410645
0.2919883728027344,-0.221920907497406,0.4062079191207886
-0.5566571950912476,0.5759308338165283,-0.27137666940689087
-0.27124160528182983,0.2067304253578186,0.18379244208335876
0.9102942943572998,0.8659732341766357,-0.7450816631317139
-0.42308443784713745,0.5923256874084473,0.36661452054977417
-0.4366271495819092,0.5854502320289612,-0.2915288805961609
0.18838897347450256,0.2923256754875183,0.4843600392341614
0.25403308868408203,-0.5944404602050781,-0.19332507252693176
-0.31942906975746155,-0.7698194980621338,-0.2915288805961609
0.07121101021766663,-0.29444044828414917,-0.6626044511795044
0.1623382568359375,-0.29444044828414917,-0.7537317276000977
0.18895655870437622,-0.5944404602050781,0.30153799057006836
-0.2673477530479431,-0.29444044828414917,-0.20680741965770721
0.24150493741035461,-0.8944404721260071,-0.32400548458099365
0.609891951084137,0.40272876620292664,0.14523367583751678
-0.39760133624076843,-0.7307937145233154,-0.2915288805961609
0.9025494456291199,0.3771148920059204,0.7057408690452576
0.8958104848861694,0.8758302927017212,-0.5280258655548096
-0.5479065775871277,-0.17038707435131073,0.5927226543426514
0.8852493762969971,0.1372571587562561,0.8917168974876404
0.6086849570274353,0.3376522362232208,0.30153799057006836
0.5968163013458252,-0.27438879013061523,0.5229188203811646
-0.35368290543556213,0.5756290555000305,0.577937126159668
0.30617040395736694,-0.032151609659194946,0.7447666525840759
0.6842867136001587,-0.8944404721260071,-0.8448588848114014
-0.14913514256477356,-0.8944404721260071,-0.8448588848114014
-0.2738567590713501,-0.27402234077453613,-0.23285813629627228
-0.5712416172027588,-0.5089458227157593,-0.24542652070522308
-0.4887285828590393,0.8458568453788757,0.8955389857292175
0.41023680567741394,-0.5944404602050781,-0.27137666940689087
0.2670081555843353,-0.2875650227069855,-0.5915288925170898
0.31910958886146545,-0.5944404602050781,0.4968681037425995
-0.8713421821594238,0.8661743998527527,0.6796901226043701
0.3456876873970032,-0.3010755181312561,0.2955389618873596
0.6060698628425598,0.20729805529117584,-0.21937580406665802
0.6055669188499451,0.23324818909168243,0.36661452054977417
0.058692920953035355,0.5923256874084473,0.23646147549152374
-0.09760133177042007,-0.0010403018677607179,0.5948348641395569
0.08522072434425354,0.2913198471069336,0.6015380024909973
-0.35800793766975403,-0.18336214125156403,0.5955389738082886
-0.27985578775405884,0.41560325026512146,0.5955389738082886
-0.33195722103118896,-0.32659080624580383,0.5955389738082886
0.38428667187690735,-0.4437687397003174,0.5955389738082886
-0.4496021866798401,-0.29444044828414917,0.6145130395889282
-0.3840586543083191,-0.41771799325942993,-0.5915288925170898
-0.24083000421524048,0.3374510705471039,0.5955389738082886
-0.22728729248046875,-0.10577760636806488,-0.2915288805961609
0.4103374183177948,-0.3005400598049164,0.5945331454277039
0.3321852385997772,0.5913198590278625,-0.5188081860542297
-0.12365205585956573,-0.5944404602050781,-0.27137666940689087
-0.13662712275981903,-0.14433635771274567,0.5955389738082886
0.09726172685623169,0.3900899589061737,0.2955389618873596
0.9014430642127991,-0.30098700523376465,-0.05056345462799072
-0.045479778200387955,-0.5944404602050781,-0.44065603613853455
-0.41010934114456177,0.5923256874084473,-0.0240054689347744
-0.03195720911026001,-0.29444044828414917,0.18482708930969238
-0.5702358484268188,0.4025275707244873,-0.19332507252693176
0.22798234224319458,0.3244760036468506,-0.5915288925170898
0.17588090896606445,0.14222155511379242,0.5955389738082886
-0.5702358484268188,-0.17038707435131073,-0.3626044690608978
0.6089867353439331,0.3896530866622925,0.43179160356521606
0.5019316673278809,-0.2845833897590637,0.2739138603210449
-0.2738567590713501,0.20683103799819946,-0.19275745749473572
0.8144397139549255,0.8581278324127197,0.8953378200531006
0.8627190589904785,-0.8943398594856262,0.8229188323020935
0.6071762442588806,0.267848402261734,0.033718500286340714
0.90104079246521,-0.3530582785606384,0.796868085861206
0.5950058102607727,-0.36551597714424133,0.509843111038208
-0.2929314076900482,-0.5089458227157593,0.5955389738082886
0.33266234397888184,0.2829715609550476,-0.8691997528076172
0.9050639867782593,0.5072980523109436,0.19686809182167053
0.30596923828125,-0.07972688972949982,-0.2572304606437683
-0.573856770992279,-0.1182856336236,0.21041077375411987
-0.2538050711154938,0.14222155511379242,0.5945331454277039
-0.42308443784713745,-0.18336214125156403,-0.5915288925170898
-0.24083000421524048,-0.5944404602050781,0.1973351091146469
0.3451603353023529,0.5913198590278625,-0.4016302525997162
0.5275153517723083,-0.2875650227069855,0.5945331454277039
0.4233124554157257,0.20729805529117584,-0.5915288925170898
-0.4496021866798401,0.2923256754875183,0.0936998575925827
-0.17622053623199463,-0.8944404721260071,-0.19275745749473572
-0.42308443784713745,-0.3396664261817932,-0.5915288925170898
0.08474364131689072,-0.4958701729774475,0.5955389738082886
0.6451603174209595,0.2923256754875183,0.3411012291908264
0.0331193208694458,0.8923256993293762,0.315060555934906
0.9003366231918335,-0.3921544551849365,0.7057408690452576
0.30083954334259033,0.23389628529548645,-0.1287156045436859
0.18895655870437622,0.5923256874084473,0.002036197343841195
0.2545202374458313,0.8923256993293762,-0.24587343633174896
0.189423605799675,0.35102394223213196,-0.8915289044380188
0.07171827554702759,-0.22238792479038239,-0.5915288925170898
0.07171827554702759,0.5923256874084473,0.3536394238471985
-0.573856770992279,0.49375540018081665,-0.0240054689347744
0.5983250141143799,-0.19623664021492004,0.30153799057006836
-0.5518292784690857,0.41560325026512146,0.17128440737724304
-0.09703370928764343,0.2923256754875183,-0.8318838477134705
-0.25182926654815674,-0.14376872777938843,0.27491962909698486
-0.5518292784690857,-0.39166730642318726,0.01507060881704092
-0.8715433478355408,-0.4443363547325134,-0.8649753332138062
0.25453028082847595,0.2582284212112427,0.29513663053512573
-0.8396589159965515,0.2920238971710205,0.5104107856750488
-0.6319572329521179,0.2913198471069336,0.20984309911727905
-0.21421164274215698,-0.8944404721260071,-0.6886551380157471
0.058692920953035355,0.5923256874084473,0.5358938574790955
-0.4491351544857025,-0.5479716062545776,0.5955389738082886
0.2941005825996399,-0.7092691659927368,-0.2142001986503601
0.7623382806777954,0.8916215896606445,-0.8448588848114014
-0.8479065895080566,-0.06665123999118805,0.2927226424217224
-0.27124160528182983,0.08955252170562744,0.35410645604133606
-0.8272873163223267,-0.8944404721260071,-0.19275745749473572
-0.5518292784690857,0.5198061466217041,-0.3886551558971405
0.3021470904350281,0.767805278301239,0.2739138603210449
0.2678486704826355,-0.2920265197753906,0.7187159061431885
-0.5735549926757812,-0.5850863456726074,0.4187159240245819
-0.5142116546630859,-0.5944404602050781,-0.20630015432834625
-0.26688069105148315,-0.5944404602050781,0.509843111038208
-0.11057640612125397,-0.5943398475646973,0.5611399412155151
0.8934970498085022,-0.09146612882614136,-0.8188081979751587
0.5934970378875732,-0.4437687397003174,-0.03703082725405693
-0.873856782913208,-0.2880420982837677,-0.011437088251113892
0.7753133773803711,0.29212450981140137,-0.1276809573173523
0.46233826875686646,0.5923256874084473,-0.29742735624313354
-0.09760133177042007,-0.5944404602050781,0.21041077375411987
-0.4496021866798401,-0.6916673183441162,0.2955389618873596
0.85356605052948,0.02447599172592163,0.8955389857292175
-0.3970337212085724,0.4547296166419983,-0.5915288925170898
0.85356605052948,0.16770464181900024,-0.8915289044380188
0.05917000770568848,-0.07972688972949982,-0.8915289044380188
0.189423605799675,0.7286788821220398,0.2955389618873596
-0.03245441988110542,-0.46981945633888245,0.5955389738082886
-0.573856770992279,0.02498326078057289,-0.29742735624313354
0.6055669188499451,0.1811467558145523,-0.07610690593719482
0.17634795606136322,0.6635017991065979,-0.2915288805961609
-0.573856770992279,0.36350178718566895,0.39266520738601685
-0.019419003278017044,0.5913198590278625,0.5229188203811646
0.18895655870437622,-0.0010634355712682009,-0.5915288925170898
-0.2738567590713501,-0.1708541065454483,0.20984309911727905
0.5950058102607727,-0.3134145736694336,-0.3886551558971405
0.5963134169578552,-0.3004395067691803,-0.07609684765338898
-0.501236617565155,0.41560325026512146,0.5945331454277039
0.17541387677192688,-0.8479716181755066,0.8955389857292175
0.12331244349479675,0.8923256993293762,0.8489695191383362
0.11080441623926163,-0.24843865633010864,0.5955389738082886
-0.573856770992279,-0.404742956161499,0.23646147549152374
-0.03299185633659363,0.2913198471069336,-0.07557952404022217
0.4883889853954315,-0.5944404602050781,0.10620789229869843
-0.3059064745903015,-0.5944404602050781,0.14523367583751678
-0.1230844259262085,0.2923256754875183,-0.4933250844478607
-0.22728729248046875,0.8068310618400574,-0.2915288805961609
0.4103374183177948,-0.17028649151325226,0.5945331454277039
-0.01991620659828186,0.2923256754875183,-0.011437088251113892
-0.3840586543083191,-0.5944404602050781,-0.42768096923828125
-0.5798557996749878,-0.6786922216415405,-0.2915288805961609
0.0066095879301428795,-0.5944404602050781,-0.5188081860542297
0.04567762091755867,0.15519660711288452,0.5955389738082886
0.0331193208694458,0.2923256754875183,-0.3891121745109558
0.08522072434425354,0.3119579255580902,-0.8915289044380188
0.13638809323310852,0.2468612939119339,0.8945331573486328
-0.7101093530654907,-0.3661741614341736,0.8955389857292175
0.44936320185661316,0.09008993953466415,-0.5915288925170898
0.8958104848861694,-0.6263896226882935,0.28900983929634094
0.8275153636932373,-0.29444044828414917,-0.32400548458099365
0.12377948313951492,0.5913198590278625,-0.34952881932258606
0.9003366231918335,-0.34006309509277344,-0.7276809811592102
0.3030523657798767,-0.24897609651088715,-0.6365537643432617
0.29651451110839844,0.06463700532913208,0.00257265567779541
-0.08499272167682648,-0.7307937145233154,0.8955389857292175
-0.09703370928764343,-0.29444044828414917,0.7837924957275391
0.24095742404460907,-0.5944404602050781,0.17128440737724304
-0.2516281008720398,0.2829715609550476,0.19790273904800415
-0.25182926654815674,0.2729019522666931,-0.6495288610458374
-0.5518292784690857,0.07707464694976807,0.4187159240245819
0.85356605052948,0.8923256993293762,0.15877637267112732
-0.6797336339950562,-0.8919259309768677,-0.8652770519256592
0.5665411353111267,0.5923256874084473,0.4708173871040344
0.1850985884666443,0.2895093560218811,0.8694882392883301
0.293576180934906,-0.2943398356437683,0.2611399292945862
-0.25182926654815674,0.3900899589061737,0.4583093523979187
-0.7881609201431274,0.3640492856502533,-0.2915288805961609
-0.2702358365058899,-0.5485392808914185,0.05457349121570587
-0.5702358484268188,0.41560325026512146,0.4708173871040344
-0.5518292784690857,-0.3526415228843689,-0.505833089351654
-0.5518292784690857,0.07707464694976807,-0.42768096923828125
-0.873856782913208,0.2859172523021698,-0.8318838477134705
-0.25182926654815674,-0.11771798133850098,0.7708173990249634
-0.573856770992279,-0.07918943464756012,0.002040220657363534
-0.873856782913208,0.025510668754577637,0.2369285225868225
0.5150073170661926,0.24585682153701782,-0.2915288805961609
-0.5518292784690857,-0.521920919418335,0.02808590978384018
-0.42308443784713745,0.5582284331321716,0.5951366424560547
-0.570638120174408,0.20729805529117584,0.22338584065437317
-0.5702358484268188,0.28534963726997375,-0.3105030357837677
-0.5518292784690857,0.3115009367465973,0.3405637741088867
0.2678486704826355,-0.2920265197753906,0.06764915585517883
-0.5518292784690857,-0.32659080624580383,0.1973351091146469
0.6086849570274353,0.3376522362232208,-0.5318838357925415
-0.5518292784690857,-0.404742956161499,-0.44065603613853455
0.5279823541641235,-0.29444044828414917,-0.8318838477134705
0.5932959318161011,-0.45684438943862915,0.45774170756340027
0.6057680249214172,0.20719747245311737,0.23646147549152374
-0.3970337212085724,0.22027312219142914,-0.5915288925170898
0.07224565744400024,0.2923256754875183,-0.2058330774307251
0.5965145230293274,-0.28736385703086853,0.36661452054977417
-0.019429059699177742,0.48078033328056335,0.5955389738082886
-0.573856770992279,0.2854502201080322,0.09319259226322174
0.019636960700154305,-0.196437805891037,0.5955389738082886
0.41023680567741394,-0.5944404602050781,0.015060551464557648
0.5978220701217651,-0.17028649151325226,-0.41470590233802795
-0.5702358484268188,0.23324818909168243,-0.505833089351654
-0.5147793292999268,0.14165392518043518,-0.2915288805961609
-0.3709830045700073,0.5923256874084473,-0.33655375242233276
0.5910831093788147,-0.5348959565162659,-0.5318838357925415
-0.045479778200387955,0.5923256874084473,-0.18024942278862
-0.27124160528182983,-0.49643781781196594,-0.40219786763191223
0.26754558086395264,0.2923256754875183,-0.6626044511795044
-0.04546971991658211,-0.2875650227069855,0.5955389738082886
0.0982963889837265,0.2923256754875183,-0.2719241678714752
-0.3324544429779053,-0.19690483808517456,-0.2915288805961609
-0.42308443784713745,-0.5944404602050781,-0.08911214768886566
-0.12365205585956573,-0.014082759618759155,-0.5915288925170898
0.29358625411987305,0.8923256993293762,-0.3630715012550354
0.39775896072387695,-0.8944404721260071,-0.29796382784843445
0.3005378246307373,-0.32708802819252014,-0.4151729345321655
0.006613611243665218,-0.3657171428203583,0.5955389738082886
-0.00641375919803977,-0.5944404602050781,-0.21937580406665802
0.5965145230293274,-0.28736385703086853,0.21041077375411987
-0.12365205585956573,0.20729805529117584,0.5955389738082886
-0.11104345321655273,-0.5484386682510376,-0.8915289044380188
-0.18872857093811035,0.5913198590278625,0.45784232020378113
0.24095742404460907,-0.196437805891037,-0.5915288925170898
-0.20170362293720245,0.35052672028541565,-0.5915288925170898
-0.2702358365058899,0.4551966190338135,-0.6496293544769287
-0.35800793766975403,0.5923256874084473,-0.23235085606575012
0.2800838053226471,-0.5944404602050781,0.31451305747032166
-0.045479778200387955,-0.5944404602050781,0.39266520738601685
-0.573856770992279,-0.4828950762748718,0.444766640663147
0.9124065041542053,0.8328818082809448,0.328055739402771
0.5927929878234863,-0.4828950762748718,0.23646147549152374
0.5945029258728027,-0.3914661407470703,-0.24542652070522308
-0.28035300970077515,0.2919233441352844,-0.1406560242176056
-0.22828173637390137,-0.8944404721260071,0.4583093523979187
0.24150493741035461,-0.02762541174888611,-0.8915289044380188
0.3456776440143585,-0.29444044828414917,-0.6886551380157471
0.05917000770568848,-0.29444044828414917,0.27599453926086426
0.5670081377029419,0.33799856901168823,0.8955389857292175
-0.7881609201431274,0.8921245336532593,0.2229188084602356
0.5989285111427307,-0.13116012513637543,-0.12824857234954834
0.3065834641456604,0.8913198709487915,0.06661450862884521
-0.17622053623199463,0.29182279109954834,-0.40219786763191223
-0.2538050711154938,-0.4437687397003174,0.5955389738082886
0.4233124554157257,0.4547296166419983,0.5955389738082886
-0.14960218966007233,-0.2094128578901291,0.5955389738082886
-0.04493224620819092,0.8923256993293762,-0.19379211962223053
-0.4366271495819092,0.8923256993293762,0.15877637267112732
0.5144397020339966,-0.5944404602050781,-0.28445228934288025
-0.13662712275981903,-0.32659080624580383,-0.5915288925170898
0.6842867136001587,0.2923256754875183,0.6275887489318848
-0.17622053623199463,-0.2880823314189911,0.8955389857292175
0.5909824967384338,-0.5605443716049194,0.18436004221439362
-0.8737561702728271,0.8198061585426331,0.8611399531364441
0.2909824848175049,-0.2605443596839905,-0.7016302347183228
-0.4366271495819092,-0.2724130153656006,-0.2821747660636902
0.3321852385997772,0.5708011388778687,-0.5814707279205322
-0.03245441988110542,-0.5349965691566467,-0.5915288925170898
-0.2397594451904297,-0.4052099883556366,0.2952371835708618
-0.5702358484268188,-0.2875650227069855,-0.49285808205604553
-0.33195722103118896,-0.5845834016799927,0.5739138722419739
-0.4881609380245209,0.16827227175235748,0.5945331454277039
0.5924912691116333,-0.44386932253837585,-0.4797824025154114
-0.573856770992279,0.27237460017204285,0.45784232020378113
-0.4881609380245209,-0.39166730642318726,0.5955389738082886
-0.2702358365058899,0.32494303584098816,-0.46727436780929565
-0.5702358484268188,-0.30064064264297485,0.5358938574790955
0.2019316405057907,-0.014153167605400085,0.5948348641395569
0.5941005945205688,-0.4092691242694855,0.20296770334243774
0.6119035482406616,0.5068310499191284,0.1973351091146469
-0.3449322581291199,-0.5349965691566467,-0.5915288925170898
0.6191096305847168,-0.29444044828414917,-0.24485886096954346
0.38428667187690735,-0.3526415228843689,-0.5915288925170898
-0.41010934114456177,0.18124733865261078,0.5945331454277039
0.5275153517723083,0.5923256874084473,0.31451305747032166
0.03218522667884827,-0.23595073819160461,0.8955389857292175
0.6103948950767517,0.4287794828414917,-0.505833089351654
-0.87043696641922,-0.5354635715484619,-0.25712984800338745
0.44936320185661316,-0.4958701729774475,-0.5915288925170898
0.30613455176353455,0.5923256874084473,0.45784232020378113
-0.1370941698551178,0.8068310618400574,0.2955389618873596
0.16290584206581116,-0.5944404602050781,-0.1020972728729248
-0.4361600875854492,0.2984252870082855,-0.5915288925170898
-0.3449322581291199,0.41560325026512146,-0.5915288925170898
0.3321852385997772,-0.5089458227157593,0.5955389738082886
-0.35800793766975403,-0.1182856336236,-0.5915288925170898
-0.24083000421524048,-0.5944404602050781,-0.41470590233802795
-0.26688069105148315,-0.17038707435131073,0.5955389738082886
-0.3059064745903015,-0.5944404602050781,-0.44065603613853455
0.39726173877716064,-0.5944404602050781,0.37969014048576355
0.4233124554157257,-0.23546357452869415,0.5945331454277039
-0.7361600995063782,0.7026281356811523,-0.2915288805961609
0.47541388869285583,-0.06617413461208344,-0.5915288925170898
0.8275153636932373,0.8923256993293762,-0.24587343633174896
-0.3970337212085724,-0.5944404602050781,0.02807585336267948
-0.03195720911026001,-0.2099100649356842,-0.8915289044380188
