0.5745002031326294,0.24005742371082306,-0.3499491512775421
-0.8168656826019287,-0.19110864400863647,0.5442498922348022
-0.48315486311912537,-0.20707754790782928,-0.5341598987579346
0.2274215668439865,-0.1876245141029358,0.544538140296936
-0.21372640132904053,0.48105576634407043,0.15346334874629974
0.8095177412033081,-0.21311278641223907,0.13817377388477325
0.09453300386667252,-0.2132079154253006,-0.14528343081474304
0.4416115880012512,0.36363720893859863,0.27317625284194946
-0.6442697048187256,0.06391791999340057,0.006321984343230724
-0.2863566279411316,-0.2132079154253006,0.2887423634529114
-0.01494987215846777,0.33404237031936646,-0.40578746795654297
0.8322059512138367,-0.19177164137363434,-0.5067633986473083
0.02506021037697792,0.22940346598625183,0.4916902482509613
-0.45577001571655273,0.3579680621623993,-0.2617294192314148
0.325899213552475,-0.19148242473602295,-0.49416425824165344
0.6703718304634094,0.08344703167676926,0.46939796209335327
-0.5971869826316833,0.18529944121837616,0.4277922213077545
-0.373982310295105,-0.20340116322040558,-0.10002051293849945
-0.7812899947166443,-0.1931091845035553,-0.22021973133087158
0.40460631251335144,-0.23282140493392944,0.13624031841754913
0.26547205448150635,0.2664813995361328,-0.08624745160341263
-0.07376370579004288,-0.17677628993988037,-0.5073398947715759
0.5817911028862,-0.2132079154253006,-0.18957962095737457
0.6995095610618591,0.14523111283779144,-0.014137069694697857
-0.6488876938819885,0.07747207581996918,-0.41701215505599976
-0.27453792095184326,0.13897371292114258,0.26798754930496216
-0.7813860774040222,-0.19276325404644012,0.16076596081256866
-0.2579030990600586,0.013183873146772385,-0.31774821877479553
0.06004354730248451,-0.20340116322040558,0.20111672580242157
0.23722830414772034,0.027698896825313568,-0.3436132073402405
0.25692033767700195,0.05201480910181999,0.33246204257011414
0.026107560843229294,0.4558575749397278,-0.12502072751522064
0.5463349223136902,-0.2132079154253006,0.44824710488319397
-0.3574611246585846,0.175679013133049,-0.03014213964343071
-0.5097710490226746,-0.2306998074054718,0.5243481993675232
0.05909603834152222,0.26081225275993347,0.15805210173130035
-0.08853230625391006,-0.19692786037921906,0.5170454978942871
0.6276246905326843,-0.028602344915270805,-0.39904966950416565
-0.7725694179534912,-0.23071037232875824,-0.49416425824165344
0.5064587593078613,0.055954378098249435,0.20610742270946503
0.831725537776947,-0.23009924590587616,0.4783107340335846
-0.5256137251853943,-0.2132079154253006,0.16469384729862213
0.0167927835136652,0.07046940177679062,-0.4986862242221832
-0.14462800323963165,0.26657748222351074,-0.16402041912078857
0.4634000062942505,0.05680748075246811,-0.16008083522319794
-0.16327477991580963,-0.20340116322040558,-0.004518657457083464
-0.18105091154575348,-0.20340116322040558,-0.24184517562389374
-0.4078049957752228,0.3395017981529236,0.26923084259033203
0.3248539865016937,-0.2132079154253006,-0.25165194272994995
-0.49908778071403503,0.033560216426849365,-0.1993863731622696
0.2381950467824936,0.47384920716285706,0.16355249285697937
-0.5184071660041809,0.035103462636470795,0.20899002254009247
0.5294352173805237,0.31116193532943726,0.024341383948922157
-0.08559203147888184,0.030983412638306618,0.3626334071159363
0.8027857542037964,-0.20175038278102875,-0.120306596159935
-0.6508152484893799,-0.08048941195011139,0.37733474373817444
-0.6230461001396179,-0.2132079154253006,-0.05671985074877739
0.3909619450569153,0.3768855631351471,-0.24463757872581482
0.1299891620874405,-0.2132079154253006,-0.40222057700157166
-0.3719702959060669,-0.02898668684065342,0.39251652359962463
-0.03834597021341324,0.09861709922552109,-0.28854942321777344
-0.5256137251853943,-0.2132079154253006,-0.2959481179714203
0.686333954334259,-0.1012442484498024,0.29172107577323914
0.3506053388118744,0.19210991263389587,0.1145363301038742
0.5954471230506897,-0.23070941865444183,-0.5333911776542664
-0.40503597259521484,0.41023945808410645,0.004876833409070969
0.6260872483253479,-0.2132079154253006,0.023003682494163513
0.5712215304374695,0.20535825192928314,0.37214604020118713
0.22645483911037445,-0.20340116322040558,0.013196938671171665
0.05814854055643082,0.26591068506240845,-0.18151414394378662
0.09158311784267426,-0.0798168033361435,0.43018272519111633
-0.5465548634529114,0.2525429129600525,-0.004464847967028618
-0.2981870174407959,0.44732916355133057,-0.1991039663553238
-0.2686765789985657,-0.14047662913799286,-0.4658302664756775
0.025354236364364624,0.4795183837413788,0.20621521770954132
0.4311263859272003,0.011850372888147831,-0.35283178091049194
0.7666628360748291,-0.17136867344379425,-0.31064945459365845
0.2884310781955719,-0.22301466763019562,0.32323184609413147
-0.4635413885116577,-0.0335988774895668,-0.38665446639060974
0.4252650737762451,-0.05473805591464043,0.41154178977012634
-0.3089487850666046,-0.17255805432796478,0.5331998467445374
-0.24897871911525726,0.250807523727417,0.11155763268470764
0.2073334902524948,0.4426994323730469,-0.14077317714691162
-0.6458129286766052,-0.09452398866415024,-0.1975489854812622
0.7500397562980652,-0.06338590383529663,0.005689730867743492
0.4311263859272003,-0.2132079154253006,-0.06557909399271011
-0.7662160396575928,-0.07933636754751205,0.004500171169638634
-0.3414262533187866,-0.23282140493392944,0.12233109027147293
0.3537820279598236,0.40436065196990967,0.013887974433600903
0.07977400720119476,0.10332538187503815,0.2944115102291107
-0.10033180564641953,-0.043688029050827026,-0.3940531313419342
-0.6603279113769531,-0.08875291794538498,0.19130997359752655
-0.31835365295410156,0.2160356491804123,-0.20716355741024017
-0.10033180564641953,-0.2132079154253006,0.29758238792419434
-0.5033214688301086,0.16693508625030518,-0.3261195421218872
-0.7881238460540771,-0.20041583478450775,0.3222651183605194
-0.09735310822725296,0.17452597618103027,0.24165968596935272
0.5111669898033142,0.05182262882590294,0.017171189188957214
-0.6505329012870789,-0.10461314022541046,-0.42220085859298706
0.026920458301901817,0.3156663775444031,0.3614920675754547
-0.4652709364891052,0.17798510193824768,0.31209155917167664
-0.12108664214611053,0.3820742666721344,-0.021311728283762932
0.6200338006019592,-0.04330367222428322,-0.1482621133327484
-0.34842896461486816,-0.2132079154253006,-0.2870120108127594
-0.45470136404037476,-0.2132079154253006,0.34187859296798706
0.32562264800071716,0.15444374084472656,-0.24713584780693054
-0.48054879903793335,0.06815744191408157,0.03187252953648567
0.6396473050117493,-0.02369018644094467,0.11751502752304077
0.5640149116516113,-0.2132079154253006,0.24444620311260223
0.0066804829984903336,0.04903610050678253,0.5328038334846497
0.114134781062603,0.39850518107414246,0.020169107243418694
0.215602844953537,0.20488952100276947,0.2190791815519333
0.07683373987674713,-0.04887673631310463,-0.3978966474533081
0.01480273436754942,-0.19359441101551056,0.023003684356808662
-0.03139134868979454,-0.19359441101551056,-0.30478814244270325
0.37317410111427307,-0.17255805432796478,0.5331998467445374
-0.3954155445098877,0.1425289511680603,0.15585380792617798
0.8126886487007141,-0.21164649724960327,0.3333268165588379
-0.08853230625391006,0.32672807574272156,0.12875722348690033
0.5197187662124634,-0.2132079154253006,-0.3401482105255127
0.1397959142923355,-0.22301466763019562,0.32323184609413147
0.565168023109436,0.010409055277705193,0.3603273332118988
0.3838514983654022,0.16299551725387573,-0.04489152133464813
0.3081406354904175,-0.08904702216386795,-0.4106703996658325
0.02515437640249729,0.3858100175857544,-0.27068889141082764
-0.18594549596309662,-0.09029030799865723,0.4379657804965973
0.6762447953224182,-0.12100937962532043,0.4607384204864502
0.23232200741767883,0.2954035997390747,0.06730946898460388
0.20964543521404266,-0.2132079154253006,0.18246996402740479
0.41642501950263977,0.18471121788024902,0.2695249319076538
-0.6437048316001892,-0.17660541832447052,0.5019598603248596
0.7560932636260986,-0.06588416546583176,-0.4818768799304962
-0.06492367386817932,-0.2132079154253006,-0.11682990938425064
0.6665517091751099,0.14811372756958008,-0.40942710638046265
0.11298174411058426,0.12917283177375793,-0.2658728361129761
-0.6318861246109009,-0.2132079154253006,0.2799023687839508
-0.5226349830627441,0.006565573625266552,0.366188645362854
-0.6565688848495483,-0.23282140493392944,-0.3313082456588745
-0.7975404262542725,-0.19350793957710266,-0.08519257605075836
0.2746964693069458,-0.09029030799865723,0.4379657804965973
0.44957512617111206,-0.12025029212236404,-0.45084068179130554
-0.24417434632778168,0.2746487855911255,-0.03901098668575287
-0.18008416891098022,0.13945414125919342,-0.25818586349487305
-0.5799029469490051,-0.018609264865517616,-0.06557909399271011
-0.7302677035331726,-0.07184157520532608,0.4938885271549225
0.059096042066812515,-0.2132079154253006,0.510223388671875
-0.4458613693714142,-0.2132079154253006,0.023003682494163513
-0.6584061980247498,-0.2132079154253006,0.0850183442234993
0.2995830178260803,0.32634371519088745,0.1963065266609192
-0.23225368559360504,0.03145800530910492,0.36475318670272827
0.28249120712280273,-0.19359441101551056,-0.11876334995031357
-0.2984636127948761,0.3795759677886963,0.20408958196640015
-0.04159371554851532,0.4672918915748596,0.05615584924817085
-0.17124415934085846,-0.2132079154253006,0.14701378345489502
-0.013139590620994568,-0.06097202003002167,-0.5494378209114075
0.5539258122444153,0.014444713480770588,-0.2663533091545105
-0.5847073197364807,-0.02283710055053234,0.07615910470485687
0.004896145313978195,0.16981768608093262,-0.41797885298728943
-0.24206043779850006,-0.2132079154253006,-0.10982725024223328
-0.241093710064888,0.42290544509887695,-0.00588790001347661
0.6614473462104797,-0.2132079154253006,-0.3933805525302887
-0.6616614460945129,0.02923043631017208,0.43122798204421997
-0.5166776180267334,-0.2132079154253006,-0.154123455286026
-0.3837890326976776,0.11389494687318802,-0.27721112966537476
0.42228633165359497,0.057299595326185226,0.3285224735736847
0.18312537670135498,-0.2132079154253006,-0.25165194272994995
0.4311263859272003,-0.2132079154253006,0.29758238792419434
0.026907967403531075,-0.10942335426807404,0.5363590717315674
0.2628777325153351,-0.2132079154253006,-0.37560442090034485
0.4531303644180298,0.12859629094600677,-0.28384116291999817
-0.33661022782325745,0.2525487542152405,0.22801528871059418
-0.57874995470047,-0.2132079154253006,-0.446516752243042
0.13882918655872345,0.34777116775512695,-0.10377375781536102
0.6577960252761841,-0.07626157253980637,-0.27817201614379883
-0.41424864530563354,0.12609803676605225,-0.14528343081474304
-0.5226349830627441,-0.100187286734581,0.4452683925628662
0.004575214348733425,0.2291995733976364,-0.2842254936695099
-0.19316375255584717,0.4659583866596222,-0.08982942253351212
-0.20670033991336823,-0.2132079154253006,0.3951109051704407
0.6978702545166016,-0.20340116322040558,0.19034326076507568
-0.4211786389350891,-0.2132079154253006,0.20899002254009247
0.20877480506896973,0.205556258559227,-0.19216811656951904
0.2097415328025818,-0.19162385165691376,-0.503784716129303
0.7678159475326538,-0.2132079154253006,0.014146363362669945
0.5030053853988647,-0.20340116322040558,0.03977465629577637
-0.37494900822639465,-0.2132079154253006,-0.4199005961418152
-0.6407261490821838,-0.2132079154253006,-0.19841963052749634
0.6880635023117065,-0.2132079154253006,0.36849474906921387
-0.5847073197364807,-0.02283710055053234,-0.2959481179714203
-0.20670033991336823,-0.2132079154253006,-0.37560442090034485
0.377990186214447,0.28214362263679504,0.003917883150279522
-0.002500731498003006,0.08621600270271301,0.4029842019081116
0.5286548733711243,0.18471121788024902,0.003917883150279522
-0.029486730694770813,-0.2132079154253006,0.40395089983940125
-0.6744527220726013,-0.1012442484498024,-0.08329757302999496
0.3868301808834076,-0.2132079154253006,-0.3933805525302887
-0.7458572387695312,0.007730324286967516,-0.4494837522506714
0.6106172800064087,-0.035040177404880524,-0.024261606857180595
0.7385092377662659,-0.1467030942440033,-0.18660090863704681
0.05721064284443855,-0.20707754790782928,-0.49493297934532166
0.4127737283706665,0.2437087446451187,-0.259819358587265
0.4399664103984833,-0.2132079154253006,-0.18957962095737457
-0.386767715215683,0.08247446268796921,0.3098815679550171
0.029578059911727905,0.3571876585483551,0.10617674142122269
-0.40742647647857666,-0.13572993874549866,0.47169235348701477
-0.3394928276538849,-0.2132079154253006,0.40395089983940125
0.28901344537734985,0.36775729060173035,-0.1796826273202896
0.006505605764687061,0.20239126682281494,0.29758238792419434
-0.8197482824325562,-0.1912931352853775,-0.382607102394104
-0.4369252622127533,0.27320751547813416,0.003917883150279522
0.7144874930381775,-0.12581375241279602,0.12337636202573776
0.44025465846061707,0.11370280385017395,0.1145363301038742
-0.3492995500564575,-0.0542517714202404,-0.4189455807209015
-0.04625770077109337,-0.20340116322040558,0.13030047714710236
-0.5221662521362305,0.30886751413345337,0.35399726033210754
0.004575214348733425,0.04817131534218788,-0.3855013847351074
0.22395658493041992,0.44433289766311646,-0.005310415290296078
-0.2536869943141937,0.30866366624832153,-0.1620025932788849
0.18312537670135498,-0.09480640292167664,-0.4320075809955597
0.5502744913101196,0.11082015931606293,-0.346393883228302
0.013356620445847511,0.3426785171031952,-0.11568856239318848
0.18898670375347137,-0.004568843636661768,0.36934784054756165
-0.5649133324623108,0.14531545341014862,0.006645797751843929
-0.7500734329223633,-0.1671888828277588,0.23560619354248047
-0.11617448180913925,0.047498706728219986,-0.3265038728713989
-0.22438037395477295,-0.054161522537469864,-0.40183621644973755
-0.2943260073661804,-0.20340116322040558,-0.022240016609430313
0.3887636065483093,-0.2132079154253006,0.05147640034556389
0.09259956330060959,-0.23282140493392944,0.06540486216545105
-0.05309535190463066,-0.09029030799865723,0.4379657804965973
0.6437673568725586,-0.21108631789684296,0.5047347545623779
-0.21256163716316223,0.21997521817684174,0.20793306827545166
0.5291352868080139,0.12263890355825424,0.34255120158195496
0.12182176113128662,0.49239400029182434,-0.07136354595422745
-0.5650094747543335,0.06950268894433975,-0.3640739619731903
-0.6299527287483215,-0.23282140493392944,0.4147243797779083
-0.740656852722168,-0.15896381437778473,-0.154123455286026
0.3411887586116791,0.20027734339237213,-0.14230471849441528
0.606005072593689,-0.031004521995782852,0.25626489520072937
-0.6081526279449463,-0.04330367222428322,0.2799023687839508
-0.5962377786636353,0.18692120909690857,-0.3856935501098633
0.06205552816390991,0.006565573625266552,0.366188645362854
0.5728549957275391,-0.2132079154253006,-0.07443834096193314
0.12201979011297226,-0.20340116322040558,-0.020335396751761436
0.7241923213005066,-0.1342213749885559,-0.07737860828638077
-0.5078375935554504,-0.125218003988266,-0.4544920027256012
0.6349273324012756,-0.125218003988266,-0.4544920027256012
-0.6672462224960327,-0.027929723262786865,0.003917883150279522
0.41441306471824646,-0.20340116322040558,0.41375765204429626
-0.5521337985992432,-0.2132079154253006,0.05844063684344292
0.7573423385620117,-0.16315321624279022,-0.4258580207824707
0.5197187662124634,-0.043688029050827026,-0.3940531313419342
0.3426300883293152,0.06306484341621399,-0.31487733125686646
0.48619604110717773,-0.20707754790782928,-0.5145464539527893
0.7236040830612183,-0.04456450790166855,0.5030285716056824
-0.011777864769101143,-0.2132079154253006,-0.4199005961418152
0.3278326690196991,0.12321540713310242,0.27971017360687256
0.5944804549217224,-0.08433873951435089,0.4165324866771698
0.5045486688613892,0.3307754099369049,-0.3238251209259033
-0.14961867034435272,0.11313211917877197,0.2846047878265381
0.6899008750915527,-0.23282140493392944,-0.23203842341899872
0.10337302833795547,0.04269435256719589,-0.32996296882629395
0.15064790844917297,0.3068379759788513,0.14345857501029968
-0.4258752167224884,0.22007128596305847,-0.27279114723205566
-0.07376370579004288,0.18490338325500488,-0.2245553433895111
0.5817911028862,-0.2132079154253006,0.13817377388477325
-0.49928581714630127,0.05182262882590294,-0.08328796923160553
0.6178179383277893,0.13118478655815125,0.4194267690181732
-0.30999407172203064,-0.100187286734581,0.4452683925628662
0.7253569960594177,-0.22132650017738342,-0.5307968854904175
0.20964543521404266,-0.2132079154253006,0.40395089983940125
0.005943495314568281,-0.2132079154253006,0.2887423634529114
0.48109176754951477,0.2643674612045288,0.31141895055770874
0.1996406614780426,0.12917283177375793,-0.2658728361129761
-0.7689064741134644,-0.18363900482654572,0.03187252953648567
-0.6838692426681519,-0.10941165685653687,-0.3136281967163086
-0.14539670944213867,-0.12025029212236404,-0.45084068179130554
-0.7360446453094482,-0.15492816269397736,0.43047094345092773
-0.6884814500808716,-0.11344731599092484,0.07615910470485687
-0.32930758595466614,0.20027734339237213,0.06729987263679504
-0.45470136404037476,0.052591342478990555,-0.3226603865623474
-0.17316590249538422,0.36179986596107483,-0.11011550575494766
0.18610407412052155,0.11331844329833984,0.2673993408679962
-0.1781507134437561,-0.18209950625896454,-0.5307968854904175
0.46956124901771545,-0.13572993874549866,0.47169235348701477
0.5491213798522949,0.018672548234462738,-0.10396593064069748
-0.3527528643608093,0.3707360029220581,-0.22859099507331848
0.3071739077568054,-0.2132079154253006,0.4393109977245331
0.2893977761268616,-0.2132079154253006,0.11155763268470764
0.6818061470985413,0.048747848719358444,-0.44594019651412964
-0.044255331158638,0.24563048779964447,0.18890780210494995
-0.20853769779205322,-0.23282140493392944,0.5209968090057373
0.33619222044944763,0.21853390336036682,0.21504351496696472
0.3455126881599426,-0.003331416053697467,0.37358736991882324
0.17130663990974426,-0.1309640109539032,0.46813714504241943
-0.5283041596412659,0.10793755203485489,0.34975773096084595
-0.3337275981903076,0.2861792743206024,0.006648680195212364
-0.1948816180229187,0.35295990109443665,0.13375376164913177
0.13479937613010406,0.46816253662109375,0.07197345793247223
0.03821421042084694,0.46421709656715393,-0.013612433336675167
-0.4635413885116577,0.17577511072158813,0.003917883150279522
-0.7336307764053345,-0.10768207907676697,-0.4860086143016815
0.4641803801059723,0.09285186231136322,-0.06261000782251358
0.7171721458435059,0.024720188230276108,0.015296612866222858
0.5445092916488647,0.022708222270011902,0.1145363301038742
-0.04130545258522034,0.10812973231077194,0.290856271982193
0.3358078896999359,0.2791648805141449,-0.20735573768615723
-0.32181280851364136,-0.19349928200244904,-0.5085890293121338
-0.07933090627193451,0.46537601947784424,-0.047989290207624435
-0.5432937741279602,-0.2132079154253006,0.3861747980117798
-0.4182784855365753,-0.20340116322040558,-0.18861287832260132
-0.10033180564641953,-0.2132079154253006,-0.37560442090034485
0.20397628843784332,0.3201940953731537,-0.024261606857180595
-0.43702131509780884,-0.2132079154253006,-0.3401482105255127
-0.5333123207092285,0.2839809060096741,-0.33284562826156616
-0.6673422455787659,-0.17075371742248535,-0.488314688205719
-0.6247757077217102,-0.0014096684753894806,-0.4027009904384613
0.4121010899543762,0.13839717209339142,-0.18660090863704681
-0.47574445605278015,0.07238529622554779,0.1293337494134903
-0.004268735647201538,0.4114827811717987,0.25510603189468384
-0.047935470938682556,-0.12025029212236404,-0.45084068179130554
-0.26674315333366394,0.09428146481513977,-0.2575976550579071
0.5640149116516113,-0.2132079154253006,0.34187859296798706
0.8096137642860413,-0.21266405284404755,-0.23377971351146698
0.7666628360748291,-0.17136867344379425,0.23858487606048584
0.7573306560516357,-0.11363949626684189,0.5230146646499634
-0.3652324974536896,0.18952728807926178,0.2786649167537689
0.35012489557266235,0.4212895333766937,0.24868571758270264
-0.2784833312034607,-0.20340116322040558,0.1922767162322998
0.7666628360748291,-0.17136867344379425,0.4069296419620514
-0.09187613427639008,0.40465477108955383,0.07337257266044617
0.09454261511564255,0.18961165845394135,0.23041747510433197
-0.6673422455787659,-0.2132079154253006,0.19130997359752655
-0.27751657366752625,-0.2132079154253006,-0.19841963052749634
0.35147011280059814,-0.2132079154253006,-0.154123455286026
-0.1818254441022873,0.4669192135334015,0.02357172593474388
0.07681453227996826,-0.125218003988266,-0.4544920027256012
-0.012306515127420425,0.29789018630981445,-0.23580925166606903
-0.5441585183143616,0.20825257897377014,0.3599429726600647
-0.6884814500808716,-0.11344731599092484,0.29758238792419434
0.35330745577812195,-0.23282140493392944,-0.07633333653211594
0.005943495314568281,-0.2132079154253006,-0.21803313493728638
-0.4980308413505554,-0.20340116322040558,-0.05766735598444939
-0.5166776180267334,-0.2132079154253006,0.27106234431266785
0.00457809679210186,0.29521146416664124,0.25174883008003235
-0.08261333405971527,0.33768200874328613,-0.111268550157547
0.0066651105880737305,-0.0190897099673748,0.44815102219581604
0.16544532775878906,0.0010042223148047924,-0.39502570033073425
-0.5698137879371643,0.042886532843112946,0.003917883150279522
0.05984552204608917,0.4038860499858856,-0.062187228351831436
-0.4278813600540161,0.07746622711420059,0.21792614459991455
-0.40156516432762146,-0.13517263531684875,-0.46189069747924805
-0.11810792982578278,-0.2132079154253006,0.43047094345092773
-0.18882812559604645,0.3060576319694519,0.014598934911191463
-0.4203982353210449,0.2525487542152405,0.2798062562942505
0.6815296411514282,-0.09701640903949738,-0.36974310874938965
-0.4233710765838623,0.11937779933214188,-0.06652659922838211
-0.7312402725219727,-0.1507483571767807,-0.40222057700157166
0.6260872483253479,0.05182262882590294,0.005689730867743492
-0.37494900822639465,0.017039066180586815,-0.34908434748649597
0.007306972984224558,0.25552746653556824,0.3861747980117798
0.10337302833795547,-0.2132079154253006,0.43047094345092773
0.2893977761268616,0.3352798521518707,0.003917883150279522
0.36713817715644836,-0.13081611692905426,0.45093169808387756
0.31755131483078003,0.22093607485294342,-0.024261606857180595
-0.07283541560173035,-0.20340116322040558,-0.21522903442382812
-0.08264216035604477,-0.2132079154253006,0.20899002254009247
0.6475147604942322,-0.01024968083947897,0.41922876238822937
-0.7492930293083191,-0.18363900482654572,-0.3420816659927368
0.7145835757255554,-0.2132079154253006,0.10271760821342468
-0.5521337985992432,-0.054161522537469864,-0.40183621644973755
-0.5980634093284607,0.07469139993190765,0.3949187099933624
-0.3154768645763397,0.23074282705783844,-0.128570094704628
-0.5697060227394104,-0.0464862585067749,-0.17373694479465485
-0.13280928134918213,0.25552746653556824,0.1815091073513031
0.42055678367614746,0.36814165115356445,0.003946708980947733
0.6782568097114563,-0.20340116322040558,-0.06652659922838211
-0.4096364676952362,0.13013368844985962,0.05845024436712265
0.6792234778404236,-0.2132079154253006,-0.1630595475435257
0.31698065996170044,0.001670972676947713,-0.3774358928203583
-0.18008416891098022,-0.2132079154253006,0.23560619354248047
-0.1624041348695755,-0.2132079154253006,-0.1630595475435257
-0.09339640289545059,-0.19359441101551056,-0.06747410446405411
-0.3686072528362274,0.28214362263679504,-0.23896843194961548
0.15362660586833954,0.04692220315337181,0.3362094461917877
0.07681453227996826,-0.2132079154253006,-0.3313082456588745
-0.5945140719413757,-0.013030356727540493,0.15498317778110504
-0.4901575446128845,-0.2132079154253006,-0.4110605716705322
0.30804455280303955,-0.20340116322040558,0.23463945090770721
-0.05605483800172806,0.26657748222351074,-0.16402041912078857
-0.23418712615966797,-0.20340116322040558,0.0859658494591713
0.47542256116867065,-0.2132079154253006,0.20899002254009247
0.05911526083946228,0.18490338325500488,-0.2245553433895111
-0.2961633503437042,-0.20340116322040558,-0.41009387373924255
0.6165688037872314,0.18537795543670654,-0.005621738266199827
-0.22438037395477295,0.2309291511774063,-0.1903483122587204
0.42612984776496887,0.12609803676605225,0.02892265096306801
0.5381675362586975,-0.14548279345035553,-0.4695776700973511
-0.3048897683620453,0.18489165604114532,0.13624031841754913
0.18312537670135498,-0.2132079154253006,-0.154123455286026
-0.019462743774056435,0.42349952459335327,-0.08180070668458939
0.377990186214447,-0.04887673631310463,-0.3978966474533081
0.42612984776496887,0.12609803676605225,0.20610742270946503
0.2843051552772522,0.24995440244674683,0.15297119319438934
0.004575214348733425,-0.018417101353406906,-0.44113585352897644
-0.7312402725219727,-0.1507483571767807,-0.039001379162073135
0.6815296411514282,-0.09701640903949738,0.04664113000035286
0.29900652170181274,-0.1310868114233017,-0.49303460121154785
0.7293810248374939,-0.17255805432796478,0.5135864019393921
-0.6850223541259766,-0.2132079154253006,-0.11876334995031357
0.455809086561203,-0.23282140493392944,0.5298368334770203
0.5817911028862,-0.2132079154253006,-0.42874065041542053
0.4825330376625061,0.22526000440120697,-0.3050764203071594
0.21742850542068481,0.3647785782814026,-0.13106250762939453
0.23020809888839722,0.3706398904323578,0.15152989327907562
-0.4665200710296631,-0.044264547526836395,0.4038548171520233
0.18312537670135498,0.27657052874565125,-0.1565256267786026
0.6614473462104797,-0.2132079154253006,0.2799023687839508
0.007306972984224558,0.3352798521518707,-0.30478814244270325
-0.004810752347111702,-0.19359441101551056,-0.12944073975086212
0.3849928379058838,-0.23282140493392944,-0.2977854609489441
0.6721130609512329,-0.08875291794538498,0.38329216837882996
0.004576175007969141,0.4515452980995178,0.09701001644134521
0.5108787417411804,0.0327012874186039,-0.3373616933822632
-0.19592685997486115,0.07824661582708359,-0.32324859499931335
0.5906311273574829,-0.2132079154253006,-0.2959481179714203
0.017113715410232544,0.4052254557609558,-0.15325279533863068
-0.7172116041183472,-0.13848765194416046,0.15585380792617798
0.4784012734889984,-0.003331416053697467,0.37358736991882324
0.006664149928838015,-0.16081829369068146,-0.5084929466247559
-0.557995080947876,-0.17131102085113525,0.4981163740158081
-0.28933531045913696,-0.03417539224028587,0.39636003971099854
0.43948596715927124,0.22670131921768188,0.0063296714797616005
0.029578059911727905,-0.1309640109539032,0.46813714504241943
0.29372167587280273,0.24178700149059296,0.055500369518995285
-0.4576800763607025,0.04692220315337181,0.3362094461917877
0.6479893326759338,-0.08606831729412079,0.1922767162322998
-0.2698296308517456,0.3057810366153717,0.18227778375148773
-0.47334811091423035,-0.20340116322040558,0.12136436998844147
-0.2686765789985657,0.35295990109443665,0.003917883150279522
0.5010720491409302,-0.20340116322040558,-0.13741013407707214
0.14766919612884521,-0.2132079154253006,0.23560619354248047
0.05023680627346039,-0.2132079154253006,0.36849474906921387
0.004575214348733425,0.14646852016448975,-0.33976390957832336
0.1711144894361496,0.34882813692092896,0.06140011548995972
-0.5466567873954773,0.010409055277705193,0.2887423634529114
-0.6761823892593384,-0.2132079154253006,-0.4199005961418152
-0.6806983947753906,-0.09278857707977295,0.4515140652656555
0.7431214451789856,-0.15073876082897186,0.32121986150741577
0.3130352199077606,-0.20205892622470856,0.5212734341621399
0.1250770092010498,0.24044178426265717,0.2123647928237915
-0.7974443435668945,-0.20779338479042053,0.42163094878196716
-0.014159075915813446,0.22476784884929657,-0.4481502175331116
-0.1534680426120758,0.20066170394420624,-0.21283270418643951
-0.1534680426120758,-0.2132079154253006,-0.08329757302999496
0.5111669898033142,0.05182262882590294,0.30940115451812744
0.5727588534355164,-0.001986187184229493,0.18544867634773254
-0.06492367386817932,-0.2132079154253006,0.012249428778886795
0.1299891620874405,0.215363010764122,-0.20197485387325287
0.4842625856399536,-0.2132079154253006,0.3951109051704407
0.5846737027168274,0.042886532843112946,-0.37108832597732544
-0.7218237519264221,-0.14252328872680664,-0.251555860042572
-0.3759157061576843,-0.20329739153385162,0.5093527436256409
-0.2765498757362366,-0.20340116322040558,-0.3499549627304077
0.10337302833795547,-0.2132079154253006,-0.25165194272994995
-0.45470136404037476,-0.2132079154253006,0.42163094878196716
0.3628084063529968,0.2909836173057556,0.23483748733997345
0.18312537670135498,-0.2132079154253006,-0.3313082456588745
0.2628777325153351,-0.2132079154253006,-0.19841963052749634
-0.6157435178756714,-0.016879696398973465,0.4096200466156006
0.5118455290794373,-0.20340116322040558,-0.03994888439774513
0.2008054256439209,-0.2132079154253006,0.09387759119272232
-0.7134758234024048,-0.23282140493392944,0.014146363362669945
0.5937175750732422,0.27427616715431213,0.02503129094839096
-0.012306515127420425,0.11186544597148895,0.4640898108482361
0.4842625856399536,-0.2132079154253006,-0.43767672777175903
0.6721130609512329,-0.08875291794538498,-0.2013983428478241
-0.7116385102272034,-0.21310414373874664,0.5191594362258911
0.6675008535385132,-0.08471724390983582,-0.05376036837697029
0.014381956309080124,0.3739126920700073,0.1859232485294342
0.4880099594593048,0.18538382649421692,0.3191058933734894
-0.7253789305686951,0.024918222799897194,-0.014407075010240078
0.004580018576234579,0.17683206498622894,0.37185779213905334
-0.8171539306640625,-0.19350793957710266,-0.154123455286026
0.5955315232276917,0.1787538230419159,-0.3781987726688385
-0.15942542254924774,0.032220855355262756,0.3471634089946747
0.2708529531955719,0.2747448980808258,-0.16392432153224945
0.04137756675481796,0.10390188544988632,-0.284609854221344
0.5444014668464661,-0.21108631789684296,0.5243481993675232
-0.3527528643608093,0.3323010802268982,0.2391614019870758
0.2801734209060669,0.4286765456199646,0.18400736153125763
-0.05510733276605606,0.002043629065155983,-0.3626385033130646
-0.18708683550357819,-0.012471393682062626,-0.33677351474761963
-0.631790041923523,-0.063962422311306,-0.34908434748649597
-0.4569113850593567,0.08881621062755585,-0.22503578662872314
-0.2678118050098419,0.2539900839328766,0.03186291828751564
-0.1357879787683487,-0.2132079154253006,-0.4641968011856079
0.6924835443496704,-0.03388712555170059,-0.4409436881542206
0.0056966375559568405,0.23045456409454346,-0.18832461535930634
0.507900059223175,-0.0798168033361435,0.43018272519111633
0.1638118475675583,0.41570478677749634,0.1058884784579277
-0.5207015872001648,-0.19148242473602295,-0.49416425824165344
-0.12099055200815201,-0.14103394746780396,0.4756319224834442
0.2657603323459625,-0.1514786332845688,0.48331892490386963
0.007980544120073318,0.06892615556716919,0.3412059545516968
-0.614109992980957,-0.2132079154253006,-0.37560442090034485
0.2381950467824936,-0.2132079154253006,-0.03710636869072914
-0.5278236865997314,0.0268399678170681,-0.2870120108127594
-0.2115163952112198,-0.043795812875032425,0.36934784054756165
-0.2460058331489563,0.09228120744228363,0.30007484555244446
0.5841932892799377,0.11495190858840942,0.005689730867743492
0.13882918655872345,-0.2132079154253006,0.15585380792617798
0.3693423271179199,0.175679013133049,0.03482240438461304
-0.2598365545272827,0.17510250210762024,-0.23185797035694122
0.7144874930381775,-0.12581375241279602,-0.27519330382347107
-0.42874613404273987,0.3475789725780487,0.004788432735949755
0.5916880965232849,-0.018513189628720284,0.046631522476673126
0.1093304306268692,0.3571876585483551,0.10617674142122269
-0.648220956325531,0.15684594213962555,0.004013970494270325
0.45399513840675354,0.1235036849975586,0.29383501410484314
-0.5964299440383911,-0.11066079139709473,0.4531475603580475
0.7747224569320679,-0.19359441101551056,-0.40405791997909546
-0.11215053498744965,-0.044264547526836395,0.4038548171520233
0.5610362887382507,-0.1309640109539032,0.46813714504241943
0.5679545402526855,0.002241648966446519,-0.1747821867465973
0.6116741895675659,0.06950268894433975,0.398666113615036
0.10042314231395721,-0.156580850481987,0.48716244101524353
-0.7027024030685425,-0.2132079154253006,-0.2604919672012329
-0.3672678768634796,0.18548576533794403,-0.13547667860984802
-0.7381585240364075,-0.2132079154253006,0.10271760821342468
-0.009010554291307926,0.32645145058631897,0.16307206451892853
0.36107882857322693,-0.1098920926451683,-0.4431536793708801
0.7389897108078003,-0.14607852697372437,0.017411407083272934
-0.3837890326976776,-0.2132079154253006,0.2799023687839508
0.47542256116867065,-0.2132079154253006,0.12049373239278793
-0.5698137879371643,-0.2132079154253006,-0.216195747256279
-0.3927251100540161,-0.2132079154253006,0.1293337494134903
-0.011777864769101143,-0.2132079154253006,0.47476714849472046
0.5020387768745422,-0.2132079154253006,-0.26933199167251587
-0.7592977285385132,-0.14898034930229187,0.49936550855636597
0.23529484868049622,-0.04820997267961502,-0.38030683994293213
0.25989899039268494,0.14368198812007904,0.26443231105804443
-0.01264762319624424,0.15272589027881622,-0.5046495199203491
0.377990186214447,0.11389494687318802,-0.27721112966537476
-0.702029824256897,-0.0249510258436203,0.46544668078422546
-0.23504021763801575,0.4140654504299164,0.15949927270412445
0.6154215931892395,-0.03926801308989525,0.3448573052883148
0.14960265159606934,-0.19147281348705292,0.5243481993675232
-0.6412065625190735,-0.07212982326745987,0.11155763268470764
-0.2214016616344452,-0.1514786332845688,0.48331892490386963
-0.588929295539856,-0.044846922159194946,-0.23484252393245697
-0.004959431476891041,0.011183607392013073,0.37983885407447815
-0.5232115387916565,0.030875641852617264,0.07614949345588684
-0.15415236353874207,0.49239400029182434,0.09570323675870895
-0.5875899195671082,-0.2132079154253006,0.44824710488319397
-0.19592685997486115,-0.2132079154253006,-0.010528652928769588
-0.27751657366752625,-0.2132079154253006,0.3596547245979309
0.3957662880420685,-0.2132079154253006,0.22676615417003632
-0.25099653005599976,-0.23282140493392944,0.45708712935447693
0.007306972984224558,-0.01024968083947897,-0.5173329710960388
-0.34842896461486816,-0.2132079154253006,-0.17189957201480865
0.059096042066812515,-0.2132079154253006,-0.42874065041542053
0.6880635023117065,-0.027929723262786865,0.005689730867743492
-0.5964299440383911,-0.2132079154253006,0.17362993955612183
0.7500397562980652,-0.2132079154253006,-0.154123455286026
0.44890251755714417,-0.2132079154253006,-0.34908434748649597
-0.6230461001396179,-0.2132079154253006,0.023003682494163513
0.3160139322280884,-0.2132079154253006,-0.32246819138526917
-0.2332203984260559,-0.2132079154253006,-0.2870120108127594
-0.3958057463169098,0.14098569750785828,-0.226002499461174
0.35531944036483765,-0.05473220348358154,0.40913376212120056
-0.10917183011770248,0.13416935503482819,-0.2621254324913025
-0.004580933600664139,0.15934418141841888,-0.24329236149787903
0.1481613665819168,0.4764319062232971,0.005603251047432423
0.5159713625907898,0.04759480804204941,-0.216195747256279
0.30901122093200684,0.21065475046634674,-0.20543400943279266
0.02672427147626877,0.21007823944091797,0.21523569524288177
0.6721130609512329,-0.08875291794538498,-0.13048598170280457
-0.3829183876514435,-0.20330603420734406,-0.49878230690956116
-0.18008416891098022,-0.2132079154253006,0.3065184950828552
0.01480273250490427,-0.19359441101551056,0.07426410168409348
0.21061217784881592,-0.20340116322040558,0.3428453207015991
-0.10033180564641953,-0.2132079154253006,-0.30478814244270325
-0.7027024030685425,-0.2132079154253006,0.2799023687839508
0.6526073217391968,-0.2132079154253006,0.13817377388477325
0.2214641571044922,0.28118276596069336,0.1624838262796402
0.6012006998062134,-0.026872772723436356,-0.2988307476043701
-0.19190289080142975,0.15367506444454193,0.2571297287940979
0.010546156205236912,0.4427955448627472,-0.020431485027074814
0.27171772718429565,-0.2132079154253006,-0.45535677671432495
0.3978802263736725,0.1507924497127533,-0.11280595511198044
0.006958176381886005,-0.1611834317445755,0.5273268222808838
0.7003626823425293,-0.11344731599092484,0.22378747165203094
0.18302929401397705,0.406000018119812,0.005689730867743492
-0.1320405900478363,0.4149360954761505,-0.08569975942373276
-0.38013771176338196,0.23246653378009796,0.006168244406580925
-0.14472408592700958,0.36151161789894104,0.05844063684344292
0.6260872483253479,-0.2132079154253006,0.45708712935447693
0.33667269349098206,0.06777311861515045,0.32073938846588135
-0.2204407900571823,0.2954035997390747,-0.10098723322153091
0.06500539928674698,0.4083060622215271,0.06825113296508789
-0.08690842986106873,0.4356909394264221,0.006475723814219236
0.057201042771339417,-0.19359441101551056,0.30835583806037903
0.2643131911754608,0.4245389997959137,-0.15844149887561798
-0.4635413885116577,-0.2132079154253006,-0.09021376818418503
0.6358940005302429,-0.20340116322040558,-0.10895660519599915
-0.32181280851364136,-0.2132079154253006,0.22676615417003632
-0.5698137879371643,-0.2132079154253006,0.3153585195541382
-0.5432937741279602,-0.2132079154253006,-0.3667643964290619
-0.22668646275997162,0.388416051864624,-0.14489907026290894
-0.35324496030807495,0.027308713644742966,0.31659597158432007
0.5254839658737183,0.1787538230419159,-0.33284562826156616
-0.34247153997421265,-0.156580850481987,0.48716244101524353
0.7893452644348145,-0.11948535591363907,-0.5056161880493164
0.7760794162750244,-0.17959372699260712,0.08796822279691696
0.280557781457901,0.10390188544988632,-0.284609854221344
0.16544532775878906,0.11304187029600143,-0.3120063841342926
-0.6848301887512207,-0.10825860500335693,-0.011222573928534985
-0.5691412687301636,-0.15070031583309174,-0.4734211564064026
0.35453319549560547,0.19106468558311462,0.20208346843719482
0.7135266065597534,-0.1193278580904007,-0.45535677671432495
0.05024641752243042,0.001953382510691881,-0.3602304458618164
-0.800230860710144,-0.21055878698825836,0.253286212682724
0.42151767015457153,0.3116423785686493,-0.26337456703186035
-0.7293185591697693,-0.2132079154253006,0.3951109051704407
0.25692033767700195,-0.0190897099673748,0.3852138817310333
-0.280495285987854,0.21488258242607117,0.21168047189712524
0.6907539963722229,-0.05454587936401367,0.44719013571739197
-0.3095136284828186,0.326439768075943,-0.20062963664531708
-0.7293185591697693,-0.2132079154253006,-0.37560442090034485
0.7145835757255554,-0.2132079154253006,-0.32246819138526917
0.006346100941300392,0.10495884716510773,-0.43767672777175903
-0.49630123376846313,0.29799214005470276,-0.004429296590387821
-0.003329003229737282,-0.033028196543455124,0.537986695766449
-0.7469985485076904,-0.2132079154253006,-0.446516752243042
-0.49996429681777954,-0.20340116322040558,-0.21522903442382812
0.15650923550128937,-0.2132079154253006,-0.08329757302999496
-0.3129727840423584,-0.013324479572474957,-0.3715687394142151
0.03157082200050354,-0.20340116322040558,-0.029194636270403862
0.3691501319408417,-0.2132079154253006,0.32419854402542114
-0.5964299440383911,-0.2132079154253006,-0.27817201614379883
-0.4576800763607025,0.11379887908697128,-0.29450681805610657
0.7402330040931702,-0.20340116322040558,-0.09310431778430939
0.5640149116516113,-0.2132079154253006,-0.003570192027837038
0.42228633165359497,0.07305790483951569,-0.3074786067008972
0.5020387768745422,-0.2132079154253006,0.3153585195541382
0.1113424152135849,-0.17579452693462372,-0.47495269775390625
0.34253400564193726,-0.2132079154253006,-0.446516752243042
0.10240630060434341,0.2871342897415161,-0.13172927498817444
0.006346100941300392,0.2112312614917755,-0.35792437195777893
-0.42905193567276,-0.06414873898029327,-0.4067308306694031
-0.6412065625190735,-0.07212982326745987,-0.27817201614379883
0.731393039226532,-0.20340116322040558,0.30738911032676697
-0.053114570677280426,-0.1514786332845688,0.48331892490386963
-0.4663279056549072,0.08055271208286285,-0.154123455286026
0.36453795433044434,0.2053699493408203,-0.22859099507331848
0.4735969305038452,0.08458836376667023,0.06140011548995972
-0.44778308272361755,0.10380581021308899,0.2937389016151428
-0.6223735213279724,-0.055698927491903305,-0.10098723322153091
0.16544532775878906,0.16395637392997742,0.2494427114725113
0.7145835757255554,-0.2132079154253006,-0.446516752243042
0.6385785937309265,0.06287266314029694,-0.4060640335083008
0.12364742904901505,0.3903377652168274,-0.05076244845986366
0.0055360859259963036,0.054705239832401276,0.4668880105018616
-0.6983901262283325,0.025206489488482475,-0.4368119239807129
-0.5808521509170532,0.19401994347572327,0.024949615821242332
-0.5551124811172485,0.1404150277376175,-0.3564830720424652
0.006346100941300392,-0.08106594532728195,-0.4641968011856079
-0.49928581714630127,0.05182262882590294,0.27106234431266785
0.2801734209060669,0.3999464511871338,0.005688769277185202
-0.029467515647411346,-0.06405851244926453,-0.40913885831832886
0.12403176724910736,-0.02898668684065342,0.39251652359962463
-0.27751657366752625,-0.08452508598566055,-0.42432060837745667
-0.03243660926818848,0.17923425137996674,0.238104447722435
-0.6038286685943604,-0.037538446485996246,0.015518488362431526
0.4400624930858612,0.3019375503063202,0.005689730867743492
0.5011622309684753,0.023753471672534943,-0.050800882279872894
0.04728693142533302,0.15367506444454193,0.2571297287940979
-0.15711934864521027,0.40023478865623474,0.10925152897834778
-0.38599902391433716,0.1507924497127533,-0.09214720875024796
0.3957662880420685,-0.17604811489582062,-0.4921581447124481
0.5020387768745422,0.24668742716312408,0.003917883150279522
-0.5898116230964661,0.00945989415049553,0.20715266466140747
-0.30115988850593567,0.24323417246341705,-0.04690350219607353
0.5108787417411804,0.12263890355825424,0.005689730867743492
0.2008054256439209,-0.2132079154253006,-0.3933805525302887
-0.3128766715526581,0.3951304852962494,-0.015679270029067993
0.007306972984224558,0.2643674612045288,0.3153585195541382
0.5551749467849731,-0.2132079154253006,0.06729987263679504
-0.31200605630874634,-0.22301466763019562,-0.10195395350456238
0.6248381733894348,-0.047435417771339417,-0.23089709877967834
0.5491213798522949,0.018672548234462738,0.2415635883808136
-0.5343576669692993,-0.049453254789114,0.4076983332633972
0.497042179107666,0.0641217976808548,0.12635505199432373
0.799807071685791,-0.20280639827251434,0.2720290720462799
0.21339283883571625,0.3119305968284607,-0.09512591361999512
0.4399664103984833,-0.2132079154253006,0.014146363362669945
-0.7469985485076904,-0.2132079154253006,0.4659271538257599
-0.3927251100540161,-0.2132079154253006,0.4393109977245331
0.051184311509132385,-0.22301466763019562,-0.25952526926994324
-0.42808520793914795,-0.2132079154253006,-0.45535677671432495
-0.1357879787683487,-0.2132079154253006,0.09387759119272232
0.24510160088539124,-0.2132079154253006,0.45708712935447693
-0.6850223541259766,-0.2132079154253006,0.44824710488319397
-0.06492367386817932,-0.2132079154253006,0.35081470012664795
-0.5609737634658813,-0.2132079154253006,-0.08329757302999496
-0.42808520793914795,-0.2132079154253006,-0.07633333653211594
0.4399664103984833,-0.23282140493392944,0.45708712935447693
-0.5166776180267334,0.017039066180586815,-0.34908434748649597
0.7192918658256531,-0.13001275062561035,0.3951109051704407
0.27959686517715454,0.27215054631233215,0.0012581893242895603
0.44890251755714417,-0.06924721598625183,-0.41298234462738037
-0.5741377472877502,-0.007559251971542835,-0.3647465705871582
0.7385092377662659,-0.1467030942440033,0.18544867634773254
0.16534925997257233,-0.19359441101551056,-0.44458332657814026
0.27757906913757324,0.19480037689208984,0.22657397389411926
0.4230550527572632,0.18173249065876007,-0.26644936203956604
-0.7000119686126709,-0.12091328948736191,-0.4548763334751129
-0.2059316486120224,-0.14548279345035553,-0.4695776700973511
-0.5075492858886719,0.22064782679080963,0.00568684795871377
-0.33142152428627014,0.15444374084472656,-0.24713584780693054
-0.5514611601829529,0.006277307402342558,-0.2054222822189331
-0.1920950710773468,0.3201940953731537,-0.04786061495542526
0.3426300883293152,0.3411411643028259,-0.21437010169029236
0.2539416253566742,-0.2132079154253006,-0.2604919672012329
-0.3847557306289673,-0.20340116322040558,-0.33927762508392334
0.6959367990493774,-0.20340116322040558,-0.004518657457083464
-0.3394928276538849,0.07824661582708359,-0.3036351203918457
0.4662942886352539,0.16828030347824097,0.005729125812649727
0.006346100941300392,0.1314789354801178,0.32419854402542114
-0.6840556263923645,-0.20340116322040558,-0.046913109719753265
-0.020627494901418686,-0.2132079154253006,0.21792614459991455
-0.10033180564641953,0.2309291511774063,-0.1903483122587204
-0.1624041348695755,-0.2132079154253006,-0.3313082456588745
0.17428535223007202,-0.2132079154253006,-0.03204675763845444
-0.7391252517700195,-0.22301466763019562,0.17266321182250977
-0.3927251100540161,0.3175036609172821,0.003917883150279522
-0.6158395409584045,0.12340758740901947,-0.39904966950416565
0.7241923213005066,-0.1342213749885559,-0.34312695264816284
0.2370302826166153,-0.12025029212236404,-0.45084068179130554
-0.6132394075393677,-0.20340116322040558,-0.5094596743583679
-0.5278236865997314,0.0268399678170681,0.13817377388477325
-0.6932858228683472,-0.11764632165431976,0.23560619354248047
0.6241538524627686,-0.18746405839920044,-0.5145464539527893
-0.34765440225601196,0.165872260928154,0.20995675027370453
0.5197187662124634,-0.2132079154253006,-0.18957962095737457
0.35147011280059814,-0.2132079154253006,0.11155763268470764
0.2521042823791504,-0.23282140493392944,0.20208346843719482
-0.2500298023223877,-0.19190625846385956,-0.5013766884803772
-0.4635413885116577,-0.2132079154253006,0.17362993955612183
0.7323596477508545,-0.2132079154253006,-0.25165194272994995
0.6260872483253479,-0.2132079154253006,0.34187859296798706
0.006346100941300392,0.07834269106388092,-0.3313082456588745
-0.679161012172699,-0.10527990758419037,-0.3844444453716278
0.06901976466178894,0.28722453117370605,0.16307206451892853
0.7323596477508545,-0.2132079154253006,-0.3844444453716278
-0.7360446453094482,-0.15492816269397736,0.36849474906921387
-0.5256137251853943,-0.2132079154253006,0.44824710488319397
-0.43702131509780884,-0.2132079154253006,0.4925433099269867
0.8324942588806152,-0.23186726868152618,-0.3053646981716156
-0.02654646523296833,0.378038614988327,0.09071630984544754
-0.3394928276538849,-0.16078947484493256,-0.48091593384742737
-0.4582565724849701,0.28214362263679504,-0.29373812675476074
0.4383387565612793,0.28311029076576233,0.2707682251930237
-0.5847073197364807,-0.02283710055053234,0.3330385982990265
-0.24849829077720642,0.36179986596107483,0.16853733360767365
-0.5866232514381409,-0.22089305520057678,0.5145414471626282
0.4987717270851135,0.0990014523267746,-0.31554993987083435
0.8324942588806152,-0.2319902628660202,0.41405174136161804
0.56315016746521,0.02414952591061592,0.001256267656572163
0.4735969305038452,0.08458836376667023,-0.2397371083498001
0.0055360859259963036,0.16097769141197205,0.43056708574295044
0.3616553544998169,0.3534402847290039,0.006009701173752546
0.5791006684303284,0.12263890355825424,0.37810346484184265
0.7517576217651367,-0.19501782953739166,-0.013478528708219528
-0.759489893913269,-0.17541395127773285,-0.216195747256279
-0.5594422221183777,0.2298780381679535,-0.34312111139297485
-0.7877336740493774,-0.2032877802848816,0.06635236740112305
0.5404735803604126,-0.03897974640130997,0.39991524815559387
0.7678159475326538,-0.2132079154253006,0.45708712935447693
-0.6052699685096741,0.09611882269382477,0.003917883150279522
0.44025465846061707,0.11370280385017395,-0.13346470892429352
0.5374948978424072,-0.08971378207206726,-0.4281640946865082
0.7950026988983154,-0.1944419890642166,0.18746064603328705
0.6342547535896301,-0.055698927491903305,-0.3461056649684906
-0.27694007754325867,0.24841700494289398,-0.168248251080513
0.6260872483253479,-0.2132079154253006,-0.04786061495542526
-0.5796205401420593,-0.20340116322040558,0.006236551329493523
-0.5322378873825073,0.004637970123440027,-0.09118048846721649
-0.03241739049553871,-0.044264547526836395,0.4038548171520233
-0.4113718867301941,-0.20340116322040558,-0.2614586651325226
-0.4547974467277527,0.11389494687318802,0.003957278560847044
-0.2971300482749939,-0.19359441101551056,0.06033564358949661
-0.33862221240997314,-0.20340116322040558,0.1638231873512268
-0.5698137879371643,-0.2132079154253006,0.12049373239278793
0.2697843015193939,-0.19359441101551056,0.04958139732480049
-0.40253186225891113,-0.20340116322040558,0.006236551329493523
-0.11897856742143631,-0.20340116322040558,0.165660560131073
0.617151141166687,-0.2132079154253006,-0.34908434748649597
0.1299891620874405,-0.2132079154253006,-0.30478814244270325
0.026920458301901817,0.2625301778316498,-0.3313082456588745
0.27171772718429565,-0.2132079154253006,0.3861747980117798
-0.38974642753601074,-0.09029030799865723,0.4379657804965973
0.62599116563797,-0.14625146985054016,0.4794754385948181
-0.3927251100540161,-0.0284101665019989,-0.3827148973941803
-0.4331778287887573,0.10957105457782745,0.11155763268470764
-0.2252451628446579,0.29117584228515625,0.04958139732480049
0.31139591336250305,0.4068589508533478,-0.18966983258724213
0.33177223801612854,0.20854084193706512,-0.08033809065818787
-0.5078375935554504,-0.14625146985054016,0.4794754385948181
0.5965885519981384,-0.02283710055053234,-0.08033809065818787
-0.6979940533638,-0.12169159203767776,-0.18957962095737457
-0.16143740713596344,-0.04340561851859093,-0.3768477141857147
-0.2175523191690445,0.25619420409202576,0.16401536762714386
0.4877334237098694,0.34057626128196716,0.3227689266204834
-0.011864341795444489,-0.008135770447552204,-0.36762917041778564
0.2746964693069458,-0.19148242473602295,-0.49416425824165344
-0.46123531460762024,0.320290207862854,0.30690285563468933
-0.12396924942731857,-0.09029030799865723,0.4379657804965973
-0.6374533176422119,0.11014170199632645,0.41835817694664
0.02504579909145832,0.20432472229003906,-0.4969742000102997
0.164478600025177,0.17509663105010986,-0.2147485911846161
0.1111965999007225,0.04692220687866211,0.35582292079925537
0.12114915251731873,-0.07924028486013412,-0.42047715187072754
0.6624082326889038,-0.08164246380329132,-0.4265306293964386
0.1687123030424118,0.4474135637283325,-0.09906548261642456
-0.0826229453086853,0.06834962218999863,-0.31103381514549255
0.6437673568725586,-0.06377024203538895,0.01719040423631668
-0.4851610064506531,0.0641217976808548,-0.26933199167251587
0.3789568841457367,-0.012657715007662773,-0.3539789617061615
0.5297176837921143,0.21920065581798553,0.33005401492118835
-0.5344536900520325,0.09611882269382477,0.005689730867743492
0.06796489655971527,0.35295990109443665,-0.09993026405572891
0.019344773143529892,0.2930014431476593,-0.14432254433631897
0.0025785223115235567,-0.07664593309164047,0.44363492727279663
0.776655912399292,-0.2132079154253006,-0.446516752243042
-0.10733447968959808,-0.022464459761977196,-0.34417223930358887
0.0728289932012558,-0.058593232184648514,0.3803017735481262
-0.023567762225866318,0.4339613616466522,0.04925470054149628
0.7333206534385681,-0.09000204503536224,0.47476714849472046
-0.14164932072162628,0.21007823944091797,0.21523569524288177
0.0055360859259963036,0.3464258909225464,0.27999845147132874
-0.5727924704551697,0.1404150277376175,0.3817547559738159
-0.15058541297912598,0.3168310821056366,0.13605985045433044
0.7057435512542725,-0.2132079154253006,0.4659271538257599
-0.568943202495575,-0.10461314022541046,-0.4418143332004547
-0.4989975392818451,-0.17075371742248535,-0.488314688205719
0.22780591249465942,0.3706398904323578,0.005689730867743492
-0.27722835540771484,0.3707360029220581,-0.1796826273202896
-0.7027024030685425,-0.12582333385944366,-0.12760338187217712
0.7051670551300049,-0.11764632165431976,-0.018352242186665535
-0.7266280651092529,-0.14671269059181213,0.0407317653298378
-0.6460109353065491,-0.07635766267776489,0.25338229537010193
0.17130663990974426,-0.15699191391468048,0.5019598603248596
0.22444286942481995,-0.0598306767642498,0.41538530588150024
-0.3513115644454956,0.11812280118465424,0.28345760703086853
0.40460631251335144,-0.14625146985054016,0.4794754385948181
0.005554343108087778,0.31154629588127136,0.3951109051704407
0.4665825664997101,-0.02370188757777214,-0.3792557418346405
0.5463349223136902,-0.002850971883162856,-0.36378568410873413
-0.6052699685096741,-0.2132079154253006,0.3596547245979309
0.03251832723617554,-0.2132079154253006,0.4393109977245331
0.7323596477508545,-0.2132079154253006,0.16469384729862213
-0.4576800763607025,0.0013768640346825123,0.3700321316719055
-0.49996429681777954,-0.20340116322040558,0.04863389581441879
0.033465832471847534,-0.20340116322040558,-0.46323007345199585
0.1299891620874405,0.12840411067008972,0.2757706046104431
0.6614473462104797,-0.2132079154253006,0.06729987263679504
-0.30413272976875305,-0.2132079154253006,-0.25165194272994995
-0.6673422455787659,-0.2132079154253006,0.32419854402542114
-0.20670033991336823,-0.2132079154253006,-0.19841963052749634
-0.21554034948349,0.388416051864624,0.003917883150279522
0.3957662880420685,-0.2132079154253006,-0.10982725024223328
-0.35235685110092163,0.1433820128440857,0.04273247718811035
-0.25685784220695496,-0.11590714752674103,0.4569910168647766
0.6623063087463379,-0.0985596626996994,0.1273217797279358
0.40162762999534607,-0.008712288923561573,0.37743088603019714
0.6830611228942871,-0.002376384101808071,0.4608403742313385
0.7944378852844238,-0.10517796874046326,-0.00424192612990737
-0.33103716373443604,0.20469734072685242,0.010477754287421703
0.5064587593078613,0.03634089604020119,-0.10396593064069748
-0.19776421785354614,0.28175926208496094,-0.1526821255683899
-0.09735310822725296,0.10332538187503815,0.2944115102291107
0.5638228058815002,0.06950268894433975,0.3671495020389557
-0.7312402725219727,-0.1507483571767807,0.10271760821342468
-0.32479149103164673,0.16924118995666504,0.24550314247608185
-0.5136988759040833,0.16395637392997742,0.3434160053730011
-0.013026207685470581,0.41062381863594055,-0.3316081464290619
-0.7400919795036316,-0.025996292009949684,0.02530321665108204
0.3691501319408417,-0.2132079154253006,-0.20735573768615723
-0.7381585240364075,-0.2132079154253006,-0.1807395964860916
0.6702874302864075,-0.2132079154253006,0.42163094878196716
-0.35726892948150635,-0.2132079154253006,0.35081470012664795
0.40460631251335144,-0.2132079154253006,-0.446516752243042
0.10433974862098694,-0.20340116322040558,-0.07349083572626114
0.08756876736879349,-0.19359441101551056,0.1577872633934021
-0.3394928276538849,-0.2132079154253006,0.04958139732480049
0.23626159131526947,-0.2132079154253006,-0.3136281967163086
-0.1357879787683487,-0.2132079154253006,0.4836072027683258
-0.08324751257896423,0.4622109830379486,0.06466708332300186
0.29823780059814453,0.04126475006341934,0.3745599091053009
-0.6854066848754883,-0.06338590383529663,-0.4441145956516266
0.4282437562942505,-0.10547208786010742,0.44920799136161804
-0.4487439692020416,-0.10547208786010742,0.44920799136161804
-0.4707479476928711,0.21199996769428253,-0.3050764203071594
0.4641803801059723,0.09285186231136322,0.22974486649036407
0.5906311273574829,-0.1659877747297287,-0.48475944995880127
0.5505627393722534,0.17577511072158813,0.356387734413147
-0.41674694418907166,0.15809504687786102,-0.2701006829738617
0.025747234001755714,0.27695488929748535,0.43854227662086487
0.5817911028862,-0.05925414338707924,-0.40558362007141113
-0.610650897026062,0.05182262882590294,-0.39568662643432617
-0.49784448742866516,0.22305001318454742,0.33323073387145996
-0.7732303738594055,-0.13429822027683258,0.0039274911396205425
-0.49784448742866516,0.08718271553516388,-0.3226603865623474
0.004575214348733425,0.2816631495952606,-0.26721808314323425
0.7209194898605347,-0.011216411367058754,-0.45400571823120117
-0.7647746801376343,-0.2132079154253006,-0.10982725024223328
-0.36466184258461,0.3716910183429718,0.24088510870933533
0.35147011280059814,-0.2132079154253006,0.4836072027683258
0.15064790844917297,-0.09029030799865723,0.4379657804965973
0.3684775233268738,0.17856164276599884,0.2439657598733902
-0.23024168610572815,-0.06453894078731537,0.4189405143260956
0.7573423385620117,-0.16315321624279022,-0.13346470892429352
0.3994234502315521,0.2564941644668579,0.24242250621318817
0.19389885663986206,0.027416488155722618,-0.32168781757354736
-0.740656852722168,-0.1589830368757248,-0.45535677671432495
-0.740656852722168,-0.15896381437778473,0.2887423634529114
0.7573423385620117,-0.16315321624279022,-0.25751325488090515
-0.06368624418973923,0.46373671293258667,-0.006060597952455282
-0.6170887351036072,-0.06972764432430267,0.4227840006351471
0.05668216571211815,0.4120418131351471,0.0012708521680906415
-0.6880010366439819,-0.14103394746780396,0.4756319224834442
0.37491539120674133,0.3441198170185089,0.24588750302791595
-0.5326281189918518,0.022708222270011902,-0.03014213964343071
-0.04234111309051514,0.048159629106521606,0.3011259138584137
-0.3336315155029297,-0.0598306767642498,0.41538530588150024
-0.379561185836792,0.2112312614917755,-0.2459828108549118
-0.5078375935554504,-0.07924028486013412,-0.42047715187072754
0.42151767015457153,0.13013368844985962,-0.23983322083950043
0.0325663723051548,-0.0739554837346077,-0.4165375828742981
-0.1596176028251648,0.4084021747112274,0.006170166656374931
-0.3719702959060669,0.16299551725387573,0.11155763268470764
-0.21256163716316223,0.4415522515773773,-0.1378847062587738
-0.014058182947337627,0.4045703709125519,0.33747026324272156
-0.42808520793914795,-0.2132079154253006,-0.3933805525302887
0.377990186214447,-0.2132079154253006,-0.3401482105255127
-0.6230461001396179,0.03404650464653969,0.003917883150279522
0.4842625856399536,-0.2132079154253006,0.2622223198413849
-0.7204784750938416,-0.2132079154253006,0.34187859296798706
0.13095588982105255,-0.20340116322040558,0.041669659316539764
0.5728549957275391,-0.2132079154253006,-0.24271582067012787
0.059096042066812515,-0.2132079154253006,-0.18957962095737457
0.006346100941300392,0.05182262882590294,-0.45535677671432495
-0.020627494901418686,-0.2132079154253006,-0.35792437195777893
0.004592509940266609,0.2632144093513489,0.2084134966135025
-0.19776421785354614,-0.2132079154253006,0.44824710488319397
-0.6230461001396179,-0.2132079154253006,0.22676615417003632
-0.18892420828342438,-0.2132079154253006,-0.45535677671432495
-0.6761823892593384,-0.2132079154253006,0.13817377388477325
-0.5256137251853943,-0.2132079154253006,-0.45535677671432495
0.6614473462104797,-0.2132079154253006,-0.45535677671432495
-0.22438037395477295,-0.2132079154253006,0.13817377388477325
0.6447340846061707,-0.22301466763019562,-0.20822638273239136
0.45774251222610474,-0.2132079154253006,-0.1364433914422989
-0.35726892948150635,-0.10489555448293686,-0.43940630555152893
0.5197187662124634,-0.21311278641223907,-0.5085890293121338
-0.12694796919822693,0.09342838823795319,-0.29239290952682495
-0.2066042423248291,0.19018816947937012,-0.22061577439308167
-0.39906689524650574,0.29982367157936096,0.2659696936607361
-0.2066042423248291,-0.09480640292167664,-0.4320075809955597
-0.7736147046089172,-0.1877707540988922,-0.02130211889743805
0.2214641571044922,-0.11590714752674103,0.4569910168647766
-0.2598365545272827,-0.018609264865517616,-0.3754122257232666
-0.40156516432762146,0.05778004974126816,-0.3188169002532959
-0.7642942667007446,-0.17959372699260712,-0.26933199167251587
-0.536850094795227,0.0006023112218827009,-0.16393020749092102
-0.6081526279449463,-0.04330367594957352,0.2286035120487213
-0.679161012172699,-0.10527990758419037,0.1293337494134903
-0.258395254611969,0.2622535526752472,-0.11876334995031357
-0.45151880383491516,0.07642097026109695,-0.05860525369644165
-0.32930758595466614,0.20027734339237213,-0.0744287297129631
-0.05701194703578949,-0.20340116322040558,-0.4543900489807129
0.6764369010925293,0.06950268894433975,0.005688769277185202
-0.13385453820228577,-0.09356896579265594,-0.4165375828742981
0.16544532775878906,-0.13517263531684875,-0.46189069747924805
0.006346100941300392,0.10495884716510773,-0.3844444453716278
0.7625311017036438,-0.16607427597045898,0.4812049865722656
-0.04024098068475723,-0.19359441101551056,-0.06747410446405411
0.2992044985294342,-0.20340116322040558,-0.013376934453845024
0.5404735803604126,-0.17131102085113525,0.4981163740158081
0.5640149116516113,-0.2132079154253006,0.19130997359752655
-0.8197482824325562,-0.1912931352853775,-0.4749702513217926
-0.32181280851364136,0.35295990109443665,0.003917883150279522
0.741199791431427,-0.2132079154253006,0.36849474906921387
-0.13772143423557281,-0.19359441101551056,0.3577212691307068
-0.4901575446128845,-0.2132079154253006,-0.35792437195777893
0.5302883386611938,0.035103462636470795,-0.15710215270519257
0.0066651105880737305,0.042886532843112946,0.39501479268074036
-0.5166776180267334,0.16693508625030518,0.003917883150279522
-0.2963555157184601,0.2474619746208191,0.11952700465917587
-0.10849921405315399,-0.15070031583309174,-0.4734211564064026
0.7337048649787903,-0.1425136923789978,0.2680836021900177
0.07837113738059998,0.46181491017341614,-0.062246959656476974
0.31428438425064087,0.26513615250587463,0.20341697335243225
0.37847059965133667,0.29386624693870544,-0.23474058508872986
0.4735969305038452,0.08458836376667023,0.17660865187644958
-0.39733731746673584,0.3845842480659485,-0.27530109882354736
-0.22639235854148865,-0.19225217401981354,0.5114666819572449
0.3688502013683319,0.13934634625911713,0.09979655593633652
-0.3202753961086273,0.4059038758277893,-0.20745182037353516
0.6036989688873291,0.11966019123792648,-0.38136962056159973
-0.43702131509780884,-0.1659877747297287,-0.48475944995880127
-0.41501736640930176,0.29291704297065735,-0.26577675342559814
0.5539258122444153,0.014444713480770588,0.309497207403183
0.37992361187934875,0.20045779645442963,0.02530321665108204
0.24510160088539124,0.09285186231136322,0.3021945655345917
0.6703835129737854,-0.17075371742248535,-0.488314688205719
0.8096137642860413,-0.21270537376403809,-0.18209652602672577
0.294394314289093,0.3795759677886963,0.19371217489242554
-0.20602770149707794,0.4032134413719177,0.14096030592918396
0.6626003980636597,-0.08048941195011139,0.25040358304977417
0.47926604747772217,0.08180182427167892,-0.01412440650165081
-0.7312402725219727,-0.1507483571767807,-0.09214720875024796
