0.06700851768255234,-0.22863784432411194,-0.6330631375312805
-0.4764154553413391,0.9756155610084534,0.9584736227989197
-0.4290413558483124,-0.43109947443008423,0.3664679527282715
-0.485988974571228,0.9733455181121826,-0.039541035890579224
-0.13956581056118011,-0.3281002938747406,0.5308235287666321
0.10868144035339355,-0.41550546884536743,-0.4012887477874756
0.18323300778865814,0.5824463963508606,0.14584621787071228
-0.12713009119033813,0.6429110765457153,-0.35586196184158325
-0.4742441475391388,-0.18872860074043274,-0.5171579122543335
0.11075405776500702,-1.0225129127502441,-0.35369062423706055
-0.47434285283088684,0.10896536707878113,0.9330100417137146
0.1771138459444046,-0.5686457753181458,0.2617153823375702
0.1640859693288803,0.3044195771217346,0.6013285517692566
0.16615858674049377,-0.3753989338874817,-0.18626604974269867
-0.47789591550827026,0.004320889711380005,-0.046081602573394775
-0.17355327308177948,-0.31203603744506836,0.12363961338996887
-0.11351004242897034,-1.0306060314178467,-0.7356710433959961
-0.12367573380470276,0.6662033796310425,0.07514381408691406
-0.47434285283088684,-0.18093162775039673,-0.9408601522445679
0.176719069480896,-0.44034090638160706,0.6481105089187622
-0.17305979132652283,-0.4050077199935913,-0.37862467765808105
0.1087801456451416,0.3441314697265625,-0.24684913456439972
-0.4888511896133423,-0.9728688597679138,0.5855011940002441
-0.12486007809638977,0.3749246597290039,-0.7565945386886597
0.4856017231941223,0.37245720624923706,0.813883900642395
0.16438205540180206,-0.012345422059297562,-0.33302706480026245
0.12763109803199768,0.7896721363067627,-0.36188238859176636
0.48510825634002686,-1.0307047367095947,0.22843854129314423
-0.1348283886909485,-0.36656904220581055,0.3014272451400757
-0.16388104856014252,0.1651594489812851,0.5783323645591736
-0.4668419361114502,-0.32805389165878296,0.00030556321144104004
0.06698877364397049,0.6749246716499329,-0.13987888395786285
0.4732647240161896,0.5579338073730469,0.3762655258178711
0.16754032671451569,-0.7312968969345093,0.5313530564308167
-0.09516885876655579,0.6749246716499329,0.34600186347961426
0.4442480802536011,-0.22235727310180664,-0.9538879990577698
-0.18362027406692505,0.4046948254108429,-0.13987888395786285
0.16754032671451569,-0.3055221140384674,0.11505305022001266
0.13296067714691162,-0.4047841727733612,-0.12580138444900513
-0.17967243492603302,-0.40629076957702637,0.42387306690216064
0.4666520953178406,-0.2505616843700409,-0.3399718403816223
-0.4664471745491028,0.13294850289821625,-0.4320819079875946
-0.1299922913312912,0.017079323530197144,0.10067945718765259
-0.08767782896757126,-0.7308034300804138,-0.36766940355300903
0.45826292037963867,0.23343096673488617,0.25277698040008545
-0.18105415999889374,0.32475098967552185,-0.43527624011039734
0.11953800916671753,0.7348958253860474,0.20855426788330078
-0.43595007061958313,-0.7524805665016174,-0.34806495904922485
-0.17059239745140076,0.11896969377994537,0.05310152843594551
-0.12505747377872467,0.678836464881897,0.023499131202697754
0.12496630847454071,-0.7374787330627441,0.183314710855484
-0.2716112732887268,0.3595280647277832,-0.36869239807128906
0.16536901891231537,-0.37549760937690735,-0.4487975537776947
-0.37201476097106934,-0.17606890201568604,0.9506766200065613
0.17198164761066437,0.22704188525676727,-0.4334009885787964
0.26353558897972107,-0.4309021234512329,0.40360432863235474
0.45786812901496887,-0.17333203554153442,0.10837775468826294
-0.2407391369342804,0.8289531469345093,0.3488013744354248
-0.1307818591594696,-0.15783673524856567,-0.447675883769989
-0.18105415999889374,-0.5416030883789062,0.09241217374801636
0.1385863572359085,0.0894235372543335,-0.931286633014679
0.17760732769966125,-0.5842397809028625,-0.25574806332588196
0.17444905638694763,-0.5299569368362427,0.04543284326791763
-0.2716112732887268,-1.0079059600830078,-0.9676067233085632
0.2511788308620453,0.27962368726730347,0.29826897382736206
0.05155271664261818,-0.2443305402994156,0.6367604732513428
-0.18727202713489532,0.5204653143882751,0.23082353174686432
-0.16467061638832092,0.6749246716499329,-0.5569684505462646
0.18106169998645782,0.5127670168876648,-0.06267882138490677
-0.4664471745491028,-0.389851450920105,-0.20817014575004578
-0.12041877210140228,0.7664785385131836,-0.7179057598114014
-0.033394984900951385,-0.04328663647174835,-0.6404653191566467
-0.025676952674984932,0.2734290361404419,-0.6531971096992493
-0.18638375401496887,-0.5994389653205872,0.5010533928871155
-0.3025120198726654,0.3749246597290039,0.4303509593009949
-0.1143983006477356,-0.43100082874298096,0.4342988133430481
0.03718256950378418,-0.7316917181015015,0.3743276298046112
0.1771138459444046,-0.5068620443344116,0.4547649025917053
-0.4828307032585144,0.08159992098808289,0.3608787953853607
0.10555920004844666,0.6749246716499329,0.32340043783187866
-0.34880146384239197,0.6360023021697998,0.3254103660583496
-0.19003550708293915,0.6055412888526917,-0.14767587184906006
-0.17375066876411438,0.09587482362985611,-0.4334009885787964
0.12664413452148438,0.09198962152004242,0.1026533842086792
-0.1831267923116684,-0.5764427781105042,-0.47968944907188416
0.05155271664261818,-0.6304295063018799,0.6602501273155212
0.18175256252288818,0.5358619093894958,-0.6032569408416748
0.04454530030488968,-0.7305073142051697,-0.2106439769268036
0.15984202921390533,-0.20603646337985992,-0.2874295115470886
-0.1827320158481598,-0.5687444806098938,-0.2711446285247803
0.35928064584732056,0.4416698217391968,0.3121851682662964
0.1609276980161667,-0.12035840004682541,-0.5028830170631409
0.18323300778865814,0.5824463963508606,-0.2634463608264923
-0.29478904604911804,0.9749246835708618,-0.6561219692230225
-0.1229848563671112,0.7744729518890381,0.8086529970169067
-0.16536150872707367,0.14847980439662933,0.3685045540332794
-0.03340485692024231,0.6749246716499329,0.5242469906806946
-0.1860876828432083,0.48187512159347534,-0.30983349680900574
0.4635924994945526,0.2179356813430786,0.1084764301776886
0.005217875819653273,0.46647849678993225,-0.6608954071998596
0.16191466152668,0.08057691901922226,0.06075047329068184
0.1761268824338913,-0.5534465909004211,-0.4334009885787964
0.16596119105815887,0.21154658496379852,0.2539184093475342
0.13384893536567688,-0.29660341143608093,-0.3782728314399719
0.12032757699489594,0.5810286402702332,-0.5634464025497437
-0.19023290276527405,0.6132396459579468,0.4778597950935364
-0.18628506362438202,0.4895733892917633,-0.4873877465724945
-0.18036329746246338,-0.4834710955619812,0.26941370964050293
-0.4668419361114502,0.05566947162151337,-0.017433077096939087
0.1632964015007019,-0.23653355240821838,-0.06263934820890427
-0.47769850492477417,0.5193436145782471,-0.3858526647090912
-0.18105415999889374,0.32475098967552185,-0.6052308082580566
0.02839861996471882,-0.3989872634410858,-0.6447092890739441
-0.11058518290519714,0.5051674246788025,0.6459391713142395
-0.16684193909168243,-0.0507085844874382,-0.2636437714099884
0.4596446752548218,0.9749246835708618,0.30680912733078003
-0.18006722629070282,-0.3600023090839386,0.5860306620597839
-0.06254980713129044,-0.7313956022262573,0.5077646970748901
0.024815954267978668,-0.7291255593299866,-0.48936164379119873
-0.11331264674663544,-0.4295203685760498,-0.0002866089344024658
-0.16723671555519104,0.01828983798623085,0.4702602028846741
0.4653690457344055,-0.4901463985443115,-0.038284629583358765
0.17217904329299927,-0.4063894748687744,0.28481027483940125
0.1782982051372528,0.4278883934020996,0.09177064895629883
0.1825421303510666,-0.6687235832214355,-0.5955586433410645
-0.07977227121591568,-0.6070384979248047,-0.6001973748207092
-0.13295315206050873,-0.22751617431640625,-0.1796894371509552
0.46230944991111755,0.15614208579063416,0.4072560667991638
-0.1695067435503006,-0.34470444917678833,-0.5337749123573303
-0.19043029844760895,-0.7001089453697205,0.06860668212175369
0.43605631589889526,0.9661406874656677,0.9653823375701904
-0.16644714772701263,0.11146879941225052,0.2152295559644699
0.18175256252288818,0.5358619093894958,0.33119744062423706
-0.17167803645133972,-0.20554298162460327,0.24622012674808502
0.02067071944475174,0.10347441583871841,-0.6463871002197266
-0.44927406311035156,0.9749246835708618,0.49983298778533936
-0.1309792399406433,-0.5134387016296387,0.2397422194480896
0.22798526287078857,0.3749246597290039,-0.3704166114330292
0.012932947836816311,0.6749246716499329,-0.5105813145637512
0.1761268824338913,0.3585050404071808,-0.0704067274928093
-0.470395028591156,0.28763484954833984,-0.8491714596748352
-0.17217153310775757,0.28872692584991455,0.4624632000923157
-0.1710858792066574,-0.28282201290130615,-0.03178695961833
0.4709947109222412,-0.1037512868642807,-0.30325692892074585
-0.1346309930086136,0.5734290480613708,0.7546662092208862
-0.18401505053043365,0.4356853663921356,0.3542923033237457
0.17760732769966125,-0.5842397809028625,-0.10128872841596603
-0.1142009049654007,-0.43109947443008423,-0.5819025039672852
0.4816538691520691,0.9751220345497131,-0.956750214099884
0.17119207978248596,0.20394699275493622,-0.286639928817749
-0.18707464635372162,0.5126683115959167,-0.03178695961833
0.46388858556747437,-0.044704437255859375,-0.9264505505561829
-0.1422305852174759,0.22593006491661072,0.10593697428703308
-0.1831267923116684,-0.5764427781105042,-0.05496079847216606
0.10868144035339355,-0.41550546884536743,-0.548049807548523
0.18106169998645782,-0.5839436650276184,0.5782336592674255
-0.12624183297157288,-0.6753989458084106,0.2165486216545105
0.46990907192230225,-0.7529740333557129,-0.6175318360328674
-0.13137401640415192,-0.6909929513931274,-0.3008299469947815
0.2436285763978958,-0.43080341815948486,0.26120564341545105
0.13404633104801178,-0.2842397689819336,0.35768401622772217
-0.17138196527957916,-0.36770060658454895,-0.2402527928352356
-0.13926970958709717,0.35685038566589355,0.8320439457893372
0.274323046207428,0.9601202607154846,0.9646914005279541
-0.21439716219902039,-1.0306060314178467,-0.2719278037548065
-0.09517872333526611,0.6749246716499329,-0.23255448043346405
-0.1866438239812851,-0.3972536623477936,-0.3383927345275879
-0.17582328617572784,-0.4218847453594208,0.022318225353956223
-0.1761193722486496,-0.3292091488838196,0.30800384283065796
-0.4770076274871826,-0.05746285617351532,0.4148556590080261
0.1761268824338913,0.3585050404071808,-0.5028830170631409
-0.15387672185897827,-1.0308034420013428,0.3667640686035156
-0.14035536348819733,0.7357840538024902,0.3374512791633606
0.15905247628688812,-0.259529709815979,-0.5182796120643616
0.47168558835983276,-0.737281322479248,-0.14645549654960632
0.18046951293945312,-0.6226325035095215,0.3851841986179352
-0.08937539905309677,0.5950795412063599,-0.6660276055335999
-0.09708356112241745,-0.7313956022262573,0.3616945147514343
-0.4682236909866333,0.3337653875350952,0.909125566482544
-0.16427583992481232,-0.22093956172466278,-0.4873877465724945
-0.4770076274871826,-0.10385000705718994,-0.21827960014343262
-0.18727202713489532,0.5204653143882751,0.09945907443761826
0.02067071944475174,-0.38329458236694336,0.645248293876648
0.4715868830680847,-0.000685960054397583,0.9371552467346191
0.15994073450565338,0.09617090225219727,0.1920359879732132
-0.12495876848697662,0.6261327266693115,0.49282556772232056
-0.4904302954673767,-1.0001089572906494,-0.8260766267776489
-0.1843111515045166,-0.5763440728187561,0.3697876036167145
-0.12407051026821136,0.05070802569389343,-0.06382027268409729
-0.17138196527957916,-0.09742143005132675,0.5242469906806946
-0.05655895546078682,-0.28321680426597595,-0.6362214088439941
-0.1689145565032959,0.28892433643341064,0.6090268492698669
-0.18924595415592194,0.5823477506637573,0.3542923033237457
0.47198164463043213,-0.07295812666416168,0.2527671158313751
-0.09517872333526611,0.6749246716499329,-0.4334009885787964
-0.18727202713489532,-0.6457273960113525,-0.37161725759506226
-0.4770076274871826,-0.10385000705718994,-0.05612194538116455
-0.20213910937309265,0.9749246835708618,0.028756648302078247
0.15694382786750793,-1.0286321640014648,-0.11891928315162659
0.18500953912734985,0.6364331841468811,-0.12448230385780334
-0.0642671138048172,-0.2905202805995941,0.6397213339805603
-0.18362027406692505,-0.4836685061454773,0.570634126663208
0.33609694242477417,0.3749246597290039,-0.3086358308792114
-0.13670361042022705,-0.6292091608047485,-0.625230073928833
0.04382481798529625,-0.09772738814353943,0.6270882487297058
0.1823447346687317,-0.6534257531166077,0.03768520429730415
-0.1866438239812851,0.9749246835708618,0.49983298778533936
-0.010233979672193527,0.6749246716499329,0.2539184093475342
0.08243471384048462,0.6749246716499329,0.4469679296016693
0.029030274599790573,-0.5855228304862976,-0.6585267186164856
0.18007473647594452,0.48187512159347534,0.21532826125621796
0.15964464843273163,0.02115202322602272,0.3413631319999695
0.02875392511487007,-0.7316917181015015,0.5986638069152832
0.4672442674636841,-0.21991658210754395,-0.5557481050491333
-0.05720048025250435,0.21667878329753876,0.6113955974578857
0.13217110931873322,0.13294850289821625,0.299147367477417
0.18007473647594452,0.48187512159347534,-0.19396433234214783
-0.4908250868320465,-1.0078072547912598,0.7315713167190552
-0.3624807298183441,0.14834508299827576,0.9217587113380432
0.18046951293945312,0.5668524503707886,0.6168238520622253
-0.4842124581336975,-0.29973500967025757,-0.9555658102035522
0.16941554844379425,-0.4452757239341736,-0.564666748046875
0.17800210416316986,-0.5919380784034729,0.14584621787071228
-0.18401505053043365,-0.5918393135070801,0.1998329758644104
-0.17562589049339294,-0.23653355240821838,0.5242469906806946
0.4589537978172302,0.17937514185905457,-0.07931551337242126
0.06700851768255234,-0.4914654791355133,0.6515648365020752
0.15852296352386475,-0.3895356357097626,-0.9386888146400452
-0.1763167679309845,-0.46057361364364624,-0.4951847493648529
-0.36516526341438293,-0.43080341815948486,-0.47037598490715027
0.14740632474422455,-0.7311981916427612,0.4124242961406708
-0.3338884711265564,-0.4309021234512329,-0.078059121966362
-0.10229471325874329,0.39679911732673645,-0.6581318974494934
-0.48332419991493225,0.0969964861869812,-0.11556361615657806
0.1825421303510666,0.5590554475784302,-0.4873877465724945
0.2666148841381073,0.1410415917634964,-0.335826575756073
0.18283823132514954,0.5717872381210327,0.4469679296016693
-0.07074158638715744,0.10219135880470276,0.6084346771240234
-0.05606547370553017,-0.5918393135070801,0.6240286827087402
0.018696798011660576,0.4277896583080292,0.6101124882698059
-0.1856928914785385,0.5359606146812439,0.5628371238708496
-0.1693093478679657,-0.2751236855983734,-0.17077074944972992
0.11026057600975037,0.897843062877655,-0.7256039977073669
-0.4701976180076599,0.10215532779693604,0.4303509593009949
0.0515625886619091,0.28171947598457336,0.618797779083252
-0.17996852099895477,-0.5221599340438843,-0.3793155252933502
0.13049326837062836,-0.3820347189903259,0.7006794810295105
-0.1858902871608734,-0.6226325035095215,-0.17077074944972992
0.12269628047943115,-0.7217860817909241,-0.14645549654960632
-0.1708884835243225,0.003051165957003832,-0.36382028460502625
-0.1414770483970642,0.22714057564735413,-0.6513218879699707
0.4620133638381958,0.06346645951271057,-0.4784690737724304
0.39017248153686523,-0.03426927328109741,-0.35290104150772095
0.09017248451709747,0.5590554475784302,-0.6646459102630615
-0.14134232699871063,-0.3356367349624634,0.37633460760116577
-0.18865378201007843,0.5644837617874146,-0.5711807012557983
0.1430276781320572,0.6976873874664307,0.333207368850708
-0.16901324689388275,-0.7285334467887878,0.5408278703689575
0.13226979970932007,-0.38981199264526367,-0.09237004816532135
-0.48006725311279297,0.9596267938613892,-0.968692421913147
-0.13690100610256195,-0.27356773614883423,-0.44777458906173706
-0.16338758170604706,0.018437879160046577,0.11495435237884521
0.16803382337093353,0.10357311367988586,-0.36382028460502625
0.4594472646713257,0.06386125087738037,-0.710207462310791
0.17365948855876923,0.2810286283493042,-0.1553741693496704
0.1703038215637207,-0.4606722891330719,-0.08585266023874283
-0.14124363660812378,0.49615001678466797,0.2319452166557312
0.17375817894935608,0.3968978226184845,0.4315713346004486
-0.18105415999889374,0.32475098967552185,-0.05688536912202835
0.3709958493709564,-0.4307047128677368,-0.40494048595428467
-0.09543533623218536,-0.7308034300804138,-0.4829464256763458
0.07642412185668945,-0.7312968969345093,-0.3144722282886505
-0.1866438239812851,0.3749246597290039,-0.2723650336265564
0.21253931522369385,0.9749246835708618,-0.23913109302520752
0.47316601872444153,-0.6985925436019897,0.09298115968704224
0.11045797169208527,0.37068068981170654,-0.3614155352115631
-0.1143983006477356,0.37245720624923706,0.705811619758606
0.17958123981952667,0.46647849678993225,-0.30983349680900574
-0.11795134842395782,0.8435602188110352,0.345432847738266
0.1640859693288803,-0.02006443962454796,-0.5414731502532959
-0.17720502614974976,-0.47597020864486694,-0.21715790033340454
-0.24842755496501923,-0.2895466387271881,0.9208704233169556
0.16497422754764557,0.08807782828807831,-0.05502001568675041
0.1771138459444046,-0.5765414237976074,-0.5414731502532959
-0.38745084404945374,0.3572649359703064,-0.34451186656951904
0.15072597563266754,0.21771855652332306,0.32708823680877686
-0.11607614159584045,-0.3780996799468994,0.13623666763305664
0.3901626467704773,0.3749246597290039,0.8705354332923889
-0.46753281354904175,-0.00611424446105957,-0.12560397386550903
0.3361068069934845,0.658307671546936,-0.35655277967453003
-0.1833241879940033,0.39699649810791016,-0.2480497807264328
0.16704685986042023,-0.18234938383102417,0.43926963210105896
-0.4732571840286255,-0.030321449041366577,0.6594245433807373
0.4596446752548218,0.7510819435119629,-0.36030322313308716
0.1845160573720932,0.6210366487503052,0.2539184093475342
0.12674283981323242,0.415219247341156,0.21925979852676392
-0.017958922311663628,0.6749246716499329,0.41607606410980225
0.1792851686477661,0.4587802290916443,-0.5337749123573303
-0.18756811320781708,0.5281635522842407,-0.21715790033340454
-0.3612470328807831,-1.0280399322509766,-0.9202326536178589
0.1825421303510666,0.5590554475784302,-0.36382028460502625
0.43911588191986084,0.12021671235561371,0.932121753692627
0.11045797169208527,0.3704833388328552,0.6015886068344116
-0.17355327308177948,0.08965695649385452,-0.5386109948158264
-0.4635849893093109,-0.36645060777664185,0.1369275599718094
-0.11351004242897034,0.3673250675201416,-0.05612194538116455
0.15915116667747498,-0.1746511161327362,-0.5878602862358093
-0.16644714772701263,-0.1358635425567627,-0.5414731502532959
0.4614211916923523,0.14834508299827576,-0.293122798204422
-0.18362027406692505,0.4046948254108429,-0.5414731502532959
0.4055592119693756,0.9749246835708618,-0.2005409300327301
-0.1712472289800644,-1.0156042575836182,-0.9681989550590515
0.16605989634990692,0.16525815427303314,0.11495435237884521
0.1755347102880478,-0.4914654791355133,0.35439103841781616
-0.1829293966293335,-0.4990650415420532,0.4624632000923157
0.1821473389863968,-0.6612226963043213,0.22302654385566711
0.1087801456451416,0.9441314935684204,0.059648528695106506
0.005210967268794775,0.6749246716499329,-0.23255448043346405
-0.11058518290519714,0.6749246716499329,0.4547649025917053
-0.12012267112731934,-0.3227311968803406,-0.6484236717224121
0.1233871579170227,-0.6060155630111694,0.7238730788230896
0.15934856235980988,0.12765495479106903,0.3075103759765625
-0.041122887283563614,-0.6848110556602478,0.6640005707740784
0.15984202921390533,-0.14691750705242157,-0.12675230205059052
-0.18075808882713318,-0.5362734794616699,-0.5794711709022522
0.17395557463169098,-0.5222585797309875,-0.17856775224208832
0.1299998015165329,0.17163735628128052,0.008003830909729004
0.35092106461524963,-0.29058295488357544,-0.34253793954849243
-0.47769850492477417,-0.08065643906593323,0.11373396217823029
-0.3404715061187744,-0.17745062708854675,-0.3505323529243469
0.13532939553260803,-0.36649996042251587,-0.3086259663105011
-0.07201475650072098,0.6749246716499329,-0.6109551787376404
0.25115910172462463,0.47295644879341125,-0.34915053844451904
0.1609276980161667,0.01825036108493805,0.439368337392807
-0.14075013995170593,-0.16622591018676758,0.9075464606285095
-0.11617481708526611,-0.9407926201820374,0.3590657114982605
-0.18717332184314728,0.5204653143882751,0.4469679296016693
-0.17286239564418793,0.21026356518268585,0.2070377916097641
-0.13413751125335693,-0.05756154656410217,0.6465940475463867
-0.47710633277893066,-0.08835470676422119,0.3221997916698456
0.1159849613904953,0.8744520545005798,0.35255181789398193
0.46576380729675293,-0.029110461473464966,0.20643919706344604
0.16517162322998047,-0.09746091067790985,0.5088503360748291
0.10828666388988495,0.3595280647277832,0.26283711194992065
0.4633951187133789,0.19477172195911407,0.008003830909729004
-0.15697233378887177,-0.3062129616737366,-0.6378992199897766
0.17316600680351257,0.2656320333480835,-0.52607661485672
0.18155516684055328,-0.6457273960113525,0.47795847058296204
0.1777060329914093,-0.49136677384376526,0.5551387667655945
0.17020511627197266,0.37400034070014954,0.5241482257843018
-0.46526283025741577,0.12712542712688446,-0.5542676448822021
-0.18885117769241333,-0.6481947898864746,0.5880045890808105
-0.16427583992481232,0.0647658109664917,0.3234991431236267
-0.07904192060232162,-0.37707674503326416,-0.6431301236152649
0.465961217880249,-0.598218560218811,0.3145409822463989
-0.4642758369445801,-0.18892601132392883,0.7547649145126343
0.1695142537355423,-0.3138125538825989,0.30030557513237
-0.4744415283203125,-0.13175436854362488,0.9483079314231873
0.47513994574546814,0.3749246597290039,-0.5094596147537231
0.09017248451709747,0.3663020133972168,0.6290621757507324
0.14424805343151093,-0.5451561212539673,0.6549205183982849
-0.1821398288011551,0.3584063649177551,-0.34842368960380554
-0.4646706283092499,-0.2892801761627197,-0.09237004816532135
-0.1214057207107544,0.13558664917945862,0.2990970313549042
0.4664546847343445,-0.5518314242362976,-0.1078653335571289
0.48214733600616455,-0.36122268438339233,-0.8028830289840698
0.09017248451709747,0.17285776138305664,-0.649150550365448
0.1640859693288803,-0.02006443962454796,-0.425603985786438
-0.4742441475391388,0.41127142310142517,-0.009833484888076782
-0.002501143841072917,0.5590554475784302,-0.6646459102630615
0.45786812901496887,-0.27444612979888916,0.9191925525665283
-0.4716780483722687,0.017177999019622803,0.9391291737556458
-0.17444153130054474,-0.3061142563819885,0.2154269516468048
0.06695917248725891,-0.7300138473510742,-0.405766099691391
0.11075405776500702,0.28234773874282837,-0.6329283714294434
0.12500232458114624,-0.7310994863510132,0.2128608524799347
0.13611896336078644,0.1408441960811615,-0.6484236717224121
-0.490232914686203,0.9132396578788757,-0.16185207664966583
-0.37973278760910034,0.3749246597290039,-0.625230073928833
0.15885508060455322,-0.08965405076742172,-0.286639928817749
-0.47088849544525146,-0.2811673581600189,-0.9338527321815491
-0.18046200275421143,-0.5298582315444946,-0.1321806013584137
0.129802405834198,-0.26597803831100464,0.12913057208061218
0.46852731704711914,-0.18093162775039673,-0.2569684386253357
-0.1634502410888672,-0.7296817302703857,-0.3469792604446411
-0.16546018421649933,0.19289305806159973,0.4910850524902344
-0.12624183297157288,-0.9075320363044739,-0.36010587215423584
-0.04884091764688492,0.5744520425796509,0.6542296409606934
0.39845311641693115,-0.43080341815948486,0.41998785734176636
0.1161823570728302,0.1123930811882019,-0.3472427725791931
0.05927075073122978,0.6749246716499329,-0.4257027208805084
-0.478192001581192,-0.1913667619228363,-0.3317968249320984
0.17079730331897736,-0.46837061643600464,-0.47968944907188416
0.4624081254005432,-0.41298580169677734,-0.09237004816532135
0.1782982051372528,0.4278883934020996,-0.12448230385780334
-0.1775011271238327,0.3507080376148224,0.4005807638168335
0.1683298945426941,0.1655542403459549,0.014392932876944542
0.47129079699516296,0.004419565200805664,0.5770133137702942
-0.16585497558116913,0.08639999479055405,0.5399395823478699
0.11914323270320892,0.6195200681686401,0.11442485451698303
0.028388751670718193,-0.3062129616737366,-0.6378992199897766
0.18017342686653137,0.4742755591869354,0.39288246631622314
-0.1858902871608734,-0.6226325035095215,-0.564666748046875
0.0515625886619091,0.6211352944374084,0.6599540710449219
0.46931686997413635,-0.044704437255859375,0.49223339557647705
0.17316600680351257,0.2656320333480835,-0.34842368960380554
-0.18322548270225525,0.3970952033996582,0.27701330184936523
0.1759295016527176,0.3507080376148224,0.05315087363123894
-0.17759980261325836,-0.3985925018787384,0.2539184093475342
-0.18677854537963867,0.5049700140953064,-0.40250909328460693
0.17099468410015106,-0.29061898589134216,0.5011520981788635
-0.17217153310775757,-0.3522053360939026,-0.12448230385780334
-0.2561653256416321,-0.7916629314422607,-0.9516180157661438
-0.4641771614551544,-0.28925055265426636,0.3299770653247833
-0.13334794342517853,0.10995231568813324,0.05429229140281677
-0.07201475650072098,0.6749246716499329,-0.5182796120643616
-0.18135026097297668,-0.48495152592658997,0.3546870946884155
-0.48016592860221863,-0.0035748183727264404,-0.27001309394836426
0.4633951187133789,-0.30447936058044434,0.0518515408039093
-0.17700763046741486,0.196150004863739,-0.2711446285247803
-0.31795892119407654,0.9749246835708618,0.1601211279630661
0.1282232701778412,0.33390355110168457,0.036553651094436646
0.183331698179245,0.5709977149963379,0.5324387550354004
-0.11838217079639435,-0.3601997196674347,0.6434717774391174
0.45846033096313477,-0.27386385202407837,0.44584622979164124
-0.17967243492603302,0.2810286283493042,-0.5337749123573303
0.17425167560577393,-0.4989663362503052,0.21532826125621796
-0.13206489384174347,0.2898486256599426,-0.3658301830291748
0.11154362559318542,-0.3675392270088196,-0.15356162190437317
0.4583616256713867,-0.29692912101745605,-0.30092963576316833
-0.16226588189601898,-0.43001383543014526,-0.5135061740875244
-0.42608046531677246,-0.3689209818840027,-0.36474454402923584
0.16487553715705872,-0.367799311876297,-0.5337749123573303
-0.18036329746246338,0.31192049384117126,0.16124281287193298
0.18224604427814484,0.5513571500778198,-0.14767587184906006
0.11335618793964386,0.6749246716499329,-0.06269856542348862
0.14484022557735443,-0.258345365524292,-0.6343461871147156
-0.18539679050445557,-0.6149342060089111,0.05315087363123894
-0.1368023157119751,-0.5983172655105591,-0.5479511022567749
0.13523069024085999,-0.3973819613456726,0.21414735913276672
-0.18381765484809875,0.41239309310913086,-0.45649588108062744
-0.09518860280513763,-0.5143629312515259,-0.6001973748207092
-0.14913932979106903,-0.08114990592002869,0.3110007643699646
-0.18065938353538513,-0.4054025113582611,0.5170421600341797
-0.06460268050432205,0.6749246716499329,0.19193728268146515
0.12624934315681458,0.043207138776779175,0.8472431302070618
-0.47029632329940796,-0.09605301916599274,0.6079051494598389
-0.4105851948261261,0.3749246597290039,0.30912554264068604
0.164678156375885,-0.23643483221530914,0.06863629072904587
-0.1290053278207779,-0.7450783252716064,-0.23907187581062317
-0.18885117769241333,-0.6728688478469849,-0.031145434826612473
-0.17197413742542267,-0.14375923573970795,0.4547649025917053
-0.17681023478507996,-0.4682719111442566,-0.3175318241119385
-0.47029632329940796,-0.5287365913391113,-0.24682939052581787
-0.17325717210769653,-0.332762211561203,0.03319453075528145
-0.11449699103832245,-0.4309021234512329,-0.288883775472641
-0.48973944783210754,0.2978430390357971,-0.32406893372535706
0.4859965145587921,0.9595280885696411,0.9014272689819336
0.4864899814128876,0.3673250675201416,0.3994590938091278
-0.18885117769241333,-0.6728688478469849,-0.4482054114341736
-0.49171334505081177,-0.42320382595062256,-0.6484236717224121
0.18165387213230133,-0.6535243988037109,-0.04724276065826416
-0.13088054955005646,0.5350362658500671,-0.12345930933952332
-0.47375068068504333,-0.675596296787262,0.2528361976146698
0.17395557463169098,0.28872692584991455,-0.2711446285247803
0.18421997129917145,0.6132396459579468,-0.04724276065826416
0.17760732769966125,0.4046948254108429,0.23852182924747467
-0.17503370344638824,-0.4374787211418152,-0.5723650455474854
-0.12555095553398132,-0.8299569487571716,-0.040725380182266235
-0.17335587739944458,-0.23367135226726532,0.326756089925766
0.23636454343795776,0.7411136627197266,0.3355761170387268
-0.09214875847101212,-0.7313956022262573,0.2818494141101837
0.1701064258813858,0.31991487741470337,0.3773871958255768
-0.13028836250305176,-0.1423414796590805,-0.7873877286911011
0.17391954362392426,0.9749246835708618,0.2913641929626465
0.12851934134960175,0.4574611783027649,-0.1773473620414734
-0.18628506362438202,0.4895733892917633,-0.14767587184906006
0.18076559901237488,0.5050687193870544,0.11495435237884521
-0.2947801649570465,0.380182147026062,0.31603431701660156
0.36699867248535156,-1.0155055522918701,0.966073215007782
-0.4898381233215332,-0.9806658625602722,0.363605797290802
-0.0015131961554288864,-0.7316917181015015,0.4430201053619385
-0.4855942130088806,0.9735429286956787,-0.7472184300422668
-0.11838217079639435,0.31971749663352966,-0.6550723910331726
0.028378883376717567,0.6749246716499329,0.3388957381248474
-0.1775011271238327,0.21154658496379852,-0.44109928607940674
0.4736595153808594,0.5810286402702332,-0.9032569527626038
-0.1712472289800644,0.27985265851020813,-0.34145230054855347
0.1282232701778412,-0.683195948600769,-0.3341487646102905
0.1845160573720932,0.6210366487503052,0.34659403562545776
-0.16437454521656036,-0.25183141231536865,-0.564666748046875
-0.48292940855026245,0.6892982125282288,-0.3496440649032593
0.17681777477264404,0.38159993290901184,-0.5878602862358093
-0.14084884524345398,0.1408441960811615,0.07514381408691406
-0.16467061638832092,0.5744520425796509,-0.6652380228042603
-0.18056069314479828,-0.5143629312515259,0.19213467836380005
0.18441736698150635,-0.7001089453697205,-0.3561219573020935
-0.18075808882713318,0.48059210181236267,0.6233378052711487
0.47148817777633667,0.5116453170776367,-0.5093609094619751
0.03610678389668465,-0.1049618050456047,-0.6379979252815247
0.11450451612472534,0.3731481432914734,0.6790649890899658
0.1771138459444046,-0.5765414237976074,-0.024078793823719025
0.08244458585977554,0.4433836340904236,-0.6600071787834167
-0.09516885876655579,0.4819738268852234,-0.6615862846374512
-0.18766681849956512,-0.6534257531166077,-0.29433825612068176
-0.33339500427246094,-0.9612227082252502,-0.9641523957252502
-0.17967243492603302,0.2810286283493042,-0.34842368960380554
-0.14173710346221924,0.41877231001853943,0.7856568098068237
0.1827395260334015,-0.6584591865539551,0.5577048659324646
-0.4183821678161621,0.9749246835708618,0.16781941056251526
-0.017958922311663628,0.6749246716499329,-0.4334009885787964
0.1705012172460556,0.1807534247636795,-0.37161725759506226
-0.18559418618679047,0.466379851102829,-0.5878602862358093
-0.484804630279541,0.14328494668006897,0.4072560667991638
0.13148023188114166,0.08666004240512848,-0.37036725878715515
-0.12604443728923798,0.5887269377708435,-0.30090397596359253
0.1605329066514969,0.19644612073898315,0.4545675218105316
0.11523141711950302,-0.7316917181015015,0.5877085328102112
-0.11058518290519714,-0.6459248065948486,0.621166467666626
-0.19434210658073425,0.3957761526107788,-0.34609097242355347
-0.30998921394348145,0.9749246835708618,-0.24722418189048767
-0.12071484327316284,0.15878021717071533,0.5925086140632629
-0.1944408118724823,0.9749246835708618,-0.9496440887451172
0.0978609099984169,0.0726812332868576,0.6164290904998779
-0.1691119521856308,-0.05095532163977623,-0.47968944907188416
0.16487553715705872,-0.7303099632263184,-0.5544023513793945
-0.1827320158481598,-0.5609474778175354,0.26941370964050293
0.1299998015165329,0.2643159329891205,0.27063411474227905
-0.17138196527957916,-0.37549760937690735,-0.45649588108062744
-0.18658114969730377,-0.6303308606147766,0.4315713346004486
-0.16861847043037415,-0.3137138783931732,-0.34842368960380554
0.1855030208826065,0.6518297791481018,0.1844363957643509
-0.16467061638832092,-0.5223572850227356,-0.6538879871368408
0.13424372673034668,-0.5375205278396606,-0.0928368866443634
-0.28962329030036926,-0.6085816621780396,0.34011614322662354
0.09017248451709747,-0.35230404138565063,-0.6412549018859863
0.0052228099666535854,-0.5612435936927795,0.6559074521064758
-0.059914618730545044,-0.5581839680671692,-0.6541840434074402
-0.39760667085647583,0.0828108936548233,0.33449047803878784
-0.16743411123752594,0.24273455142974854,0.5472431182861328
-0.16565757989883423,0.0435461588203907,0.39544856548309326
0.15072597563266754,0.3749246597290039,0.40715736150741577
0.1821473389863968,-0.6611239910125732,-0.25574806332588196
-0.22439506649971008,-1.0308034420013428,0.010175168514251709
-0.03377003222703934,-0.7307047247886658,-0.3160513639450073
0.1894148290157318,0.9211353063583374,0.3599540591239929
0.17484384775161743,-0.38309720158576965,0.6014272570610046
0.028388751670718193,0.21223749220371246,0.6107047200202942
-0.14157575368881226,-0.5300556421279907,0.6143563985824585
0.46013814210891724,0.24102069437503815,0.4459449350833893
0.13305936753749847,0.2183995544910431,-0.056220680475234985
0.171290785074234,-0.4682719111442566,-0.008606212213635445
0.17346209287643433,-0.5067633390426636,0.11495435237884521
-0.18658114969730377,0.49727174639701843,0.30030557513237
0.19711312651634216,0.27985265851020813,-0.34145230054855347
0.32066085934638977,-0.1039486825466156,-0.3500388264656067
0.16161856055259705,-0.09721416980028152,-0.5723650455474854
-0.1780932992696762,-0.3291104733943939,0.4933550953865051
0.17681777477264404,0.38159993290901184,-0.4334009885787964
0.1769164502620697,0.4975678324699402,0.5781350135803223
-0.04883104935288429,0.3428123891353607,-0.6559606194496155
-0.17848807573318481,-0.3985925018787384,0.33119744062423706
0.16625729203224182,-0.39089417457580566,-0.27894163131713867
0.3206707239151001,-0.4669528007507324,0.3314308524131775
0.1837264895439148,0.5978430509567261,-0.425603985786438
0.1855030208826065,0.6518297791481018,-0.5878602862358093
-0.4740467667579651,-0.1499410718679428,-0.3164792060852051
0.4633951187133789,0.2719905376434326,0.2397422194480896
-0.16861847043037415,-0.28282201290130615,-0.25574806332588196
0.1894148290157318,0.1410415917634964,-0.335826575756073
-0.1143983006477356,-1.0316917896270752,0.9058685898780823
0.4754360318183899,-0.1397487223148346,0.7830907106399536
0.12476891279220581,-0.15783673524856567,-0.447675883769989
-0.46832239627838135,-1.0286321640014648,0.6263613700866699
0.09273858368396759,-0.3033507764339447,0.6398200392723083
0.12052497267723083,0.37443119287490845,0.13001883029937744
-0.12154044955968857,-0.7308034300804138,-0.5497636795043945
-0.18845638632774353,-0.6675392389297485,0.370379775762558
-0.46832239627838135,0.3573043942451477,-0.3241676390171051
-0.471579372882843,-0.27380460500717163,-0.7487975358963013
0.1130601018667221,0.6749246716499329,-0.3789207339286804
-0.3179490566253662,-0.2581711709499359,-0.34391969442367554
0.17958123981952667,-0.5762453675270081,0.4933550953865051
0.2820509672164917,-0.5290326476097107,0.33528000116348267
-0.12742619216442108,-0.799163818359375,0.036553651094436646
0.4662573039531708,-0.09089416265487671,-0.6793155670166016
-0.08745082467794418,0.2894178032875061,0.5880045890808105
0.012932947836816311,0.6749246716499329,0.5782336592674255
0.1782982051372528,0.4278883934020996,0.1690398007631302
-0.010221149772405624,0.2709616422653198,0.5852411389350891
0.4594472646713257,0.21818242967128754,0.3222491443157196
0.421054482460022,0.8743533492088318,0.355019211769104
0.13424372673034668,0.2528049945831299,0.4514719247817993
-0.09516885876655579,0.3892982006072998,0.5996507406234741
0.10927362740039825,0.32863616943359375,-0.9032569527626038
0.1239793449640274,0.46535685658454895,-0.8878602981567383
0.4702051281929016,-0.14224275946617126,0.23722249269485474
0.2739677429199219,0.20949718356132507,0.3269895315170288
0.11720533668994904,-0.7316917181015015,0.4823997914791107
-0.48954206705093384,0.29014474153518677,-0.07697346806526184
-0.1944408118724823,0.3749246597290039,-0.5016626119613647
0.1821473389863968,-0.6611239910125732,0.10725606232881546
0.2511788308620453,-0.6678980588912964,0.3442613482475281
0.17780470848083496,-0.553150475025177,0.3929811716079712
0.04382481798529625,0.6749246716499329,-0.5800633430480957
0.17415297031402588,0.29652392864227295,-0.425603985786438
-0.1825346201658249,0.443482369184494,0.4391709268093109
-0.14213189482688904,-0.23530328273773193,-0.02288803458213806
-0.12969619035720825,-0.7606723308563232,-0.087013840675354
0.12105448544025421,0.6749246716499329,-0.5028830170631409
-0.18559418618679047,0.466379851102829,0.17673809826374054
-0.11982658505439758,-0.9227312207221985,-0.12560397386550903
0.3985517919063568,-0.8802919387817383,-0.35813188552856445
0.18224604427814484,0.5513571500778198,0.2539184093475342
0.3281124234199524,0.3749246597290039,0.22223055362701416
0.1759295016527176,0.3507080376148224,0.12265264987945557
-0.11058518290519714,0.6749246716499329,0.5242469906806946
0.12105448544025421,0.49746912717819214,0.645445704460144
0.1699090451002121,-0.45297402143478394,-0.17856775224208832
-0.4721715450286865,0.05586686730384827,0.48443639278411865
-0.1356179565191269,0.46535685658454895,0.492134690284729
-0.16703933477401733,0.08827522397041321,0.12255395203828812
0.1607303023338318,-0.29061898589134216,-0.45649588108062744
-0.4729611277580261,-0.6977042555809021,-0.4779755771160126
0.46931686997413635,-0.16553504765033722,-0.9341487884521484
0.018420448526740074,0.35179370641708374,0.6229429841041565
-0.17404675483703613,-0.17474979162216187,0.5551387667655945
-0.484804630279541,0.14328494668006897,-0.285459041595459
-0.13394011557102203,-0.25834882259368896,-0.6947121620178223
-0.217555433511734,-0.7140877842903137,0.3468274474143982
0.15836159884929657,-0.15135882794857025,-0.44109928607940674
-0.1780932992696762,-0.48356980085372925,0.05317061394453049
-0.18223851919174194,-0.5610461831092834,-0.20166262984275818
0.46428337693214417,0.10985364019870758,0.4613415002822876
0.1056578978896141,0.3583076298236847,-0.656552791595459
-0.46615108847618103,-0.1974138617515564,0.908039927482605
0.1821473389863968,-0.6612226963043213,0.292508602142334
0.1673429310321808,0.6749246716499329,0.292508602142334
-0.12598177790641785,0.23483887314796448,0.6014272570610046
-0.47532981634140015,-0.675596296787262,-0.20044223964214325
-0.4099930226802826,0.37245720624923706,-0.36711329221725464
0.17247514426708221,-0.3137138783931732,0.570634126663208
0.35928064584732056,-0.9458261132240295,-0.36306673288345337
-0.46674326062202454,0.4886491298675537,0.7236756682395935
0.1673429310321808,-0.24146834015846252,0.31056997179985046
-0.16555888950824738,0.12883929908275604,0.3024768829345703
0.1673429310321808,-0.3958289921283722,-0.12201489508152008
0.13457584381103516,-0.7309021353721619,0.3468901216983795
0.4690207839012146,0.4344649910926819,0.08284211158752441
0.4705999195575714,0.06346645951271057,0.31692254543304443
-0.11666831374168396,0.3192601203918457,0.35788142681121826
-0.07121532410383224,-0.44488096237182617,-0.6013816595077515
0.051542848348617554,0.6749246716499329,0.5164499878883362
0.1782982051372528,0.4278883934020996,-0.25574806332588196
0.18421997129917145,0.6132396459579468,-0.5337749123573303
-0.02565721422433853,0.5125696063041687,0.6472222805023193
-0.18579158186912537,-0.5608488321304321,0.5551387667655945
-0.18806159496307373,0.5435602068901062,-0.10898701846599579
-0.46891456842422485,-0.44385793805122375,0.46903979778289795
-0.1297948956489563,-0.09099289774894714,0.3994590938091278
0.46309900283813477,-0.34346431493759155,0.770260214805603
0.012952686287462711,-0.4530726969242096,0.6491961479187012
0.18402257561683655,0.6055412888526917,0.06859681755304337
-0.11838217079639435,0.1651594489812851,-0.6488544940948486
-0.18559418618679047,0.466379851102829,-0.24035148322582245
0.177903413772583,-0.5763440728187561,0.33119744062423706
-0.12831445038318634,-0.11408776044845581,0.5153282880783081
-0.18776550889015198,0.5358619093894958,0.0299869105219841
0.28204110264778137,0.9749246835708618,-0.5943382978439331
0.17267252504825592,-0.35230404138565063,0.4547649025917053
-0.4775997996330261,0.6738029718399048,0.16236448287963867
0.47395557165145874,-0.011273086071014404,-0.37040674686431885
0.16122378408908844,-0.3063116669654846,-0.564666748046875
0.4668494760990143,-0.42826396226882935,0.8783323764801025
0.16161856055259705,0.026530958712100983,-0.07826293259859085
-0.1260804682970047,0.3359036445617676,0.6259039044380188
0.19711312651634216,0.3749246597290039,0.5462201237678528
0.4365497827529907,0.8127670288085938,-0.36277061700820923
-0.4752311110496521,-0.15783673524856567,-0.7796894311904907
-0.1821398288011551,0.3584063649177551,-0.4951847493648529
-0.017949052155017853,-0.35230404138565063,-0.6412549018859863
0.12105448544025421,-0.6227312088012695,0.659756600856781
-0.4908250868320465,-0.40780723094940186,0.5308235287666321
-0.11637221276760101,-0.378889262676239,-0.3594149947166443
-0.11410221457481384,-0.4307047128677368,-0.06493255496025085
-0.458255410194397,-1.031395673751831,0.9088295102119446
0.25116896629333496,0.35182976722717285,-0.9683963060379028
0.15072597563266754,0.3749246597290039,-0.586639940738678
0.0032044758554548025,-0.7313956022262573,0.666073203086853
-0.19828996062278748,-0.4311981797218323,-0.33406683802604675
-0.16407844424247742,-0.12057553231716156,-0.21715790033340454
-0.18865378201007843,0.5644837617874146,-0.26996028423309326
0.40565791726112366,0.23306579887866974,0.3252130150794983
0.17326471209526062,0.4355866611003876,0.5628371238708496
0.08244458585977554,-0.1666567176580429,-0.6355305314064026
0.1403002291917801,-0.7311981916427612,0.060819562524557114
-0.11449699103832245,0.35182976722717285,-0.5943382978439331
0.1763242781162262,0.36620333790779114,-0.3020365238189697
-0.1775011271238327,0.3198161721229553,0.3157021701335907
0.12457151710987091,-0.5520288348197937,0.7624632120132446
-0.4636836647987366,0.12534889578819275,-0.710207462310791
0.12105448544025421,0.6749246716499329,0.3851841986179352
0.11756409704685211,0.6661046743392944,-0.1773473620414734
-0.07201475650072098,0.6749246716499329,0.12265264987945557
0.012932947836816311,0.6749246716499329,0.19213467836380005
-0.356568843126297,0.3749246597290039,-0.3086358308792114
0.11322146654129028,-0.9380291104316711,-0.40898704528808594
0.1837264895439148,0.5978430509567261,-0.20166262984275818
-0.18223851919174194,-0.5610461831092834,0.006817021407186985
0.09016261994838715,0.6749246716499329,0.03769507259130478
-0.12831445038318634,0.5193436145782471,-0.4398788809776306
-0.4686184823513031,0.13294850289821625,0.36864617466926575
0.17938385903835297,-0.6150329113006592,-0.17077074944972992
-0.1352231800556183,-0.6137138605117798,0.1447245478630066
0.17306731641292572,-0.5068620443344116,-0.5491714477539062
0.17543601989746094,-0.5480183362960815,-0.5981246829032898
0.46546775102615356,0.07321074604988098,0.9292595386505127
0.18678605556488037,-0.7290268540382385,0.47114846110343933
0.14115245640277863,-0.428335964679718,-0.1436653733253479
-0.040757711976766586,-0.7301125526428223,-0.5146278738975525
-0.17529377341270447,-1.0306060314178467,-0.9031582474708557
0.16754032671451569,-0.26782017946243286,0.25312885642051697
-0.22527346014976501,0.13568535447120667,0.33794480562210083
-0.18401505053043365,-0.5918393135070801,0.13035094738006592
-0.1858902871608734,-0.6226325035095215,0.32340043783187866
0.11095145344734192,0.27612990140914917,-0.7846242189407349
-0.1143983006477356,0.37245720624923706,0.22701731324195862
-0.17996852099895477,-0.5221599340438843,-0.5182796120643616
-0.025667084380984306,-0.22863784432411194,-0.6330631375312805
0.12644673883914948,0.3896569609642029,-0.06875506043434143
-0.1895420402288437,-0.6847123503684998,0.5010533928871155
-0.18164634704589844,0.3430097699165344,-0.116784006357193
-0.1309792399406433,0.4344649910926819,0.013360083103179932
-0.47848808765411377,0.5424385070800781,-0.9032569527626038
-0.16595368087291718,-0.28124287724494934,-0.5094956159591675
-0.17335587739944458,-0.41033729910850525,-0.28594905138015747
-0.03340485692024231,0.6749246716499329,0.3542923033237457
-0.4791789650917053,0.5656320452690125,-0.11020740866661072
0.4583616256713867,-0.4437592625617981,-0.01753181219100952
0.13266459107398987,-0.5133399963378906,0.12153096497058868
0.46191465854644775,-0.3894961476325989,-0.14879754185676575
-0.1895420402288437,0.5901447534561157,0.292508602142334
0.2897660434246063,0.3749246597290039,-0.3187521696090698
-0.18500201404094696,-0.6072359681129456,-0.425603985786438
0.47632429003715515,0.06620332598686218,-0.30862200260162354
-0.16842107474803925,-0.07409954816102982,-0.5569684505462646
-0.1714806705713272,-0.15915581583976746,0.3620893061161041
0.4610264003276825,0.1406468003988266,-0.35489171743392944
-0.18806159496307373,0.5512584447860718,0.5010533928871155
0.04382481798529625,0.6749246716499329,-0.3021352291107178
0.16615858674049377,0.3042221963405609,0.508751630783081
0.18066690862178802,0.5050687193870544,0.4469679296016693
0.22026722133159637,0.5349375605583191,-0.3516179919242859
-0.17759980261325836,-0.2905202805995941,0.5551387667655945
-0.1843111515045166,0.4278883934020996,-0.3407253921031952
-0.17868547141551971,0.25013673305511475,-0.03179682791233063
-0.1849033236503601,-0.5685470700263977,0.44706663489341736
-0.18401505053043365,-0.5918393135070801,-0.3407253921031952
-0.12367573380470276,0.06620332598686218,0.16781941056251526
0.1757321059703827,-0.4296817481517792,0.5474405288696289
0.17977863550186157,0.4741768538951874,-0.5955586433410645
0.18125908076763153,0.5204653143882751,-0.5414731502532959
0.465862512588501,-0.21971917152404785,0.18321600556373596
0.17395557463169098,-0.5222585797309875,-0.09357068687677383
-0.17898155748844147,-0.48356980085372925,0.13814793527126312
-0.41828349232673645,0.271466463804245,0.923732578754425
0.1617172658443451,0.1809508204460144,0.35419362783432007
0.18264083564281464,0.5665563941001892,0.3851841986179352
-0.04884091764688492,0.42798706889152527,-0.6594150066375732
0.4748438596725464,-0.7911694049835205,-0.007491409778594971
0.15776942670345306,-0.18215198814868927,-0.5029817223548889
0.18056820333003998,0.49727174639701843,-0.36382028460502625
0.1613224744796753,0.09607220441102982,0.13025224208831787
0.16803382337093353,0.10357311367988586,-0.425603985786438
0.4639872908592224,0.06346645951271057,0.29913946986198425
-0.13374271988868713,-0.25063079595565796,-0.6329283714294434
-0.1346670240163803,-0.15155622363090515,0.6069542169570923
-0.04885078966617584,0.6749246716499329,0.609125554561615
-0.1708884835243225,-0.728335976600647,-0.5867746472358704
0.15875637531280518,-0.18234938383102417,-0.3793155252933502
0.1087801456451416,0.3441314697265625,-0.21058130264282227
0.12763109803199768,0.3749246597290039,0.13926962018013
-0.13926970958709717,0.4269641041755676,0.5460227727890015
-0.14805366098880768,0.3749246597290039,0.16246318817138672
0.11272798478603363,-0.9457274079322815,-0.06927517056465149
0.461618572473526,0.2719362676143646,0.6775846481323242
-0.48875248432159424,0.293006956577301,0.28445154428482056
-0.16763150691986084,0.026027608662843704,0.5320439338684082
-0.13946710526943207,-0.43566617369651794,-0.33572787046432495
0.0901823565363884,0.21993575990200043,0.6112968921661377
-0.16338758170604706,0.0724838450551033,0.26161670684814453
-0.4804620146751404,-0.22985821962356567,-0.01753181219100952
0.4861938953399658,-1.0310008525848389,-0.434450626373291
-0.11824744939804077,0.8358619213104248,-0.6020365357398987
0.15806551277637482,0.08018213510513306,0.35439103841781616
0.11174102127552032,0.2512584328651428,0.4767380952835083
0.1855030208826065,-0.7078072428703308,0.3697876036167145
0.4442480802536011,0.3749246597290039,0.44584622979164124
-0.1852981150150299,0.45868155360221863,0.2539184093475342
-0.1290053278207779,0.496248722076416,-0.8337749242782593
0.16457945108413696,-0.12836265563964844,0.3697876036167145
0.05155271664261818,0.5050687193870544,-0.6624745726585388
-0.17858676612377167,-0.4990650415420532,-0.4487975537776947
0.17977863550186157,0.4741768538951874,0.05315087363123894
0.16398726403713226,0.23493756353855133,0.40827909111976624
-0.11874093115329742,0.2204653024673462,-0.5402528047561646
-0.17779719829559326,-0.3600023090839386,0.37748587131500244
-0.1695067435503006,-0.1360609382390976,0.24622012674808502
0.18076559901237488,0.5050687193870544,-0.0009069321095012128
-0.13206489384174347,-0.044704437255859375,0.3609577417373657
-0.04884091764688492,0.5204653143882751,-0.6630667448043823
0.47168558835983276,-0.183767169713974,-0.9109551906585693
0.4672442674636841,0.364795446395874,-0.4939643442630768
-0.4694080352783203,-0.3432373106479645,-0.10250908136367798
-0.08746069669723511,0.1647646576166153,0.6112968921661377
-0.17305979132652283,-0.4050077199935913,-0.5176874399185181
0.1788903772830963,-0.5067633390426636,0.6246208548545837
0.16625729203224182,0.04936923086643219,-0.5800633430480957
0.12559451162815094,-0.7291255593299866,-0.4180043935775757
-0.07972292602062225,-0.5377539396286011,0.6144551634788513
-0.16068674623966217,0.5132244825363159,-0.3508284091949463
0.13355286419391632,-0.43586355447769165,-0.3109551668167114
0.16063159704208374,-0.2443305402994156,-0.3329283893108368
0.18343040347099304,-0.6727701425552368,-0.10454569011926651
0.4602368474006653,-0.3126513957977295,0.5926072597503662
0.12105448544025421,-0.46077102422714233,0.6496896743774414
-0.3070836067199707,-0.2817496657371521,0.318797767162323
0.3753582239151001,0.9750233292579651,0.9547231793403625
0.13279931247234344,-0.7311981916427612,0.2754341661930084
0.13654977083206177,-0.7298164367675781,-0.31457090377807617
-0.17858676612377167,-0.44497963786125183,0.2076299637556076
-0.17898155748844147,0.2578350603580475,-0.47968944907188416
0.4668494760990143,0.1408441960811615,0.19335508346557617
0.15194635093212128,0.6749246716499329,-0.1553741693496704
0.1835290938615799,-0.6847123503684998,0.42387306690216064
-0.16960543394088745,-0.03552518039941788,-0.6032569408416748
0.005210967268794775,0.6749246716499329,0.470161497592926
-0.46674326062202454,0.2951061427593231,0.05439102649688721
-0.13512447476387024,-0.29691922664642334,-0.7796894311904907
-0.48954206705093384,0.29014474153518677,-0.21595725417137146
-0.48993682861328125,-0.9924106597900391,-0.45537418127059937
-0.18144895136356354,0.3353114724159241,-0.29433825612068176
0.46191465854644775,0.08656135201454163,0.17561641335487366
-0.46812498569488525,-0.3280213177204132,0.7238730788230896
0.10828666388988495,-0.42320382595062256,-0.1773473620414734
-0.46990153193473816,0.03267329931259155,0.20644906163215637
-0.18658114969730377,0.49727174639701843,0.3929811716079712
-0.17424413561820984,-0.2829206883907318,0.26941370964050293
-0.47631677985191345,-0.0754975974559784,0.4999316930770874
-0.13334794342517853,-0.6985925436019897,-0.30325692892074585
0.1710933893918991,-0.33690744638442993,0.3775846064090729
0.17701515555381775,-0.5688431859016418,0.1998329758644104
-0.1831267923116684,0.3892982006072998,-0.40250909328460693
0.3747364282608032,0.10945884883403778,0.33291131258010864
0.11934062838554382,0.6119204759597778,0.400149941444397
0.4863913059234619,-1.028730869293213,-0.1942964792251587
-0.004026985261589289,-0.7316917181015015,0.5092451572418213
0.4630002975463867,-0.36633217334747314,-0.9332605004310608
0.1081879734992981,0.3661406636238098,-0.30058518052101135
0.11006319522857666,0.3707793951034546,0.19444072246551514
0.11924192309379578,0.6802182197570801,0.6376127004623413
0.18283823132514954,-0.6739544868469238,0.1638088971376419
0.18283823132514954,0.5717872381210327,-0.09357068687677383
-0.18904855847358704,0.5761299133300781,0.41123995184898376
0.0978609099984169,-0.29081639647483826,-0.6367149353027344
0.15924987196922302,0.11107400804758072,0.5551387667655945
0.12792718410491943,0.5966225862503052,-0.35408538579940796
-0.14986620843410492,-0.48317500948905945,0.6511701345443726
0.4594472646713257,-0.33050253987312317,-0.44757717847824097
-0.11528655886650085,0.3287348747253418,0.7469679117202759
-0.18115286529064178,-0.4602775275707245,0.4063051640987396
-0.1260804682970047,0.5593515634536743,0.6524531245231628
-0.1322983205318451,-0.6070384979248047,-0.6341487765312195
0.13654977083206177,-0.19774596393108368,-0.6343461871147156
-0.4097956418991089,-0.23697125911712646,0.2963937520980835
-0.18026460707187653,0.45088455080986023,0.5628371238708496
-0.17325717210769653,0.07801082730293274,-0.602072536945343
-0.13472968339920044,0.41127142310142517,-0.3009493947029114
-0.16447323560714722,-0.19004769623279572,-0.5569684505462646
0.013505385257303715,-0.7306060194969177,-0.28535687923431396
-0.11324997991323471,-0.4075738191604614,-0.6049347519874573
-0.11351004242897034,0.3673250675201416,-0.8182796239852905
-0.18401505053043365,-0.514560341835022,0.5165486335754395
0.13654977083206177,-0.39869117736816406,0.6458405256271362
-0.12673529982566833,-0.12178605794906616,0.6388957500457764
-0.18677854537963867,-0.6380290985107422,-0.2248561978340149
-0.4828307032585144,0.6815999746322632,0.10603567957878113
0.18007473647594452,0.48187512159347534,-0.4719911515712738
0.04382481798529625,0.6749246716499329,0.26941370964050293
-0.16407844424247742,-0.1668541133403778,-0.4719911515712738
0.03609691560268402,0.6749246716499329,0.40067946910858154
0.17642298340797424,0.42038747668266296,0.3773871958255768
-0.17246760427951813,-0.11282788962125778,0.5860306620597839
0.10555920004844666,0.6749246716499329,0.5010533928871155
0.1837264895439148,0.5978430509567261,-0.6032569408416748
-0.48213982582092285,-0.7296817302703857,0.286030650138855
0.00521886209025979,0.5593515634536743,0.6524531245231628
-0.1685197800397873,-0.06661838293075562,0.3466927111148834
0.22026722133159637,0.3749246597290039,-0.47856777906417847
-0.1710858792066574,-0.3368087410926819,-0.17846904695034027
0.12763109803199768,-0.6448031663894653,0.9428796172142029
0.16941554844379425,-0.3292091488838196,0.24631881713867188
0.123189777135849,-0.7682719230651855,-0.6947121620178223
-0.10288689285516739,0.11117270588874817,-0.6466831564903259
-0.46723672747612,0.28015270829200745,-0.49406304955482483
-0.1843111515045166,0.49746912717819214,0.5164499878883362
0.12723630666732788,0.38669610023498535,-0.4404710531234741
0.47750866413116455,-0.27654141187667847,0.37632471323013306
-0.4641771614551544,0.36480531096458435,-0.11556361615657806
-0.1712472289800644,0.3749246597290039,-0.025230079889297485
0.15915116667747498,0.0647658109664917,0.4083777666091919
0.13453982770442963,-0.3237833082675934,-0.4270484149456024
-0.12555095553398132,0.5888255834579468,0.4226526618003845
0.13654977083206177,0.2966226041316986,-0.6540853977203369
0.13651373982429504,-0.42826396226882935,-0.6020365357398987
-0.22528332471847534,0.3749246597290039,0.44584622979164124
-0.1260804682970047,0.6749246716499329,-0.3561219573020935
0.15865768492221832,-0.09742143005132675,-0.10128872841596603
0.1825421303510666,0.5590554475784302,-0.03178695961833
-0.17602066695690155,0.38939690589904785,0.5782336592674255
0.17543601989746094,0.3353114724159241,-0.5569684505462646
0.17543601989746094,0.3353114724159241,-0.17856775224208832
-0.37973278760910034,0.18732017278671265,-0.9377018809318542
-0.46723672747612,0.24106018245220184,-0.04598289728164673
0.16803382337093353,-0.4221808612346649,-0.5105813145637512
0.16803382337093353,-0.4221808612346649,-0.2248561978340149
-0.18766681849956512,-0.6534257531166077,-0.6109551787376404
0.1701064258813858,0.3508067727088928,0.4623644948005676
0.16221073269844055,-0.32170823216438293,-0.5028830170631409
-0.4698028266429901,-0.3200022876262665,-0.009833484888076782
0.10733573138713837,-0.7309021353721619,-0.2598932981491089
0.18402257561683655,-0.6768167018890381,0.6169225573539734
-0.010225098580121994,0.17246297001838684,0.610309898853302
-0.06376376748085022,-0.42109519243240356,0.6478143930435181
-0.17641545832157135,-0.23653355240821838,0.6015259623527527
-0.1907263845205307,0.6286361813545227,-0.37161725759506226
-0.17947503924369812,0.27333033084869385,-0.1553741693496704
0.12052497267723083,-0.8299569487571716,0.3544270396232605
0.1847134530544281,0.6287348866462708,0.5474405288696289
-0.2688872516155243,-0.4307047128677368,-0.27945831418037415
-0.16743411123752594,0.06509151309728622,0.037586506456136703
-0.248772993683815,0.9749246835708618,-0.4933721423149109
0.4133561849594116,0.2873683571815491,0.9219560623168945
0.46073031425476074,0.08656135201454163,0.0674455314874649
0.4586576819419861,-0.27385395765304565,0.5230265855789185
0.11335618793964386,0.29691872000694275,0.6206730008125305
0.16862599551677704,-0.22113695740699768,0.47795847058296204
0.13355286419391632,-0.4361596703529358,0.25281646847724915
-0.17894552648067474,0.9749246835708618,-0.7482054233551025
0.17997603118419647,-0.6071372628211975,0.43926963210105896
0.15816420316696167,-0.22873656451702118,-0.5800633430480957
-0.47532981634140015,0.009381026029586792,0.04669269919395447
0.47513994574546814,0.9749246835708618,0.04659402370452881
-0.1691119521856308,-0.3370061218738556,-0.5878602862358093
0.18106169998645782,0.5127670168876648,0.1690398007631302
0.1781008094549179,0.42019006609916687,-0.20166262984275818
0.3515428602695465,0.3749246597290039,-0.22368517518043518
0.06698877364397049,0.6749246716499329,-0.4951847493648529
-0.1827320158481598,-0.514560341835022,0.40067946910858154
0.15875637531280518,-0.22873656451702118,-0.46429285407066345
0.1781008094549179,0.42019006609916687,-0.4719911515712738
-0.025676952674984932,0.6749246716499329,-0.5491714477539062
0.028388751670718193,-0.15895842015743256,-0.635826587677002
-0.18480461835861206,0.4432849586009979,-0.10128872841596603
-0.16940803825855255,-0.3214121460914612,-0.29433825612068176
0.16813251376152039,-0.22893394529819489,0.40847644209861755
0.1792851686477661,0.4587802290916443,-0.0704067274928093
0.17217904329299927,0.23474016785621643,0.00682096928358078
0.028388751670718193,-0.05099480226635933,-0.6401692628860474
0.13305936753749847,0.07116477191448212,0.036553651094436646
0.17760732769966125,-0.5842397809028625,-0.38701385259628296
-0.12347833812236786,0.8053648471832275,0.33212172985076904
-0.17720502614974976,-0.47597020864486694,-0.6109551787376404
0.4736595153808594,-0.018971383571624756,0.08284211158752441
-0.1819424331188202,0.3507080376148224,-0.5491714477539062
0.1816178411245346,-0.5674253702163696,0.33833956718444824
0.11243189871311188,0.8281635642051697,-0.32645052671432495
-0.04108341038227081,-0.6304295063018799,0.6607436537742615
0.4856017231941223,0.972457230091095,-0.0640442818403244
0.11805757880210876,0.6585050821304321,0.5229278802871704
-0.17078977823257446,0.16525815427303314,0.1766394078731537
-0.16476932168006897,-0.03560413792729378,0.0917607843875885
-0.3488409221172333,-0.7219834327697754,-0.34648579359054565
0.11410972476005554,0.37324678897857666,0.5397062301635742
0.18421997129917145,0.6132396459579468,-0.3561219573020935
0.1697116494178772,0.15765853226184845,-0.425603985786438
0.461618572473526,0.009381026029586792,-0.7024104595184326
-0.18638375401496887,-0.5607500672340393,0.609224259853363
-0.1831267923116684,0.3892982006072998,-0.5955586433410645
0.11335618793964386,0.6749246716499329,0.2539184093475342
-0.12351435422897339,0.4346984028816223,0.6123825311660767
0.35927075147628784,0.9749246835708618,-0.6561219692230225
0.03611665591597557,0.26573073863983154,-0.6529010534286499
-0.09516885876655579,-0.6848110556602478,0.663605809211731
0.11450451612472534,0.37324678897857666,-0.41520488262176514
0.028388751670718193,0.6056399941444397,-0.6665210723876953
-0.1305844634771347,-0.09585562348365784,0.3761865496635437
-0.17345456779003143,-0.17455239593982697,0.4989807605743408
0.4653690457344055,-0.16563372313976288,0.360839307308197
0.16744163632392883,0.2496432662010193,0.29201507568359375
-0.12693269550800323,-1.0296190977096558,-0.9409588575363159
0.06700851768255234,-0.5451561212539673,0.6549205183982849
-0.06483955681324005,0.03361733630299568,0.597183346748352
-0.4732571840286255,-0.22198918461799622,-0.18620336055755615
-0.18362027406692505,-0.5841410756111145,-0.6032569408416748
-0.17000021040439606,-0.3524027168750763,-0.38701385259628296
-0.14805366098880768,0.9749246835708618,0.8551387786865234
0.16803382337093353,0.3587024211883545,0.5781350135803223
-0.18115286529064178,0.32998186349868774,-0.23768667876720428
0.015518785454332829,0.4072608947753906,-0.6585267186164856
0.10861878097057343,-0.7316917181015015,0.5351034998893738
-0.18628506362438202,-0.6303308606147766,-0.47968944907188416
0.13398367166519165,-0.6793827414512634,0.6632110476493835
-0.11696439981460571,0.8770182132720947,0.5076299905776978
0.15964464843273163,0.06748982518911362,0.4726288914680481
0.12624934315681458,0.5582298636436462,0.6078064441680908
0.47474515438079834,0.05159631371498108,0.5534249544143677
-0.11449699103832245,0.35182976722717285,-0.710207462310791
-0.43930575251579285,-0.428335964679718,-0.1773473620414734
-0.18845638632774353,0.5578711628913879,-0.16988249123096466
0.31293296813964844,0.9749246835708618,0.33231914043426514
-0.1605253964662552,-0.6380290985107422,0.6548218131065369
0.12032757699489594,-0.018971383571624756,0.21414735913276672
0.1280258744955063,-0.559628427028656,0.4226526618003845
