-0.24739216268062592,0.06009607017040253,-0.3564498722553253
0.6329542994499207,-0.38805150985717773,1.2306239604949951
0.07031649351119995,-0.401980996131897,-0.6232907176017761
-0.673477292060852,-0.2213509976863861,0.7869107723236084
0.060655564069747925,-0.3975645899772644,0.427090048789978
-0.2157476842403412,0.012994055636227131,-0.9447814226150513
0.5875084400177002,0.2880343496799469,-0.7043602466583252
-0.4541345238685608,0.31218570470809937,1.2296380996704102
0.09292922914028168,-0.047662846744060516,0.5179637670516968
-0.1013936847448349,0.03811249881982803,0.09613557159900665
-0.009102130308747292,-0.033703774213790894,-0.6341525912284851
-0.690137505531311,0.35631057620048523,0.24195487797260284
-0.16586391627788544,-0.35759982466697693,-0.4095044434070587
-0.36450639367103577,0.05234760046005249,-0.6646141409873962
-0.2158740758895874,-0.3060813844203949,-0.6376835703849792
0.6664718389511108,0.2056787759065628,0.931134819984436
0.09840047359466553,0.04582153633236885,0.790540337562561
-0.15305013954639435,-0.002522597089409828,0.6517382264137268
-0.16285720467567444,0.3238281309604645,0.5368106961250305
0.27143973112106323,-0.007274202536791563,-0.6807814240455627
-0.12387015670537949,0.04050801694393158,0.37403547763824463
-0.346663236618042,0.030945658683776855,0.21196827292442322
0.020787633955478668,-0.038011763244867325,-0.3667023479938507
0.3371932804584503,-0.04460683465003967,0.38428789377212524
-0.35316959023475647,0.07699285447597504,0.7852169275283813
0.18805816769599915,0.28687503933906555,-0.45071130990982056
0.6693307161331177,-0.3812001347541809,0.12878386676311493
0.12388190627098083,0.3765985369682312,-0.8606112003326416
-0.36413007974624634,-0.24354158341884613,-0.5108097791671753
0.5140656232833862,0.3072763681411743,0.3534598648548126
0.15580420196056366,-0.06328794360160828,-0.5415850281715393
0.5186989307403564,0.32428160309791565,0.9350780844688416
0.6679506301879883,-0.40108391642570496,-0.25292181968688965
-0.686292827129364,0.33855611085891724,-0.5398285388946533
-0.6783077716827393,-0.25671201944351196,-0.7797747850418091
0.11394669115543365,-0.0565844289958477,-0.7679270505905151
-0.14508303999900818,-0.35637742280960083,0.6266806721687317
0.0116984648630023,0.06277747452259064,0.633204996585846
0.466450959444046,0.3109041452407837,-0.5706844329833984
-0.20855124294757843,0.0022092910949140787,-0.7301705479621887
0.22719481587409973,0.37869831919670105,0.4843297004699707
-0.006280958652496338,-0.2916294038295746,0.4909346103668213
-0.6516909003257751,-0.2709766924381256,-1.1361451148986816
0.3449666202068329,0.25918853282928467,0.3478604555130005
-0.5666154623031616,-0.28421610593795776,0.35506671667099
0.5566526055335999,0.2983745038509369,-1.1502422094345093
-0.26129230856895447,-0.3384159505367279,0.060332685708999634
-0.5109171867370605,0.3857172727584839,0.2077113389968872
-0.30277323722839355,-0.3287845849990845,1.1952333450317383
0.4846884608268738,0.3155078887939453,0.09907501935958862
0.3237155079841614,0.3429725468158722,-0.508972704410553
-0.022972481325268745,0.05023796483874321,-0.49012574553489685
-0.07300235331058502,-0.017551273107528687,0.5172737240791321
-0.30466771125793457,0.07435088604688644,0.635866641998291
0.12674076855182648,-0.3005017042160034,0.5299100279808044
0.023230701684951782,-0.3793763816356659,1.19907808303833
0.007950633764266968,-0.2783111035823822,0.0671347975730896
-0.24729356169700623,0.060805849730968475,-0.17121614515781403
0.6721895933151245,-0.4019908607006073,-0.4679270386695862
-0.31457337737083435,0.2706042230129242,-0.09493240714073181
0.26473623514175415,-0.07992841303348541,0.24706311523914337
0.17800289392471313,0.28809547424316406,-0.6049906015396118
0.3367003798484802,-0.04579966515302658,-0.027189280837774277
-0.032404929399490356,0.22061379253864288,0.8180623650550842
-0.3107977509498596,0.34758615493774414,-0.3588830828666687
0.2285749614238739,0.28366819024086,-0.6441898941993713
0.010809481143951416,0.36550816893577576,0.6195828318595886
0.06657040119171143,-0.3954352140426636,-0.6133700013160706
0.1476219743490219,0.017528781667351723,-0.4121481776237488
0.17650622129440308,-0.06202610209584236,0.7443057894706726
-0.14674095809459686,-0.007934695109724998,-0.45246779918670654
-0.19455274939537048,0.005590619519352913,0.7957651019096375
0.43369248509407043,0.32040736079216003,-0.9537702798843384
-0.6846169233322144,-0.2209566831588745,0.3859423100948334
0.5496533513069153,0.3015488088130951,0.14800715446472168
-0.004212511237710714,-0.029178904369473457,0.7400668263435364
-0.13648852705955505,-0.008102282881736755,-0.020377332344651222
-0.4862719476222992,-0.22276070713996887,-0.5398911833763123
0.6661761403083801,-0.3938283324241638,1.1060175895690918
0.015621989034116268,0.0447470061480999,0.4513229727745056
0.083248570561409,-0.04543491452932358,0.6517382264137268
0.25448378920555115,-0.07998756319284439,-0.24672921001911163
-0.10880522429943085,-0.3707505464553833,-0.6377821564674377
-0.08148031681776047,0.054260075092315674,-0.68561190366745
0.03732776641845703,-0.394114226102829,-0.6022929549217224
-0.06933686137199402,-0.22097638249397278,-0.056351304054260254
-0.15572978556156158,0.24157211184501648,-0.15230655670166016
0.08937855064868927,-0.2152685523033142,0.45370692014694214
0.5813964605331421,0.29121455550193787,-0.8244319558143616
0.04032343253493309,0.03781675919890404,-0.7268187403678894
-0.2599119544029236,0.012442001141607761,-0.5039271116256714
0.010495777241885662,-0.038041338324546814,-0.8502421975135803
-0.25004225969314575,-0.26030033826828003,0.4345821738243103
-0.24742984771728516,0.2556987702846527,-0.7798733711242676
-0.26286938786506653,0.06407874077558517,-0.05206127092242241
0.2575398087501526,0.0014797925250604749,0.16159337759017944
-0.6816595792770386,0.37837299704551697,0.012027978897094727
0.22157570719718933,0.3591694235801697,-0.0869114100933075
0.1588602066040039,-0.06040937453508377,0.3156754970550537
0.19287066161632538,-0.06919294595718384,-0.34954920411109924
-0.18775877356529236,-0.2729581594467163,0.2830631732940674
-0.2600105404853821,0.011978670954704285,-0.6273505091667175
0.07120373845100403,-0.3859812915325165,-0.7327516078948975
-0.0795086920261383,0.0598890483379364,0.25879427790641785
-0.1122376024723053,-0.01476734597235918,-0.5827918648719788
0.23821793496608734,-0.07282072305679321,0.8472243547439575
0.22757118940353394,-0.0743684470653534,-0.03753042593598366
0.22707827389240265,-0.07709913700819016,-0.7576746344566345
-0.17592093348503113,0.07794909179210663,-0.2637837529182434
0.3724539577960968,0.3321680724620819,-0.8600196838378906
0.2579341530799866,-0.07713857293128967,0.6619907021522522
0.1133650690317154,0.04041929170489311,0.58746337890625
-0.23731544613838196,-0.3452969193458557,0.03611770272254944
-0.4528529942035675,-0.22580686211585999,0.20347869396209717
0.2688766419887543,-0.08407866954803467,-0.6032967567443848
-0.2539970874786377,0.06367456167936325,0.26431477069854736
0.3692321181297302,-0.08950063586235046,0.47685545682907104
-0.09805990755558014,-0.27393412590026855,0.568419337272644
-0.028165966272354126,-0.38190990686416626,-0.23122066259384155
0.6665704250335693,0.22738631069660187,-0.36500847339630127
0.17650622129440308,-0.06260772794485092,0.5900264978408813
0.06972503662109375,-0.38984566926956177,-0.03913554549217224
-0.04344600439071655,-0.29774144291877747,0.6227733492851257
-0.2987905740737915,-0.3336446285247803,0.15963973104953766
0.21664664149284363,0.36990487575531006,0.8887449502944946
-0.04238308221101761,-0.028044236823916435,-0.7379584312438965
-0.021543053910136223,0.05226873606443405,0.3534320294857025
-0.26691120862960815,0.014600927010178566,-0.2638823091983795
-0.07862146198749542,0.05835118144750595,-0.22553429007530212
-0.4757237732410431,-0.22124254703521729,0.3345125913619995
-0.25094106793403625,0.06495611369609833,0.7307016253471375
0.39243632555007935,0.328106552362442,-1.1398911476135254
0.4333178997039795,0.3410206437110901,0.3929450511932373
0.012270234525203705,0.06344782561063766,0.8506747484207153
0.11034849286079407,-0.0495753176510334,0.8335216045379639
-0.19494706392288208,0.0042992099188268185,0.4459995925426483
0.0017614989774301648,-0.030874498188495636,0.5900264978408813
-0.22472664713859558,-0.2664715349674225,-0.4163065254688263
-0.2921479344367981,0.022250812500715256,0.513823390007019
-0.3188633918762207,0.07220181822776794,-0.562188446521759
0.292307585477829,-0.25352784991264343,0.3441242575645447
-0.4960314631462097,-0.21950753033161163,-0.15926989912986755
-0.038283854722976685,0.3280276656150818,-0.44036030769348145
-0.28268417716026306,0.0644829198718071,-0.7712787985801697
-0.13234812021255493,-0.012122416868805885,-0.8399897813796997
0.2074606567621231,-0.07231795787811279,-0.4490174949169159
0.08947713673114777,-0.21477565169334412,0.6534320116043091
0.22796550393104553,-0.0726531371474266,0.4151437282562256
0.2819763123989105,-0.2519702613353729,-0.008933842182159424
-0.1777939796447754,0.0016670955810695887,0.555720329284668
-0.12043778598308563,0.3127968907356262,-0.44140875339508057
-0.09133842587471008,-0.013070766814053059,0.816368579864502
0.2985495328903198,-0.009285255335271358,0.5884491801261902
-0.5029321312904358,-0.21891604363918304,-0.9676701426506042
-0.5961897373199463,0.3627380430698395,-1.219446063041687
0.1756189912557602,-0.06730018556118011,-0.644503653049469
0.24383704364299774,0.005156863480806351,0.47586965560913086
0.2877056300640106,-0.051546934992074966,-0.9338389039039612
0.1912933737039566,0.012757462449371815,-0.07175776362419128
-0.26414328813552856,-0.28504419326782227,-0.024742722511291504
0.1485092043876648,-0.06060653179883957,-0.20897267758846283
-0.15710991621017456,-0.3587433695793152,-0.2869189381599426
-0.2536027729511261,0.009859180077910423,-0.8502421975135803
-0.3660030961036682,-0.319210410118103,0.12115716934204102
0.30249276757240295,0.001469933893531561,0.6928464770317078
0.3103792667388916,-0.09253692626953125,-0.8399897813796997
-0.0500822588801384,-0.022591721266508102,0.30197274684906006
0.11479449272155762,-0.052059564739465714,0.4253961741924286
-0.050594884902238846,-0.025363819673657417,-0.4284140467643738
0.09231802076101303,0.029999282211065292,-0.335846483707428
-0.04243237525224686,0.055876802653074265,0.16829688847064972
-0.04673050343990326,0.05346156284213066,-0.5862421989440918
0.20519329607486725,0.008400180377066135,-0.5930443406105042
0.21999841928482056,-0.22046376764774323,0.9825940728187561
-0.48351168632507324,-0.30037355422973633,0.08757700026035309
-0.3263932466506958,-0.3301154375076294,-0.8381347060203552
-0.5583346486091614,0.36673057079315186,0.5266209840774536
0.42556941509246826,-0.28682851791381836,0.3823440968990326
0.2677922546863556,-0.07848913222551346,0.7546567916870117
0.12365693598985672,-0.058634914457798004,-0.8604946136474609
-0.3120613098144531,0.022240957245230675,-0.4116552770137787
0.2181074023246765,0.024025272578001022,0.7389824390411377
-0.24210648238658905,0.33591413497924805,-0.7284140586853027
-0.06835106015205383,0.3364957869052887,0.2796754837036133
-0.33058294653892517,0.2727237343788147,-0.3066469728946686
0.5813964605331421,0.29194700717926025,0.001910090446472168
-0.4807514250278473,-0.29945674538612366,-0.16945965588092804
-0.3084138035774231,0.07304961234331131,0.1373424530029297
-0.057249099016189575,-0.01979103498160839,0.6654409766197205
-0.07830771803855896,0.3376590311527252,0.0945402979850769
0.020452460274100304,0.059228554368019104,0.737306535243988
-0.024825802072882652,-0.029267627745866776,-0.2372654229402542
-0.21776682138442993,-0.30080729722976685,0.6268778443336487
0.2991410195827484,-0.08759801089763641,-0.09924215078353882
0.38285425305366516,-0.3470516502857208,-0.08034241199493408
-0.330494225025177,0.27311310172080994,0.3962341547012329
-0.3510008156299591,0.033676352351903915,0.70231032371521
-0.0689605250954628,0.032059624791145325,0.9020354747772217
0.25692686438560486,-0.24532589316368103,-0.4428248405456543
0.07949262857437134,-0.0495753176510334,-0.5964946150779724
0.08328800648450851,-0.045080024749040604,0.7443057894706726
-0.10178801417350769,-0.013685911893844604,0.17854931950569153
0.11220181733369827,0.026824969798326492,-0.20207200944423676
-0.2371675670146942,-0.34451812505722046,-0.35810428857803345
-0.19810166954994202,0.0027120541781187057,-0.1232071965932846
-0.23920994997024536,0.013151786290109158,0.6380354762077332
0.4410170614719391,0.3207326829433441,-0.2003781795501709
-0.1453608125448227,0.045180756598711014,0.734053373336792
0.3104778230190277,-0.03897785767912865,-0.7642795443534851
-0.6467618942260742,-0.26983314752578735,-0.2860908508300781
-0.1836102455854416,-0.0009551584371365607,-0.3667023479938507
0.02822241187095642,-0.3429112434387207,-0.1008472591638565
-0.25675734877586365,0.014502343721687794,0.17854931950569153
-0.08029734343290329,0.058568064123392105,0.4750809967517853
-0.14752960205078125,-0.00865433644503355,-0.6688531041145325
-0.6493249535560608,0.3383096754550934,1.1629973649978638
-0.1878492385149002,0.00261347321793437,0.32937827706336975
-0.1345169097185135,0.038004059344530106,-0.7575759887695312
0.08551593869924545,-0.0510638952255249,-0.6829501986503601
-0.2364496886730194,0.002120568882673979,0.8929659724235535
-0.07852288335561752,0.06154521182179451,-0.0067002009600400925
0.3058445155620575,-0.09030899405479431,-0.4935760796070099
0.04575032368302345,0.028688151389360428,0.5304835438728333
0.33581316471099854,-0.046115126460790634,-0.2432788610458374
0.279424786567688,-0.08233378827571869,0.3328285813331604
0.598746657371521,0.21148519217967987,-0.666702389717102
0.6673591136932373,-0.39601683616638184,-0.26550716161727905
0.6654860377311707,0.22730743885040283,0.4134499430656433
0.3149139881134033,-0.038021620362997055,0.864377498626709
-0.042854517698287964,-0.3501273989677429,0.6315111517906189
0.1042758971452713,-0.053173527121543884,-0.3461974561214447
-0.2525183856487274,0.06410831958055496,0.431409627199173
-0.07193593680858612,-0.30345913767814636,-0.05599290132522583
0.47059136629104614,0.31304335594177246,-1.1665080785751343
0.21712158620357513,-0.07564014196395874,-0.8502421975135803
0.17414025962352753,-0.013211737386882305,0.5179637670516968
0.3303874731063843,0.33981797099113464,-0.9341526031494141
0.03138706460595131,-0.03680907189846039,0.4459995925426483
-0.08238552510738373,-0.3728700280189514,0.18014457821846008
-0.172174870967865,0.07499165832996368,0.27062398195266724
0.22975793480873108,-0.32042196393013,0.2213120013475418
0.2886914312839508,-0.08800219744443893,-0.68561190366745
-0.15955649316310883,0.07462691515684128,-0.3463946282863617
0.07271025329828262,-0.04679533466696739,-0.18156714737415314
0.4740417003631592,0.31700631976127625,-0.14205414056777954
-0.15285298228263855,0.07378897070884705,-0.1782153993844986
0.03176167234778404,-0.03543880209326744,0.816368579864502
0.30925366282463074,0.26192909479141235,-0.6338388919830322
-0.16507703065872192,0.049912646412849426,0.8574768304824829
0.31121543049812317,0.3424697816371918,-1.1598045825958252
-0.17375215888023376,-0.003390110330656171,-0.5313325524330139
0.5811992883682251,0.2927159368991852,-0.37179720401763916
-0.3088081479072571,0.07176806032657623,-0.22267544269561768
-0.16547134518623352,0.07879688590765,0.4357471764087677
0.5152485370635986,0.3070397675037384,-0.7592699527740479
-0.17585018277168274,-0.35710692405700684,-0.12841403484344482
-0.3089067041873932,0.07147231698036194,-0.30499058961868286
0.23772501945495605,-0.0753936842083931,0.16819830238819122
-0.23526670038700104,0.00818330142647028,-0.4284140467643738
0.03834589943289757,-0.03924402594566345,0.13399069011211395
-0.18343105912208557,0.34375134110450745,1.167236328125
0.4024127423763275,-0.3012509047985077,0.6328285932540894
-0.6485363245010376,-0.2724356949329376,-1.0370712280273438
0.16548310220241547,0.32976269721984863,-1.243992805480957
0.5778474807739258,0.3006517291069031,0.1056799590587616
-0.4634011685848236,-0.30296623706817627,-0.24493329226970673
-0.08908902108669281,-0.2942418158054352,-0.05201375484466553
0.1860685795545578,-0.06637352705001831,0.07564057409763336
-0.2902749180793762,0.06628695875406265,-0.6752609014511108
-0.1070128083229065,0.03387351706624031,-0.5244319438934326
0.6445868611335754,0.2524850368499756,0.23521548509597778
0.5811007022857666,0.2929821312427521,0.32079997658729553
-0.22688733041286469,0.06004678085446358,0.5797740817070007
-0.1107768565416336,-0.28828752040863037,-0.49862170219421387
-0.07241085916757584,0.033301740884780884,-0.8819853067398071
-0.3091038763523102,0.07081182301044464,-0.47987332940101624
-0.025072257965803146,0.016444390639662743,0.8010885119438171
0.2872127294540405,-0.012568003498017788,-0.6004378795623779
-0.008895112201571465,0.028343120589852333,-0.3796164393424988
-0.024461055174469948,0.05059286206960678,0.5251601934432983
0.06762348115444183,0.03537194803357124,0.041068218648433685
-0.14821967482566833,0.06370413303375244,0.18653437495231628
0.1797773540019989,-0.3099033832550049,-0.015969008207321167
0.2691723704338074,-0.08243237435817719,-0.17131471633911133
0.08494240045547485,-0.29379817843437195,0.3036271631717682
-0.2046080082654953,0.00708905141800642,0.7134499549865723
0.29194459319114685,-0.014427240937948227,0.09278382360935211
-0.03347136080265045,-0.027977202087640762,-0.3186933696269989
-0.08148031681776047,-0.015152797102928162,0.7443057894706726
-0.1121390238404274,-0.01398559845983982,-0.37705332040786743
0.37078791856765747,0.3356381356716156,0.5094051957130432
0.3047601282596588,-0.03344746306538582,0.46630728244781494
-0.06077830120921135,-0.025118352845311165,-0.8399897813796997
0.35099461674690247,-0.09532676637172699,0.3328285813331604
-0.317976176738739,0.026647526770830154,0.4459995925426483
0.16556371748447418,-0.06576231867074966,-0.7164677977561951
-0.30594927072525024,0.07427201420068741,0.562620997428894
0.1864628940820694,-0.06414559483528137,0.6619907021522522
0.24797746539115906,-0.07560070604085922,0.5900264978408813
0.2460058331489563,-0.006564419250935316,-0.7721660137176514
-0.03186449036002159,0.05077030509710312,-0.7384513020515442
-0.2475893348455429,0.05931728333234787,-0.562188446521759
0.14417164027690887,0.011594204232096672,-0.12833340466022491
-0.6789978742599487,-0.21842312812805176,-0.14205414056777954
0.1485092043876648,-0.0608825609087944,-0.2810353934764862
-0.6787021160125732,-0.21987228095531464,0.11853143572807312
0.6674576997756958,-0.39629286527633667,0.23163343966007233
-0.14151616394519806,0.04675805941224098,0.511161744594574
0.04854213446378708,0.03930532559752464,0.36329013109207153
-0.32803142070770264,0.027830500155687332,0.28136929869651794
-0.12623609602451324,-0.00807270873337984,0.4631527066230774
0.19602525234222412,-0.06756635010242462,0.23000860214233398
0.22177286446094513,0.3613184988498688,-0.37913164496421814
0.011619600467383862,-0.03295455873012543,0.5179637670516968
0.22057193517684937,-0.016155365854501724,0.7981310486793518
-0.1937641054391861,-3.835485040326603e-05,-0.6033953428268433
-0.2979642152786255,0.024409739300608635,0.7855126857757568
0.5569483041763306,0.3004348576068878,-0.5226754546165466
0.03328597545623779,0.31515300273895264,-0.4095044434070587
-0.1897599697113037,0.3241928815841675,-1.049886703491211
-0.2494310438632965,-0.2621043920516968,-0.5741347074508667
0.01173789706081152,-0.03240250423550606,0.6619907021522522
0.02507590875029564,-0.040190402418375015,-0.7233684062957764
-0.2147618532180786,-0.03937218338251114,-0.8986454606056213
-0.028228580951690674,0.32649967074394226,0.23161372542381287
0.16585946083068848,0.029457084834575653,0.7924133539199829
-0.3923242390155792,-0.3169519007205963,0.06707215309143066
-0.21959233283996582,0.06770651787519455,0.08596201241016388
-0.63808673620224,-0.271114706993103,0.3859225809574127
-0.4415161609649658,0.3449638783931732,-0.9101974368095398
-0.005109597463160753,0.04523990675806999,0.2299100160598755
-0.09538023918867111,-0.018542012199759483,-0.7816298007965088
0.1750274896621704,0.012018103152513504,0.5816471576690674
-0.030200213193893433,0.37796881794929504,0.06378304958343506
0.04744568467140198,-0.35338056087493896,-0.5810980796813965
0.3868665099143982,-0.2977217137813568,0.7725179195404053
0.3104778230190277,-0.037469565868377686,0.2734828293323517
-0.29007774591445923,0.06594192236661911,-0.8398911952972412
0.3475443124771118,-0.05253274738788605,-0.6032967567443848
0.042421240359544754,-0.04367031529545784,-0.7885304689407349
-0.08650794625282288,0.0411093644797802,-0.45138341188430786
0.2672007381916046,0.009385989047586918,0.8698980212211609
0.31875863671302795,-0.04199443757534027,-0.1507112979888916
0.21664664149284363,-0.31757789850234985,0.3337436616420746
0.1863643079996109,-0.06484552472829819,0.47685545682907104
-0.4856804609298706,0.34996193647384644,-0.33754029870033264
-0.07239288091659546,0.33581557869911194,-0.27894723415374756
-0.11085745692253113,-0.010386405512690544,0.600476086139679
-0.13067224621772766,0.042371202260255814,0.7992154359817505
0.07302571833133698,-0.044991299510002136,0.29172033071517944
0.10743049532175064,-0.050038646906614304,0.5831258296966553
-0.18390600383281708,-0.0025916039012372494,-0.7987828850746155
-0.07921294867992401,-0.02042195200920105,-0.497913658618927
-0.08443775773048401,0.05060271918773651,-0.3075537085533142
0.3219132423400879,-0.04016083478927612,0.6449361443519592
0.19533517956733704,0.009790172800421715,-0.6753594875335693
0.13378120958805084,0.020604511722922325,-0.5815103650093079
0.22037476301193237,-0.07167717814445496,0.295072078704834
0.5689752101898193,0.21659168601036072,-0.12841403484344482
-0.21880367398262024,0.06707560271024704,-0.10068143159151077
-0.681856632232666,0.3372548520565033,-0.7145141363143921
0.07093580812215805,0.04522019252181053,0.6730316877365112
0.18389979004859924,0.014738939702510834,-0.00662922253832221
-0.06077830120921135,-0.02448842115700245,-0.6753594875335693
0.3050738275051117,0.3440273702144623,-0.4918822646141052
0.22579672932624817,-0.022272318601608276,0.559170663356781
-0.507565438747406,-0.25042253732681274,0.6274693608283997
-0.18508897721767426,0.05277150124311447,0.6647509336471558
0.2891843318939209,-0.08542922884225845,-0.006660768296569586
-0.5711501836776733,-0.3055884838104248,-1.2158970832824707
0.6277295351028442,0.25524529814720154,-0.625495433807373
0.6499102115631104,0.24790102243423462,0.3791106343269348
0.22719481587409973,0.37892505526542664,1.1572797298431396
0.5861283540725708,0.2990152835845947,0.8253573179244995
-0.05859154462814331,-0.21871888637542725,-0.4095044434070587
-0.32853245735168457,-0.2538531422615051,0.40579652786254883
-0.2871203124523163,0.0164641086012125,-0.7164677977561951
-0.13293962180614471,-0.005312440451234579,0.8677292466163635
-0.5987528562545776,0.37099915742874146,-0.2551955580711365
-0.2866274118423462,0.019165227189660072,-0.0066676693968474865
0.3219132423400879,-0.03976650536060333,0.7477561235427856
-0.28357142210006714,0.02144244872033596,0.6962968707084656
0.007765083573758602,0.04466813802719116,-0.5533161759376526
-0.21456468105316162,0.0524166040122509,-0.786460280418396
-0.08187463134527206,0.044914595782756805,0.320998877286911
-0.2908663749694824,0.022388827055692673,0.5969271659851074
-0.30892470479011536,-0.2741805613040924,-0.3842317461967468
-0.33138319849967957,0.0766478180885315,-0.027199137955904007
-0.24951976537704468,0.3388814330101013,-0.3275441825389862
0.27837809920310974,0.3161585330963135,-1.2209248542785645
0.07910816371440887,0.031566716730594635,-0.49012574553489685
-0.1453608125448227,0.04534834623336792,0.6106299757957458
0.6428124308586121,0.25038525462150574,-0.22531914710998535
0.09421078115701675,-0.052069418132305145,-0.5313325524330139
-0.18756160140037537,-0.27201178669929504,0.44769346714019775
0.5790305137634277,0.21524113416671753,-0.6049906015396118
0.6094920635223389,0.21317091584205627,0.2796754837036133
0.2992396056652069,-0.08661220967769623,0.15794587135314941
0.09450477361679077,-0.29654860496520996,0.025865286588668823
0.20836585760116577,0.28520408272743225,0.6636844873428345
-0.2985557019710541,0.07161033153533936,0.20940516889095306
0.10455192625522614,-0.051606085151433945,0.0653388649225235
0.07238668203353882,0.1977725625038147,-0.5502421855926514
-0.06549221277236938,-0.22791649401187897,0.35144245624542236
0.06045839190483093,-0.39642101526260376,0.11514371633529663
0.23774299025535583,-0.24002224206924438,0.11514371633529663
0.19513802230358124,0.009543719701468945,-0.8090353012084961
-0.21229733526706696,0.07336506992578506,0.21522144973278046
0.21534714102745056,0.006753876339644194,-0.5313325524330139
0.2894800901412964,-0.08391108363866806,0.39454030990600586
0.22224780917167664,-0.027448808774352074,-0.9050532579421997
-0.07850489020347595,-0.21832455694675446,-0.07008999586105347
0.21731875836849213,-0.07446702569723129,-0.5415850281715393
0.22717684507369995,-0.07682311534881592,-0.68561190366745
-0.3086782395839691,-0.33160400390625,-0.37867817282676697
0.06519028544425964,0.22750461101531982,0.5780802369117737
-0.14131899178028107,0.04378090798854828,-0.867395281791687
0.6433053016662598,-0.34964433312416077,-0.09065750241279602
-0.12249002605676651,-0.014165015891194344,-0.9017014503479004
0.1760133057832718,-0.01133869867771864,0.28166502714157104
-0.011469811201095581,0.32239869236946106,-0.04954919219017029
0.05641481280326843,-0.039618637412786484,0.8799532651901245
0.6670633554458618,-0.39556336402893066,-0.1008472591638565
0.13914400339126587,-0.008435486815869808,0.7295186519622803
0.3627930283546448,0.25524529814720154,-0.4198554456233978
0.15136805176734924,0.0030965206678956747,0.44954851269721985
0.17660479247570038,-0.061789508908987045,0.8060175180435181
0.1635114848613739,0.2916611433029175,-0.3820890784263611
-0.26661545038223267,0.01601063646376133,0.11673901230096817
0.31747710704803467,-0.04208315908908844,-0.4490174949169159
-0.16573576629161835,-0.3574322462081909,0.2521974444389343
0.2495727241039276,-0.3244253396987915,-0.4815671443939209
-0.2321121096611023,0.011397042311728,0.5214141607284546
-0.2374354898929596,0.0587652288377285,-0.2329278588294983
0.013274013996124268,-0.28154456615448,0.10818043351173401
-0.16607093811035156,0.2506810128688812,-0.6434997916221619
-0.6401569247245789,0.3800094425678253,0.12539616227149963
-0.23940710723400116,0.012264556251466274,0.40144097805023193
-0.1450650840997696,0.06260988861322403,-0.675852358341217
-0.23753409087657928,0.05851877108216286,-0.29463961720466614
-0.013084802776575089,-0.028893020004034042,0.3910899758338928
-0.22481711208820343,0.009070531465113163,0.28136929869651794
-0.24709643423557281,0.06148606538772583,0.01393872033804655
0.16556371748447418,-0.06607778370380402,-0.7987828850746155
-0.06748180836439133,-0.019624432548880577,0.23336035013198853
0.06775340437889099,0.20327338576316833,-0.5329278707504272
-0.29885146021842957,0.07041750103235245,-0.10950443148612976
-0.10377760231494904,-0.3670833110809326,0.06368443369865417
0.3096891939640045,-0.08589256554841995,0.8266209959983826
0.010456344112753868,0.03342990204691887,0.5801684260368347
-0.6777162551879883,0.38206979632377625,-0.28607115149497986
-0.04676184058189392,-0.2281530797481537,-0.4779822826385498
0.22076909244060516,0.0065567148849368095,0.11338724941015244
-0.6777162551879883,-0.22122284770011902,-0.5837956666946411
0.1427915096282959,-0.00596307497471571,0.8886284232139587
0.5812978744506836,0.293356716632843,0.5162072777748108
-0.3125542104244232,0.021619893610477448,-0.5998464226722717
-0.33838245272636414,0.02751503884792328,-0.27413472533226013
-0.28869763016700745,0.02300002984702587,0.8540264368057251
-0.5057910084724426,-0.24820446968078613,-0.5902661085128784
-0.2210710495710373,-0.05813215300440788,0.9013453722000122
-0.4519657492637634,0.3684064745903015,-0.7976179122924805
-0.11420921236276627,0.03741257265210152,0.034522440284490585
-0.19583429396152496,0.050523847341537476,-0.40781059861183167
-0.26119351387023926,0.06523214280605316,0.32947683334350586
-0.15216290950775146,0.06004678085446358,0.11772482097148895
-0.2860359251499176,0.020032739266753197,0.2402610331773758
0.12256268411874771,-0.00356755661778152,0.5489182472229004
0.13486558198928833,-0.05465224012732506,0.6928464770317078
-0.15324729681015015,-0.003459117142483592,0.40479275584220886
-0.5250142812728882,-0.2922603189945221,0.23160386085510254
0.2686794698238373,-0.08513349294662476,-0.8810980916023254
0.21771307289600372,-0.017193425446748734,-0.2629950940608978
0.1147138774394989,-0.23785346746444702,-0.42060816287994385
-0.31127265095710754,0.0758887529373169,0.7126613259315491
-0.21673347055912018,0.05902153253555298,0.7855126857757568
-0.01892079971730709,-0.03131811320781708,-0.47987332940101624
0.16568027436733246,-0.26057636737823486,-0.6873058080673218
-0.298259973526001,0.07253699004650116,0.47685545682907104
-0.3286229074001312,0.024843493476510048,-0.510729193687439
-0.2157476842403412,0.003776729805395007,-0.6650084853172302
0.3855750858783722,0.3294275104999542,-0.9861047863960266
0.06306903809309006,0.033646780997514725,-0.7833057045936584
-0.11420921236276627,0.036821089684963226,-0.11975685507059097
0.13830606639385223,-0.060271356254816055,-0.5999450087547302
0.6537549495697021,0.24308040738105774,-1.0199182033538818
0.1865614801645279,-0.0633273720741272,0.8780802488327026
0.0014854718465358019,-0.032077185809612274,0.27111688256263733
0.31777283549308777,-0.04295067489147186,-0.6547560691833496
-0.14299488067626953,-0.0038928731810301542,0.7649092674255371
0.13973549008369446,-0.06013334542512894,-0.48421090841293335
-0.010413257405161858,0.026194054633378983,-0.4388636350631714
-0.45679622888565063,-0.2233324646949768,0.033420056104660034
0.04182657599449158,-0.35019639134407043,-1.115936040878296
-0.2748156785964966,-0.33964821696281433,-0.8793416023254395
-0.26119351387023926,0.011623778380453587,-0.7801511287689209
-0.24512481689453125,0.010381657630205154,-0.325594037771225
-0.34873345494270325,0.07799837738275528,-0.4385679066181183
-0.10160882771015167,0.28100451827049255,1.2204701900482178
-0.3510994017124176,0.03301585838198662,0.5248644351959229
0.33467772603034973,0.2592082619667053,-0.12535801529884338
-0.0801001787185669,0.042844388633966446,0.5368913412094116
-0.14705465734004974,-0.26605749130249023,0.3298531770706177
-0.3071322739124298,0.019490545615553856,-0.8708456754684448
-0.666773796081543,-0.22436757385730743,-0.23123401403427124
-0.40168944001197815,0.29034703969955444,0.6262863278388977
0.3116607964038849,-0.09239891171455383,-0.7447605133056641
-0.09845422208309174,-0.370346337556839,0.07298700511455536
0.03690267354249954,0.012442001141607761,0.8952333331108093
0.06801780313253403,0.02856985479593277,0.7321802973747253
0.32813194394111633,-0.33876100182533264,0.08412666618824005
0.028082631528377533,-0.039115872234106064,-0.3084409534931183
-0.4414175748825073,-0.25597265362739563,-0.6022303700447083
-0.002290181815624237,0.01659226045012474,0.14641191065311432
-0.005770091433078051,0.017361193895339966,-0.16382257640361786
0.14476311206817627,-0.057047758251428604,0.5385671854019165
-0.2149590104818344,0.0065172817558050156,0.08593244105577469
0.5452171564102173,0.30222901701927185,-0.32186591625213623
0.04323256388306618,0.03451428934931755,0.7951735854148865
-0.05711108818650246,-0.019047733396291733,0.860927164554596
0.23762643337249756,-0.07593588531017303,0.024210864678025246
0.4442702531814575,0.2418087124824524,0.5094051957130432
0.002295583486557007,-0.3101429343223572,0.6534320116043091
-0.4217999577522278,-0.3102986812591553,-0.18326100707054138
-0.24749073386192322,0.059741176664829254,-0.4490174949169159
-0.24630779027938843,0.014876953326165676,0.7649092674255371
0.309590607881546,-0.08643476665019989,0.6825940608978271
0.07120373845100403,-0.3865432143211365,-0.19357606768608093
-0.3453816771507263,0.03124139830470085,0.3362789452075958
-0.23516812920570374,0.06256059557199478,0.8801504969596863
-0.11716665327548981,0.03457343950867653,-0.8124856352806091
0.10240286588668823,-0.0013001923216506839,0.40489131212234497
0.3281238079071045,-0.0431281179189682,0.137441024184227
-0.20716936886310577,0.31194910407066345,0.5690467357635498
-0.09271855652332306,0.04262750968337059,-0.17121614515781403
-0.12347584217786789,0.041257236152887344,0.6825940608978271
0.19868694245815277,-0.018281759694218636,0.3362789452075958
0.27646738290786743,-0.0795932412147522,0.8875440359115601
0.26621493697166443,-0.07942565530538559,0.45546337962150574
0.33011341094970703,-0.2924673557281494,-0.6017014384269714
0.2300357073545456,-0.017613379284739494,0.38330206274986267
-0.019147535786032677,-0.032491229474544525,-0.7885304689407349
0.6586839556694031,0.2395019233226776,-0.4164051115512848
-0.15878579020500183,-0.2807953655719757,-0.4987828731536865
0.6148154139518738,-0.39087092876434326,0.08343659341335297
0.6604584455490112,0.20417049527168274,0.85917067527771
0.040556084364652634,0.0390588752925396,-0.3564498722553253
0.06312818080186844,0.032601822167634964,-0.17111757397651672
0.1759147197008133,-0.06545672565698624,-0.16096371412277222
-0.24374468624591827,0.06343796849250793,0.6757920384407043
0.06931906938552856,-0.048776812851428986,-0.863944947719574
-0.09242280572652817,0.035204362124204636,-0.6337582468986511
0.22076909244060516,-0.030263295397162437,0.7289271950721741
-0.23948422074317932,0.35056328773498535,0.3106299638748169
0.15454061329364777,0.33647605776786804,0.07229694724082947
0.5955921411514282,0.27986985445022583,-1.115936040878296
0.06806709617376328,0.006172248162329197,0.0877857655286789
0.07803363353013992,0.018455442041158676,-0.6167037487030029
-0.6910247206687927,0.34669890999794006,0.16042837500572205
0.3372918665409088,-0.0432267040014267,0.8061161041259766
0.06217019259929657,0.35695135593414307,-0.4062153100967407
0.10706575214862823,0.023897115141153336,-0.07132400572299957
-0.29811036586761475,-0.27812379598617554,0.2963085174560547
0.2915189266204834,-0.28725239634513855,0.6302295923233032
-0.20924131572246552,0.07893490046262741,-0.6135491728782654
-0.2869231700897217,0.01708516664803028,-0.5519360303878784
-0.12406732141971588,0.03887157514691353,-0.0580747127532959
0.2133755087852478,-0.06945911049842834,0.5351169109344482
-0.20908184349536896,-0.3488359749317169,-0.17616316676139832
-0.10160882771015167,-0.2887902855873108,-0.4369099736213684
0.6675562858581543,-0.39966434240341187,-0.6674909591674805
-0.34824052453041077,0.02959509938955307,-0.20217059552669525
-0.5599119663238525,-0.28708481788635254,-0.08040505647659302
-0.12229286134243011,-0.01346311904489994,-0.7164677977561951
-0.32822859287261963,0.07319748401641846,-0.7163692116737366
-0.1336296796798706,0.041907865554094315,0.29172033071517944
-0.24670210480690002,0.013319374062120914,0.3328285813331604
0.2513292133808136,-0.08161415159702301,-0.8056836128234863
-0.3284257650375366,0.07366081327199936,-0.6308008432388306
0.2688748836517334,-0.2284882664680481,1.117650032043457
-0.34022417664527893,-0.3249478340148926,0.45794588327407837
0.48527994751930237,0.33151742815971375,0.9825940728187561
-0.04160429164767265,0.049469031393527985,-0.6486440300941467
-0.18479323387145996,0.004190770443528891,0.8780802488327026
-0.6797864437103271,-0.26265645027160645,0.5711169242858887
0.3649125099182129,0.35354045033454895,1.150674819946289
0.3366018235683441,-0.09096948802471161,0.7614589333534241
-0.10257665812969208,0.03885185346007347,0.16829688847064972
-0.14112183451652527,0.04490473121404648,-0.44606003165245056
0.01925155520439148,0.2111993134021759,0.2077113389968872
0.05339650809764862,0.3137925863265991,0.15625202655792236
-0.360563188791275,0.03325245901942253,0.14424312114715576
0.31905439496040344,-0.08965836465358734,0.28136929869651794
-0.04985552281141281,-0.02146001160144806,0.600278913974762
-0.23516812920570374,0.009040957316756248,-0.20217059552669525
0.5663135051727295,0.2981477677822113,-0.05644986033439636
-0.3070336878299713,0.07333550602197647,0.2633289694786072
0.04857170954346657,-0.03944119065999985,0.555720329284668
0.0541573092341423,0.031576573848724365,0.41563665866851807
0.33068692684173584,-0.09401564300060272,-0.27413472533226013
0.2771753966808319,-0.24866779148578644,0.06687498092651367
0.664007306098938,0.19864007830619812,-0.9204498529434204
-0.3069351017475128,0.02030876651406288,-0.6547560691833496
-0.3070336878299713,0.019717281684279442,-0.8091339468955994
0.28711411356925964,-0.032067328691482544,-0.8810980916023254
-0.209339901804924,0.072813019156456,-0.509940505027771
0.1484106183052063,-0.0131949782371521,0.0425272174179554
0.5435413122177124,-0.380569189786911,-0.6361062526702881
0.30919626355171204,-0.08815993368625641,0.21965759992599487
-0.021444475278258324,0.031004806980490685,0.8752213716506958
0.2234307825565338,-0.07032661885023117,0.7820623517036438
0.31304094195365906,-0.09214259684085846,-0.6308008432388306
-0.6493249535560608,0.3809853792190552,0.300278902053833
0.19582808017730713,-0.06784237921237946,0.1373424530029297
-0.2788771986961365,-0.33672037720680237,-0.3066469728946686
0.07281869649887085,-0.04608554765582085,0.003637004876509309
0.17630904912948608,-0.06327807903289795,0.4151437282562256
-0.031154703348875046,0.06317179650068283,0.7286313772201538
0.03253553435206413,-0.04139309376478195,-0.6651070713996887
-0.1978238821029663,-0.2717258930206299,0.04646870493888855
-0.1331367790699005,-0.0058743515983223915,0.7134499549865723
-0.17404788732528687,-0.004789960570633411,-0.9017014503479004
-0.3835505247116089,-0.3177839517593384,0.2719235122203827
-0.27622535824775696,-0.2568303048610687,0.18359491229057312
-0.030050596222281456,-0.025502819567918777,0.48710787296295166
-0.18499039113521576,0.0031852428801357746,0.6106299757957458
-0.07063639909029007,-0.02244582027196884,-0.6136477589607239
-0.06048255413770676,-0.023358682170510292,-0.37705332040786743
0.2788333296775818,-0.08569540083408356,-0.5519360303878784
-0.17365357279777527,-0.0025718885008245707,-0.31534162163734436
0.21722017228603363,-0.07474305480718613,-0.6136477589607239
-0.08315619826316833,0.04802975431084633,-0.7484079599380493
0.24896325170993805,0.00019823956245090812,-0.6341525912284851
0.09281092137098312,-0.048283908516168594,0.3534320294857025
0.23733070492744446,-0.07750332355499268,-0.38730576634407043
0.010032445192337036,0.030285166576504707,0.31823861598968506
0.40314221382141113,0.25207099318504333,0.6191884875297546
0.31915295124053955,-0.08903729915618896,0.4459995925426483
-0.331391304731369,-0.2294839322566986,0.891899585723877
-0.09370436519384384,0.046176426112651825,0.7279413342475891
-0.49494707584381104,-0.21822598576545715,-0.4487396776676178
-0.3187648355960846,0.07295103371143341,-0.3667023479938507
0.164380744099617,0.00920854415744543,-0.3291429579257965
-0.6577043533325195,-0.26463791728019714,1.054459571838379
0.6102806329727173,-0.39281296730041504,-1.21195387840271
0.25243157148361206,-0.32044267654418945,1.2224416732788086
0.16063466668128967,-0.016182968392968178,-0.6288292407989502
-0.5786423683166504,-0.2313273847103119,0.6842879056930542
0.07155685871839523,0.0076903970912098885,0.5701131224632263
0.22126199305057526,-0.013747031800448895,-0.7134117484092712
-0.6827439069747925,-0.2557261884212494,0.7456052899360657
-0.22915469110012054,0.012096968479454517,0.8335216045379639
-0.05642277002334595,0.33060064911842346,-0.02559402585029602
0.1795801818370819,0.2899132966995239,-0.06752689182758331
-0.27282604575157166,0.0644829198718071,-0.4010085165500641
0.05310074985027313,0.3534221649169922,-1.2379794120788574
-0.18508897721767426,0.05219973251223564,0.5491153597831726
-0.22491571307182312,0.008873369544744492,0.2299100160598755
0.0010499656200408936,0.3702203631401062,-0.46096372604370117
-0.12613752484321594,-0.007885404862463474,0.5146120190620422
0.20539043843746185,0.011249172501266003,0.20023714005947113
0.269466370344162,0.2729169428348541,-0.25521528720855713
-0.31308481097221375,0.2709098160266876,0.03972923755645752
0.13483601808547974,-0.05484940484166145,0.6414858102798462
0.6446854472160339,0.2525540292263031,0.886576235294342
0.09801600128412247,-0.0028774896636605263,-0.2968083620071411
0.20144720375537872,-0.07062236219644547,-0.29897716641426086
-0.14329062402248383,-0.005460311658680439,0.3534320294857025
0.537725031375885,0.22436973452568054,-0.193513423204422
0.3206316828727722,-0.0927833765745163,-0.4284140467643738
-0.430475115776062,-0.3099309802055359,-0.49950891733169556
-0.20135484635829926,0.0004545494157355279,-0.8467918634414673
0.316195547580719,-0.08983580768108368,0.10303624719381332
-0.22038906812667847,-0.348796546459198,-0.69075608253479
-0.09250339865684509,0.34408652782440186,-0.2552645802497864
0.1334361732006073,-0.0112460320815444,-0.89174485206604
-0.32773569226264954,0.029190918430685997,0.6414858102798462
0.16546513140201569,0.03405096009373665,0.7396724820137024
0.1588602066040039,-0.0606163889169693,0.26421621441841125
0.2239236831665039,-0.02452785335481167,-0.10502886027097702
-0.2659253776073456,0.06283662468194962,-0.5081660747528076
0.31875863671302795,-0.041767701506614685,-0.08893057703971863
-0.6423256993293762,-0.26741790771484375,1.1129181385040283
-0.25754600763320923,0.06092414632439613,-0.6136477589607239
0.3266236484050751,0.3435049057006836,0.48544999957084656
-0.27834659814834595,0.07016119360923767,0.7752602696418762
0.04138219356536865,-0.037883613258600235,0.6208823919296265
-0.11420921236276627,0.04061645641922951,0.8575753569602966
-0.3301016390323639,0.07856030017137527,0.5180623531341553
-0.32919296622276306,-0.3311012387275696,-1.2017014026641846
-0.06274991482496262,0.05730622261762619,-0.5313325524330139
-0.14102324843406677,0.046117279678583145,0.23336035013198853
0.2679893970489502,0.006270829122513533,0.7293214797973633
-0.3313617408275604,-0.22894173860549927,0.3723416328430176
-0.1711890548467636,0.06734177470207214,0.3870481550693512
0.08242049068212509,0.0027712041046470404,-0.8821824789047241
0.08396821469068527,-0.05170466750860214,-0.911953866481781
0.34084078669548035,-0.09484372287988663,-0.016956571489572525
0.12494833767414093,-0.05249331519007683,0.7855126857757568
-0.2530112862586975,0.06453221291303635,0.5251601934432983
0.23920373618602753,-0.0076882424764335155,-0.4172743856906891
-0.007672707084566355,0.031931471079587936,0.3971033990383148
-0.25577154755592346,0.06318165361881256,0.15074947476387024
0.07411996275186539,0.008321315050125122,-0.3899674415588379
0.3191906213760376,-0.2549375593662262,-0.2137126922607422
0.028554081916809082,0.31888920068740845,0.6244133710861206
0.13501346111297607,-0.05395231768488884,0.8780802488327026
-0.5040165185928345,-0.21753591299057007,-0.6255940198898315
0.14545319974422455,0.003835878102108836,-0.04569293558597565
-0.16823162138462067,0.04657075181603432,-0.8033176064491272
-0.1717805415391922,0.00026724633062258363,0.489670991897583
0.245710089802742,-0.07943551242351532,-0.5012653470039368
-0.6042734384536743,0.3750113844871521,1.1733484268188477
-0.02981400303542614,0.033725641667842865,0.27121543884277344
0.24689306318759918,0.020781954750418663,0.8178471922874451
-0.09705612063407898,0.04703408479690552,0.6303461194038391
-0.2766707241535187,0.01716403290629387,-0.05809443071484566
-0.23782981932163239,0.056478142738342285,-0.8295401930809021
-0.14821967482566833,0.06344782561063766,-0.0032015605829656124
0.18251965939998627,-0.06941968202590942,-0.8845484256744385
0.06242825463414192,0.0025543251540511847,0.003203247906640172
0.23811934888362885,-0.07332348823547363,0.7134499549865723
-0.23757176101207733,0.3138517141342163,-0.5292803645133972
0.3046615421772003,-0.03178144618868828,-0.7164677977561951
0.03113666921854019,-0.03759772330522537,0.21965759992599487
0.4739431142807007,0.3168978691101074,-0.21402814984321594
-0.1335310935974121,0.04215432330965996,0.4357471764087677
-0.010068225674331188,-0.02764892764389515,0.8472243547439575
0.5665106773376465,0.316789448261261,0.9312333464622498
0.32871532440185547,-0.041284654289484024,0.6929450631141663
0.33058759570121765,0.3405967652797699,-0.21072918176651
0.1310209333896637,-0.059226397424936295,-0.6684588193893433
-0.07477681338787079,-0.01872340217232704,0.12363968789577484
0.09860749542713165,-0.05007808282971382,0.1742117553949356
0.016096919775009155,-0.3908511996269226,0.1355859637260437
-0.6921091079711914,-0.2604186534881592,-0.303217351436615
-0.24975812435150146,0.011968811973929405,-0.15416163206100464
-0.24384325742721558,0.06324080377817154,0.6243327260017395
-0.29924577474594116,0.022802866995334625,0.31912583112716675
0.3641059100627899,-0.10171481221914291,-0.7027649879455566
-0.03848099708557129,0.326815128326416,-0.15926989912986755
-0.021722227334976196,0.3350663483142853,0.6025283336639404
0.04225686192512512,0.3598693311214447,-1.1913504600524902
0.35224485397338867,0.3359634280204773,0.18060153722763062
-0.2208738923072815,0.05622183531522751,0.38970983028411865
0.505390465259552,0.309652179479599,-0.004990577697753906
0.31935012340545654,-0.088386669754982,0.6312333345413208
0.14712907373905182,-0.00888107344508171,0.34653136134147644
0.4745346009731293,0.2747052013874054,-1.2397537231445312
0.4957295358181,0.23165486752986908,-0.2963629961013794
0.27055248618125916,-0.08221549540758133,-0.055541180074214935
-0.10228091478347778,-0.01601242460310459,-0.4386664628982544
-0.3084138035774231,0.023759102448821068,0.1373424530029297
-0.2371397614479065,0.06143677234649658,0.47685545682907104
0.2962821424007416,-0.01925869844853878,-0.23982852697372437
0.04144824296236038,-0.037489283829927444,0.7238009572029114
-0.050606489181518555,-0.2207200825214386,-0.5432788729667664
-0.340255469083786,0.07911235094070435,0.18880175054073334
0.3205330967903137,-0.09333543479442596,-0.5724408626556396
0.5367392301559448,0.3176175057888031,0.29209667444229126
0.04639898240566254,0.007365078665316105,-0.3097224831581116
-0.030001305043697357,-0.025309599936008453,0.5385671854019165
-0.3403540551662445,0.07863915711641312,0.06538815051317215
-0.07063639909029007,-0.02225358784198761,-0.562188446521759
0.08405693620443344,-0.05134977772831917,-0.81938636302948
0.46576088666915894,0.23541080951690674,-0.1079091727733612
-0.24532198905944824,0.009405706077814102,-0.5827918648719788
0.030095428228378296,-0.3409593403339386,0.6087389588356018
0.08918137848377228,0.3854215443134308,0.7254947423934937
0.29707083106040955,-0.08989495784044266,-0.7893191576004028
-0.1956748217344284,0.24702364206314087,-0.5947381854057312
0.3499102294445038,-0.05223700776696205,0.017379198223352432
-0.05583125352859497,-0.22242552042007446,0.43405336141586304
0.6502059698104858,0.24857136607170105,0.12884649634361267
-0.07783281803131104,-0.01980680786073208,-0.2912878692150116
-0.0016986967530101538,0.04096148908138275,-0.600043535232544
0.20144720375537872,-0.004168900195509195,0.4583222568035126
0.09006860852241516,0.3798714280128479,0.09851948916912079
0.3500088155269623,-0.09955588728189468,-0.8090353012084961
-0.19238395988941193,0.0003263944818172604,-0.44645437598228455
0.3659377694129944,-0.2983132004737854,0.2301054298877716
-0.1452622413635254,-0.007510797120630741,-0.2646709680557251
-0.6769276261329651,0.37926024198532104,0.6636844873428345
0.567200779914856,0.2906319499015808,0.5688495635986328
-0.26306653022766113,0.06434491276741028,0.10274050384759903
-0.19593288004398346,0.05503886565566063,0.7439114451408386
-0.11588508635759354,0.035342372953891754,-0.5724408626556396
0.5870155692100525,0.2885439991950989,0.11074353754520416
0.26611635088920593,-0.0031535157468169928,-0.7267202138900757
0.05860331282019615,0.011318176984786987,0.32435062527656555
0.15511414408683777,0.01037179958075285,-0.6982302665710449
0.24324557185173035,-0.008388168178498745,-0.5728352069854736
-0.19218680262565613,0.05399390310049057,0.3066060245037079
0.1750274896621704,0.009849321097135544,-0.5537104606628418
-0.650507926940918,0.37538599967956543,1.1312543153762817
-0.16369688510894775,-0.004730812273919582,-0.40790918469429016
-0.11381489783525467,0.03873355686664581,0.9090346693992615
-0.3503681719303131,0.27580633759498596,0.18014457821846008
-0.40188661217689514,-0.31407630443573,0.3756405711174011
-0.2868245542049408,0.018021687865257263,-0.30499058961868286
-0.05582953616976738,0.0481184720993042,0.030717210844159126
-0.34804338216781616,0.027308020740747452,-0.7884318828582764
0.07315386831760406,-0.04429137706756592,0.47685545682907104
0.07310458272695541,-0.04460683465003967,0.39454030990600586
-0.16409121453762054,-0.005953216925263405,-0.73707115650177
0.5150513648986816,0.3031162619590759,-1.1703526973724365
-0.6869828701019287,-0.2604285180568695,0.4922521114349365
0.3111678957939148,-0.03822864219546318,-0.2809368371963501
0.36708128452301025,0.2936426103115082,-0.14310261607170105
-0.32793286442756653,0.028254397213459015,0.39454030990600586
0.14377732574939728,0.0007305765175260603,-0.2220839560031891
0.4839983582496643,0.31551775336265564,0.5402610301971436
0.3105764389038086,-0.03672035411000252,0.057738274335861206
0.17780573666095734,-0.3126833438873291,-0.21072918176651
-0.11006881296634674,-0.010256278328597546,0.6645537614822388
-0.317779004573822,0.027741774916648865,0.734053373336792
-0.468823105096817,-0.2564261257648468,-0.6154042482376099
0.1146564856171608,-0.052631329745054245,0.27111688256263733
0.15274818241596222,0.0049498435109853745,-0.4594670832157135
-0.2801210582256317,-0.01595919020473957,0.896712064743042
-0.04219578206539154,0.02639121562242508,0.559170663356781
-0.6302988529205322,-0.22226780652999878,0.601972758769989
-0.30082306265830994,0.02256627194583416,0.1853514015674591
0.574101448059082,0.2949438691139221,-0.17987331748008728
-0.03867816925048828,-0.2503831088542938,-0.5830696821212769
-0.4735549986362457,0.2980196177959442,-0.46096372604370117
-0.26631972193717957,0.01769636943936348,0.559170663356781
0.044389694929122925,-0.34795859456062317,0.6397292613983154
-0.1488291174173355,-0.2950797379016876,-0.10183307528495789
-0.2155505120754242,0.004328784067183733,-0.5004767179489136
-0.18065282702445984,0.0010854672873392701,0.27446863055229187
-0.26139065623283386,0.011968811973929405,-0.6795984506607056
-0.49504566192626953,0.3041020631790161,0.07393684983253479
-0.009695351123809814,0.32358166575431824,0.3440355062484741
0.11215252429246902,0.04433296248316765,0.6532168984413147
0.1485092043876648,-0.06111915782094002,-0.34274715185165405
-0.17568257451057434,-0.3561309576034546,-0.4712161421775818
0.3213002681732178,0.2635951042175293,0.3859225809574127
0.31964585185050964,-0.08749943971633911,0.8780802488327026
-0.6679567694664001,0.37929967045783997,0.25946635007858276
-0.1393473744392395,0.04370204731822014,0.5661699175834656
-0.36304569244384766,-0.22367751598358154,0.9312333464622498
0.5164315700531006,0.23165486752986908,0.6264835596084595
0.11057347059249878,-0.29859909415245056,-0.34180885553359985
0.31866005063056946,-0.04219159856438637,-0.20207200944423676
-0.2540956735610962,0.06343796849250793,0.202504500746727
0.0642717257142067,0.0021501430310308933,-0.5204886794090271
-0.05290977656841278,-0.3790116310119629,-0.03584647178649902
0.47621047496795654,0.235824853181839,0.4785493314266205
0.18537849187850952,-0.06876904517412186,-0.5827918648719788
0.2133755087852478,-0.06915351003408432,0.6175305843353271
-0.01891094259917736,-0.031002653762698174,-0.39755818247795105
-0.19682011008262634,0.05555148422718048,0.8267195224761963
-0.05685477331280708,-0.019378965720534325,0.7889630198478699
-0.029115796089172363,-0.22844882309436798,-0.5192877650260925
0.250540554523468,0.0026923385448753834,0.07848957180976868
0.2619742155075073,-0.24691304564476013,-0.10445883870124817
-0.16961000859737396,-0.313566654920578,0.6306239366531372
-0.09173274040222168,0.05930741876363754,0.8221848011016846
0.020472174510359764,0.061338189989328384,0.6929450631141663
-0.5031293034553528,-0.22105523943901062,0.2912246882915497
0.04993804544210434,0.03550010174512863,-0.8296387791633606
0.23131726682186127,-0.009912231005728245,0.5169779658317566
-0.3829590380191803,-0.2750382125377655,-0.633050262928009
0.08537791669368744,-0.05125119537115097,-0.7345080971717834
-0.5377312302589417,-0.2428416609764099,-0.9547560811042786
0.28760701417922974,-0.03216591104865074,0.8985850811004639
0.13243064284324646,-0.004336487967520952,0.28097498416900635
0.586719810962677,0.28880229592323303,0.1845807135105133
-0.00900527834892273,0.32058480381965637,-0.622107744216919
-0.36953404545783997,0.035815563052892685,-0.623998761177063
0.46457791328430176,0.3361014723777771,1.1472244262695312
-0.3278128206729889,-0.24706092476844788,-0.31351906061172485
-0.18808408081531525,-0.2747030556201935,-0.24178218841552734
-0.6483391523361206,-0.2711048424243927,-0.6873058080673218
0.18389979004859924,-0.06923236697912216,-0.7584632635116577
-0.20184774696826935,0.04683692008256912,-0.5799330472946167
-0.0437040701508522,0.053708020597696304,-0.1946784257888794
0.22796550393104553,0.023433784022927284,0.6962968707084656
-0.6605632305145264,0.375277578830719,-0.8937343955039978
-0.5378298163414001,-0.2869665324687958,0.3817068338394165
-0.651099443435669,-0.2229972928762436,-0.1901257336139679
-0.5803182125091553,-0.3565647304058075,-1.2157986164093018
0.18508276343345642,0.0103225102648139,-0.49061867594718933
-0.27696648240089417,0.015714891254901886,-0.4387650489807129
0.42873385548591614,0.32248741388320923,-0.658618688583374
0.22747260332107544,-0.07491064071655273,-0.18156714737415314
0.2359505593776703,-0.022791840136051178,0.8986836671829224
0.14022840559482574,-0.002808482851833105,0.8066089749336243
0.06263528019189835,-0.045572929084300995,-0.335846483707428
0.05254058167338371,-0.044537827372550964,-0.5415850281715393
0.04231477156281471,-0.04409421235322952,-0.9017014503479004
0.15195953845977783,0.005235729273408651,-0.17072324454784393
0.08333729207515717,-0.04489272087812424,0.7957651019096375
0.23782360553741455,-0.07469376176595688,0.3534320294857025
-0.3710307478904724,0.3590412735939026,-0.18864703178405762
0.14300663769245148,0.292262464761734,-0.6416268348693848
0.038573384284973145,-0.35288766026496887,-0.6235864758491516
0.011856195516884327,0.06313236057758331,0.7866955995559692
-0.5216625332832336,0.2213137149810791,-0.6154042482376099
-0.1123361736536026,-0.015000982210040092,-0.644503653049469
0.2900715470314026,-0.01558852568268776,-0.020604068413376808
-0.020162921398878098,-0.026668045669794083,0.6312333345413208
-0.27913525700569153,0.06625737994909286,-0.2535313069820404
0.03120962157845497,-0.03729212284088135,0.30197274684906006
-0.09232423454523087,-0.01734129711985588,-0.335846483707428
0.0334831178188324,0.31668099761009216,0.5917203426361084
0.4265355169773102,0.34265708923339844,0.4581071138381958
-0.6186662316322327,-0.2758367359638214,-0.5329278707504272
0.08091219514608383,0.003924602176994085,0.5283147692680359
-0.16872453689575195,0.07513953000307083,-0.6273505091667175
0.6501073837280273,0.2482263445854187,0.5642162561416626
0.20539043843746185,0.008518476970493793,-0.39637520909309387
0.6701193451881409,-0.3900625705718994,0.3859423100948334
-0.08157890290021896,-0.015861595049500465,0.559170663356781
-0.06235560029745102,0.05945529043674469,0.36368444561958313
0.23378178477287292,-0.004977264441549778,-0.06838629394769669
0.24689306318759918,0.02085096389055252,0.7751616835594177
0.2773545980453491,-0.03181101754307747,0.5590720772743225
-0.09123983979225159,0.03272997587919235,-0.3560555875301361
-0.04781489819288254,0.050454843789339066,-0.27857089042663574
-0.19228537380695343,0.053786881268024445,0.603729248046875
-0.20835408568382263,0.0028599263168871403,-0.555287778377533
-0.14683954417705536,-0.008521252311766148,-0.606747031211853
-0.02391885779798031,0.04873953387141228,-0.822639524936676
0.12374565750360489,-0.058092717081308365,-0.7164677977561951
0.05878251791000366,-0.3602319359779358,-0.1386038064956665
-0.33867818117141724,0.025957457721233368,-0.68561190366745
-0.32783427834510803,0.028914891183376312,0.5694230794906616
0.41852086782455444,0.2969155013561249,0.3123318552970886
0.13452866673469543,0.37902364134788513,0.7974588871002197
0.02174387127161026,-0.03378263860940933,0.7751616835594177
-0.46566852927207947,-0.2225733995437622,0.37571945786476135
-0.1551203429698944,0.04809876158833504,0.8986836671829224
-0.14782534539699554,0.06327038258314133,-0.13720570504665375
0.39312639832496643,0.25293850898742676,0.3929450511932373
-0.3088359832763672,-0.33238279819488525,0.015514254570007324
-0.4434877932071686,-0.30610111355781555,0.4785493314266205
-0.14220622181892395,-0.010162626393139362,-0.7987828850746155
-0.4142092168331146,0.3372154235839844,-0.31690728664398193
0.13471771776676178,-0.05539160221815109,0.49745890498161316
0.5270782709121704,0.22238825261592865,-0.5913504958152771
0.25962796807289124,0.27427244186401367,-0.3478025794029236
-0.13303819298744202,-0.005549035035073757,0.8060175180435181
0.0014164632884785533,-0.032510943710803986,0.15794587135314941
-0.3086109757423401,0.07227081805467606,-0.06836657226085663
-0.1062241643667221,0.03474102541804314,-0.2749233841896057
-0.25705307722091675,0.06266903132200241,-0.13010786473751068
-0.18489180505275726,0.0037372971419245005,0.7546567916870117
0.001802682876586914,-0.2982737720012665,0.5469286441802979
-0.17030182480812073,0.0014009270817041397,0.8300712704658508
-0.29500678181648254,0.020160896703600883,-0.1403602808713913
0.2355562448501587,-0.0251065231859684,0.29172033071517944
0.21674522757530212,0.35843992233276367,0.4280758500099182
-0.17228154838085175,-0.2769901156425476,-0.6112012267112732
-0.6707170009613037,-0.21783165633678436,-0.028883129358291626
0.058683931827545166,-0.3606656789779663,-0.5912878513336182
-0.3350979685783386,-0.24620327353477478,-0.3923710584640503
0.31363242864608765,-0.09101878106594086,-0.32756567001342773
0.29618358612060547,-0.029287343844771385,0.17608478665351868
-0.06225701794028282,0.04300211742520332,-0.045200031250715256
-0.139445960521698,-0.00882783904671669,-0.34274715185165405
0.2589181959629059,0.35185471177101135,-1.1604945659637451
-0.03822121024131775,-0.3808057904243469,0.18359491229057312
-0.3090052902698517,0.07100898772478104,-0.4284140467643738
0.277256041765213,-0.032688386738300323,0.30177557468414307
-0.06588655710220337,0.3315371572971344,-0.8381347060203552
-0.18499039113521576,0.05351085588335991,-0.2216896265745163
0.07093580812215805,0.004378073383122683,0.363783061504364
0.3160969316959381,-0.09046672284603119,-0.061515189707279205
-0.08177605271339417,-0.016141565516591072,0.47685545682907104
-0.03092796914279461,0.04975492134690285,-0.34816908836364746
0.21475565433502197,0.009859180077910423,0.15794587135314941
-0.019847460091114044,-0.02610514871776104,0.8060175180435181
0.3064360022544861,-0.030194289982318878,0.4077501595020294
0.31736689805984497,0.2792300581932068,0.6303281784057617
-0.3651158809661865,-0.24226003885269165,-0.20926667749881744
-0.25661760568618774,-0.30031439661979675,-0.6400495171546936
0.6605570316314697,-0.39657875895500183,0.07393684983253479
0.2687780559062958,-0.08422654867172241,-0.644503653049469
-0.26746052503585815,-0.3412255048751831,-0.9239001870155334
0.1348951756954193,-0.05449450761079788,0.734053373336792
0.16556371748447418,-0.0662355124950409,-0.8399897813796997
-0.3070336878299713,0.01987501233816147,-0.7679270505905151
-0.12387015670537949,0.0403502881526947,0.3328285813331604
0.10433504730463028,-0.05281863361597061,-0.2535313069820404
-0.2988300025463104,-0.333792507648468,0.11843286454677582
0.3428124189376831,-0.049476735293865204,-0.48411232233047485
0.6444883346557617,0.252455472946167,0.19400858879089355
0.2355562448501587,0.008577625267207623,0.4356486201286316
0.2183045595884323,-0.026203729212284088,-0.0347011536359787
-0.2150576114654541,0.00636941147968173,0.044784724712371826
-0.13648852705955505,-0.007944553159177303,0.02077038586139679
-0.18749260902404785,-0.2715287208557129,0.4888017773628235
0.5916488170623779,0.2858576774597168,-0.1661078929901123
0.25764650106430054,0.3561922609806061,0.5094051957130432
-0.46566852927207947,0.37790966033935547,0.5209391713142395
0.6026899814605713,0.3013910949230194,0.35173821449279785
0.5665106773376465,0.3166218400001526,0.9723416566848755
-0.3091038763523102,0.07065409421920776,-0.5209816098213196
0.0731341540813446,-0.044449105858802795,0.4356486201286316
0.038371529430150986,-0.039086297154426575,0.1750989854335785
0.11466634273529053,-0.05247360095381737,0.3122251629829407
-0.12613752484321594,-0.007727675139904022,0.555720329284668
0.6537549495697021,-0.357028067111969,-0.4610263705253601
0.32149744033813477,0.34209519624710083,-0.15917131304740906
-0.1012950986623764,0.0323159359395504,-0.8502421975135803
-0.10997023433446884,0.03292714059352875,-0.8982511758804321
-0.3174913823604584,-0.2777097821235657,0.1598009467124939
-0.0073653459548950195,-0.3821859359741211,1.2281594276428223
0.284076064825058,-0.26222267746925354,0.9544985294342041
-0.07410471141338348,-0.34113678336143494,-1.2433027029037476
0.32338032126426697,-0.25925540924072266,-0.6053849458694458
0.23752786219120026,-0.07633020728826523,-0.07867815345525742
-0.225605770945549,0.004969560541212559,-0.7987828850746155
-0.14082609117031097,0.04551593214273453,0.07981055229902267
-0.09784476459026337,0.04800017550587654,0.7753587961196899
0.3205330967903137,-0.09317770600318909,-0.5313325524330139
-0.32769453525543213,0.27521881461143494,-1.244091272354126
0.16201481223106384,-0.05891094356775284,0.8437740206718445
-0.01888136938214302,-0.030844923108816147,-0.3564498722553253
-0.03911019116640091,0.05281093344092369,-0.449510395526886
0.2822836637496948,-0.08126911520957947,0.7169002890586853
-0.14123839139938354,-0.3611980378627777,0.40993693470954895
