-0.22398090362548828,-0.37795373797416687,-0.4560806453227997 
0.46179431676864624,0.7210671305656433,0.6646653413772583 
0.2618905007839203,-0.6418931484222412,0.4644729197025299 
0.46189048886299133,0.5365541577339172,-0.6365534663200378 
-0.36465609073638916,-0.05673845484852791,0.392191082239151 
-0.462732195854187,0.7288587093353271,-0.209840789437294 
0.2653534412384033,-0.09604060649871826,-0.06507977098226547 
-0.4602311849594116,-0.6464142203330994,0.458893746137619 
0.2654496729373932,-0.6467028260231018,-0.43703439831733704 
-0.4525357484817505,0.5134677886962891,0.6639919877052307 
-0.11736045777797699,-0.5175154805183411,-0.08792659640312195 
-0.11638164520263672,0.30872803926467896,-0.5560806393623352 
0.0730634406208992,-0.294169545173645,0.6639919877052307 
0.21115592122077942,0.6364579796791077,0.019673623144626617 
0.36535343527793884,-0.0036590946838259697,-0.5288580060005188 
-0.36282843351364136,0.019206006079912186,-0.15553250908851624 
-0.462732195854187,-0.8417007923126221,-0.42722269892692566 
0.02073201909661293,0.27063557505607605,0.5639919638633728 
0.36535343527793884,-0.41512513160705566,-0.2089196890592575 
-0.36282843351364136,-0.43032363057136536,-0.2089196890592575 
0.36535343527793884,-0.44552215933799744,0.22539222240447998 
-0.26282843947410583,-0.3608168959617615,0.3253922164440155 
-0.36282843351364136,0.34682053327560425,0.21779297292232513 
0.36535343527793884,0.316327303647995,-0.2470121830701828 
-0.462732195854187,0.5288586616516113,-0.44415268301963806 
0.36535343527793884,0.25543707609176636,0.35496434569358826 
0.11310390383005142,0.7364580035209656,-0.23839566111564636 
0.09787172824144363,-0.4674951136112213,0.4639919698238373 
0.10549695044755936,-0.5175154805183411,-0.4917828142642975 
-0.20118314027786255,0.5364579558372498,0.1558854579925537 
-0.26282843947410583,-0.08080361783504486,-0.44415268301963806 
0.24164913594722748,-0.3769364655017853,-0.5560806393623352 
-0.32973796129226685,-0.3617379665374756,0.5639919638633728 
-0.32973796129226685,0.25543707609176636,0.5639919638633728 
-0.36282843351364136,0.32392656803131104,-0.3003031611442566 
0.21885137259960175,0.3011287748813629,-0.5560806393623352 
-0.07164949178695679,0.5210670828819275,0.6643767356872559 
0.14359712600708008,-0.0731658786535263,-0.4560806453227997 
0.36535343527793884,-0.06460993736982346,0.3472689092159271 
-0.10878239572048187,-0.034133072942495346,0.5639919638633728 
-0.36282843351364136,-0.18647409975528717,0.07302232086658478 
0.36535343527793884,-0.43032363057136536,0.5378274321556091 
0.36535343527793884,-0.11032764613628387,-0.2470121830701828 
0.36535343527793884,0.34682053327560425,0.05015721917152405 
0.11217319220304489,-0.617515504360199,0.27877938747406006 
0.2653534412384033,0.6525775790214539,0.17877939343452454 
0.46189048886299133,0.7365542054176331,-0.13171744346618652 
-0.36282843351364136,-0.44552215933799744,-0.5365534424781799 
0.27214232087135315,-0.617515504360199,-0.018399609252810478 
-0.07070915400981903,0.6364579796791077,-0.06412982195615768 
0.1493445634841919,0.002970971167087555,0.6639919877052307 
-0.36282843351364136,-0.20936806499958038,-0.3764880895614624 
-0.36282843351364136,0.08017320930957794,0.14920727908611298 
-0.36282843351364136,0.6210671067237854,0.1721012443304062 
-0.2449364960193634,-0.5175154805183411,-0.11078111827373505 
-0.1697688102722168,-0.617515504360199,0.33207038044929504 
-0.26282843947410583,0.1858341097831726,0.058735284954309464 
0.2653534412384033,-0.35505980253219604,0.11206282675266266 
-0.18496733903884888,-0.617515504360199,-0.21651893854141235 
-0.0554625503718853,-0.3084469735622406,0.5639919638633728 
0.2645430862903595,0.38491299748420715,0.5639919638633728 
0.06645260751247406,0.5144850611686707,-0.5560806393623352 
0.25694382190704346,-0.617515504360199,-0.3155016601085663 
-0.3626360297203064,0.3773137331008911,-0.5505976676940918 
-0.15447412431240082,0.4534987211227417,0.5639919638633728 
-0.23075523972511292,0.6364579796791077,-0.3231971263885498 
0.14266641438007355,0.6364579796791077,0.2863786518573761 
0.1731596440076828,-0.6055874824523926,-0.5560806393623352 
-0.12398090213537216,-0.514107882976532,-0.5560806393623352 
0.36535343527793884,0.10297097265720367,-0.3231971263885498 
-0.36282843351364136,-0.5522003769874573,0.43114927411079407 
-0.16216956079006195,0.5296835899353027,-0.5560806393623352 
0.08075889199972153,-0.04841049760580063,-0.4560806453227997 
0.46593061089515686,-0.7118400931358337,0.2853613495826721 
-0.4628284275531769,-0.3093680739402771,-0.25553250312805176 
-0.36898475885391235,0.4898596405982971,0.38295653462409973 
0.46477630734443665,-0.18238353729248047,0.6634148359298706 
-0.36282843351364136,-0.39223119616508484,0.004446253180503845 
0.36535343527793884,-0.2322620302438736,-0.4526730477809906 
0.36535343527793884,0.4154062271118164,-0.44507378339767456 
0.36535343527793884,-0.27795374393463135,0.38536134362220764 
-0.36282843351364136,-0.2855530083179474,0.3472689092159271 
-0.26282843947410583,0.018265679478645325,-0.25369033217430115 
-0.36282843351364136,-0.5826935768127441,-0.3764880895614624 
-0.2840462625026703,-0.1560770869255066,0.5639919638633728 
-0.26282843947410583,0.2639574110507965,0.4777621030807495 
0.36535343527793884,-0.5370018482208252,-0.4755670130252838 
0.13497096300125122,-0.3998304307460785,0.5639919638633728 
-0.15447412431240082,0.08777246624231339,-0.5560806393623352 
0.19595740735530853,-0.617515504360199,0.5378274321556091 
0.24266642332077026,0.5364579558372498,-0.27842646837234497 
-0.2078612893819809,-0.5294026136398315,0.5639919638633728 
0.08930809050798416,-0.617515504360199,-0.16313175857067108 
-0.0544741228222847,0.5364579558372498,0.3539470434188843 
0.36535343527793884,0.17915591597557068,-0.094642274081707 
0.36535343527793884,0.09537171572446823,0.21779297292232513 
0.36535343527793884,0.5220843553543091,-0.048892829567193985 
0.04359712079167366,-0.40742969512939453,-0.5560806393623352 
-0.27736806869506836,-0.5175154805183411,0.2340087592601776 
0.21885137259960175,0.6364579796791077,-0.399382084608078 
-0.07165910303592682,0.7364580035209656,0.0035155415534973145 
-0.36282843351364136,0.4839918613433838,0.03492023050785065 
0.46535342931747437,0.08685138076543808,-0.3984610140323639 
-0.26282843947410583,0.1496799886226654,0.4530259668827057 
0.36535343527793884,-0.17887485027313232,0.18729974329471588 
0.17974159121513367,-0.7175155282020569,0.08729974180459976 
0.46535342931747437,-0.35321763157844543,-0.06507977098226547 
-0.3383544981479645,-0.02555500715970993,-0.6560806632041931 
0.04354902356863022,0.08017320930957794,0.5644729137420654 
-0.10786128789186478,0.5364579558372498,0.16539421677589417 
0.09595740586519241,0.5364579558372498,0.5768410563468933 
-0.36282843351364136,0.5144850611686707,-0.3764880895614624 
-0.31453946232795715,0.20204989612102509,-0.5560806393623352 
0.03596900776028633,0.20964914560317993,-0.5560806393623352 
0.2112521082162857,0.09537171572446823,-0.5560806393623352 
0.36535343527793884,0.4839918613433838,0.44634777307510376 
-0.0925665870308876,0.025864936411380768,0.4639919698238373 
-0.36282843351364136,0.4534987211227417,-0.1479332447052002 
0.26564204692840576,-0.505491316318512,-0.07082720845937729 
0.2653534412384033,0.3401423692703247,0.4378274381160736 
0.2653534412384033,0.5339568853378296,0.208613783121109 
-0.19256658852100372,-0.617515504360199,-0.4145805835723877 
0.05882449075579643,0.44589945673942566,0.5639919638633728 
-0.3450326919555664,0.4306047260761261,0.5639919638633728 
0.14164912700653076,0.6067896485328674,-0.4560806453227997 
-0.462732195854187,-0.7118400931358337,-0.08448664098978043 
-0.26282843947410583,-0.35505980253219604,-0.44415268301963806 
-0.29164552688598633,0.6364579796791077,0.33207038044929504 
0.36535343527793884,0.3697144687175751,0.22539222240447998 
0.0054969522170722485,-0.14079199731349945,-0.5560806393623352 
-0.4628284275531769,0.08685138076543808,-0.286025732755661 
-0.29986274242401123,-0.4920387864112854,-0.27062031626701355 
-0.36282843351364136,-0.08746253699064255,0.2101937085390091 
-0.2932254374027252,-0.14679208397865295,-0.43704891204833984 
0.027371712028980255,-0.5175154805183411,0.01111479103565216 
0.2653534412384033,-0.3626590669155121,0.4530259668827057 
-0.44493648409843445,-0.7175155282020569,0.3787793815135956 
0.36535343527793884,0.09537171572446823,0.44634777307510376 
0.36535343527793884,-0.3998304307460785,-0.3841835558414459 
-0.05547216907143593,0.6364579796791077,-0.4907655417919159 
-0.26282843947410583,0.21826568245887756,0.08920926600694656 
-0.18496733903884888,-0.617515504360199,-0.04888320714235306 
0.36535343527793884,0.4839918613433838,-0.29270389676094055 
-0.01736045442521572,-0.617515504360199,0.40825533866882324 
0.2653534412384033,-0.07318511605262756,-0.25553250312805176 
-0.08688648045063019,-0.04079199582338333,0.6639919877052307 
0.028340894728899002,0.6364579796791077,0.4006560742855072 
-0.10118313878774643,0.6364579796791077,-0.2241182029247284 
-0.13927559554576874,0.2782348394393921,0.5639919638633728 
0.36583444476127625,-0.1179557517170906,-0.08696606755256653 
-0.11736045777797699,-0.5175154805183411,0.27970048785209656 
0.11311352252960205,-0.7055875062942505,-0.6560806632041931 
-0.29924476146698,-0.5978921055793762,-0.5560806393623352 
-0.36282843351364136,0.33162203431129456,0.39305680990219116 
0.46535342931747437,-0.16265907883644104,-0.24793323874473572 
-0.4628284275531769,-0.14937005937099457,0.10444625467061996 
0.02835051156580448,0.3621152341365814,-0.5560806393623352 
0.36535343527793884,-0.2550598084926605,-0.3003031611442566 
0.46535342931747437,0.07915591448545456,-0.04222428798675537 
0.46535342931747437,0.7339569330215454,0.5133535861968994 
0.26160192489624023,-0.49029287695884705,0.4645691215991974 
-0.26282843947410583,-0.18555301427841187,0.2872997522354126 
0.36535343527793884,-0.460816890001297,0.377762109041214 
0.36535343527793884,0.4839918613433838,0.12631331384181976 
0.08835814148187637,0.3554370701313019,0.6639919877052307 
0.36535343527793884,0.3773137331008911,-0.10984078794717789 
0.36535343527793884,0.613467812538147,-0.38408735394477844 
-0.21546053886413574,0.6364579796791077,-0.12503929436206818 
-0.1325974464416504,-0.5175154805183411,-0.3470121920108795 
-0.20026202499866486,-0.27795374393463135,0.5639919638633728 
0.0730634406208992,0.7365542054176331,-0.6505976915359497 
-0.23065906763076782,-0.3846319317817688,-0.5560806393623352 
0.46535342931747437,-0.22364550828933716,0.24160802364349365 
0.21885137259960175,-0.617515504360199,0.39305680990219116 
0.15786492824554443,-0.011267968453466892,0.5639919638633728 
0.12737171351909637,-0.2855530083179474,-0.5560806393623352 
0.23404987156391144,0.6364579796791077,0.1721012443304062 
-0.26282843947410583,0.5210670828819275,-0.35461142659187317 
-0.3230597972869873,0.7364580035209656,-0.5679677724838257 
-0.3373372256755829,-0.617515504360199,0.1340087652206421 
0.36535343527793884,-0.09509064257144928,-0.40698131918907166 
-0.36282843351364136,0.2782348394393921,-0.4374745488166809 
-0.36282843351364136,-0.40742969512939453,0.42345383763313293 
-0.3373372256755829,-0.5979882478713989,0.5644729137420654 
-0.2087824046611786,-0.15697990357875824,-0.4560806453227997 
-0.22305980324745178,0.4002076983451843,-0.5560806393623352 
0.1502656787633896,-0.617515504360199,-0.40698131918907166 
0.36535343527793884,0.28583410382270813,-0.38408735394477844 
0.24072802066802979,-0.24079200625419617,-0.4560806453227997 
-0.36282843351364136,-0.11031801998615265,-0.4755670130252838 
-0.36282843351364136,0.20204989612102509,0.21779297292232513 
0.36535343527793884,-0.5294026136398315,-0.31559786200523376 
0.24164913594722748,0.5220843553543091,0.5639919638633728 
-0.26282843947410583,0.15727923810482025,0.18637865781784058 
0.25592654943466187,0.42402276396751404,-0.6560806632041931 
0.2653534412384033,-0.49029287695884705,-0.01936880499124527 
0.2264506220817566,-0.617515504360199,-0.17842647433280945 
-0.46186646819114685,0.7339569330215454,-0.06507977098226547 
0.36535343527793884,-0.041751567274332047,0.18729974329471588 
-0.13927559554576874,-0.617515504360199,0.46924176812171936 
-0.26282843947410583,-0.30176880955696106,0.5539470314979553 
-0.36282843351364136,0.21734458208084106,0.08064081519842148 
-0.306844025850296,0.5067896246910095,-0.5560806393623352 
-0.10118313878774643,0.5829746127128601,0.5639919638633728 
0.2659306228160858,0.3249438405036926,0.2872997522354126 
0.2653534412384033,-0.4846319258213043,-0.179366797208786 
0.16454309225082397,0.5364579558372498,-0.025039292871952057 
-0.11638164520263672,-0.17127558588981628,0.5639919638633728 
-0.10878239572048187,-0.43032363057136536,0.5639919638633728 
0.26439154148101807,-0.5296503305435181,-0.45386818051338196 
-0.3459537625312805,0.0887320339679718,0.6639919877052307 
-0.36282843351364136,0.49159109592437744,0.19489900767803192 
0.08928884565830231,0.6364579796791077,-0.44507378339767456 
0.212173193693161,-0.5175154805183411,-0.11839961260557175 
0.2653534412384033,-0.04842010885477066,0.5463477969169617 
-0.4628284275531769,0.44682052731513977,-0.02697768062353134 
-0.4628284275531769,-0.3913101255893707,-0.19464227557182312 
0.029310084879398346,-0.5175154805183411,-0.009840786457061768 
0.2645430862903595,-0.514107882976532,-0.5560806393623352 
0.36535343527793884,0.34682053327560425,0.44634777307510376 
-0.3383544981479645,0.5364579558372498,0.3024982511997223 
-0.12565702199935913,0.5339568853378296,0.4634148180484772 
-0.4373372197151184,0.7364580035209656,-0.30698132514953613 
0.06644298136234283,-0.2703545093536377,0.5639919638633728 
0.25694382190704346,0.6364579796791077,0.3472689092159271 
-0.0630810484290123,0.1487589031457901,0.5639919638633728 
0.2647763192653656,0.14717896282672882,0.4634148180484772 
0.2264506220817566,-0.3084469735622406,0.5639919638633728 
-0.048803623765707016,0.7364580035209656,-0.133655846118927 
-0.06307142972946167,0.4534987211227417,-0.5560806393623352 
-0.0554625503718853,0.3773137331008911,0.5639919638633728 
-0.36282843351364136,-0.2855530083179474,-0.27750539779663086 
0.2493445724248886,-0.46841612458229065,0.5639919638633728 
-0.4628284275531769,0.7134678363800049,0.5311492681503296 
0.20457392930984497,-0.7175155282020569,0.5539470314979553 
0.020722398534417152,0.6364579796791077,0.23299147188663483 
0.020722398534417152,0.6364579796791077,-0.20132042467594147 
-0.26282843947410583,0.004918977618217468,-0.3012242317199707 
-0.4628284275531769,-0.17795374989509583,0.058735284954309464 
-0.36282843351364136,-0.4989093542098999,0.06539420783519745 
0.46535342931747437,-0.2179461419582367,-0.04984278231859207 
-0.36282843351364136,0.40011149644851685,-0.42217984795570374 
0.46535342931747437,-0.40650859475135803,0.005357727408409119 
0.36535343527793884,-0.2931522727012634,0.2634846866130829 
-0.36282843351364136,-0.16367633640766144,0.33207038044929504 
0.46535342931747437,-0.4674951136112213,0.37108394503593445 
0.36535343527793884,0.5144850611686707,-0.5441526770591736 
0.2883581519126892,0.0734950453042984,-0.4560806453227997 
0.006435364484786987,0.7364580035209656,0.01111479103565216 
0.23497095704078674,0.5364579558372498,-0.4003031551837921 
0.0054969522170722485,-0.27795374393463135,-0.5560806393623352 
0.4559265375137329,-0.4084469676017761,-0.4560806453227997 
0.2797415852546692,-0.617515504360199,-0.44507378339767456 
-0.10118313878774643,-0.617515504360199,-0.49836477637290955 
0.3255295157432556,0.6364579796791077,-0.018418848514556885 
-0.23835450410842896,0.34682053327560425,0.5639919638633728 
-0.2611522972583771,-0.617515504360199,-0.3155016601085663 
0.11217319220304489,-0.5294026136398315,0.5639919638633728 
0.14266641438007355,-0.617515504360199,-0.2774091958999634 
0.1350671648979187,-0.49131011962890625,-0.5560806393623352 
-0.0859365314245224,-0.39223119616508484,-0.5560806393623352 
-0.36282843351364136,-0.07222554832696915,0.530131995677948 
-0.245953768491745,-0.003649476682767272,-0.5560806393623352 
0.4652572572231293,-0.728385329246521,-0.6544453501701355 
0.24164913594722748,0.6364579796791077,-0.2470121830701828 
0.2645430862903595,-0.2322620302438736,-0.5560806393623352 
0.34832727909088135,0.4686972200870514,0.5639919638633728 
0.2653534412384033,0.3020499050617218,-0.3165189325809479 
0.02073201909661293,-0.43032363057136536,0.5639919638633728 
-0.4628284275531769,-0.3836146593093872,0.6530259847640991 
-0.25355303287506104,0.5144850611686707,0.5639919638633728 
0.07315964251756668,0.30780696868896484,-0.6560806632041931 
-0.36282843351364136,0.15635815262794495,0.5073342323303223 
-0.4628284275531769,0.23922127485275269,-0.286025732755661 
-0.0021225044038146734,-0.617515504360199,0.29397788643836975 
0.1502656787633896,0.3697144687175751,0.5639919638633728 
-0.25355303287506104,-0.617515504360199,0.48444026708602905 
-0.04116589576005936,0.7288587093353271,-0.6560806632041931 
0.36535343527793884,0.5448821187019348,-0.16313175857067108 
-0.36282843351364136,0.110666424036026,-0.46796777844429016 
0.36535343527793884,0.10297097265720367,0.33207038044929504 
-0.4628284275531769,0.3534987270832062,-0.3622106909751892 
0.36535343527793884,0.06487850099802017,-0.4374745488166809 
-0.22398090362548828,-0.7175155282020569,-0.21550166606903076 
-0.36282843351364136,0.05727924033999443,0.4158545732498169 
0.24164913594722748,-0.08746253699064255,0.5639919638633728 
0.13497096300125122,0.15635815262794495,0.5639919638633728 
-0.5009208917617798,0.32590577006340027,-0.24031949043273926 
0.2653534412384033,-0.27887484431266785,0.23207038640975952 
-0.36282843351364136,-0.37703266739845276,-0.10984078794717789 
0.12737171351909637,0.567776083946228,0.5639919638633728 
-0.36282843351364136,0.5220843553543091,0.4997349977493286 
-0.2468748390674591,0.3020499050617218,-0.6560806632041931 
-0.36282843351364136,0.08777246624231339,-0.2470121830701828 
-0.3611522912979126,-0.3913101255893707,-0.6560806632041931 
0.36535343527793884,0.4534987211227417,0.3396696448326111 
0.2653534412384033,-0.10365909337997437,-0.19270390272140503 
-0.23825831711292267,-0.4227243959903717,0.5644729137420654 
0.1502656787633896,0.1868513822555542,-0.5560806393623352 
-0.36282843351364136,-0.026514576748013496,0.11871404945850372 
-0.36282843351364136,-0.40742969512939453,0.12631331384181976 
-0.36282843351364136,-0.5217071175575256,-0.2851046323776245 
-0.21638163924217224,0.7364580035209656,-0.2993820905685425 
-0.4628284275531769,-0.10365909337997437,-0.3374745547771454 
0.13596901297569275,-0.13413307070732117,0.4639919698238373 
-0.1478344351053238,0.21066641807556152,-0.4560806453227997 
0.23404987156391144,-0.617515504360199,0.08826892822980881 
-0.245953768491745,-0.617515504360199,0.050166841596364975 
0.2874370217323303,-0.617515504360199,0.4768410325050354 
-0.26282843947410583,-0.4084469676017761,0.1730223298072815 
-0.04785367473959923,0.6364579796791077,0.4768410325050354 
-0.27736806869506836,0.5364579558372498,0.43207037448883057 
-0.2611522972583771,-0.617515504360199,-0.14033399522304535 
-0.36282843351364136,0.40780696272850037,-0.041264716535806656 
0.11496279388666153,0.6364579796791077,0.1672915816307068 
-0.23065906763076782,-0.2703545093536377,-0.5560806393623352 
-0.1316763460636139,-0.617515504360199,0.23299147188663483 
0.36535343527793884,0.4154062271118164,-0.2089196890592575 
-0.17644700407981873,0.2011287808418274,-0.6560806632041931 
-0.36282843351364136,-0.36933720111846924,0.27877938747406006 
-0.36282843351364136,0.2782348394393921,0.3015771508216858 
-0.36282843351364136,-0.4989093542098999,-0.44507378339767456 
-0.36282843351364136,-0.4989093542098999,0.3396696448326111 
-0.2688477337360382,0.6364579796791077,-0.033655840903520584 
0.36535343527793884,0.09537171572446823,-0.018409231677651405 
-0.36282843351364136,0.4154062271118164,0.30917641520500183 
-0.36282843351364136,0.552577555179596,0.27877938747406006 
0.2797415852546692,-0.617515504360199,0.30917641520500183 
-0.2611522972583771,0.6364579796791077,-0.2241182029247284 
0.36535343527793884,-0.3465394377708435,0.4768410325050354 
-0.0173700749874115,0.5220843553543091,0.5639919638633728 
0.3618904948234558,-0.6173230409622192,-0.36888885498046875 
-0.36282843351364136,0.552577555179596,-0.4755670130252838 
-0.36282843351364136,0.3392212688922882,0.5149335265159607 
0.36535343527793884,0.2782348394393921,-0.1479332447052002 
-0.3611522912979126,-0.5175154805183411,0.30259445309638977 
0.46535342931747437,0.14774161577224731,0.08159077167510986 
-0.046874843537807465,-0.2712755799293518,-0.4560806453227997 
0.25694382190704346,0.1868513822555542,-0.5560806393623352 
0.36535343527793884,-0.36933720111846924,0.33207038044929504 
0.36535343527793884,0.3925122320652008,-0.3383956551551819 
-0.18593654036521912,-0.5175154805183411,0.18826892971992493 
-0.010691910982131958,0.035400643944740295,-0.4560806453227997 
0.36535343527793884,-0.49131011962890625,0.1340087652206421 
-0.02497894875705242,0.5601768493652344,-0.5560806393623352 
-0.36282843351364136,-0.16367633640766144,-0.2851046323776245 
0.2647763192653656,0.2671172618865967,0.4634148180484772 
-0.36282843351364136,-0.07222554832696915,-0.094642274081707 
-0.10026202350854874,-0.7175155282020569,-0.4212587773799896 
-0.07832765579223633,0.6364579796791077,0.35496434569358826 
0.36535343527793884,-0.018896086141467094,0.48444026708602905 
-0.36186647415161133,-0.6158801913261414,-0.4722002446651459 
0.37214231491088867,0.7364580035209656,-0.5907655358314514 
-0.36282843351364136,0.5601768493652344,-0.033646222203969955 
0.23312878608703613,-0.012227535247802734,-0.4560806453227997 
-0.2611522972583771,0.6364579796791077,0.46924176812171936 
0.11977244168519974,0.316327303647995,-0.5560806393623352 
0.36535343527793884,0.5296835899353027,-0.44507378339767456 
0.25592654943466187,0.5364579558372498,0.12539222836494446 
-0.11638164520263672,-0.5979882478713989,0.5639919638633728 
-0.4628284275531769,-0.40084773302078247,0.5463477969169617 
-0.4373372197151184,-0.16265907883644104,0.6639919877052307 
0.04266641288995743,-0.49223119020462036,-0.4560806453227997 
-0.4628284275531769,0.21066641807556152,-0.009840786457061768 
0.15786492824554443,0.4686972200870514,0.5639919638633728 
0.36535343527793884,0.1868513822555542,-0.3764880895614624 
0.3559265434741974,-0.617515504360199,-0.2698099613189697 
-0.36875152587890625,0.49826934933662415,-0.6560806632041931 
0.36535343527793884,0.19445064663887024,0.44634777307510376 
-0.4628284275531769,-0.27887484431266785,0.07210124284029007 
0.27214232087135315,0.40780696272850037,-0.5560806393623352 
0.36535343527793884,-0.33124473690986633,-0.4603685140609741 
0.3950362801551819,-0.294169545173645,0.6639919877052307 
0.1493445634841919,0.7365542054176331,0.6594709157943726 
-0.36282843351364136,-0.37703266739845276,-0.46027231216430664 
0.2653534412384033,-0.515783965587616,-0.14888320863246918 
0.46189048886299133,0.7365542054176331,-0.017440035939216614 
0.36535343527793884,-0.5065085887908936,0.4768410325050354 
0.2653534412384033,0.34589946269989014,0.11206282675266266 
0.36535343527793884,0.01157789584249258,0.2863786518573761 
-0.23835450410842896,0.14115963876247406,-0.5560806393623352 
-0.31453946232795715,-0.617515504360199,0.377762109041214 
0.20457392930984497,-0.002699524164199829,0.6639919877052307 
-0.08496733754873276,-0.20269952714443207,0.4639919698238373 
0.36535343527793884,0.06487850099802017,0.12631331384181976 
0.36535343527793884,-0.3465394377708435,0.04253872483968735 
0.14266641438007355,0.6364579796791077,-0.06412982195615768 
-0.23733723163604736,-0.25598087906837463,-0.4560806453227997 
0.08928884565830231,0.6364579796791077,0.4920395314693451 
-0.03927559405565262,0.5364579558372498,-0.6365534663200378 
0.23312878608703613,0.04875890165567398,0.4639919698238373 
0.12835051119327545,-0.5175154805183411,-0.17173869907855988 
-0.06216955929994583,0.7364580035209656,0.08158115297555923 
-0.14022555947303772,0.134442999958992,0.4639919698238373 
-0.36282843351364136,-0.011277589946985245,-0.25461143255233765 
-0.36282843351364136,-0.5294026136398315,0.15680652856826782 
0.2874370217323303,-0.04936140403151512,-0.5560806393623352 
0.3656420409679413,-0.3465394377708435,-0.2774091958999634 
0.46535342931747437,0.42392656207084656,0.04160801321268082 
0.11977244168519974,0.6364579796791077,0.04253872483968735 
-0.29164552688598633,0.13346418738365173,0.5639919638633728 
-0.12497895210981369,0.38583409786224365,-0.4560806453227997 
-0.018310412764549255,-0.294169545173645,-0.4560806453227997 
-0.4628284275531769,0.3630363345146179,0.3615463078022003 
0.46535342931747437,0.3020499050617218,0.3787793815135956 
0.1883581429719925,-0.617515504360199,-0.07173869758844376 
-0.26282843947410583,-0.40084773302078247,-0.5069813132286072 
-0.4628284275531769,-0.08647409826517105,0.04348868131637573 
0.46535342931747437,0.08872240781784058,-0.1565113216638565 
0.09025803953409195,-0.14936140179634094,-0.4560806453227997 
0.12737171351909637,0.6364579796791077,0.377762109041214 
0.2645430862903595,0.011587513610720634,0.5639919638633728 
0.36535343527793884,-0.5065085887908936,-0.2241182029247284 
0.4650648832321167,0.5159833431243896,-0.6499243378639221 
0.08232446759939194,-0.6168421506881714,0.5586051344871521 
-0.3583073318004608,-0.617130696773529,-0.27644726634025574 
-0.02497894875705242,-0.5217071175575256,-0.5560806393623352 
0.29503628611564636,0.29352954030036926,0.5639919638633728 
0.46535342931747437,-0.11696731299161911,-0.00412219762802124 
0.36535343527793884,0.5601768493652344,0.03492023050785065 
0.46535342931747437,-0.08080361783504486,0.48536133766174316 
0.07407109439373016,0.1258649379014969,-0.5560806393623352 
-0.4628284275531769,0.10204989463090897,0.02063319832086563 
0.36535343527793884,-0.14842011034488678,-0.33079639077186584 
0.3656420409679413,0.36201903223991394,0.33207038044929504 
-0.36282843351364136,0.46109795570373535,-0.4907655417919159 
0.08930809050798416,-0.617515504360199,-0.4755670130252838 
0.26564204692840576,-0.2712755799293518,-0.07842647284269333 
-0.4628284275531769,-0.07317549735307693,0.035870179533958435 
-0.36282843351364136,0.5601768493652344,-0.1860257238149643 
-0.1316763460636139,0.05727924033999443,0.5639919638633728 
-0.36282843351364136,-0.22456657886505127,0.2634846866130829 
-0.36282843351364136,0.552577555179596,0.11111479252576828 
-0.3625398278236389,-0.3465394377708435,-0.5505976676940918 
0.02835051156580448,0.17925211787223816,0.5639919638633728 
0.36535343527793884,0.5753753185272217,-0.3003031611442566 
-0.36282843351364136,0.28583410382270813,-0.5288580060005188 
0.2645430862903595,-0.6118400692939758,-0.5560806393623352 
0.20263555645942688,-0.2693372070789337,0.6639919877052307 
0.36535343527793884,0.28583410382270813,-0.4755670130252838 
0.36535343527793884,0.552577555179596,0.5073342323303223 
0.05883410573005676,-0.617515504360199,-0.30790242552757263 
0.057864926755428314,0.43728283047676086,-0.6560806632041931 
-0.25355303287506104,-0.617515504360199,0.3015771508216858 
-0.36282843351364136,-0.2931522727012634,-0.1860257238149643 
-0.04783443361520767,-0.617515504360199,0.4920395314693451 
0.2731596529483795,-0.5175154805183411,0.08729974180459976 
-0.36282843351364136,0.04208073019981384,0.03492023050785065 
-0.36282843351364136,-0.041751567274332047,0.2863786518573761 
-0.0326070636510849,-0.21696731448173523,0.5639919638633728 
0.36535343527793884,0.1258649379014969,-0.1708272099494934 
-0.2840462625026703,0.6364579796791077,0.12631331384181976 
0.36535343527793884,0.23254309594631195,-0.3003031611442566 
0.2645430862903595,-0.5674951076507568,0.5639919638633728 
0.38079971075057983,0.5364579558372498,0.3403838276863098 
-0.23733723163604736,0.035400643944740295,-0.4560806453227997 
-0.45840349793434143,0.21066641807556152,-0.4559844434261322 
-0.36282843351364136,0.4383001923561096,0.4539470374584198 
0.36535343527793884,-0.44552215933799744,-0.46796777844429016 
0.15119637548923492,0.5364579558372498,0.21677565574645996 
0.46535342931747437,-0.3322620391845703,0.36924177408218384 
0.07500181347131729,0.7364580035209656,0.13492023944854736 
-0.10118313878774643,-0.617515504360199,-0.010781116783618927 
-0.04785367473959923,0.6364579796791077,-0.1479332447052002 
0.02929084748029709,0.5364579558372498,-0.4155978560447693 
-0.10118313878774643,-0.617515504360199,-0.19362497329711914 
-0.26282843947410583,-0.08841248601675034,0.10249825567007065 
-0.26282843947410583,-0.4770326614379883,-0.3775053918361664 
-0.36282843351364136,-0.20176880061626434,-0.4755670130252838 
-0.36282843351364136,-0.11794613301753998,-0.3764880895614624 
0.36535343527793884,-0.08746253699064255,0.2634846866130829 
-0.4628284275531769,0.17063558101654053,0.04920727759599686 
0.36535343527793884,-0.20936806499958038,-0.07936680316925049 
-0.36282843351364136,-0.514107882976532,-0.17842647433280945 
0.46593061089515686,-0.5118400454521179,0.08729974180459976 
-0.36282843351364136,0.40780696272850037,0.1340087652206421 
-0.07830841094255447,-0.617515504360199,0.3472689092159271 
-0.1554529368877411,-0.10176879912614822,-0.6560806632041931 
0.36631539463996887,0.28583410382270813,0.2482861876487732 
0.36535343527793884,0.5448821187019348,0.38536134362220764 
-0.16216956079006195,-0.617515504360199,-0.1327347457408905 
-0.2696726322174072,-0.46943342685699463,0.6641843914985657 
-0.45263195037841797,0.7364580035209656,0.1558854579925537 
0.3026355504989624,0.6364579796791077,-0.33079639077186584 
-0.041185129433870316,0.7364580035209656,-0.2250393033027649 
0.09692657738924026,-0.5674951076507568,-0.5560806393623352 
-0.07068991661071777,0.019215630367398262,-0.5560806393623352 
-0.21546053886413574,0.240142360329628,0.5639919638633728 
-0.07926797866821289,-0.7175155282020569,0.20351554453372955 
0.05882449075579643,0.34682053327560425,0.5639919638633728 
-0.23733723163604736,-0.7175155282020569,-0.20224153995513916 
-0.36282843351364136,0.24774160981178284,-0.2622106969356537 
0.29503628611564636,0.2630363404750824,-0.5560806393623352 
0.2659306228160858,0.24866271018981934,0.24160802364349365 
0.004573933780193329,0.3401423692703247,0.6639919877052307 
-0.0859365314245224,-0.617515504360199,-0.4145805835723877 
-0.36282843351364136,0.19445064663887024,-0.48316627740859985 
0.14924836158752441,0.5364579558372498,0.35588544607162476 
0.32543331384658813,-0.5065085887908936,0.564376711845398 
-0.4584997296333313,-0.7588785290718079,-0.6558882594108582 
0.3647763133049011,-0.6664777398109436,0.5266690850257874 
0.36535343527793884,-0.40742969512939453,0.12631331384181976 
-0.36282843351364136,-0.5446010828018188,0.24059072136878967 
-0.36282843351364136,0.03444299474358559,-0.34599488973617554 
0.36535343527793884,-0.05699048191308975,-0.1479332447052002 
-0.14687484502792358,0.44589945673942566,-0.5560806393623352 
0.03692857176065445,0.09445064514875412,-0.4560806453227997 
0.02835051156580448,-0.3465394377708435,0.5639919638633728 
-0.0554625503718853,0.23254309594631195,0.5639919638633728 
-0.36282843351364136,0.15635815262794495,0.29397788643836975 
0.11217319220304489,-0.617515504360199,0.37016284465789795 
-0.30092087388038635,0.34658730030059814,0.4693933129310608 
-0.26282843947410583,0.018265679478645325,-0.02697768062353134 
-0.15447412431240082,0.3697144687175751,0.5639919638633728 
-0.23835450410842896,0.4306047260761261,0.5639919638633728 
0.34832727909088135,-0.5217071175575256,-0.5560806393623352 
-0.3010171055793762,-0.3063715696334839,0.24928894639015198 
-0.36282843351364136,-0.1560770869255066,0.5378274321556091 
-0.26282843947410583,0.49826934933662415,-0.4383956491947174 
-0.36282843351364136,-0.5370018482208252,-0.01079073641449213 
0.36535343527793884,0.4839918613433838,0.23299147188663483 
0.36535343527793884,-0.041751567274332047,0.10351554304361343 
0.02073201909661293,0.44589945673942566,-0.5560806393623352 
-0.14785367250442505,0.5364579558372498,0.07970049232244492 
-0.0630810484290123,-0.4989093542098999,0.5639919638633728 
-0.29164552688598633,-0.5294026136398315,0.5641843676567078 
0.14266641438007355,0.049679987132549286,-0.5560806393623352 
-0.18496733903884888,0.5601768493652344,0.5639919638633728 
-0.36282843351364136,-0.4760153889656067,-0.35369032621383667 
0.2653534412384033,-0.3455221652984619,-0.4155978560447693 
-0.4628284275531769,0.17063558101654053,-0.025039292871952057 
-0.36282843351364136,-0.011277589946985245,0.46154630184173584 
-0.3373372256755829,-0.617515504360199,0.48444026708602905 
-0.3449364900588989,-0.5294026136398315,-0.5560806393623352 
0.4656420350074768,0.7210671305656433,0.23207038640975952 
0.3026355504989624,0.5830708146095276,-0.5560806393623352 
-0.22305980324745178,0.23254309594631195,-0.5560806393623352 
0.36535343527793884,-0.2855530083179474,-0.3764880895614624 
-0.20026202499866486,-0.617515504360199,0.40825533866882324 
0.16454309225082397,0.3173445761203766,0.4639919698238373 
0.36535343527793884,-0.5294026136398315,0.004444329533725977 
-0.12499818950891495,0.7364580035209656,-0.3145805895328522 
-0.36282843351364136,-0.11031801998615265,0.4539470374584198 
0.2653534412384033,0.47537532448768616,0.07210124284029007 
-0.33075523376464844,0.5364579558372498,0.29305681586265564 
-0.36282843351364136,0.3544197976589203,-0.10224153101444244 
0.05121561512351036,-0.617515504360199,0.22539222240447998 
0.36535343527793884,0.46109795570373535,-0.10224153101444244 
0.18075889348983765,0.6364579796791077,0.09586818516254425 
-0.0163816437125206,-0.155059814453125,0.46466532349586487 
-0.17736807465553284,-0.45321762561798096,-0.5560806393623352 
0.36535343527793884,-0.1560770869255066,0.530131995677948 
-0.36282843351364136,0.1868513822555542,-0.399382084608078 
-0.14528042078018188,-0.7113591432571411,0.6634148359298706 
0.0730634406208992,-0.019826792180538177,0.4639919698238373 
0.36535343527793884,-0.49131011962890625,0.29397788643836975 
0.36535343527793884,-0.43032363057136536,0.4539470374584198 
0.36535343527793884,-0.1560770869255066,-0.4755670130252838 
0.1502656787633896,-0.2855530083179474,0.5639919638633728 
-0.02497894875705242,-0.617515504360199,-0.4755670130252838 
0.36535343527793884,0.019196387380361557,-0.36888885498046875 
-0.23065906763076782,0.4839918613433838,-0.5560806393623352 
0.46593061089515686,-0.5118400454521179,0.5692417621612549 
0.27056241035461426,0.7339569330215454,0.6634148359298706 
-0.29924476146698,-0.617515504360199,-0.40698131918907166 
-0.16697922348976135,0.6364579796791077,-0.2669241428375244 
0.28734084963798523,0.6364579796791077,0.05015721917152405 
-0.23167634010314941,0.7364580035209656,0.07970049232244492 
-0.1316763460636139,0.1868513822555542,0.5639919638633728 
0.36535343527793884,0.40780696272850037,0.15680652856826782 
0.20355665683746338,-0.44552215933799744,-0.5560806393623352 
0.36535343527793884,-0.3617379665374756,0.2101937085390091 
-0.36282843351364136,-0.4760153889656067,0.46154630184173584 
-0.15447412431240082,-0.35413870215415955,-0.5560806393623352 
-0.4628284275531769,0.6906700730323792,0.44726890325546265 
0.29503628611564636,-0.617515504360199,-0.14033399522304535 
-0.4628284275531769,-0.2846319377422333,0.10249825567007065 
-0.0030734241008758545,0.32300546765327454,-0.6560806632041931 
-0.36282843351364136,0.5296835899353027,-0.27750539779663086 
-0.3002620339393616,-0.27887484431266785,0.4639919698238373 
0.08263954520225525,-0.5175154805183411,-0.07082720845937729 
-0.36875152587890625,-0.5175154805183411,0.07398189604282379 
0.25694382190704346,-0.13317349553108215,-0.5560806393623352 
-0.31213462352752686,0.6364579796791077,-0.4804728925228119 
0.36593061685562134,-0.23986127972602844,-0.2241182029247284 
0.2883581519126892,-0.5175154805183411,0.3634846806526184 
0.36535343527793884,0.5144850611686707,-0.36888885498046875 
0.2797415852546692,0.026834122836589813,-0.5560806393623352 
0.19595740735530853,-0.617515504360199,0.004454910755157471 
0.36535343527793884,-0.2855530083179474,-0.07174830883741379 
0.21885137259960175,0.6364579796791077,-0.05651132017374039 
0.36535343527793884,-0.33894017338752747,-0.20122423768043518 
0.44832727313041687,-0.3322620391845703,-0.6560806632041931 
0.2653534412384033,0.4697144627571106,0.06634415686130524 
-0.36282843351364136,-0.10269952565431595,0.12631331384181976 
0.19691696763038635,-0.27887484431266785,0.4639919698238373 
-0.3298341929912567,-0.6741732358932495,0.5645691156387329 
-0.29164552688598633,-0.617515504360199,-0.23931670188903809 
-0.1916455328464508,-0.12456657737493515,-0.4560806453227997 
-0.16216956079006195,-0.617515504360199,0.034929849207401276 
-0.1697688102722168,0.6364579796791077,-0.1860257238149643 
0.20355665683746338,-0.27795374393463135,-0.5560806393623352 
0.46535342931747437,0.5078069567680359,0.3006560802459717 
0.2874370217323303,-0.617515504360199,-0.2241182029247284 
-0.03259744495153427,-0.617515504360199,-0.3231971263885498 
0.36535343527793884,-0.2550598084926605,0.18729974329471588 
-0.07073801755905151,-0.11030840128660202,0.5644729137420654 
-0.0935550183057785,0.4991903603076935,0.5639919638633728 
-0.245953768491745,0.06487850099802017,0.5639919638633728 
-0.26282843947410583,-0.4617379605770111,0.39203953742980957 
-0.36282843351364136,0.33162203431129456,-0.38408735394477844 
-0.04116589576005936,-0.2312447428703308,-0.6560806632041931 
-0.3221387267112732,-0.018896086141467094,0.5639919638633728 
-0.4628284275531769,0.4296835958957672,-0.0022415295243263245 
-0.29164552688598633,0.6364579796791077,-0.15553250908851624 
0.34832727909088135,-0.617515504360199,-0.4755670130252838 
-0.19256658852100372,0.6364579796791077,-0.399382084608078 
-0.19256658852100372,0.3011287748813629,-0.5560806393623352 
-0.36282843351364136,0.110666424036026,0.21779297292232513 
-0.36282843351364136,0.42300546169281006,0.22539222240447998 
-0.02497894875705242,-0.3465394377708435,-0.5560806393623352 
-0.36177030205726624,-0.6156877875328064,0.20567262172698975 
0.18167035281658173,0.7364580035209656,-0.4688888490200043 
-0.29924476146698,-0.3007515072822571,-0.5560806393623352 
-0.17644700407981873,0.1648785024881363,-0.6560806632041931 
0.0511963777244091,0.6364579796791077,-0.2698099613189697 
-0.23065906763076782,-0.5597996115684509,-0.5560806393623352 
-0.32973796129226685,0.5067896246910095,0.5639919638633728 
0.21885137259960175,-0.617515504360199,-0.49836477637290955 
0.36535343527793884,-0.5446010828018188,0.35496434569358826 
0.33322495222091675,-0.6817724704742432,-0.5159681439399719 
0.29503628611564636,-0.617515504360199,0.4006560742855072 
0.42831912636756897,0.7364580035209656,0.5949252843856812 
0.46535342931747437,0.2029709815979004,-0.3394129276275635 
0.09595740586519241,0.5364579558372498,0.5006560683250427 
-0.0859365314245224,0.38491299748420715,-0.5560806393623352 
-0.36282843351364136,-0.30084773898124695,-0.10984078794717789 
0.36535343527793884,-0.07984404265880585,0.42345383763313293 
-0.0326070636510849,0.44589945673942566,0.5639919638633728 
-0.36282843351364136,0.1868513822555542,0.01206474844366312 
0.2653534412384033,0.3782348334789276,-0.02698729932308197 
-0.14276506006717682,0.7339569330215454,0.4634148180484772 
-0.4628284275531769,0.05635815113782883,-0.36980995535850525 
0.36535343527793884,-0.36933720111846924,0.40825533866882324 
-0.19256658852100372,-0.617515504360199,-0.29270389676094055 
0.2502656877040863,-0.31696730852127075,-0.4560806453227997 
0.36535343527793884,-0.5522003769874573,-0.399382084608078 
-0.36282843351364136,0.28583410382270813,0.03492023050785065 
-0.27644699811935425,-0.617515504360199,-0.4907655417919159 
-0.06976880878210068,0.0811135396361351,-0.6560806632041931 
-0.36282843351364136,0.1639574021100998,0.15680652856826782 
0.20355665683746338,-0.5294026136398315,0.5639919638633728 
-0.36282843351364136,0.3392212688922882,-0.4755670130252838 
0.1883581429719925,-0.617515504360199,-0.34599488973617554 
-0.17736807465553284,0.6364579796791077,0.24059072136878967 
-0.36282843351364136,0.1258649379014969,0.4387485384941101 
-0.14687484502792358,-0.49131011962890625,0.5639919638633728 
0.29503628611564636,0.6364579796791077,0.1340087652206421 
0.03596900776028633,-0.617515504360199,0.35496434569358826 
-0.2697688043117523,0.0049285888671875,-0.4560806453227997 
0.08168958872556686,-0.617515504360199,-0.23931670188903809 
0.36535343527793884,-0.14080160856246948,0.12631331384181976 
0.46535342931747437,-0.2560770809650421,0.08920926600694656 
0.36535343527793884,0.05727924033999443,-0.07936680316925049 
-0.2688477337360382,0.6364579796791077,-0.38408735394477844 
0.36535343527793884,-0.46841612458229065,-0.15553250908851624 
0.2653534412384033,0.3001115024089813,0.599638819694519 
0.265464186668396,0.5364579558372498,0.31779298186302185 
-0.36282843351364136,0.003959396854043007,0.35496434569358826 
-0.07068991661071777,-0.5902928709983826,-0.5560806393623352 
-0.26282843947410583,-0.4826935827732086,0.23966965079307556 
-0.31453946232795715,0.3544197976589203,0.5639919638633728 
-0.12499818950891495,0.7364580035209656,0.2091764211654663 
-0.245953768491745,0.6364579796791077,0.27868321537971497 
-0.36282843351364136,-0.20936806499958038,-0.23171745240688324 
-0.2687515318393707,-0.617515504360199,0.11871404945850372 
0.36535343527793884,0.28583410382270813,0.48444026708602905 
-0.36282843351364136,0.47639262676239014,0.2710839509963989 
-0.36282843351364136,0.4154062271118164,0.05777571350336075 
0.03596900776028633,-0.4989093542098999,0.5639919638633728 
-0.26282843947410583,-0.5684161186218262,-0.12602773308753967 
-0.4584997296333313,-0.717130720615387,-0.03298012912273407 
-0.27644699811935425,0.20204989612102509,0.5639919638633728 
0.36535343527793884,0.34682053327560425,-0.42987528443336487 
-0.2611522972583771,-0.3465394377708435,0.5639919638633728 
0.18075889348983765,-0.617515504360199,0.46924176812171936 
-0.04116589576005936,-0.5175154805183411,0.1273113489151001 
0.12073202431201935,-0.7175155282020569,0.3768410384654999 
0.36535343527793884,-0.05699048191308975,-0.48316627740859985 
0.36535343527793884,-0.09509064257144928,0.4920395314693451 
0.04453745111823082,-0.2846319377422333,0.6639919877052307 
0.36535343527793884,-0.17887485027313232,-0.2622106969356537 
-0.36282843351364136,-0.30084773898124695,0.2634846866130829 
-0.4009208679199219,0.4687933623790741,-0.33983853459358215 
-0.45263195037841797,0.7364580035209656,-0.1412743330001831 
0.020722398534417152,0.6364579796791077,-0.4984610080718994 
-0.21453946828842163,-0.499830424785614,-0.4560806453227997 
0.06645260751247406,-0.48361465334892273,-0.5560806393623352 
0.18075889348983765,-0.12555500864982605,0.5639919638633728 
-0.0935550183057785,0.5372828245162964,-0.5560806393623352 
0.34832727909088135,-0.617515504360199,0.31687188148498535 
0.46535342931747437,-0.11127759516239166,-0.12411820143461227 
0.21885137259960175,-0.617515504360199,-0.2470121830701828 
-0.4628284275531769,0.29445064067840576,0.5463477969169617 
-0.29164552688598633,0.40780696272850037,-0.5560806393623352 
0.36535343527793884,-0.21696731448173523,-0.38408735394477844 
-0.14687484502792358,0.6364579796791077,-0.46796777844429016 
0.36593061685562134,-0.4837108552455902,-0.40698131918907166 
0.14164912700653076,0.5339568853378296,-0.6546377539634705 
-0.25849974155426025,0.5364579558372498,0.0035155415534973145 
-0.4628284275531769,0.46017685532569885,-0.6441527009010315 
0.36535343527793884,0.2249438464641571,0.11871404945850372 
0.36535343527793884,0.11826568096876144,-0.4984610080718994 
0.19595740735530853,0.6364579796791077,-0.12503929436206818 
0.1502656787633896,0.6364579796791077,-0.399382084608078 
-0.36282843351364136,-0.2703545093536377,-0.4755670130252838 
0.36535343527793884,0.1639574021100998,-0.018409231677651405 
0.46189048886299133,0.7365542054176331,-0.36796778440475464 
0.24164913594722748,0.4534987211227417,0.5639919638633728 
-0.09356463700532913,0.6364579796791077,0.04253872483968735 
0.28734084963798523,0.6364579796791077,-0.399382084608078 
-0.29164552688598633,0.6364579796791077,-0.2851046323776245 
0.36535343527793884,0.5144850611686707,-0.23171745240688324 
0.09595740586519241,0.2868513762950897,0.4639919698238373 
-0.36282843351364136,-0.33894017338752747,0.1340087652206421 
-0.46186646819114685,0.7339569330215454,0.599638819694519 
-0.36282843351364136,0.34682053327560425,0.004446253180503845 
0.36535343527793884,-0.2855530083179474,0.07301270216703415 
0.03692857176065445,-0.5175154805183411,0.3634846806526184 
-0.16216956079006195,0.6364579796791077,-0.3383956551551819 
0.23404987156391144,-0.22456657886505127,0.5639919638633728 
-0.0544741228222847,0.7364580035209656,-0.19464227557182312 
0.19691696763038635,-0.08079399168491364,0.4639919698238373 
0.16644299030303955,0.43728283047676086,0.6639919877052307 
-0.10878239572048187,0.6364579796791077,0.5073342323303223 
0.29503628611564636,-0.45321762561798096,-0.5560806393623352 
-0.36282843351364136,0.3925122320652008,-0.35369032621383667 
-0.07830841094255447,0.613467812538147,-0.5560806393623352 
0.3407280147075653,-0.018886463716626167,0.564376711845398 
-0.003083042800426483,0.7365542054176331,0.6594709157943726 
-0.1916455328464508,0.5364579558372498,0.6454266905784607 
-0.3069401979446411,-0.08746253699064255,0.5639919638633728 
-0.1471995711326599,-0.7168421745300293,0.65860515832901 
0.23312878608703613,0.2792521119117737,-0.4560806453227997 
0.26160192489624023,-0.23884400725364685,0.4645691215991974 
0.31023478507995605,-0.617515504360199,0.10351554304361343 
0.2112521082162857,0.5753753185272217,-0.5560806393623352 
0.46535342931747437,0.5078069567680359,0.17877939343452454 
0.46535342931747437,-0.35505980253219604,0.21687188744544983 
-0.36282843351364136,0.0725739523768425,-0.4145805835723877 
-0.1316763460636139,-0.617515504360199,0.3854575753211975 
-0.06976880878210068,0.5364579558372498,0.026313312351703644 
0.36535343527793884,-0.3465394377708435,-0.34599488973617554 
0.14266641438007355,-0.617515504360199,-0.12503929436206818 
0.25694382190704346,-0.617515504360199,-0.08697568625211716 
0.3026355504989624,-0.617515504360199,0.5454266667366028 
-0.4628284275531769,-0.3245665729045868,0.11968324333429337 
0.36535343527793884,-0.4227243959903717,-0.026027726009488106 
-0.07068991661071777,-0.11031801998615265,-0.5560806393623352 
0.09786307066679001,0.7364580035209656,0.02825169265270233 
-0.2078612893819809,0.049679987132549286,-0.5560806393623352 
-0.36282843351364136,-0.10269952565431595,-0.033646222203969955 
-0.36282843351364136,0.46109795570373535,-0.07936680316925049 
-0.36282843351364136,0.09537171572446823,0.3625635802745819 
-0.17736807465553284,-0.617515504360199,0.5225327610969543 
0.2797415852546692,0.5753753185272217,0.5639919638633728 
0.2112521082162857,-0.5522003769874573,-0.5560806393623352 
-0.11638164520263672,0.6364579796791077,-0.1479332447052002 
0.36535343527793884,0.30872803926467896,0.39305680990219116 
0.3178340494632721,-0.3617379665374756,-0.5560806393623352 
0.15786492824554443,0.2630363404750824,-0.5560806393623352 
0.24164913594722748,-0.617515504360199,-0.39178282022476196 
-0.36282843351364136,-0.43032363057136536,0.5149335265159607 
0.36535343527793884,0.567776083946228,-0.5060602426528931 
0.09691695868968964,-0.3465394377708435,0.5639919638633728 
-0.36282843351364136,-0.07222554832696915,-0.2851046323776245 
-0.36282843351364136,-0.4379228949546814,0.2863786518573761 
0.2112521082162857,-0.617515504360199,0.324471116065979 
0.2264506220817566,-0.40742969512939453,0.5639919638633728 
0.36535343527793884,-0.20176880061626434,0.2710839509963989 
0.15786492824554443,-0.460816890001297,0.5639919638633728 
0.2874370217323303,-0.2855530083179474,0.5639919638633728 
0.1502656787633896,0.6364579796791077,-0.46796777844429016 
0.46535342931747437,-0.17222554981708527,-0.44599488377571106 
-0.36282843351364136,-0.24746054410934448,0.09587780386209488 
0.36593061685562134,0.08777246624231339,0.06536535173654556 
0.36535343527793884,-0.5674951076507568,-0.11744003742933273 
-0.1697688102722168,0.3621152341365814,-0.5560806393623352 
0.36535343527793884,0.552577555179596,0.11111479252576828 
-0.36282843351364136,0.3544197976589203,0.2863786518573761 
0.19595740735530853,0.6364579796791077,0.324471116065979 
0.15786492824554443,-0.617515504360199,-0.4755670130252838 
0.36535343527793884,0.20964914560317993,-0.4374745488166809 
-0.2069402039051056,-0.5227243900299072,0.4639919698238373 
0.36535343527793884,0.42300546169281006,0.07301270216703415 
0.36535343527793884,-0.05699048191308975,0.01206282339990139 
-0.36282843351364136,-0.07222554832696915,0.06539420783519745 
0.02073201909661293,0.08777246624231339,-0.5560806393623352 
-0.12398090213537216,-0.617515504360199,-0.07173869758844376 
-0.36282843351364136,-0.14842011034488678,0.23299147188663483 
0.10549695044755936,-0.3608168959617615,-0.6560806632041931 
-0.36282843351364136,-0.14842011034488678,-0.1327347457408905 
0.36535343527793884,0.567776083946228,-0.10224153101444244 
-0.36282843351364136,-0.4379228949546814,-0.1327347457408905 
0.4026355445384979,-0.5175154805183411,0.3482861816883087 
-0.36282843351364136,0.5601768493652344,0.19489900767803192 
0.36535343527793884,-0.5522003769874573,0.15680652856826782 
-0.4628284275531769,-0.3245665729045868,-0.2079024314880371 
0.36535343527793884,0.33162203431129456,-0.31559786200523376 
0.10457393527030945,-0.617515504360199,-0.35369032621383667 
-0.0173700749874115,0.10297097265720367,0.5639919638633728 
0.36535343527793884,0.110666424036026,-0.39178282022476196 
0.14266641438007355,0.4686972200870514,-0.5560806393623352 
-0.36282843351364136,-0.07222554832696915,-0.42217984795570374 
0.19692657887935638,-0.5175154805183411,0.27970048785209656 
-0.10878239572048187,0.13346418738365173,-0.5560806393623352 
0.46535342931747437,0.24875891208648682,0.5006560683250427 
0.36535343527793884,0.3773137331008911,-0.4984610080718994 
-0.36282843351364136,-0.5979882478713989,-0.5365534424781799 
0.46535342931747437,-0.6978921294212341,0.11206282675266266 
-0.46186646819114685,0.2868513762950897,0.662933886051178 
-0.3992447555065155,0.7364580035209656,-0.05746127665042877 
-0.36282843351364136,0.0725739523768425,0.4768410325050354 
0.2874370217323303,0.34682053327560425,-0.5560806393623352 
0.05121561512351036,0.27063557505607605,-0.5560806393623352 
0.31023478507995605,-0.13317349553108215,0.5639919638633728 
-0.08496733754873276,-0.09603098034858704,0.4639919698238373 
0.36535343527793884,0.567776083946228,0.44634777307510376 
-0.36282843351364136,-0.21696731448173523,0.5149335265159607 
-0.18496733903884888,-0.617515504360199,0.2710839509963989 
-0.20118314027786255,0.34774160385131836,-0.4560806453227997 
0.46535342931747437,0.2011287808418274,0.6530259847640991 
0.16546419262886047,-0.617515504360199,-0.19362497329711914 
0.23404987156391144,0.30872803926467896,0.5639919638633728 
0.36535343527793884,0.29352954030036926,-0.08698530495166779 
-0.07830841094255447,-0.617515504360199,0.423550009727478 
-0.36282843351364136,-0.5522003769874573,-0.07174830883741379 
0.20355665683746338,-0.08745291829109192,-0.5560806393623352 
0.4559265375137329,0.34774160385131836,-0.6560806632041931 
0.29503628611564636,-0.2931522727012634,-0.5560806393623352 
-0.29924476146698,0.6364579796791077,0.21779297292232513 
0.05121561512351036,-0.617515504360199,0.4158545732498169 
-0.06309066712856293,0.6364579796791077,0.4158545732498169 
0.14357787370681763,0.7364580035209656,0.06440579146146774 
-0.36282843351364136,-0.21696731448173523,0.39305680990219116 
-0.25253576040267944,0.21826568245887756,0.4639919698238373 
0.42552950978279114,0.5364579558372498,0.3863786458969116 
-0.2849673330783844,0.6982693672180176,-0.6560806632041931 
0.14266641438007355,-0.5979882478713989,0.5639919638633728 
0.3178340494632721,0.47639262676239014,-0.5560806393623352 
-0.2618664801120758,0.5788936614990234,-0.45434918999671936 
0.36535343527793884,0.17155666649341583,0.21779297292232513 
0.12737171351909637,0.5906700491905212,-0.5560806393623352 
-0.36282843351364136,-0.44552215933799744,-0.3003031611442566 
-0.36282843351364136,-0.5522003769874573,-0.23171745240688324 
-0.36282843351364136,0.4839918613433838,-0.42987528443336487 
-0.36282843351364136,-0.5294026136398315,0.4920395314693451 
0.1883581429719925,0.6364579796791077,-0.33079639077186584 
-0.36282843351364136,0.3697144687175751,-0.23941291868686676 
0.36535343527793884,0.36201903223991394,-0.17842647433280945 
-0.22213873267173767,0.5364579558372498,-0.3089196979999542 
0.3026355504989624,0.5143888592720032,0.5648577213287354 
-0.1316763460636139,-0.5750943422317505,-0.5560806393623352 
0.36535343527793884,-0.37703266739845276,0.2710839509963989 
0.46535342931747437,-0.31696730852127075,0.4930568039417267 
0.18930809199810028,-0.23317348957061768,-0.4560806453227997 
-0.36282843351364136,0.34682053327560425,0.4539470374584198 
0.46535342931747437,0.2029709815979004,0.40733423829078674 
-0.4628284275531769,0.32300546765327454,0.47016283869743347 
-0.27644699811935425,0.6364579796791077,-0.094642274081707 
0.46535342931747437,0.21826568245887756,-0.209840789437294 
0.46535342931747437,0.15727923810482025,-0.40606024861335754 
-0.36282843351364136,-0.36933720111846924,-0.21651893854141235 
-0.4628284275531769,0.16303634643554688,0.11019370704889297 
0.36535343527793884,-0.40742969512939453,-0.1479332447052002 
0.36535343527793884,0.4534987211227417,-0.3764880895614624 
0.36535343527793884,0.4306047260761261,-0.048892829567193985 
0.36535343527793884,0.04208073019981384,0.4920395314693451 
-0.36282843351364136,-0.034133072942495346,-0.1860257238149643 
-0.13927559554576874,-0.31604623794555664,0.5641843676567078 
-0.20026202499866486,-0.21696731448173523,-0.5560806393623352 
-0.36282843351364136,-0.460816890001297,0.39305680990219116 
0.36535343527793884,-0.3846319317817688,-0.4907655417919159 
-0.4628284275531769,-0.06555700302124023,-0.00412219762802124 
0.46535342931747437,-0.41604623198509216,-0.11079073697328568 
0.3026355504989624,-0.617515504360199,0.034929849207401276 
0.0054902187548577785,-0.27795374393463135,0.5639919638633728 
-0.36282843351364136,-0.46841612458229065,0.11871404945850372 
0.0054969522170722485,-0.20936806499958038,-0.5560806393623352 
-0.13261668384075165,-0.12650495767593384,0.4639919698238373 
-0.36282843351364136,0.552577555179596,0.027301736176013947 
0.08167997002601624,-0.4379228949546814,0.5639919638633728 
-0.07165910303592682,0.7364580035209656,0.584440290927887 
0.36535343527793884,0.03444299474358559,0.2101937085390091 
-0.245953768491745,-0.617515504360199,-0.3764880895614624 
0.1883581429719925,0.552577555179596,0.5639919638633728 
0.11217319220304489,0.6364579796791077,-0.23171745240688324 
-0.26282843947410583,-0.33986127376556396,-0.20224153995513916 
0.36535343527793884,-0.514107882976532,0.40825533866882324 
-0.14687484502792358,0.6364579796791077,0.38536134362220764 
-0.11737969517707825,0.7364580035209656,-0.185104638338089 
-0.36282843351364136,-0.3998304307460785,0.06539420783519745 
-0.36282843351364136,-0.40742969512939453,-0.05651132017374039 
-0.27644699811935425,-0.2703545093536377,0.5639919638633728 
0.46535342931747437,0.28491300344467163,-0.3775053918361664 
-0.245953768491745,0.5753753185272217,0.5639919638633728 
0.36535343527793884,0.5753753185272217,-0.2241182029247284 
0.36535343527793884,0.1487589031457901,-0.44507378339767456 
-0.2078612893819809,0.6364579796791077,0.49963879585266113 
-0.36282843351364136,0.24783781170845032,-0.3841835558414459 
-0.4628284275531769,-0.21031802892684937,0.46256357431411743 
0.3026355504989624,0.6364579796791077,-0.21651893854141235 
0.46535342931747437,0.6906700730323792,-0.12602773308753967 
0.36535343527793884,-0.11032764613628387,-0.1860257238149643 
0.24164913594722748,0.6364579796791077,-0.1860257238149643 
0.36535343527793884,0.19445064663887024,0.35496434569358826 
0.21885137259960175,0.3621152341365814,-0.5560806393623352 
-0.26282843947410583,0.44682052731513977,0.0568065270781517 
-0.4628284275531769,-0.23894017934799194,0.058735284954309464 
-0.245953768491745,-0.08746253699064255,0.5639919638633728 
0.15881487727165222,0.7364580035209656,0.14253872632980347 
0.035959385335445404,0.6364579796791077,-0.4145805835723877 
-0.002128276042640209,0.34682053327560425,0.5639919638633728 
-0.20026202499866486,-0.617515504360199,0.20259445905685425 
0.21885137259960175,0.026834122836589813,-0.5560806393623352 
-0.1554529368877411,-0.16265907883644104,-0.6560806632041931 
0.3178340494632721,-0.5826935768127441,-0.5560806393623352 
-0.36282843351364136,0.17915591597557068,-0.3383956551551819 
-0.22213873267173767,0.5364579558372498,0.4930568039417267 
0.2874370217323303,-0.04936813935637474,0.5639919638633728 
0.36535343527793884,-0.2703545093536377,-0.4984610080718994 
-0.36282843351364136,0.1258649379014969,-0.20122423768043518 
0.10457393527030945,0.6364579796791077,0.24059072136878967 
0.36535343527793884,0.4686972200870514,-0.5060602426528931 
0.0816703513264656,0.1258649379014969,0.5649539232254028 
0.2653534412384033,-0.16460993885993958,-0.185104638338089 
0.11885137110948563,0.07348542660474777,0.6639919877052307 
-0.245953768491745,-0.4837108552455902,0.5646653175354004 
0.36593061685562134,-0.5750943422317505,-0.5212587714195251 
-0.36282843351364136,0.5601768493652344,-0.4145805835723877 
-0.36282843351364136,-0.33124473690986633,-0.31559786200523376 
-0.27644699811935425,0.3011287748813629,0.5639919638633728 
-0.10878239572048187,0.4154062271118164,0.5639919638633728 
-0.04878438636660576,-0.5175154805183411,-0.5298752784729004 
-0.15447412431240082,-0.617515504360199,-0.36888885498046875 
0.36535343527793884,0.05727924033999443,-0.2851046323776245 
0.1350671648979187,-0.617515504360199,0.5073342323303223 
0.23404987156391144,-0.617515504360199,0.22539222240447998 
0.36535343527793884,0.27063557505607605,-0.2089196890592575 
0.1502656787633896,-0.617515504360199,0.4158545732498169 
0.11125210672616959,0.3249438405036926,-0.4560806453227997 
-0.36282843351364136,-0.1560770869255066,0.4158545732498169 
-0.15447412431240082,-0.617515504360199,-0.46027231216430664 
-0.36282843351364136,-0.41512513160705566,-0.4145805835723877 
-0.36282843351364136,-0.14842011034488678,0.027301736176013947 
0.46535342931747437,-0.04080160707235336,0.1329914629459381 
-0.12499818950891495,0.7364580035209656,-0.6441527009010315 
0.4559265375137329,0.7364580035209656,0.15015721321105957 
-0.29967036843299866,0.033409446477890015,0.4464031457901001 
0.07407109439373016,-0.617515504360199,-0.5364573001861572 
-0.36282843351364136,-0.27795374393463135,0.4997349977493286 
0.46535342931747437,-0.21604624390602112,-0.2250393033027649 
-0.29164552688598633,-0.617515504360199,0.43114927411079407 
-0.23065906763076782,-0.617515504360199,0.35496434569358826 
-0.245953768491745,0.5448821187019348,-0.5560806393623352 
0.36535343527793884,0.4991903603076935,0.3015771508216858 
-0.4628284275531769,-0.6598958373069763,-0.32987529039382935 
-0.22305980324745178,-0.05697990208864212,-0.5560806393623352 
0.11977244168519974,-0.003649476682767272,-0.5560806393623352 
0.1502656787633896,-0.617515504360199,0.05778533220291138 
-0.07830841094255447,-0.3236455023288727,-0.5560806393623352 
-0.10878239572048187,-0.617515504360199,0.14160801470279694 
0.08930809050798416,-0.617515504360199,-0.10224153101444244 
-0.36282843351364136,0.4306047260761261,-0.2089196890592575 
0.3559265434741974,0.6364579796791077,-0.30790242552757263 
0.20355665683746338,0.1639574021100998,-0.5560806393623352 
-0.20026202499866486,0.49159109592437744,0.5639919638633728 
0.36593061685562134,-0.2931522727012634,-0.2470121830701828 
-0.3069401979446411,-0.20936806499958038,0.5639919638633728 
0.36535343527793884,0.1639574021100998,-0.3231971263885498 
-0.36282843351364136,0.4686972200870514,0.14160801470279694 
-0.29164552688598633,-0.617515504360199,0.25588545203208923 
0.36535343527793884,-0.0036590946838259697,-0.4603685140609741 
0.23404987156391144,0.6364579796791077,0.07301270216703415 
-0.2078612893819809,-0.3236455023288727,-0.5560806393623352 
0.11885137110948563,0.5364579558372498,-0.36796778440475464 
-0.36282843351364136,-0.5522003769874573,0.10351554304361343 
0.4616019129753113,0.4448821246623993,0.6645691394805908 
-0.306844025850296,0.011587513610720634,-0.5560806393623352 
-0.3373372256755829,-0.617515504360199,-0.3383956551551819 
-0.26282843947410583,-0.41604623198509216,0.4530259668827057 
-0.36282843351364136,0.5601768493652344,0.5454266667366028 
-0.40684401988983154,-0.5175154805183411,0.1425483524799347 
-0.22657811641693115,0.7339569330215454,0.6634148359298706 
-0.36282843351364136,0.4991903603076935,0.4387485384941101 
-0.36282843351364136,0.1639574021100998,-0.5365534424781799 
-0.32473593950271606,-0.6842735409736633,-0.5178919434547424 
0.3178340494632721,-0.617515504360199,-0.07935718446969986 
-0.36186647415161133,-0.6157839894294739,0.43365031480789185 
-0.3221387267112732,0.6364579796791077,-0.34599488973617554 
-0.36282843351364136,0.2630363404750824,-0.3231971263885498 
-0.36282843351364136,0.42300546169281006,0.5073342323303223 
-0.36282843351364136,-0.33894017338752747,0.3625635802745819 
-0.12398090213537216,-0.4379228949546814,-0.5560806393623352 
0.2653534412384033,0.13254308700561523,-0.179366797208786 
-0.00974196009337902,0.5067896246910095,-0.5560806393623352 
0.17405186593532562,0.5364579558372498,-0.07842647284269333 
-0.03261668235063553,0.6364579796791077,0.12631331384181976 
-0.36282843351364136,-0.5674951076507568,0.04253872483968735 
-0.25253576040267944,-0.6446011066436768,0.4639919698238373 
0.004573933780193329,0.7364580035209656,0.08158115297555923 
0.36535343527793884,-0.5598958134651184,-0.2089196890592575 
0.27214232087135315,0.13346418738365173,-0.5560806393623352 
-0.36282843351364136,0.13346418738365173,-0.4145805835723877 
0.3112521171569824,-0.5175154805183411,-0.2250393033027649 
0.36535343527793884,-0.4227243959903717,0.31687188148498535 
0.24924835562705994,0.6364579796791077,-0.31559786200523376 
0.265464186668396,-0.23894017934799194,0.6639919877052307 
0.36535343527793884,-0.4989093542098999,0.2101937085390091 
0.46535342931747437,-0.40650859475135803,0.18063119053840637 
-0.08688648045063019,-0.7175155282020569,0.6454266905784607 
0.1502656787633896,-0.5522003769874573,-0.5560806393623352 
0.02835051156580448,-0.617515504360199,-0.25461143255233765 
0.18930809199810028,0.3249438405036926,-0.6560806632041931 
