0.3003005385398865,0.15538668632507324,0.23632550239562988
-0.8151063919067383,0.6200895309448242,-1.0951151847839355
-0.8958938121795654,0.5954629182815552,0.9609604477882385
0.8538503646850586,-0.6470323801040649,-1.0123255252838135
-0.2924655079841614,-0.4162072241306305,-0.07099161297082901
0.597072422504425,0.11669403314590454,0.11284270882606506
-0.14951080083847046,-0.39688628911972046,0.7363420128822327
-0.15779516100883484,0.11869621276855469,0.3835849165916443
-0.7799683809280396,0.7192968726158142,-0.36205196380615234
0.11775378882884979,-0.6444295644760132,-1.087406873703003
0.7309172749519348,-0.11620721220970154,0.24686771631240845
-0.12806299328804016,0.5303924679756165,-1.1181401014328003
-0.8975956439971924,-0.542819619178772,0.7022805213928223
-0.2975956201553345,0.17320597171783447,-0.14603742957115173
0.5559526085853577,0.36674001812934875,0.31008073687553406
0.8992995023727417,0.3071829378604889,-0.6120924949645996
-0.14951080083847046,0.4202979505062103,-0.4549470543861389
-0.047790732234716415,0.4188964068889618,0.22048379480838776
0.0647810772061348,-0.4162072241306305,0.2772451937198639
-0.11915335059165955,0.2536129653453827,0.5048160552978516
0.3915700912475586,-0.7162072658538818,-0.7013891339302063
0.23633134365081787,0.09016531705856323,-0.2864893674850464
-0.5975956320762634,-0.01959805190563202,0.00046571026905439794
0.8554520606994629,-0.037572890520095825,1.052459478378296
0.04327318072319031,0.35183924436569214,1.1048160791397095
0.9003005623817444,0.23574364185333252,0.41657134890556335
0.2790529131889343,-0.4162072241306305,0.6345317959785461
-0.10123394429683685,-0.480351984500885,-0.5181400775909424
-0.5120785236358643,-0.24816076457500458,-0.5181400775909424
0.2177112102508545,-0.24817077815532684,-0.5107320547103882
-0.5298978090286255,0.1192968487739563,0.8719640970230103
-0.22872108221054077,0.04817068576812744,0.4818912148475647
-0.5975956320762634,0.2572214901447296,0.27734532952308655
-0.8974955677986145,0.5904574394226074,-0.7013891339302063
-0.34602344036102295,-0.4162072241306305,-0.4460374414920807
-0.8184099793434143,0.14047054946422577,-1.1066277027130127
0.7666559219360352,-0.11620721220970154,0.012983888387680054
0.8992995023727417,0.5661311149597168,0.264737069606781
-0.2834557592868805,-0.4162072241306305,0.3933708667755127
0.1898564249277115,0.4202979505062103,-0.5175147652626038
0.894994854927063,-0.6500356197357178,-0.04783114790916443
-0.04700988903641701,0.41839587688446045,-0.12218700349330902
-0.5927904844284058,-0.3325166404247284,-0.18705718219280243
0.10049973428249359,-0.4162072241306305,-0.06206195056438446
-0.14060115814208984,0.3656388223171234,-0.7752937078475952
0.5701432824134827,0.710687518119812,0.434390664100647
0.8078005313873291,-0.5805604457855225,1.1054167747497559
-0.8095002770423889,-0.7143051624298096,0.45521318912506104
-0.5975956320762634,-0.0017417302588000894,0.6077027916908264
-0.0463237464427948,0.11599329113960266,0.5596261620521545
0.2612336575984955,-0.41600698232650757,-0.6512594819068909
0.4041883051395416,0.41999760270118713,0.5541448593139648
-0.08774396032094955,0.28985679149627686,0.80461585521698
-0.5975956320762634,0.07862823456525803,-0.6425500512123108
0.8919915556907654,0.6025705337524414,-0.6150957345962524
0.5992994904518127,-0.10887464880943298,-0.5710726976394653
-0.2163076400756836,-0.10499507188796997,-0.3740841746330261
0.5992994904518127,0.10545726865530014,0.4291095435619354
0.17556554079055786,0.2893316149711609,0.5048160552978516
-0.3995814025402069,0.4197973906993866,-0.5710726976394653
0.3003005385398865,-0.5160906910896301,0.1844201534986496
-0.3638427257537842,0.34361496567726135,0.7900000810623169
0.3915700912475586,-0.6047866344451904,1.1026136875152588
-0.17105871438980103,-0.11620721220970154,0.8808737397193909
0.34162062406539917,-0.4162072241306305,-0.31209248304367065
-0.03876635432243347,-0.0963364839553833,1.1048160791397095
0.18104688823223114,0.41529253125190735,0.4206003248691559
-0.3817621171474457,0.4202979505062103,-0.31209248304367065
0.7304167747497559,0.5944617986679077,-1.1130344867706299
-0.5975956320762634,0.007187932264059782,0.33981290459632874
-0.5975956320762634,0.20366352796554565,-0.1602281630039215
0.5331278443336487,-0.3901790380477905,0.5630545020103455
0.03799208998680115,-0.4162072241306305,0.5541448593139648
0.17721813917160034,-0.7162072658538818,0.032555848360061646
-0.7799683809280396,0.7199976444244385,0.773757815361023
-0.4585205614566803,-0.11620721220970154,0.4612196683883667
0.317619264125824,-0.6142969131469727,-0.16580960154533386
0.5992994904518127,0.1501055806875229,-0.5979017615318298
-0.4137721359729767,0.13746730983257294,0.5048160552978516
0.002266434021294117,-0.4162072241306305,-0.6424499750137329
-0.04236485809087753,-0.1357036828994751,-0.8181400895118713
-0.19778767228126526,0.39649760723114014,0.5051164031028748
-0.8975956439971924,-0.4892616271972656,0.4701293110847473
0.6003005504608154,0.1590152233839035,0.19695833325386047
-0.26563647389411926,0.41088777780532837,0.03617434576153755
-0.011937350034713745,-0.7162072658538818,0.434390664100647
-0.8857828378677368,-0.6606470942497253,-0.13712775707244873
0.04549020156264305,0.4193969666957855,-0.33221426606178284
-0.3245055377483368,0.36969858407974243,0.5048160552978516
-0.8975956439971924,0.2000350058078766,-0.5138862133026123
0.2523239850997925,-0.4162072241306305,0.4022805094718933
-0.02084699273109436,-0.2660200893878937,-1.1181401014328003
0.8081008195877075,0.7198975086212158,-0.2012479603290558
0.7325190305709839,-0.4535229802131653,-0.5227450132369995
0.4398268759250641,-0.4162072241306305,-0.5086051225662231
0.2924920916557312,0.002970963716506958,0.22431254386901855
-0.8975956439971924,0.5751408934593201,0.3540436923503876
-0.03367546200752258,0.41739481687545776,0.47475895285606384
-0.7710587382316589,-0.19454273581504822,-1.1181401014328003
-0.0013751089572906494,0.14647705852985382,-0.5181400775909424
0.5616340637207031,0.7053818702697754,-1.0221362113952637
0.5969723463058472,-0.5339099764823914,0.5048160552978516
0.08626893162727356,0.12029793858528137,-0.6835698485374451
0.8995997905731201,-0.23923110961914062,0.3434414267539978
-0.8975956439971924,0.3786282539367676,-0.06565043330192566
-0.27985721826553345,-0.23030143976211548,-1.1181401014328003
-0.3013751208782196,-0.26073896884918213,0.8051164150238037
0.3003005385398865,0.2000350058078766,0.6309032440185547
-0.3102847933769226,0.23940220475196838,-0.8181400895118713
0.8992995023727417,0.3250402510166168,0.2290184199810028
0.3736552894115448,0.37444832921028137,0.7690774202346802
-0.24413858354091644,0.7157931327819824,-1.0042167901992798
0.8125055432319641,0.7176951169967651,-0.44541215896606445
-0.5975956320762634,0.16792486608028412,0.4915771186351776
-0.1941591054201126,-0.4162072241306305,-0.5889921188354492
-0.18962959945201874,0.714792013168335,0.30875468254089355
-0.4175007939338684,-0.4162072241306305,-0.24071526527404785
0.059439897537231445,0.7202979326248169,0.6129839420318604
-0.5930907726287842,0.2993670701980591,-0.6157210469245911
-0.25672683119773865,0.4110879898071289,-0.16032826900482178
-0.8975956439971924,-0.5250003337860107,-0.3157210350036621
-0.8975956439971924,0.04817068576812744,0.89879310131073
-0.8095002770423889,-0.7143051624298096,0.08746445178985596
0.8952951431274414,-0.5964776873588562,0.09337085485458374
-0.8975956439971924,0.06609006226062775,0.2826063930988312
-0.24191617965698242,-0.6108932495117188,-1.1056265830993652
-0.15852054953575134,-0.4162072241306305,0.536225438117981
-0.3906717896461487,-0.08211569488048553,0.8048160672187805
-0.3959628641605377,-0.11620721220970154,0.2200787365436554
0.6825649738311768,-0.6339181661605835,-1.0942142009735107
-0.07054996490478516,-0.028312087059020996,-0.4974176287651062
-0.06916385889053345,0.41969728469848633,0.6698700785636902
-0.209500253200531,-0.11430513858795166,0.26771026849746704
-0.8975956439971924,0.3875579237937927,-0.14768999814987183
0.9003005623817444,-0.6050869822502136,-0.23743635416030884
-0.1944594383239746,0.41158851981163025,0.3849617540836334
-0.32810407876968384,-0.4119025468826294,0.6993018984794617
-0.8127037882804871,0.7155928611755371,0.48794859647750854
0.8993996381759644,-0.4713422656059265,-0.10138911008834839
-0.029856741428375244,-0.11620721220970154,-0.4334992468357086
-0.04522255063056946,0.6973731517791748,-1.0401556491851807
0.5707685947418213,-0.13310086727142334,0.7124160528182983
-0.5411345362663269,0.38155603408813477,-0.24061515927314758
-0.6371138095855713,-0.11620721220970154,0.40756160020828247
-0.10486248135566711,-0.4162072241306305,0.3665418326854706
-0.17040881514549255,0.11789533495903015,0.5527186989784241
0.5449406504631042,-0.37556323409080505,-0.178147554397583
0.08266042917966843,0.2572214901447296,0.8048160672187805
-0.2977325916290283,-0.11620721220970154,-0.21917735040187836
-0.16204899549484253,0.11969727277755737,0.36987006664276123
0.4272887110710144,-0.7162072658538818,0.06829449534416199
0.8720700144767761,-0.03476986289024353,-1.021735668182373
0.7309172749519348,-0.7077981233596802,1.01271653175354
-0.015575872734189034,0.2570212781429291,-0.8177396059036255
0.3687500059604645,0.42270052433013916,-0.5893925428390503
0.5992994904518127,0.1590152233839035,-0.42821815609931946
-0.279877245426178,0.12009772658348083,-0.7995953559875488
0.18447518348693848,-0.11620721220970154,0.42548102140426636
0.24064676463603973,0.1152925193309784,0.3447836637496948
0.43091726303100586,0.1501055806875229,0.8048160672187805
-0.7977876663208008,0.12029793858528137,-0.7371277809143066
-0.23880741000175476,0.22148281335830688,0.8048160672187805
-0.22989778220653534,0.4202979505062103,-0.6246306896209717
0.8992995023727417,0.43218618631362915,-0.4959668517112732
-0.12298209220170975,0.4116886556148529,-0.26794472336769104
0.8067993521690369,0.718996524810791,0.9835849404335022
0.8643616437911987,0.1821156144142151,-1.0315463542938232
-0.24874275922775269,0.20895464718341827,0.45786523818969727
-0.185249462723732,-0.4162072241306305,-0.41930848360061646
0.5076757073402405,0.11959719657897949,-0.6478312015533447
-0.05493307113647461,-0.7156065702438354,-0.9599689245223999
0.13619835674762726,0.41038721799850464,-0.178147554397583
0.5880626440048218,0.11108797788619995,0.27366673946380615
0.08501836657524109,0.10127735137939453,0.4357413649559021
-0.07450501620769501,-0.7162072658538818,-0.790685772895813
0.08797076344490051,-0.13753026723861694,0.8192070722579956
-0.8928905129432678,-0.6411259770393372,-0.03166443109512329
-0.3906717896461487,-0.4162072241306305,0.2772451937198639
-0.5975956320762634,-0.10887464880943298,0.4915771186351776
0.9003005623817444,-0.5785582661628723,0.9523510932922363
-0.2974955439567566,-0.37318605184555054,-0.38579684495925903
0.5106789469718933,-0.6444295644760132,-1.087406873703003
-0.18887799978256226,-0.0968862771987915,0.4363420009613037
0.09853298962116241,0.11609339714050293,-0.12056063115596771
-0.042384881526231766,-0.4162072241306305,-0.48177608847618103
-0.22051221132278442,-0.04277852177619934,0.4917019009590149
0.8318265080451965,0.6944699883460999,-0.13112127780914307
0.038002099841833115,-0.1357036828994751,0.8048160672187805
-0.5975956320762634,-0.24281959235668182,-0.31209248304367065
-0.1166999340057373,0.2536029517650604,-1.1192412376403809
0.12728871405124664,0.09651759266853333,0.8048160672187805
0.8873865604400635,0.607275664806366,-0.13577710092067719
-0.3249005675315857,-0.4286206364631653,0.5405300855636597
0.3773593008518219,0.1501055806875229,-0.8181400895118713
-0.5975956320762634,0.1501055806875229,-0.5085049867630005
-0.2975956201553345,-0.15890417993068695,0.2826063930988312
0.15774628520011902,0.10688340663909912,-0.41512858867645264
0.6003005504608154,0.1321861892938614,0.03618435934185982
-0.8888862729072571,0.6040722131729126,0.12910953164100647
-0.20844995975494385,-0.7122029066085815,0.39790040254592896
0.33271098136901855,-0.055326711386442184,0.8048160672187805
-0.03711378574371338,0.7200977802276611,0.12910953164100647
-0.5694652199745178,0.20066028833389282,-0.7234375476837158
0.5639612078666687,-0.36224883794784546,-0.017403624951839447
0.5254949927330017,-0.6740615963935852,1.0655736923217773
0.5165853500366211,0.6436150074005127,1.0900001525878906
0.5434143543243408,0.12029793858528137,0.8541448712348938
0.14157956838607788,-0.07851719856262207,-0.5181400775909424
0.6003005504608154,-0.21609066426753998,0.24160665273666382
0.2992994785308838,-0.015949517488479614,-0.8086051344871521
-0.2975956201553345,0.3607689142227173,-0.4870572090148926
-0.5291215777397156,0.3959716260433197,0.3309032618999481
-0.21690833568572998,0.1084851324558258,-0.3735836148262024
-0.2555500864982605,-0.5868672728538513,-0.44816434383392334
-0.3876238465309143,0.12059825658798218,-0.29830217361450195
0.5992994904518127,0.02504025027155876,-0.48177608847618103
-0.2745460867881775,-0.4162072241306305,-0.2585345506668091
-0.19053056836128235,-0.7162072658538818,0.12019988894462585
0.42200759053230286,-0.41600698232650757,-0.6512594819068909
-0.15489201247692108,-0.7162072658538818,0.3897523283958435
0.2242182493209839,0.7044808864593506,0.15293529629707336
-0.5928905010223389,-0.3142969310283661,0.0986519530415535
-0.3013751208782196,0.4202979505062103,-0.42821815609931946
0.9003005623817444,0.2000350058078766,-0.4959668517112732
-0.2975956201553345,0.2893316149711609,-0.8264244198799133
0.3003005385398865,0.3429096043109894,0.5773453712463379
0.4005197584629059,0.2536029517650604,-1.1181401014328003
-0.3727523684501648,0.17683450877666473,0.8048160672187805
-0.5761724710464478,0.3181874752044678,-0.07992127537727356
-0.7038860321044922,0.11849600076675415,0.3593994975090027
0.2992994785308838,-0.02495923638343811,0.12185245752334595
-0.17633982002735138,-0.09104536473751068,-0.8181400895118713
0.31479158997535706,-0.4162072241306305,0.2772451937198639
-0.2975956201553345,0.17320597171783447,-0.004835397005081177
0.6003005504608154,-0.0017437324859201908,-0.660369336605072
-0.8975956439971924,-0.14098478853702545,0.3345317840576172
0.1593988537788391,0.271472305059433,0.5048160552978516
0.8156089186668396,0.7138910293579102,0.005726814270019531
0.9003005623817444,0.1821156144142151,-0.30846595764160156
-0.2977325916290283,-0.11620721220970154,0.12185245752334595
-0.5781745910644531,-0.3606470823287964,0.49167725443840027
0.5938936471939087,-0.3599463403224945,0.25942590832710266
0.9003005623817444,0.2714622914791107,0.1469288170337677
-0.5975956320762634,-0.04639705270528793,0.13439063727855682
0.2523239850997925,-0.4162072241306305,0.00044869171688333154
0.04327318072319031,-0.11620721220970154,-0.040574103593826294
-0.8975956439971924,0.3250502645969391,0.773757815361023
0.6003005504608154,0.248311847448349,0.35763218998908997
0.6003005504608154,-0.2250003069639206,-0.24962489306926727
-0.6906718015670776,0.11959719657897949,-0.47814756631851196
0.17556554079055786,-0.7162072658538818,-0.6210021376609802
-0.5120785236358643,-0.11620721220970154,0.3361743688583374
0.2665548026561737,-0.6499354839324951,1.0837934017181396
-0.5975956320762634,0.1501055806875229,0.35763218998908997
-0.4354201853275299,-0.4162072241306305,-0.5532534718513489
0.046931762248277664,0.4202979505062103,0.5898835062980652
0.029062429443001747,0.4110879898071289,0.33981290459632874
-0.18462419509887695,-0.7026926279067993,-1.0155290365219116
0.4541177749633789,-0.22137176990509033,-1.1181401014328003
-0.23372650146484375,-0.08627480268478394,0.00282365083694458
-0.28729528188705444,0.0788530707359314,0.46487289667129517
-0.5387319326400757,-0.0017487378790974617,-0.7822011709213257
0.24572226405143738,-0.667854905128479,-1.0675854682922363
0.20890170335769653,-0.5773569345474243,-0.5144360065460205
0.7577463388442993,0.7202979326248169,-0.3263233006000519
0.5880626440048218,0.7196972966194153,0.3773781657218933
-0.051314543932676315,-0.4162072241306305,0.6523510813713074
0.5969723463058472,0.5667318105697632,-1.1185405254364014
0.8992995023727417,-0.07851719856262207,0.9255220890045166
0.47193703055381775,0.10182873904705048,0.5048160552978516
0.09517857432365417,-0.11620721220970154,0.12185245752334595
0.13557307422161102,0.11689427495002747,-0.3663966655731201
0.3003005385398865,0.06609006226062775,-0.3692789673805237
-0.5975956320762634,-0.12679404020309448,0.6434414386749268
0.20767571032047272,-0.4162072241306305,0.5273157954216003
0.436198353767395,0.6494212746620178,-1.0868061780929565
-0.8781746029853821,-0.6606470942497253,-0.8710727095603943
0.8523486852645874,0.4344887137413025,1.0567641258239746
-0.5975956320762634,0.2572214901447296,-0.2763538360595703
0.2880626618862152,0.07862823456525803,0.8048160672187805
-0.046023428440093994,-0.22137176990509033,-0.5181400775909424
-0.8975956439971924,-0.5071810483932495,0.15759113430976868
0.4128977358341217,-0.019608063623309135,-0.8177396059036255
-0.06024421006441116,-0.4162072241306305,0.24160665273666382
0.18447518348693848,0.15538668632507324,0.5048160552978516
-0.12278187274932861,-0.2339099496603012,-0.8181400895118713
0.12728871405124664,-0.4162072241306305,-0.5710726976394653
-0.12278187274932861,0.16792486608028412,0.8048160672187805
-0.8371301889419556,0.6862611174583435,-0.23703667521476746
0.04327318072319031,0.7202979326248169,0.005726814270019531
0.5969723463058472,-0.39104539155960083,-0.5181400775909424
0.16009961068630219,0.014233946800231934,1.1050162315368652
-0.35493308305740356,0.4202979505062103,0.5630545020103455
0.3505302667617798,0.4202979505062103,0.43801918625831604
-0.3817621171474457,0.04290958493947983,0.8048160672187805
-0.5298978090286255,0.1821156144142151,0.5055168271064758
-0.1621491014957428,-0.11620721220970154,-0.10138911008834839
0.1808466613292694,-0.4162072241306305,0.23259688913822174
0.0147915780544281,-0.5250003337860107,-1.1181401014328003
-0.5975956320762634,-0.055326711386442184,-0.3299117684364319
0.5331278443336487,-0.3901790380477905,-0.5979017615318298
0.18447518348693848,0.11959719657897949,0.5236872434616089
0.07336036115884781,0.41339045763015747,0.14299994707107544
0.8083010315895081,-0.7156065702438354,0.12910953164100647
0.07372076064348221,-0.18926163017749786,-0.8181400895118713
0.22932374477386475,0.4768345355987549,-0.49541544914245605
-0.3906717896461487,-0.3445296287536621,0.7873972058296204
-0.5804771184921265,0.31338223814964294,0.17012929916381836
-0.24113452434539795,0.08155602216720581,0.8719640970230103
0.1987660676240921,-0.4162072241306305,-0.33001187443733215
-0.07808350771665573,-0.019608063623309135,-0.8181400895118713
-0.559354305267334,0.02505026012659073,0.724629282951355
-0.6466240882873535,0.11228924989700317,0.24661745131015778
0.4541177749633789,0.7216994762420654,-0.9327394962310791
-0.042384881526231766,-0.4162072241306305,-0.356740802526474
-0.185249462723732,-0.4162072241306305,-0.16032826900482178
0.005881935358047485,0.12029793858528137,-0.7728664875030518
0.33271098136901855,-0.4162072241306305,-0.4371277689933777
0.3684496581554413,0.2572214901447296,0.8048160672187805
0.6868696212768555,0.7148921489715576,-0.19233831763267517
0.8449406623840332,-0.6586449146270752,1.0213258266448975
-0.41740068793296814,-0.19817127287387848,0.8048160672187805
-0.8975956439971924,0.05718041956424713,-0.7728664875030518
-0.2595544457435608,0.03860953450202942,-0.8086051344871521
0.5434143543243408,0.11108797788619995,0.5862549543380737
-0.6995813846588135,-0.7162072658538818,0.1754104048013687
0.6513311266899109,-0.05514109134674072,1.0810904502868652
-0.5558504462242126,-0.3500356078147888,0.6523510813713074
0.16760773956775665,-0.7115021347999573,-0.9880993962287903
-0.22098813951015472,-0.4162072241306305,0.6345317959785461
-0.2975956201553345,-0.39104539155960083,-0.39777058362960815
0.6003005504608154,-0.18035198748111725,0.10766170173883438
0.29333677887916565,-0.11620721220970154,0.7469288110733032
0.2992994785308838,-0.16781382262706757,-0.6120924949645996
-0.03876635432243347,0.45010560750961304,-1.1181401014328003
0.6003005504608154,0.05183924734592438,0.15231001377105713
-0.32451555132865906,0.66563880443573,-1.075293779373169
0.412997841835022,0.41999760270118713,-0.20497658848762512
0.03261086344718933,-0.14153459668159485,-0.2638648748397827
-0.25672683119773865,0.3386095464229584,-0.7939138412475586
-0.12450835108757019,-0.04648253321647644,-0.522544801235199
-0.4175007939338684,-0.4162072241306305,0.4737578332424164
0.3469317853450775,-0.31959807872772217,1.1048160791397095
0.10936933010816574,0.4197973906993866,-0.42821815609931946
-0.20659714937210083,0.06874212622642517,0.47238099575042725
0.5992994904518127,0.18574415147304535,0.5094965100288391
-0.25672683119773865,-0.364551305770874,0.7735822796821594
0.30010032653808594,0.040061891078948975,0.8005869388580322
0.5811799168586731,0.09647755324840546,-0.7129262089729309
-0.5975956320762634,-0.15352295339107513,0.06297335028648376
-0.6132880449295044,0.11889639496803284,0.9836850166320801
-0.6102848052978516,0.11068752408027649,-0.14768999814987183
-0.21730875968933105,-0.7059961557388306,-0.4484153985977173
-0.3995814025402069,-0.20718103647232056,-0.8181400895118713
-0.31557589769363403,0.06609006226062775,0.5048160552978516
-0.2975956201553345,0.17320597171783447,-0.26216310262680054
0.536231279373169,0.3901653289794922,0.5660576820373535
-0.24771705269813538,-0.251629114151001,-0.8178397417068481
-0.3254011571407318,-0.44133439660072327,-0.5560564994812012
0.2992994785308838,0.45901525020599365,0.2290184199810028
0.6003005504608154,-0.04639705270528793,0.616612434387207
0.6003005504608154,0.23940220475196838,0.07190301269292831
-0.2775493562221527,-0.38367199897766113,-0.7489652037620544
0.22091466188430786,-0.1048949658870697,-0.7363269329071045
0.5999001264572144,-0.2596378028392792,-0.007719146087765694
0.3003005385398865,0.13746730983257294,0.7201999425888062
-0.17996838688850403,-0.31959807872772217,0.5048160552978516
-0.39595285058021545,0.43218618631362915,-0.5181400775909424
-0.2173495888710022,0.46792489290237427,-0.5181400775909424
-0.3995814025402069,-0.4162072241306305,0.018305014818906784
0.793384850025177,0.6436150074005127,1.0902001857757568
0.22185644507408142,0.11058744788169861,0.0755515992641449
0.5992994904518127,-0.08211569488048553,-0.4639568030834198
0.2992994785308838,0.3071829378604889,0.12185245752334595
-0.8975956439971924,-0.14989443123340607,-0.558534562587738
0.059439897537231445,-0.11620721220970154,0.08446121215820312
-0.3959628641605377,-0.11620721220970154,-0.2638256549835205
-0.5975956320762634,0.10545726865530014,0.25942590832710266
0.30588194727897644,0.41959720849990845,-0.30318284034729004
0.2582550644874573,-0.2838793992996216,1.041147232055664
-0.5959939360618591,0.2955629527568817,0.536225438117981
0.4041883051395416,-0.2250003069639206,0.8048160672187805
0.011215115897357464,0.17683450877666473,0.8048160672187805
0.12728871405124664,0.4202979505062103,0.5184061527252197
0.09517857432365417,-0.7162072658538818,0.5058679580688477
0.3003005385398865,0.24467329680919647,0.5236872434616089
0.09517857432365417,0.7199976444244385,0.9698700904846191
0.2992994785308838,-0.23923110961914062,0.8362254500389099
-0.209500253200531,-0.11430513858795166,-0.019751548767089844
-0.27988725900650024,0.11038720607757568,-0.5049766302108765
-0.16505223512649536,-0.0678548812866211,-0.46758538484573364
0.8625597357749939,0.03780865669250488,-0.24298310279846191
-0.556951642036438,0.1501055806875229,0.732437789440155
0.36554649472236633,0.4179954528808594,-0.09732010215520859
0.5486446619033813,0.37574973702430725,-0.05609549582004547
-0.46692967414855957,0.11909663677215576,0.3803621828556061
-0.5975956320762634,0.19475388526916504,-0.6157210469245911
-0.2975956201553345,-0.310668408870697,0.5326970219612122
0.09517857432365417,-0.11620721220970154,-0.25489598512649536
0.3022674322128296,-0.11620721220970154,-0.326343297958374
-0.3013751208782196,0.41969728469848633,-0.535334050655365
-0.3638427257537842,-0.4162072241306305,-0.33001187443733215
0.29849857091903687,0.5916587710380554,-0.3246306777000427
-0.12278187274932861,0.41929686069488525,0.5808737277984619
-0.8842812180519104,0.08390934765338898,0.9946969747543335
-0.43532007932662964,0.41959720849990845,0.3665418326854706
-0.09993253648281097,0.1183958649635315,0.3592393100261688
0.5826814770698547,-0.3606470823287964,0.4737578332424164
0.15411774814128876,-0.4162072241306305,0.616612434387207
0.32024291157722473,0.11349058151245117,-0.3453538715839386
-0.2299978882074356,0.41038721799850464,0.2772451937198639
-0.8928905129432678,-0.6411259770393372,0.6755516529083252
-0.4495108127593994,0.7173948287963867,-0.9869982004165649
0.25759512186050415,0.11959719657897949,-0.1193084716796875
0.8208145499229431,0.6315019130706787,-1.085004210472107
0.16665589809417725,-0.09077966213226318,-0.4381535053253174
0.43091726303100586,-0.4162072241306305,0.6077027916908264
0.6594399213790894,0.7138910293579102,-0.39470648765563965
0.05053025484085083,0.04952132701873779,-0.48680615425109863
-0.21420538425445557,0.5095699429512024,-0.5116329789161682
-0.8330258131027222,0.6912665367126465,-0.6478312015533447
-0.7531393766403198,0.6876626014709473,-1.047964096069336
0.025453925132751465,-0.7162072658538818,-0.07466018199920654
0.14157956838607788,0.36969858407974243,0.5048160552978516
-0.8975956439971924,-0.12316550314426422,-0.6835698485374451
-0.10123394429683685,0.22681397199630737,-0.5181400775909424
-0.8975956439971924,-0.1142558604478836,0.434390664100647
0.8258199691772461,0.25359293818473816,-1.1010215282440186
0.6003005504608154,0.28405049443244934,0.25942590832710266
-0.06024421006441116,-0.4162072241306305,0.5452351570129395
0.5992994904518127,-0.09104536473751068,-0.30318284034729004
0.2790529131889343,-0.4162072241306305,-0.23170551657676697
-0.8975956439971924,-0.5250003337860107,-0.01374506950378418
-0.7888780236244202,0.7192968726158142,0.13977184891700745
0.8083010315895081,-0.7156065702438354,-0.07631276547908783
-0.5779744386672974,-0.16543585062026978,-0.7140274047851562
0.3181198239326477,0.0015202164649963379,-0.12831822037696838
-0.2975956201553345,-0.23923110961914062,0.21115908026695251
-0.2975956201553345,0.2893316149711609,-0.1282181441783905
-0.5975956320762634,-0.2518293261528015,0.5005869269371033
-0.8906881809234619,-0.6600464582443237,-0.32335007190704346
0.8559526205062866,0.6667400598526001,-0.5167893767356873
-0.3944612443447113,0.6788530945777893,1.0648729801177979
0.2582550644874573,0.08390934765338898,-0.4565734267234802
0.044623881578445435,-0.7049950957298279,-1.009522557258606
-0.14060115814208984,0.4110879898071289,-0.16032826900482178
0.29939961433410645,0.08390934765338898,-0.19969546794891357
0.04327318072319031,-0.33746740221977234,-0.5181400775909424
-0.21736961603164673,0.11068752408027649,0.7201999425888062
-0.5567268133163452,-0.14098478853702545,-0.5181400775909424
0.2791530191898346,-0.1357036828994751,0.8048160672187805
0.4041883051395416,0.4202979505062103,-0.49959537386894226
0.2218964844942093,-0.11620721220970154,-0.8889921307563782
0.7488366365432739,0.12029793858528137,0.048722535371780396
0.571269154548645,0.3266966640949249,0.40528374910354614
0.6003005504608154,-0.18035198748111725,0.6256222128868103
0.6001003384590149,0.1321861892938614,0.312983900308609
0.4630274176597595,0.4857441782951355,1.1048160791397095
-0.020546674728393555,0.7238017320632935,-0.3246306777000427
0.04202103614807129,0.11128818988800049,0.4970584511756897
0.33271098136901855,-0.4162072241306305,-0.06206195056438446
0.0647810772061348,-0.4162072241306305,-0.49959537386894226
-0.2923653721809387,-0.04638703912496567,0.8048160672187805
0.5992994904518127,0.06969857215881348,-0.3835698366165161
-0.25672683119773865,-0.4162072241306305,-0.48177608847618103
-0.3995814025402069,-0.4162072241306305,0.17903894186019897
-0.25094515085220337,0.4113636612892151,-0.46758538484573364
0.6003005504608154,-0.2518293261528015,-0.3478311598300934
-0.8805772662162781,-0.6081902980804443,-0.9567654728889465
0.12428546696901321,0.3601328432559967,0.7800893187522888
0.266439288854599,0.41839587688446045,0.38085731863975525
-0.7621490955352783,-0.5775572061538696,-1.1151368618011475
-0.426410436630249,0.2748405635356903,0.8051164150238037
-0.41740068793296814,-0.4159068763256073,0.6699701547622681
0.46202632784843445,0.11579307913780212,-0.3879299461841583
-0.5483177304267883,0.7069835662841797,-1.01582932472229
0.03436353802680969,0.043815165758132935,1.089900016784668
0.4541177749633789,-0.11620721220970154,0.15759113430976868
0.6003005504608154,-0.07318603247404099,-0.10667021572589874
-0.48524945974349976,-0.11620721220970154,-0.35313230752944946
-0.8975956439971924,0.5394022464752197,-0.18177607655525208
0.1504892110824585,-0.11620721220970154,-0.03166443109512329
-0.8130041360855103,-0.7110016345977783,-0.20259863138198853
0.18134722113609314,0.4136907756328583,-0.25933539867401123
0.8584553003311157,0.6454169154167175,1.0053083896636963
-0.20841993391513824,0.5755413174629211,-0.5191411375999451
-0.5411345362663269,0.38155603408813477,-0.5888920426368713
0.2992994785308838,0.5394022464752197,-0.6835698485374451
-0.3817621171474457,0.4202979505062103,-0.4728664755821228
-0.2975956201553345,-0.2660200893878937,0.014736562967300415
-0.49415910243988037,0.12029793858528137,-0.6745600700378418
-0.185249462723732,-0.4162072241306305,0.41119012236595154
-0.12278187274932861,0.4110879898071289,0.2951646149158478
0.6773593425750732,-0.2749497592449188,0.5048160552978516
-0.2975956201553345,0.3607689142227173,0.3451140224933624
0.4755655527114868,-0.4162072241306305,-0.13349923491477966
-0.4620490074157715,0.4202979505062103,-0.2674441635608673
-0.1458822637796402,-0.579559326171875,-1.1194415092468262
-0.23880741000175476,0.4202979505062103,0.46484822034835815
0.15624463558197021,0.12710529565811157,-0.9160213470458984
0.8956955671310425,-0.6066887378692627,-0.4270923137664795
-0.5485425591468811,0.37144505977630615,0.678379237651825
-0.5558504462242126,0.3286988139152527,-0.7140274047851562
-0.6192945241928101,0.12029793858528137,-0.34244996309280396
0.26656481623649597,-0.5516291260719299,-1.1178398132324219
-0.6727523803710938,-0.11620721220970154,0.06654182076454163
0.24870549142360687,0.2536129653453827,0.5048160552978516
-0.279877245426178,-0.11620721220970154,0.4701293110847473
-0.5928905010223389,-0.29647767543792725,0.1879485845565796
0.1220075786113739,-0.11620721220970154,-0.7193084955215454
0.3298332691192627,0.1155928373336792,0.3629733622074127
-0.5974955558776855,0.29045745730400085,-0.18705718219280243
0.23983508348464966,0.23276041448116302,0.4709794521331787
-0.29773157835006714,0.12119892239570618,-0.8888920545578003
-0.8928905129432678,-0.6322163343429565,-0.6389215588569641
0.2893887758255005,-0.020503640174865723,-0.9337405562400818
0.5992994904518127,0.22148281335830688,-0.2763538360595703
-0.5378310084342957,-0.38146960735321045,0.07487622648477554
-0.8570517897605896,0.6463178992271423,0.5505163073539734
-0.5975956320762634,-0.19817127287387848,-0.23170551657676697
-0.5539484024047852,-0.08806212991476059,-0.762880265712738
0.2992994785308838,-0.3106784224510193,-0.2710726857185364
-0.2120784968137741,0.4202979505062103,-0.5264244079589844
0.23082613945007324,-0.11620721220970154,0.4523100256919861
0.39517858624458313,0.4197973906993866,-0.2942731976509094
0.5992994904518127,0.19475388526916504,-0.5175147652626038
0.2403356432914734,0.07645049691200256,-0.39780986309051514
0.17556554079055786,-0.04277852177619934,0.5050162672996521
-0.13532006740570068,0.7195972204208374,-0.06740312278270721
-0.3638427257537842,0.16792486608028412,-0.8181400895118713
-0.5975956320762634,0.08755789697170258,0.5809738636016846
-0.22989778220653534,-0.20718103647232056,0.8048160672187805
0.2952951192855835,-0.05003559589385986,0.04146546125411987
0.2969723045825958,-0.4162072241306305,0.5273157954216003
0.1808466613292694,-0.3047866225242615,0.8026137351989746
-0.1941591054201126,-0.4162072241306305,-0.32100212574005127
-0.1889534741640091,0.29546287655830383,0.8044156432151794
-0.26497113704681396,-0.6836720108985901,-1.0489652156829834
-0.25672683119773865,-0.41480568051338196,-0.6685782074928284
0.8796782493591309,0.6172865033149719,0.3107060194015503
0.3003005385398865,-0.25709041953086853,0.0666419267654419
0.49338483810424805,0.08755789697170258,0.8051164150238037
-0.34162408113479614,0.1183958649635315,-0.37348347902297974
-0.08341465890407562,-0.11620721220970154,0.6129839420318604
-0.5975956320762634,-0.17144234478473663,0.5630545020103455
0.3684496581554413,-0.1446133255958557,0.8048160672187805
0.029062429443001747,-0.4162072241306305,0.3665418326854706
0.3379921019077301,-0.7162072658538818,-0.558534562587738
0.28726181387901306,0.29105812311172485,0.8052164912223816
-0.2975956201553345,-0.31959807872772217,-0.45131853222846985
0.3003005385398865,0.4857441782951355,-0.37828874588012695
0.4398268759250641,0.41999760270118713,0.4737578332424164
-0.24781715869903564,-0.4162072241306305,0.4737578332424164
-0.10849100351333618,0.117094486951828,-0.37828874588012695
-0.5882855653762817,-0.31750041246414185,-0.09995294362306595
-0.1727112978696823,0.11088776588439941,0.6398129463195801
0.5254949927330017,0.6152843236923218,-1.1055264472961426
-0.5821789503097534,0.01908380351960659,-0.7093223333358765
-0.50950026512146,-0.4143051505088806,0.4856707453727722
0.29997557401657104,-0.3634501099586487,-0.7718900442123413
0.555852472782135,-0.3658527135848999,0.17012929916381836
-0.5094002485275269,-0.15352295339107513,0.8042154312133789
0.2969723045825958,-0.40549561381340027,0.7190232276916504
0.4398268759250641,-0.33331751823425293,0.793403685092926
0.20404717326164246,0.5896565914154053,-1.116638422012329
0.29509490728378296,-0.03221631050109863,0.28087371587753296
-0.32810407876968384,0.26613113284111023,0.8051164150238037
-0.3402325510978699,0.7170945405960083,-0.6199009418487549
0.2177112102508545,0.13746730983257294,-0.5107320547103882
0.49756476283073425,0.11759501695632935,0.48024025559425354
0.12050598859786987,0.37565505504608154,-0.5196416974067688
0.9003005623817444,-0.04277852177619934,0.7469288110733032
0.8132063746452332,-0.7135043144226074,0.9434414505958557
0.5598568320274353,-0.21609066426753998,0.7321374416351318
-0.3995814025402069,0.3386095464229584,-0.7939138412475586
0.5412366986274719,-0.38056865334510803,0.06297335028648376
0.13619835674762726,-0.36965686082839966,0.7696780562400818
-0.845238983631134,0.6766507029533386,0.7201999425888062
0.15469375252723694,0.11869621276855469,0.15413659811019897
0.2962961792945862,0.4403950870037079,0.38408541679382324
-0.8527471423149109,-0.6214046478271484,1.039445400238037
0.28726181387901306,0.38716208934783936,0.7558631300926208
0.34692177176475525,0.7158931493759155,0.9964988827705383
0.025053471326828003,0.7150923013687134,0.04912298917770386
-0.12278187274932861,-0.4162072241306305,-0.5086051225662231
-0.45313936471939087,0.4197973906993866,0.5541448593139648
-0.5975956320762634,-0.10887464880943298,0.19695833325386047
-0.5975956320762634,-0.09996500611305237,0.37555161118507385
0.6238013505935669,0.7199976444244385,0.8808737397193909
0.08265041559934616,0.4202979505062103,-0.5621631145477295
0.6003005504608154,-0.0017357236938551068,0.00937535148113966
0.061192601919174194,-0.7162072658538818,-0.16560937464237213
0.24454021453857422,0.080655038356781,-0.13577710092067719
0.5412366986274719,-0.38056865334510803,0.3309032618999481
0.05984032154083252,0.711388349533081,0.3182849884033203
-0.5975956320762634,0.23940220475196838,0.37555161118507385
-0.10123394429683685,-0.24816076457500458,0.5048160552978516
-0.5975956320762634,-0.08211569488048553,0.5719640851020813
0.6003005504608154,-0.15352295339107513,-0.6425500512123108
-0.03876635432243347,-0.310668408870697,0.5048160552978516
0.5992994904518127,0.10545726865530014,-0.5264244079589844
-0.48524945974349976,0.1192968487739563,0.9434414505958557
0.561233639717102,-0.7162072658538818,-0.09247946739196777
-0.1638016551733017,-0.41778430342674255,0.5048160552978516
-0.8956936001777649,0.3875579237937927,0.9815827012062073
0.5834823846817017,0.31208086013793945,-0.431121289730072
-0.2975956201553345,-0.06059780716896057,-0.3620419502258301
0.2701432704925537,-0.3130956292152405,0.8006114959716797
-0.5975956320762634,-0.028527716174721718,-0.6157210469245911
-0.17105871438980103,-0.027210891246795654,0.49560606479644775
0.020142778754234314,-0.39688628911972046,0.7363420128822327
-0.19425921142101288,0.4111880660057068,-0.2229960858821869
0.9003005623817444,-0.542819619178772,0.6309032440185547
0.5627599358558655,0.3380088806152344,-0.13940563797950745
-0.41149431467056274,0.3946702182292938,0.7461526393890381
-0.5975956320762634,0.08755789697170258,0.4112902581691742
-0.46214911341667175,-0.4162072241306305,0.07189299911260605
-0.3870232105255127,0.7202979326248169,-0.8086051344871521
-0.7621490955352783,0.7200977802276611,-0.2175147533416748
-0.5975956320762634,0.20366352796554565,0.2147776186466217
0.2995997667312622,-0.23030143976211548,-0.3157210350036621
0.15411774814128876,-0.4162072241306305,0.00044869171688333154
0.7755655646324158,-0.11620721220970154,-0.2727653384208679
0.44510799646377563,-0.11620721220970154,-0.7639567852020264
0.5254949927330017,0.7202979326248169,-0.1282181441783905
-0.5975956320762634,-0.1446133255958557,-0.3656504452228546
-0.5209881663322449,-0.15890417993068695,0.5048160552978516
0.08264040946960449,0.4110879898071289,-0.2585345506668091
0.09159009158611298,-0.21609066426753998,0.8048160672187805
-0.29771655797958374,0.45010560750961304,-1.1181401014328003
0.8992995023727417,-0.23923110961914062,0.05938485264778137
0.11475054919719696,0.6012691259384155,-1.110331654548645
0.41309797763824463,-0.4162072241306305,-0.2674441635608673
-0.10536302626132965,0.41319024562835693,0.13459084928035736
0.5590559244155884,0.007175919134169817,-0.7482644319534302
-0.5842812061309814,0.22148281335830688,0.6946969628334045
0.20767571032047272,-0.4162072241306305,-0.5889921188354492
-0.2972952723503113,-0.3463970720767975,0.37657731771469116
-0.1442297101020813,0.1192968487739563,0.4433003067970276
0.8163096904754639,0.7145917415618896,-0.8086051344871521
-0.42881301045417786,-0.12679404020309448,-0.8227450251579285
0.13029196858406067,-0.354140043258667,-0.7800989151000977
-0.44422972202301025,-0.4162072241306305,-0.32100212574005127
0.4666559100151062,0.4202979505062103,-0.37456008791923523
-0.10486248135566711,-0.4162072241306305,-0.41029876470565796
-0.3102847933769226,-0.12679404020309448,0.8048160672187805
0.5254949927330017,-0.7162072658538818,-0.21917735040187836
-0.45313936471939087,0.16792486608028412,0.8048160672187805
-0.2977135479450226,-0.033868879079818726,0.5051164031028748
0.2218964844942093,-0.7162072658538818,-0.4870572090148926
0.0022834523115307093,-0.028537724167108536,-0.8181400895118713
-0.25672683119773865,0.4110879898071289,-0.044192612171173096
-0.13532006740570068,-0.114805668592453,-0.3685781955718994
-0.8925902247428894,-0.6564425230026245,0.8808737397193909
0.4375244081020355,-0.2339099496603012,-0.8226449489593506
-0.7977876663208008,-0.7162072658538818,-0.5317054986953735
0.40946945548057556,-0.11620721220970154,0.20058691501617432
0.40408822894096375,-0.4162072241306305,0.1254809945821762
0.605881929397583,0.12029793858528137,-0.08356982469558716
-0.5656365156173706,-0.7162072658538818,-0.46032828092575073
-0.01919439435005188,-0.7162072658538818,0.31830501556396484
-0.2530682384967804,0.12029793858528137,0.8094965219497681
-0.08703318983316422,-0.4162072241306305,0.44692882895469666
0.23271819949150085,0.11569294333457947,0.2648071348667145
-0.2975956201553345,-0.4535229802131653,-0.31739363074302673
-0.2975956201553345,-0.15890417993068695,-0.2370266616344452
-0.06024421006441116,0.4110879898071289,-0.20497658848762512
-0.34512248635292053,-0.4172082841396332,0.6173132061958313
0.3684496581554413,0.2303924560546875,-0.8181400895118713
-0.33711379766464233,-0.055326711386442184,-0.8181400895118713
-0.13697262108325958,0.713090181350708,-1.0118250846862793
0.6505302786827087,-0.13753026723861694,0.3055003881454468
0.3003005385398865,-0.43570369482040405,-0.040574103593826294
-0.22098813951015472,-0.4162072241306305,0.3309032618999481
-0.426410436630249,-0.4162072241306305,-0.4728664755821228
-0.042384881526231766,-0.4162072241306305,-0.2585345506668091
0.48985642194747925,0.30718794465065,-0.5181400775909424
0.12366019189357758,-0.176723450422287,-0.5181400775909424
0.35954001545906067,0.11436691135168076,0.8048160672187805
0.18975630402565002,-0.4162072241306305,-0.07099161297082901
0.3773593008518219,-0.09104536473751068,-0.8181400895118713
0.2992994785308838,-0.14989443123340607,0.8898835182189941
0.813306450843811,-0.7136043906211853,0.05938485264778137
0.45784637331962585,0.20366352796554565,-0.8180399537086487
0.5245185494422913,0.4046810567378998,0.37254831194877625
-0.55484938621521,0.36213499307632446,-0.01739361509680748
-0.40496259927749634,0.7200977802276611,-0.06565043330192566
-0.7062886953353882,-0.7460395097732544,0.8462362885475159
-0.8975956439971924,-0.06950744986534119,0.8809738755226135
0.5290234684944153,-0.3951844573020935,-0.07991126924753189
-0.5676632523536682,0.32759761810302734,0.3309032618999481
0.22549499571323395,0.4110879898071289,-0.13349923491477966
-0.275346964597702,-0.3226059079170227,-0.8003208041191101
-0.5570517778396606,0.3463178873062134,0.49167725443840027
0.5106789469718933,-0.10499507188796997,-0.40952253341674805
0.43091726303100586,-0.4162072241306305,0.43801918625831604
-0.07740816473960876,0.7094862461090088,1.018322467803955
0.555852472782135,-0.3658527135848999,-0.5175147652626038
-0.5928905010223389,-0.28636670112609863,-0.5532534718513489
-0.5541486144065857,0.3180873394012451,0.7387445569038391
0.5834823846817017,-0.05832996219396591,0.6982007026672363
0.8048973679542542,-0.7139047384262085,-0.9752854704856873
-0.21167345345020294,0.11849600076675415,0.1896257847547531
-0.4298895597457886,0.11859607696533203,-0.2871609032154083
0.10946943610906601,-0.4162072241306305,0.33981290459632874
0.5992994904518127,0.19475388526916504,-0.1513185203075409
0.8992995023727417,-0.20351245999336243,0.18432004749774933
0.6003005504608154,-0.11788440495729446,0.17903894186019897
-0.5209881663322449,0.14647705852985382,-0.5181400775909424
-0.279877245426178,-0.11620721220970154,-0.7371277809143066
-0.33711379766464233,0.4202979505062103,-0.24962489306926727
0.31479158997535706,-0.4162072241306305,0.44692882895469666
-0.32810407876968384,0.11436691135168076,0.8048160672187805
0.33800211548805237,0.027097076177597046,-0.5001205205917358
0.1606493890285492,0.09767347574234009,0.4410470724105835
-0.02465111017227173,-0.5905712842941284,-1.1150367259979248
-0.8527471423149109,0.6675409078598022,-0.4334992468357086
0.2523239850997925,0.4202979505062103,0.45593854784965515
-0.2940918207168579,-0.5777574181556702,-0.09247946739196777
0.1719370186328888,0.28365010023117065,0.8056169152259827
-0.27093759179115295,-0.11620721220970154,-0.4066702127456665
-0.07440491020679474,0.4232765734195709,0.5053166151046753
0.11837907135486603,0.007189933676272631,0.8048160672187805
0.4183790683746338,-0.11620721220970154,0.4612196683883667
0.9003005623817444,0.22681397199630737,0.8094965219497681
-0.3423648774623871,0.16429632902145386,0.5048160552978516
-0.36915385723114014,0.3607689142227173,-0.5181400775909424
0.6003005504608154,-0.18926163017749786,-0.04418260231614113
0.4666559100151062,-0.4162072241306305,0.536225438117981
-0.5975956320762634,-0.12679404020309448,-0.28526344895362854
0.1808466613292694,-0.4162072241306305,0.44692882895469666
0.15411774814128876,-0.41600698232650757,-0.6512594819068909
0.5412366986274719,-0.38056865334510803,-0.30318284034729004
-0.209500253200531,-0.11430513858795166,0.3464447259902954
-0.16360142827033997,0.1198975145816803,-0.6214025616645813
-0.8975956439971924,0.16429632902145386,-0.34255003929138184
-0.23252516984939575,-0.05964598059654236,-0.4335485100746155
-0.4406011700630188,0.11449164152145386,0.40470772981643677
0.41309797763824463,0.4202979505062103,0.25942590832710266
0.6003005504608154,-0.2339099496603012,0.5719640851020813
-0.1609477996826172,0.12460258603096008,-0.31532061100006104
0.355851411819458,-0.11620721220970154,-0.2727653384208679
0.7309172749519348,0.7202979326248169,0.4701293110847473
-0.3102847933769226,0.41959720849990845,-0.3478311598300934
0.20767571032047272,-0.4162072241306305,-0.19596682488918304
0.14520810544490814,-0.12679404020309448,-0.8181400895118713
-0.8975956439971924,0.1196480244398117,0.048722535371780396
0.4398268759250641,0.4202979505062103,0.05404368415474892
0.5955954194068909,-0.2861664891242981,0.21487772464752197
0.40969428420066833,-0.4212126135826111,-0.5776798725128174
0.44883662462234497,0.4202979505062103,-0.10667021572589874
0.1276891529560089,0.4147919714450836,0.0808226615190506
0.5599569082260132,0.3460175693035126,-0.3656504452228546
-0.46214911341667175,-0.4162072241306305,0.22368724644184113
-0.07575562596321106,-0.6836720108985901,-1.0489652156829834
-0.8599548935890198,-0.6626492738723755,0.4701293110847473
0.6003005504608154,0.1501055806875229,0.10766170173883438
0.5254949927330017,0.7202979326248169,0.9256222248077393
-0.12806299328804016,0.45010560750961304,-0.5181400775909424
-0.8975956439971924,-0.14098478853702545,-0.3888409435749054
-0.11750078201293945,-0.11620721220970154,0.24686771631240845
0.3505302667617798,-0.4162072241306305,-0.6336404085159302
0.30588194727897644,-0.4162072241306305,0.0629633367061615
0.5992994904518127,-0.19817127287387848,-0.5710726976394653
0.6001003384590149,0.17683450877666473,0.4112902581691742
-0.0639428198337555,0.11979737877845764,0.6487225294113159
0.5585553646087646,0.3551274240016937,-0.5175147652626038
-0.3995814025402069,0.02505026012659073,-0.8181400895118713
-0.8942921161651611,0.4291829466819763,-0.995707631111145
0.35133111476898193,-0.2858661711215973,0.8053166270256042
0.4666559100151062,0.4202979505062103,-0.4549470543861389
-0.5120785236358643,-0.013095617294311523,0.5006114840507507
-0.5381066799163818,0.11148840188980103,0.4163711369037628
0.215484157204628,0.41218918561935425,-0.03470234572887421
-0.5955934524536133,-0.270349383354187,-0.24251721799373627
-0.5212129950523376,-0.4012910723686218,-0.5918952226638794
-0.44583144783973694,0.17393136024475098,-0.8194414377212524
0.5600569844245911,-0.3408256471157074,0.6523510813713074
-0.5504446029663086,0.2629276514053345,-0.7671849131584167
-0.32810407876968384,-0.37436190247535706,0.7653734087944031
0.21658535301685333,0.41929686069488525,-0.5889921188354492
-0.05065383017063141,0.4169943630695343,0.2954649329185486
0.3157172203063965,-0.5984798073768616,0.3636140525341034
-0.2935912609100342,0.5622268915176392,-0.3948066234588623
-0.5975956320762634,0.11436691135168076,-0.42821815609931946
-0.43532007932662964,-0.4162072241306305,0.4022805094718933
-0.8975956439971924,0.3786282539367676,-0.8175147771835327
0.6003005504608154,-0.1446133255958557,-0.12458960711956024
0.6003005504608154,0.04290958493947983,0.08083266764879227
-0.10849100351333618,0.11959719657897949,0.7648482322692871
-0.479968398809433,0.03397992253303528,-0.8181400895118713
-0.14951080083847046,-0.4162072241306305,0.6434414386749268
-0.05129452422261238,0.21257317066192627,0.8048160672187805
-0.7888780236244202,0.7192968726158142,-0.2906046509742737
-0.2975956201553345,-0.33746740221977234,0.11129024624824524
-0.5975956320762634,0.07862823456525803,0.3309032618999481
0.3826504349708557,-0.2660200893878937,-1.1181401014328003
-0.14060115814208984,-0.15352295339107513,-0.8181400895118713
-0.8975956439971924,0.43218618631362915,0.12185245752334595
-0.2745460867881775,0.41038721799850464,0.2147776186466217
-0.31919440627098083,-0.4162072241306305,0.2951646149158478
-0.8928905129432678,-0.6053873300552368,0.7380192279815674
-0.30667126178741455,0.7110880017280579,0.10228049755096436
0.3003005385398865,0.3875579237937927,0.514777660369873
0.34162062406539917,0.06969857215881348,-0.8181400895118713
-0.2262892723083496,-0.11620721220970154,-0.021002113819122314
0.046931762248277664,0.11436691135168076,0.8048160672187805
-0.113872230052948,-0.4162072241306305,-0.33892154693603516
0.2701432704925537,-0.4162072241306305,-0.32100212574005127
0.2992994785308838,-0.3821157217025757,-0.07456007599830627
0.016544252634048462,0.3429096043109894,-0.5181400775909424
-0.5524467825889587,-0.18926163017749786,0.7532603144645691
-0.3727523684501648,0.41929686069488525,0.6434414386749268
-0.5167080760002136,0.4107876718044281,0.25942590832710266
0.2486954778432846,-0.6999896764755249,1.0305356979370117
-0.40849101543426514,0.41999760270118713,-0.08884093165397644
-0.5888862609863281,0.30407217144966125,-0.3299117684364319
0.5257198810577393,0.24811163544654846,-0.8009214401245117
-0.5719679594039917,0.3227924406528473,0.598793089389801
-0.3459233343601227,-0.19827139377593994,0.8048160672187805
-0.8975956439971924,-0.5250003337860107,-0.2370266616344452
-0.5975956320762634,-0.055326711386442184,0.2951646149158478
0.2880626618862152,0.4110879898071289,-0.09778060019016266
-0.18162094056606293,0.12029793858528137,0.28988349437713623
-0.09232430160045624,0.6726464033126831,-1.0668846368789673
-0.32810407876968384,0.3386095464229584,-0.7939138412475586
0.489756315946579,-0.7162072658538818,0.4612196683883667
0.07372076064348221,-0.11788440495729446,-0.8181400895118713
0.05956543609499931,0.41869622468948364,0.27584367990493774
0.3290424346923828,0.1192968487739563,-0.7013891339302063
-0.11377212405204773,-0.35454049706459045,0.780890166759491
-0.8491432070732117,0.6719456911087036,-0.14603742957115173
0.34692177176475525,0.025995880365371704,0.49750816822052
-0.5975956320762634,0.26613113284111023,-0.5532534718513489
-0.19716235995292664,-0.402692586183548,-0.7155290246009827
0.8445402383804321,0.6806550621986389,0.93743497133255
-0.31572604179382324,0.11699435114860535,-0.18292811512947083
0.12366019189357758,0.020440667867660522,-0.5194414258003235
0.5256952047348022,0.7110880017280579,0.09492331743240356
-0.16743017733097076,0.4203980565071106,-0.5802826881408691
-0.5975956320762634,0.22148281335830688,0.009395373053848743
-0.5975956320762634,-0.19817127287387848,0.45593854784965515
-0.4406011700630188,-0.7162072658538818,-0.2102476954460144
0.3003005385398865,0.2536029517650604,0.6755516529083252
0.6003005504608154,0.18574415147304535,0.26833558082580566
0.2992994785308838,-0.051688164472579956,0.1933297961950302
-0.2834557592868805,0.41929686069488525,0.616612434387207
0.42200759053230286,-0.09996500611305237,0.8048160672187805
-0.5975956320762634,0.19475388526916504,-0.31209248304367065
0.08264040946960449,-0.4162072241306305,-0.6246306896209717
-0.44422972202301025,0.4202979505062103,-0.39247947931289673
-0.6013751029968262,-0.7162072658538818,0.5058679580688477
0.3003005385398865,0.23574364185333252,-0.3246306777000427
0.14873653650283813,0.05462688207626343,-0.48300206661224365
0.041620612144470215,0.11959719657897949,0.05938485264778137
-0.40849101543426514,-0.39688628911972046,0.7363420128822327
0.3684496581554413,-0.18035198748111725,-0.8181400895118713
0.19348493218421936,-0.0740615725517273,0.46557360887527466
0.5944942235946655,-0.31469735503196716,0.31228309869766235
0.44883662462234497,0.4202979505062103,0.6256222128868103
-0.25672683119773865,-0.4162072241306305,0.5452351570129395
0.5978979468345642,-0.3142969310283661,-0.1960669457912445
0.8226165175437927,-0.6347190141677856,-1.0778965950012207
0.22549499571323395,-0.25172924995422363,0.8048160672187805
0.8938936591148376,-0.6599463224411011,-0.37991127371788025
-0.4175007939338684,0.4202979505062103,-0.008465954102575779
-0.8337265253067017,-0.08627480268478394,0.2600511908531189
0.6684496402740479,-0.737830638885498,-0.7922874689102173
0.8873865604400635,0.607275664806366,0.053378358483314514
0.8085012435913086,-0.715806782245636,-0.8086051344871521
-0.25672683119773865,-0.41330406069755554,0.6930951476097107
0.5873865485191345,0.307275652885437,0.32489675283432007
0.8081008195877075,0.7198975086212158,0.08611378073692322
-0.3906717896461487,-0.2783580422401428,0.8056169152259827
-0.8417352437973022,-0.07676452398300171,0.13501593470573425
-0.40486249327659607,0.7192968726158142,0.8094965219497681
0.029072441160678864,-0.4159068763256073,0.6699701547622681
-0.2974955439567566,-0.5785582661628723,0.37017035484313965
-0.21420538425445557,-0.35829994082450867,-0.5116329789161682
0.2791530191898346,0.4110879898071289,0.22368724644184113
-0.23519891500473022,0.6796540021896362,-1.0657835006713867
0.5344046354293823,-0.7133040428161621,0.9930951595306396
-0.17105871438980103,-0.5071810483932495,-0.5181400775909424
-0.11427266895771027,0.4187963306903839,0.20566776394844055
0.6003005504608154,-0.18926163017749786,-0.178147554397583
0.9003005623817444,-0.35532671213150024,-0.33525294065475464
0.007634639739990234,0.7202979326248169,0.23632550239562988
-0.2975956201553345,-0.37318605184555054,-0.10138911008834839
-0.8975956439971924,-0.37318605184555054,-0.7995953559875488
0.3003005385398865,0.23574364185333252,0.33618438243865967
-0.015595895238220692,-0.4162072241306305,-0.5621631145477295
-0.40849101543426514,0.10545726865530014,0.8048160672187805
0.2701432704925537,-0.15352295339107513,-0.8181400895118713
0.8992995023727417,-0.292817085981369,-0.110298752784729
-0.06384271383285522,0.7202979326248169,-0.10138911008834839
0.6003005504608154,-0.20718103647232056,0.17012929916381836
-0.10123394429683685,-0.11620721220970154,-0.7193084955215454
-0.5975956320762634,0.21257317066192627,0.43801918625831604
-0.8975956439971924,0.17320597171783447,-0.17451901733875275
-0.033455222845077515,-0.4162072241306305,0.304074227809906
0.1933848261833191,0.4768345355987549,0.5051164031028748
-0.0013751089572906494,0.4768345355987549,0.5048160552978516
-0.5975956320762634,0.19475388526916504,0.304074227809906
0.2790529131889343,-0.4162072241306305,0.33981290459632874
0.5992994904518127,0.22148281335830688,-0.579982340335846
0.14448271691799164,0.05522754788398743,0.48299241065979004
0.8021944165229797,0.7202979326248169,-0.2727453112602234
-0.042384881526231766,0.34361496567726135,0.7900000810623169
0.2998000383377075,0.0396614670753479,-0.8979017734527588
0.8948947191238403,-0.0029354095458984375,0.9751757979393005
-0.27467161417007446,0.11819565296173096,-0.43490076065063477
-0.24523895978927612,0.6766507029533386,-0.15669973194599152
-0.2173495888710022,0.7202979326248169,-0.9423498511314392
0.4250108599662781,0.3376084864139557,0.7929031848907471
-0.8127037882804871,0.7155928611755371,0.9255220890045166
0.8808795213699341,0.2446632981300354,-1.012726068496704
-0.8345274329185486,-0.5219970941543579,-1.0872066020965576
0.15774628520011902,0.12029793858528137,-0.558534562587738
-0.11677537858486176,-0.38367199897766113,-0.7489652037620544
-0.5761724710464478,0.3181874752044678,-0.2585345506668091
0.047527015209198,0.7094862461090088,1.018322467803955
0.5582550764083862,0.3551274240016937,0.4826675057411194
-0.13169151544570923,0.23940220475196838,0.8048160672187805
0.8938936591148376,-0.6599463224411011,-0.11920839548110962
-0.28217893838882446,0.06018365919589996,-0.40922218561172485
0.2262958586215973,0.4190966486930847,-0.6673769354820251
-0.5164077877998352,0.18574415147304535,0.796707272529602
0.4398268759250641,-0.3040858805179596,-0.808229386806488
0.6003005504608154,-0.2518293261528015,0.10766170173883438
0.8127058148384094,0.7178953886032104,0.5832517147064209
-0.5520463585853577,-0.3664533495903015,-0.37756335735321045
-0.03876635432243347,0.11068752408027649,-0.2638256549835205
-0.8959939479827881,0.5955629348754883,-0.30847296118736267
-0.06384271383285522,-0.4178844094276428,-0.5181400775909424
-0.567362904548645,-0.1357036828994751,0.7134171724319458
0.2873973548412323,-0.7049950957298279,-0.40952253341674805
0.5207144618034363,-0.4046947658061981,0.49237799644470215
-0.8927904963493347,-0.02360701560974121,-0.7995953559875488
-0.35801181197166443,-0.01089322566986084,-0.5056264996528625
0.3003005385398865,0.2982562780380249,0.3702704906463623
-0.686066746711731,0.11809554696083069,-0.11024947464466095
0.12426084280014038,0.11178871989250183,0.5410060286521912
-0.5940918326377869,-0.2777574062347412,-0.1513185203075409
0.4755655527114868,-0.0017427313141524792,-0.8181400895118713
-0.39613306522369385,0.6984743475914001,-1.0408564805984497
0.7040882110595703,0.6874624490737915,-1.0488650798797607
0.3773593008518219,-0.4162072241306305,0.2951646149158478
0.1987660676240921,-0.1357036828994751,0.8048160672187805
-0.22098813951015472,0.23940220475196838,-0.8181400895118713
-0.4316915273666382,0.2000350058078766,0.5048160552978516
0.42200759053230286,-0.4162072241306305,0.3665418326854706
-0.8975956439971924,-0.4714423418045044,-0.06730300188064575
0.22549499571323395,-0.4162072241306305,0.5898835062980652
-0.8975956439971924,-0.24816076457500458,-0.08522239327430725
-0.8975956439971924,-0.25709041953086853,-0.3263233006000519
0.05053025484085083,-0.7162072658538818,0.1754104048013687
-0.5975956320762634,0.01612059772014618,-0.3478311598300934
-0.8975956439971924,0.35183924436569214,-0.14603742957115173
-0.2975956201553345,-0.3285277187824249,-0.5674442052841187
0.3003005385398865,0.19112536311149597,0.3345317840576172
0.3238013684749603,0.4202979505062103,-0.535334050655365
0.13619835674762726,-0.4162072241306305,-0.30318284034729004
-0.2975956201553345,0.3607689142227173,-0.279982328414917
0.5992994904518127,0.22148281335830688,-0.4460374414920807
0.3003005385398865,-0.5250003337860107,0.09337085485458374
0.2397558093070984,-0.11560654640197754,-0.359968900680542
0.5643616318702698,0.19475388526916504,-0.7315463423728943
0.5643616318702698,-0.29707828164100647,0.7152191400527954
0.029062429443001747,-0.3211043179035187,0.7982089519500732
0.5956955552101135,-0.2877682149410248,-0.2761536240577698
-0.2407340407371521,-0.31960806250572205,0.46747565269470215
-0.04302018880844116,0.09066587686538696,0.4509577751159668
-0.8929906487464905,-0.5874679088592529,-0.2816048860549927
-0.15313935279846191,0.04817068576812744,0.5053166151046753
0.3148916959762573,0.16792486608028412,0.805016279220581
0.5254949927330017,-0.23030143976211548,-0.5181400775909424
0.10049973428249359,-0.4162072241306305,0.5808737277984619
-0.7084910273551941,-0.11620721220970154,0.40756160020828247
0.4005197584629059,-0.35532671213150024,0.5048160552978516
-0.08701317012310028,0.11436691135168076,0.8048160672187805
-0.2975956201553345,0.11073838174343109,-0.37097159028053284
-0.25672683119773865,-0.4162072241306305,-0.017413634806871414
0.13982686400413513,-0.25709041953086853,0.5048160552978516
-0.8975956439971924,0.26253262162208557,0.23795808851718903
-0.21640777587890625,0.07074430584907532,-0.455372154712677
0.3003005385398865,0.557221531867981,0.8719640970230103
0.4755655527114868,0.4202979505062103,0.5273157954216003
-0.5928905010223389,-0.3053872883319855,0.3219936192035675
0.3684496581554413,0.4202979505062103,-0.4460374414920807
0.6003005504608154,0.22148281335830688,0.2147776186466217
0.6003005504608154,-0.18926163017749786,-0.30318284034729004
-0.8975956439971924,0.05718041956424713,0.434390664100647
0.6862689256668091,0.12029793858528137,0.08446121215820312
0.6147916316986084,0.7202979326248169,0.19157710671424866
-0.22098813951015472,-0.4162072241306305,-0.22279587388038635
0.6003005504608154,0.01612059772014618,0.2058679759502411
-0.1941591054201126,0.007189933676272631,0.8048160672187805
-0.8458396196365356,-0.07175910472869873,0.23199161887168884
0.6003005504608154,-0.010678401216864586,0.312983900308609
-0.5975956320762634,-0.18926163017749786,-0.5085049867630005
-0.17996838688850403,0.01017877459526062,0.5023133158683777
0.17351412773132324,-0.6168997287750244,-1.1031239032745361
-0.03344520926475525,0.41929686069488525,0.616612434387207
-0.6995813846588135,0.11959719657897949,0.5951646566390991
-0.6817620992660522,-0.7486423254013062,-0.8264244198799133
0.2826814651489258,-0.06064707040786743,0.0755515992641449
-0.24483853578567505,0.3875579237937927,0.4625703692436218
0.22191649675369263,0.03045150637626648,0.5055168271064758
-0.2924655079841614,-0.4162072241306305,-0.6157210469245911
0.7666559219360352,0.2000350058078766,-1.1181401014328003
-0.8888862729072571,0.6040722131729126,-0.7639567852020264
0.22802233695983887,0.09582222998142242,0.485895574092865
0.10684199631214142,0.0948704183101654,-0.44506096839904785
-0.8043948411941528,0.7195972204208374,0.684461236000061
-0.33711379766464233,-0.3130956292152405,0.8006114959716797
0.8085012435913086,0.7198975086212158,-0.9511593580245972
0.5809796452522278,-0.2849652171134949,-0.701213538646698
-0.5975956320762634,0.141095831990242,-0.5710726976394653
0.7844752073287964,-0.7162072658538818,-0.6835698485374451
-0.05493307113647461,-0.11620721220970154,0.032555848360061646
-0.35493308305740356,-0.4162072241306305,0.46484822034835815
0.8836826086044312,0.5006603002548218,0.9983008503913879
0.5992994904518127,-0.16253270208835602,-0.4639568030834198
-0.42278188467025757,-0.2749497592449188,-0.5181400775909424
