-0.03994712978601456,0.5428882837295532,-0.5155970454216003
0.3697497248649597,-0.7783940434455872,0.5073341727256775
-0.32596439123153687,-0.6064761877059937,-0.48121121525764465
0.3585317134857178,0.5043408870697021,0.5395825505256653
-0.348731130361557,-0.10945146530866623,0.34686723351478577
0.34300553798675537,-0.1264556497335434,-0.21068674325942993
-0.3759195804595947,0.5519256591796875,0.10767117887735367
0.3257313668727875,-0.7395764589309692,-0.5029875636100769
-0.32419490814208984,-0.7377364635467529,0.4924793243408203
-0.34199368953704834,0.015899643301963806,-0.32947829365730286
0.3333241641521454,-0.13368701934814453,0.4801025688648224
0.35834771394729614,0.5341483950614929,-0.06639599800109863
-0.015667684376239777,-0.5369899868965149,0.0680534839630127
-0.11024948209524155,0.36565032601356506,0.4888913035392761
0.3407271206378937,0.27843570709228516,-0.490892618894577
0.006156199611723423,-0.25248757004737854,-0.48463666439056396
-0.022933725267648697,-0.38340142369270325,0.4888913035392761
0.3623683452606201,0.17417988181114197,0.13108766078948975
0.025546321645379066,0.5524777173995972,0.1383555382490158
-0.33904972672462463,-0.3688656687736511,-0.14286227524280548
0.35268694162368774,-0.36159777641296387,0.14076906442642212
-0.413703590631485,0.5389323234558105,-0.30928754806518555
-0.03261512890458107,0.13784049451351166,-0.474955290555954
-0.33904972672462463,0.17659340798854828,0.03169567137956619
-0.00839152093976736,0.0020446686539798975,0.5082541108131409
0.28975993394851685,-0.5176272392272949,-0.1937374472618103
-0.34217768907546997,-0.4634401202201843,0.22807565331459045
-0.07385488599538803,0.5621590614318848,-0.17920169234275818
-0.37608203291893005,0.5732420086860657,0.5076159238815308
0.3310457468032837,-0.3155770003795624,-0.48121121525764465
-0.32596439123153687,-0.2912404537200928,-0.48121121525764465
-0.08839064091444016,-0.4982644319534302,-0.31494253873825073
0.2588484287261963,0.19839705526828766,0.49100732803344727
-0.32596439123153687,0.2953849732875824,-0.48121121525764465
0.23161688446998596,0.5621590614318848,-0.3828863203525543
0.32377785444259644,-0.4440499544143677,0.4854658544063568
0.3673577904701233,0.5815218687057495,0.247438445687294
0.3720497190952301,0.18386128544807434,-0.17437463998794556
-0.3453056514263153,0.17659340798854828,0.46800774335861206
0.23888476192951202,-0.04158101603388786,-0.48463666439056396
-0.3606204688549042,-0.37369269132614136,0.51460200548172
0.10797092318534851,0.5621590614318848,0.4462040662765503
-0.3196869492530823,-0.13613705337047577,0.005055789835751057
0.13704244792461395,-0.5176272392272949,0.3007544279098511
-0.18536913394927979,0.5815218687057495,0.3273850977420807
-0.33904972672462463,0.2929714620113373,-0.2155410796403885
0.14431032538414001,-0.5127512812614441,-0.4877646267414093
0.35268694162368774,-0.08522510528564453,0.1044296845793724
-0.33904972672462463,0.35111454129219055,0.24987928569316864
-0.16597901284694672,-0.05372165888547897,-0.474955290555954
0.12733371555805206,0.36565032601356506,-0.4652738869190216
-0.11024948209524155,-0.5176272392272949,0.2934865355491638
-0.28721144795417786,0.5816138386726379,-0.5543226003646851
-0.1514432579278946,-0.20402590930461884,0.4985727071762085
0.14431032538414001,0.5621590614318848,-0.07013744860887527
0.1055574119091034,-0.1846631020307541,0.47920992970466614
0.3529629111289978,0.3365787863731384,0.3371858596801758
0.35268694162368774,0.39481380581855774,-0.2883118689060211
0.23161688446998596,-0.5176272392272949,0.03168646991252899
-0.2218005359172821,-0.5369899868965149,-0.024036891758441925
0.35268694162368774,-0.3325262665748596,-0.08467321842908859
-0.1538567841053009,-0.4112769663333893,-0.4852806627750397
0.3725096881389618,-0.5627495646476746,-0.4046899676322937
0.3720497190952301,0.32931089401245117,-0.04585617408156395
0.061922527849674225,-0.5273086428642273,-0.15254367887973785
-0.33904972672462463,0.11118246614933014,0.2571471631526947
-0.24226732552051544,-0.5507466793060303,0.47536757588386536
-0.34217768907546997,0.48929622769355774,-0.10652285814285278
-0.17321959137916565,0.5815218687057495,0.019591551274061203
-0.3196869492530823,-0.18224957585334778,-0.3004067838191986
-0.34217768907546997,-0.448812335729599,-0.35372284054756165
0.35558778047561646,0.5467464327812195,-0.5213930010795593
0.35268694162368774,0.060215309262275696,0.3371858596801758
0.35149097442626953,-0.5164312720298767,0.28621867299079895
0.04979108273983002,0.22020068764686584,0.4888913035392761
-0.12478525191545486,0.32931089401245117,-0.48463666439056396
-0.1629646271467209,0.5597671270370483,0.5432624816894531
-0.263930082321167,-0.02034487947821617,0.47302451729774475
0.34300553798675537,-0.3057762384414673,0.354135125875473
0.035255324095487595,-0.048858094960451126,-0.48463666439056396
-0.1756604164838791,0.5621590614318848,-0.35381484031677246
0.35268694162368774,0.02387591451406479,-0.3319191634654999
0.3720497190952301,0.031143793836236,-0.04349757358431816
-0.33904972672462463,-0.3397941589355469,0.053508512675762177
-0.33320489525794983,0.06992402672767639,-0.5102553963661194
-0.3399697244167328,0.03049979917705059,-0.11379073560237885
-0.328377902507782,0.37291818857192993,0.4951472580432892
-0.2696339786052704,-0.7415084838867188,-0.4105290174484253
0.1904231309890747,0.1790069341659546,-0.49431806802749634
-0.14658889174461365,0.17659340798854828,0.4888913035392761
-0.39167284965515137,0.5034209489822388,0.35645660758018494
0.13704244792461395,-0.49977949261665344,0.49201929569244385
0.044909123331308365,0.5524777173995972,-0.37803199887275696
0.35268694162368774,-0.3688656687736511,-0.2955797612667084
-0.33904972672462463,-0.27429118752479553,0.24261139333248138
0.20010453462600708,-0.0027731740847229958,0.4888913035392761
0.1661139726638794,0.38754594326019287,0.4888913035392761
0.35268694162368774,-0.15068203210830688,-0.3901542127132416
-0.24116334319114685,-0.5176272392272949,-0.1937374472618103
-0.33904972672462463,0.38754594326019287,0.0680534839630127
0.10314389318227768,0.5428882837295532,-0.5155970454216003
0.20981326699256897,0.5621590614318848,0.1044296845793724
0.1880096048116684,-0.23068390786647797,-0.48463666439056396
-0.36466842889785767,-0.10705634206533432,-0.46039217710494995
0.35268694162368774,-0.1288691759109497,0.2789508104324341
0.2626204192638397,-0.616157591342926,0.4025968015193939
0.17096833884716034,0.5524777173995972,0.28863221406936646
0.35268694162368774,0.3801860511302948,0.14076906442642212
-0.05930992588400841,0.5621590614318848,0.4025968015193939
-0.34217768907546997,0.009321748279035091,0.11896543204784393
-0.33904972672462463,0.4020816683769226,-0.3464549779891968
0.2606884241104126,0.5621590614318848,-0.20836521685123444
-0.0229429230093956,-0.5176272392272949,-0.462833046913147
0.2637243866920471,-0.27429118752479553,0.4933992922306061
-0.16112466156482697,-0.23068390786647797,-0.48463666439056396
0.10797092318534851,-0.5176272392272949,-0.324651300907135
0.3696577548980713,0.10202574729919434,-0.5071274042129517
-0.32936835289001465,0.20081058144569397,-0.35613635182380676
0.35268694162368774,-0.17254087328910828,-0.041038334369659424
-0.33562424778938293,-0.1628594696521759,0.4728620946407318
-0.08839064091444016,-0.5176272392272949,-0.07740533351898193
-0.2338954657316208,0.5621590614318848,-0.20100533962249756
0.3472590148448944,0.37291818857192993,0.49551522731781006
0.3680291175842285,0.56319260597229,-0.32844477891921997
0.025509800761938095,-0.4982644319534302,0.4219595789909363
-0.33904972672462463,-0.13613705337047577,-0.13559439778327942
0.3667137920856476,0.026316745206713676,0.51460200548172
-0.2119998335838318,-0.5176272392272949,0.15530483424663544
0.3747665584087372,0.5230597257614136,0.07592854648828506
0.38444796204566956,0.5327410697937012,0.3910265266895294
0.012600572779774666,0.5815218687057495,-0.018093910068273544
-0.027769045904278755,0.5079288482666016,0.5264756679534912
-0.24824722111225128,0.42434534430503845,-0.4896046221256256
0.35268694162368774,0.17659340798854828,-0.36108270287513733
-0.1756604164838791,-0.4051130712032318,0.48879939317703247
-0.20473195612430573,0.19839705526828766,-0.48463666439056396
-0.33904972672462463,0.3075072467327118,-0.06285117566585541
-0.33904972672462463,-0.1288599669933319,0.18437635898590088
-0.3418096899986267,-0.45617222785949707,0.3807011544704437
-0.3450296223163605,-0.6379612684249878,0.3972608745098114
0.24615268409252167,0.4529568552970886,-0.4877646267414093
-0.2484312206506729,0.5621590614318848,0.1625727117061615
0.23216889798641205,0.5427963137626648,0.5136879086494446
0.10070306062698364,-0.3688656687736511,-0.48463666439056396
-0.20473195612430573,-0.5176272392272949,-0.3901542127132416
-0.34272968769073486,0.04807151108980179,0.39229291677474976
-0.12234441190958023,0.5427963137626648,0.17954930663108826
0.35268694162368774,0.16932553052902222,-0.011948411352932453
0.35268694162368774,0.03841167688369751,0.19164423644542694
0.1055574119091034,0.5524777173995972,-0.22048741579055786
-0.25087207555770874,0.5815218687057495,0.4582989513874054
0.35268694162368774,0.19839705526828766,0.28621867299079895
0.15157820284366608,-0.5176272392272949,0.15530483424663544
0.372417688369751,-0.5322980880737305,-0.028943412005901337
-0.32936835289001465,0.18627481162548065,-0.13800792396068573
0.2641843557357788,-0.6670328378677368,-0.3921782076358795
-0.3065742552280426,-0.4707080125808716,-0.490892618894577
0.13704244792461395,-0.3397941589355469,0.4888913035392761
0.3529629111289978,-0.5070474147796631,0.1044296845793724
0.35268694162368774,-0.2234160304069519,0.16984058916568756
-0.24447526037693024,-0.7398035526275635,0.4134956896305084
0.35268694162368774,0.43115320801734924,-0.15013015270233154
-0.022933725267648697,-0.17254087328910828,0.4888913035392761
-0.33904972672462463,0.24200433492660522,0.15530483424663544
-0.33904972672462463,0.24200433492660522,0.3371858596801758
-0.0229429230093956,0.4384211003780365,-0.4877646267414093
-0.14658889174461365,0.07475106418132782,-0.48463666439056396
0.02068275958299637,0.5621590614318848,0.2934865355491638
0.23888476192951202,-0.4161528944969177,-0.48638463020324707
-0.3301043212413788,-0.5067498683929443,-0.10645242035388947
-0.34217768907546997,-0.5070474147796631,0.08260764181613922
-0.23923137784004211,0.2730998396873474,0.490823358297348
0.02070116065442562,0.38754594326019287,0.4888913035392761
-0.39167284965515137,0.5227837562561035,-0.4410293996334076
0.3333241641521454,0.009312549605965614,-0.2203681468963623
-0.24116334319114685,-0.5176272392272949,0.30802232027053833
0.07648588716983795,0.0844324603676796,-0.49431806802749634
0.11279796808958054,-0.5369899868965149,0.014688710682094097
0.35268694162368774,0.4384211003780365,-0.41195785999298096
0.018287640064954758,-0.5079458355903625,0.18932269513607025
-0.32936835289001465,-0.25490108132362366,-0.03862481564283371
0.35268694162368774,-0.26702332496643066,-0.20109732449054718
-0.2968655228614807,0.5815218687057495,-0.03858829289674759
0.372601717710495,-0.5990890264511108,0.5086221694946289
0.25342056155204773,-0.5176272392272949,-0.324651300907135
-0.11024948209524155,-0.5176272392272949,0.4825434982776642
-0.34217768907546997,0.46749261021614075,0.19173623621463776
0.006156199611723423,0.28570356965065,-0.48463666439056396
-0.3233669102191925,-0.26463136076927185,0.39229291677474976
-0.1635654866695404,0.5815218687057495,-0.4992644190788269
0.35268694162368774,-0.26702332496643066,0.046231433749198914
0.23161688446998596,-0.14340494573116302,0.4888913035392761
-0.33904972672462463,-0.29862770438194275,-0.35128194093704224
0.35268694162368774,0.060215309262275696,0.060776397585868835
-0.3324962854385376,0.4505433440208435,-0.22039543092250824
-0.1296396106481552,-0.08036062121391296,0.47920992970466614
-0.022933725267648697,-0.3906693160533905,-0.48463666439056396
0.35268694162368774,0.23473645746707916,0.4098646640777588
-0.13446664810180664,0.06262882053852081,0.47920992970466614
0.23403041064739227,0.3317244052886963,-0.49431806802749634
0.32377785444259644,-0.6210119724273682,-0.48121121525764465
-0.32594284415245056,-0.7204407453536987,-0.4647218883037567
-0.16112466156482697,0.5621590614318848,-0.0846824198961258
0.35268694162368774,0.44568896293640137,0.2789508104324341
0.35268694162368774,0.3075072467327118,-0.1937374472618103
-0.06656860560178757,-0.10222011059522629,-0.5039994716644287
0.09343516826629639,0.10382259637117386,0.4888913035392761
0.2025453895330429,-0.5176272392272949,-0.10652285814285278
-0.33904972672462463,0.38754594326019287,0.3735252618789673
0.2873190939426422,-0.7703901529312134,0.37789806723594666
0.24371181428432465,0.5815218687057495,0.4098646640777588
-0.26296699047088623,-0.2597554624080658,0.4951472580432892
0.35268694162368774,-0.39793720841407776,0.26441505551338196
0.28005120158195496,-0.4982644319534302,0.18690916895866394
-0.35942450165748596,-0.03921377286314964,0.23534351587295532
-0.33904972672462463,0.11118246614933014,-0.2374366968870163
0.35268694162368774,-0.041590213775634766,-0.44829726219177246
0.10070306062698364,-0.07067830115556717,0.4888913035392761
-0.08839064091444016,-0.5369899868965149,0.19647130370140076
-0.2840346395969391,0.5621590614318848,-0.41140586137771606
-0.34217768907546997,-0.448812335729599,-0.2300768345594406
0.3333241641521454,-0.22585687041282654,-0.2980206310749054
-0.25857260823249817,-0.6573514342308044,0.4860178530216217
0.3310457468032837,0.5524777173995972,-0.42408010363578796
0.2970278263092041,-0.1870766282081604,-0.490892618894577
0.35268694162368774,-0.4342765808105469,-0.44829726219177246
-0.348731130361557,0.0359981469810009,-0.007080251816660166
-0.27750274538993835,-0.6234255433082581,-0.3892342448234558
-0.32936835289001465,-0.0682712271809578,-0.24711811542510986
-0.12237172573804855,-0.5273086428642273,0.0438271090388298
-0.022933725267648697,0.1184503436088562,0.4888913035392761
0.05218620225787163,0.5524777173995972,-0.11864510923624039
0.2703697979450226,0.5718404650688171,-0.06773313879966736
-0.3860609531402588,0.5619750618934631,-0.21254825592041016
-0.26296699047088623,-0.15317805111408234,-0.4715298116207123
0.21952195465564728,0.5816138386726379,-0.5155970454216003
-0.3284699022769928,-0.4707080125808716,0.4953312575817108
0.35268694162368774,-0.4342765808105469,-0.14286227524280548
0.35268694162368774,0.4529568552970886,-0.03376125544309616
-0.31384211778640747,0.5621590614318848,0.2571471631526947
-0.33904972672462463,-0.24521969258785248,-0.17193381488323212
-0.3453056514263153,-0.04886729270219803,0.46800774335861206
0.35268694162368774,-0.38340142369270325,0.017141511663794518
-0.05930072441697121,0.26389992237091064,0.4888913035392761
-0.3584125339984894,-0.3809605836868286,0.15047778189182281
0.10070306062698364,-0.15794070065021515,-0.5039994716644287
-0.33904972672462463,-0.3688656687736511,0.30802232027053833
-0.33904972672462463,-0.25248757004737854,0.1262332946062088
0.26565635204315186,-0.5265511274337769,-0.4887765944004059
0.030373357236385345,-0.5273086428642273,-0.261653870344162
-0.20473195612430573,0.46749261021614075,0.49201929569244385
-0.2654078006744385,0.5467464327812195,0.5458384156227112
-0.26538050174713135,-0.3519164025783539,-0.48121121525764465
0.08616728335618973,0.5621590614318848,0.026859432458877563
0.2686923146247864,-0.6815685629844666,0.4958832263946533
-0.33562424778938293,-0.21373462677001953,-0.4019515812397003
-0.2495352029800415,-0.11507861316204071,0.4946872591972351
-0.2453952580690384,-0.6888364553451538,-0.48859262466430664
0.20981326699256897,-0.5176272392272949,0.4025968015193939
-0.24962718784809113,0.11053848266601562,0.4945952892303467
0.18074172735214233,-0.5176272392272949,-0.2155410796403885
0.34300553798675537,-0.17739520967006683,0.3638438582420349
0.3720497190952301,0.24200433492660522,-0.07989218086004257
-0.06656860560178757,-0.2815590798854828,0.4888913035392761
-0.09565852582454681,0.48202839493751526,0.49201929569244385
-0.3453056514263153,0.0020354704465717077,-0.4192257523536682
-0.10298160463571548,-0.5176272392272949,-0.18646956980228424
-0.3453056514263153,0.48202839493751526,0.46073979139328003
0.28975993394851685,0.17659340798854828,-0.490892618894577
0.2243490070104599,-0.42710068821907043,0.49275535345077515
0.2532365322113037,0.3075072467327118,0.48879939317703247
0.35268694162368774,-0.49977949261665344,-0.28104400634765625
-0.34217768907546997,0.474760502576828,0.0026085085701197386
0.1297745704650879,0.5621590614318848,-0.4264936149120331
0.282492071390152,0.4602247476577759,0.4951472580432892
0.3646252155303955,0.550361692905426,-0.2202545702457428
0.3529629111289978,-0.07070773839950562,-0.004652011673897505
0.3529629111289978,-0.39793720841407776,0.39532890915870667
-0.34217768907546997,-0.44154447317123413,-0.019207092002034187
-0.09567692875862122,0.5621590614318848,-0.43376150727272034
-0.04962852969765663,0.5524777173995972,0.10684319585561752
-0.33562424778938293,-0.5337054133415222,-0.42163926362991333
-0.23371148109436035,0.3341379165649414,-0.5036314725875854
0.10070306062698364,0.5467464327812195,0.5264756679534912
0.34300553798675537,-0.6573514342308044,0.4340817928314209
-0.12483412772417068,-0.535610020160675,-0.5060233473777771
0.3472590148448944,-0.5362109541893005,0.39358094334602356
-0.33564576506614685,-0.6016219258308411,0.49551522731781006
0.35268694162368774,0.26389992237091064,-0.30284765362739563
0.3623683452606201,0.2808492183685303,0.18932269513607025
0.282492071390152,0.5621590614318848,0.32255807518959045
0.17579537630081177,0.2589535713195801,0.47985392808914185
0.12736104428768158,0.25421854853630066,-0.49431806802749634
-0.11257100850343704,0.23714998364448547,-0.474955290555954
-0.33904972672462463,0.2929714620113373,-0.324651300907135
0.3333241641521454,0.12571825087070465,-0.12588566541671753
-0.27750274538993835,0.5621590614318848,-0.2955797612667084
-0.032660845667123795,0.0505065955221653,-0.5039994716644287
-0.33904972672462463,0.28570356965065,0.03896355256438255
-0.32936835289001465,0.14266753196716309,0.13591471314430237
0.21708114445209503,0.060215309262275696,-0.48463666439056396
0.372601717710495,-0.351889044046402,0.5086221694946289
-0.14658889174461365,0.44568896293640137,-0.4877646267414093
0.1321665197610855,0.5621590614318848,0.1874123066663742
-0.2702348530292511,-0.5176272392272949,-0.3101155161857605
0.34300553798675537,-0.0585486926138401,0.354135125875473
-0.33904972672462463,-0.05613517388701439,-0.041038334369659424
-0.3453056514263153,0.4020816683769226,-0.462833046913147
0.3720497190952301,-0.06341227144002914,-0.273776113986969
0.2752241790294647,0.5621590614318848,0.024409392848610878
-0.0059479218907654285,0.5815218687057495,-0.24470461905002594
0.07887181639671326,0.48202839493751526,-0.4877646267414093
0.3333241641521454,0.11362331360578537,0.40503761172294617
0.3419015407562256,-0.22095362842082977,0.48380985856056213
-0.37608203291893005,0.534516453742981,-0.06708942353725433
-0.3453056514263153,0.17659340798854828,-0.44829726219177246
0.1564052551984787,-0.0343131348490715,-0.5039994716644287
0.030373357236385345,-0.5079458355903625,0.31043583154678345
-0.24392330646514893,-0.5724583268165588,-0.4840846657752991
-0.12234441190958023,0.5815218687057495,0.2886595129966736
0.3119315803050995,0.5621590614318848,0.46138378977775574
0.35268694162368774,-0.32525837421417236,-0.3901542127132416
0.042514000087976456,-0.30336272716522217,0.4888913035392761
-0.3637484610080719,0.05538826808333397,0.4934912621974945
-0.14658889174461365,-0.5176272392272949,0.3880610167980194
0.3720497190952301,0.2711678147315979,0.10922911763191223
-0.26296699047088623,-0.017318131402134895,-0.4715298116207123
0.3599979281425476,-0.732535719871521,-0.38895824551582336
-0.3250228762626648,-0.6913692355155945,-0.40859702229499817
-0.33904972672462463,-0.07795263081789017,-0.3464549779891968
-0.13205313682556152,0.5621590614318848,-0.25924035906791687
-0.07867272198200226,0.5427963137626648,-0.33918705582618713
0.23888476192951202,0.5815218687057495,0.1989121288061142
0.23888476192951202,-0.3178984820842743,-0.48463666439056396
0.17347383499145508,0.48929622769355774,0.49201929569244385
-0.3453056514263153,0.3002393841743469,0.4316682815551758
0.35268694162368774,0.11109048128128052,-0.25924035906791687
-0.3549870252609253,-0.38581493496894836,-0.40954434871673584
0.35268694162368774,-0.09977926313877106,-0.10652285814285278
0.09343516826629639,0.31477513909339905,0.4888913035392761
0.2970278263092041,-0.04159941524267197,0.4951472580432892
-0.33904972672462463,0.39481380581855774,-0.1573980301618576
-0.10533992201089859,-0.31304410099983215,-0.49431806802749634
0.35268694162368774,-0.06341227144002914,0.20627199113368988
-0.33904972672462463,-0.20161238312721252,0.30802232027053833
-0.17080606520175934,0.5718404650688171,0.3856475055217743
0.02069195732474327,-0.5176272392272949,-0.37561848759651184
0.006137799471616745,0.5815218687057495,-0.462833046913147
-0.0011126018362119794,-0.47797587513923645,0.4924793243408203
-0.255699098110199,-0.6016219258308411,0.39348894357681274
0.26446041464805603,-0.5433868169784546,0.49376732110977173
-0.33904972672462463,0.14025400578975677,0.36625736951828003
-0.3751620352268219,0.5436184406280518,-0.5187250375747681
-0.39388084411621094,0.5582951307296753,0.19330021739006042
-0.27267569303512573,0.5815218687057495,0.07532136887311935
0.35268694162368774,0.48929622769355774,0.1625727117061615
0.22678984701633453,0.1231854036450386,0.5082541108131409
0.35268694162368774,-0.47797587513923645,0.19900409877300262
-0.3584125339984894,0.31721600890159607,0.16739976406097412
-0.20473195612430573,0.37291818857192993,0.4888913035392761
-0.3196869492530823,0.18630212545394897,-0.271335244178772
0.14913737773895264,0.5815218687057495,-0.3125563859939575
0.025509800761938095,-0.5369899868965149,-0.04103833809494972
-0.10056808590888977,-0.5273086428642273,-0.39983561635017395
-0.33518579602241516,-0.5175352692604065,0.30802232027053833
-0.38419944047927856,0.5677005052566528,0.42391884326934814
-0.3562965393066406,-0.7530513405799866,0.37679409980773926
0.35268694162368774,-0.2815590798854828,0.24261139333248138
0.07402664422988892,0.2153463512659073,-0.474955290555954
-0.19260971248149872,-0.5273086428642273,-0.11137722432613373
0.35602042078971863,0.39777928590774536,-0.49956202507019043
0.07641256600618362,-0.4586130976676941,-0.46840181946754456
0.17338186502456665,-0.5176272392272949,-0.3901542127132416
-0.3453056514263153,-0.5433868169784546,0.4244004189968109
0.11038445681333542,-0.2500740587711334,-0.474955290555954
0.17338186502456665,0.5621590614318848,0.017132312059402466
0.35268694162368774,0.41905829310417175,0.45103105902671814
0.35268694162368774,0.423885315656662,0.060776397585868835
0.25342056155204773,-0.5176272392272949,0.32255807518959045
0.3333241641521454,0.3462875187397003,0.2547062933444977
0.35268694162368774,-0.23795180022716522,-0.4410293996334076
-0.3453056514263153,-0.354329913854599,0.4025968015193939
-0.04480176791548729,-0.08520670980215073,0.4893513321876526
0.04250480234622955,0.5621590614318848,0.38079315423965454
0.3333241641521454,-0.24521969258785248,-0.11379073560237885
0.03283260017633438,0.48444193601608276,0.501976728439331
-0.1756604164838791,-0.5176272392272949,-0.273776113986969
-0.31384211778640747,0.5621590614318848,0.35898950695991516
0.14913737773895264,0.5815218687057495,0.35898950695991516
0.35268694162368774,0.25663208961486816,-0.4046899676322937
0.35273000597953796,0.23000140488147736,0.514970064163208
0.18791761994361877,0.5621590614318848,-0.1573980301618576
-0.34208565950393677,0.48929622769355774,-0.3754344582557678
-0.33904972672462463,0.39481380581855774,-0.048306215554475784
-0.33904972672462463,0.10382259637117386,-0.3609907329082489
-0.26296699047088623,0.5621590614318848,-0.10652285814285278
0.10311656445264816,-0.5273086428642273,0.4074511229991913
0.06190728768706322,-0.4160608649253845,0.4915592670440674
0.2640923857688904,-0.6961043477058411,-0.4774607717990875
0.3333241641521454,-0.16771380603313446,0.08986631780862808
0.2243490070104599,0.5621590614318848,-0.2883118689060211
-0.34217768907546997,0.4602247476577759,0.3007544279098511
-0.33904972672462463,-0.07795263081789017,0.11169756203889847
-0.341165691614151,-0.03193669393658638,0.32265007495880127
0.35268694162368774,0.3220430314540863,0.4244004189968109
-0.23957781493663788,-0.2573419511318207,-0.5003899931907654
0.35268694162368774,0.0965547189116478,0.2571471631526947
-0.27506187558174133,-0.7349765300750732,0.47661247849464417
-0.07385488599538803,0.5815218687057495,-0.07741453498601913
0.1661139726638794,0.48929622769355774,-0.4877646267414093
-0.16839253902435303,-0.2815590798854828,0.4890753924846649
0.35268694162368774,-0.3761335611343384,-0.20827320218086243
0.2970278263092041,0.5621590614318848,0.13350118696689606
-0.34217768907546997,0.46749261021614075,0.1044296845793724
-0.3620924651622772,-0.19668759405612946,0.4116557240486145
-0.14658889174461365,0.26389992237091064,0.4888913035392761
0.10311656445264816,-0.5273086428642273,0.07291704416275024
-0.015667684376239777,-0.5369899868965149,-0.16222509741783142
0.02070116065442562,0.5272916555404663,-0.5216689705848694
0.3432815372943878,-0.022181689739227295,0.44134968519210815
0.26795628666877747,-0.5176272392272949,0.11169756203889847
-0.3302883207798004,0.020818401128053665,-0.2179546058177948
-0.34098169207572937,-0.4135769307613373,0.09716179966926575
0.34061357378959656,-0.5233526825904846,-0.47808322310447693
-0.3641653060913086,-0.21660815179347992,0.03859555721282959
-0.33904972672462463,-0.048858094960451126,-0.1573980301618576
-0.33904972672462463,0.23229563236236572,0.2547062933444977
-0.3453056514263153,-0.1870766282081604,-0.47010093927383423
0.04732264578342438,0.5427963137626648,0.47527560591697693
0.21708114445209503,-0.1506728231906891,-0.5039994716644287
-0.33904972672462463,0.37291818857192993,-0.26650822162628174
-0.33904972672462463,0.13781316578388214,-0.04103833809494972
-0.26538050174713135,-0.5079458355903625,0.0922798439860344
-0.1804874688386917,-0.5369899868965149,-0.03376125544309616
-0.3196869492530823,0.2445371448993683,-0.15495720505714417
0.18547679483890533,0.1281590759754181,0.5082541108131409
0.006156199611723423,-0.1651809960603714,-0.48463666439056396
0.35268694162368774,0.46749261021614075,-0.3319191634654999
0.34063515067100525,-0.6306933760643005,-0.38895824551582336
-0.27750274538993835,-0.5176272392272949,0.22807565331459045
0.1880096048116684,-0.23795180022716522,0.4888913035392761
-0.26296699047088623,-0.38340142369270325,0.4951472580432892
0.3269762396812439,-0.09435424208641052,-0.48988062143325806
-0.06658700108528137,0.5621590614318848,0.49717122316360474
-0.36260131001472473,0.25317925214767456,-0.03151649236679077
0.35268694162368774,0.48202839493751526,-0.23016881942749023
-0.255699098110199,-0.08522510528564453,-0.490892618894577
-0.04474657028913498,0.3583824336528778,-0.48463666439056396
0.3333241641521454,0.026316745206713676,-0.41195785999298096
-0.16112466156482697,-0.5176272392272949,0.2208077609539032
-0.17324690520763397,-0.16035422682762146,-0.474955290555954
0.35268694162368774,-0.4342765808105469,-0.3465469479560852
-0.3584125339984894,0.040852513164281845,0.19173623621463776
-0.23621700704097748,0.10632810741662979,-0.474955290555954
-0.3584125339984894,-0.31545761227607727,-0.271335244178772
-0.3453056514263153,0.3075072467327118,-0.41195785999298096
-0.24171534180641174,-0.4707080125808716,0.4946872591972351
-0.2726268172264099,-0.5213991403579712,0.3873250186443329
0.2640923857688904,-0.6016219258308411,-0.4555651545524597
0.3188314735889435,0.5621590614318848,-0.15013015270233154
-0.0811319649219513,-0.4489043354988098,-0.4877646267414093
0.34863901138305664,-0.7570992708206177,0.40618473291397095
-0.32936835289001465,-0.017419051378965378,0.03655923530459404
0.35268694162368774,0.3583824336528778,-0.36108270287513733
0.05947248265147209,-0.1264556497335434,0.4985727071762085
-0.33904972672462463,-0.36159777641296387,-0.03376125544309616
0.19527748227119446,-0.07067830115556717,0.4888913035392761
0.35268694162368774,-0.13613705337047577,-0.3101155161857605
0.2970278263092041,0.5621590614318848,-0.324651300907135
-0.33904972672462463,-0.17254087328910828,0.11169756203889847
-0.2702348530292511,0.19839705526828766,0.49551522731781006
0.33828628063201904,-0.5369899868965149,0.012323668226599693
-0.21685419976711273,-0.4731215238571167,-0.47808322310447693
-0.3211100101470947,0.4965641498565674,-0.490892618894577
0.3333241641521454,0.15961682796478271,0.0680534839630127
0.35268694162368774,-0.2597554624080658,-0.03376125544309616
0.37232571840286255,0.14996270835399628,-0.42166659235954285
0.21708114445209503,0.2227334976196289,-0.5039994716644287
0.27821123600006104,-0.33496713638305664,0.4716445505619049
-0.34125766158103943,-0.0343131348490715,-0.4906165301799774
0.2545245587825775,-0.519099235534668,-0.4046899676322937
0.11038445681333542,0.0262710303068161,0.4985727071762085
0.3974412977695465,0.5341483950614929,0.01360772829502821
-0.33904972672462463,-0.13613705337047577,-0.055583298206329346
0.11038445681333542,0.5718404650688171,0.28863221406936646
-0.2847706079483032,0.20566493272781372,-0.490892618894577
0.24491359293460846,-0.7538793683052063,-0.410988986492157
-0.328377902507782,-0.5176272392272949,-0.1937374472618103
-0.08839064091444016,-0.42710068821907043,0.4922953248023987
0.35268694162368774,-0.4634401202201843,0.34445372223854065
-0.31384211778640747,-0.5176272392272949,0.15530483424663544
0.35268694162368774,0.36565032601356506,-0.10652285814285278
-0.33904972672462463,-0.13613705337047577,0.26441505551338196
0.25236546993255615,-0.7793140411376953,0.507794201374054
0.3720497190952301,-0.45363935828208923,-0.06767821311950684
0.35268694162368774,-0.005232410505414009,0.1262332946062088
-0.06656860560178757,0.18386128544807434,0.4888913035392761
0.18074172735214233,0.39481380581855774,-0.48463666439056396
-0.10783597826957703,0.13784049451351166,-0.474955290555954
-0.2022911161184311,0.5815218687057495,0.11169756203889847
-0.08593140542507172,-0.24277885258197784,-0.48463666439056396
0.35268694162368774,0.0965547189116478,-0.17920169234275818
0.35268694162368774,-0.2088802605867386,0.2716829180717468
0.18074172735214233,-0.5176272392272949,-0.2955797612667084
0.1880096048116684,-0.5176272392272949,0.23534353077411652
0.10797092318534851,-0.5176272392272949,0.22807565331459045
0.3507549464702606,0.4754045009613037,-0.4877646267414093
-0.35185906291007996,-0.439130961894989,-0.12591299414634705
0.2752241790294647,-0.5176272392272949,-0.048306215554475784
-0.25328558683395386,-0.5079458355903625,-0.07499182224273682
0.26795628666877747,0.5815218687057495,-0.4821958541870117
-0.3545485734939575,-0.5368980169296265,-0.024033213034272194
-0.3196869492530823,0.05538826808333397,0.09469336271286011
-0.33904972672462463,-0.30336272716522217,-0.09925498068332672
0.34300553798675537,-0.4245951771736145,0.06563996523618698
-0.03748788684606552,-0.5176272392272949,0.24987928569316864
-0.3695443272590637,0.5621590614318848,0.043772194534540176
0.3098156154155731,0.5600430965423584,0.5241756439208984
0.34063515067100525,-0.5176272392272949,-0.13559439778327942
-0.1175173819065094,0.5211277604103088,-0.4975164532661438
0.372601717710495,-0.22585687041282654,0.44376319646835327
-0.24116334319114685,0.5226917266845703,-0.5347758531570435
0.2686923146247864,0.031143793836236,0.49560728669166565
0.35268694162368774,-0.49977949261665344,0.46073979139328003
-0.34946709871292114,-0.5261126756668091,-0.26897066831588745
-0.328377902507782,-0.39793720841407776,-0.490892618894577
0.032777685672044754,0.5427963137626648,0.048681482672691345
0.34300553798675537,0.2589535713195801,0.02682291343808174
0.35268694162368774,-0.04886729270219803,-0.35372284054756165
-0.07384568452835083,-0.5176272392272949,0.4098646640777588
0.3559068739414215,0.5172638297080994,0.30802232027053833
-0.1756604164838791,0.5621590614318848,0.2208077609539032
-0.1151038408279419,-0.007627534214407206,-0.474955290555954
0.35268694162368774,0.11109048128128052,0.16984058916568756
-0.18292830884456635,-0.30336272716522217,-0.48463666439056396
-0.34447765350341797,-0.5409948229789734,-0.48859262466430664
0.35323894023895264,0.17659340798854828,0.48925936222076416
-0.34125766158103943,-0.6622058153152466,0.5148780345916748
0.14916467666625977,0.5524777173995972,0.49475768208503723
0.3967972993850708,0.5577431321144104,0.1626158505678177
-0.2702348530292511,0.43115320801734924,0.4951472580432892
-0.0011319218901917338,0.5621590614318848,0.21353988349437714
-0.32936835289001465,-0.1628594696521759,-0.21068674325942993
0.35268694162368774,-0.2088802605867386,-0.2519724667072296
-0.35754144191741943,0.5621590614318848,-0.37561848759651184
-0.39102888107299805,0.5802338719367981,0.2731548845767975
-0.32936835289001465,0.11350399255752563,-0.15254367887973785
0.35268694162368774,0.1911291778087616,-0.2883118689060211
0.35268694162368774,-0.06341227144002914,-0.18646956980228424
-0.3211100101470947,0.5621590614318848,-0.1573980301618576
0.09095752984285355,0.5621590614318848,-0.05559249594807625
-0.33562424778938293,-0.31313613057136536,-0.4143713712692261
0.3650851845741272,0.5133783221244812,0.45170238614082336
-0.36466842889785767,-0.2815590798854828,0.4825434982776642
0.34300553798675537,-0.7057857513427734,-0.44588375091552734
-0.33904972672462463,-0.28882694244384766,0.32255807518959045
-0.33562424778938293,-0.6403747797012329,-0.40954434871673584
0.30429571866989136,0.5226917266845703,-0.5210680365562439
0.013433278538286686,-0.32525837421417236,-0.48463666439056396
0.10797092318534851,-0.5176272392272949,-0.20827320218086243
0.17347383499145508,-0.36159777641296387,-0.5039994716644287
-0.34217768907546997,0.46749261021614075,-0.30284765362739563
-0.33904972672462463,-0.15068203210830688,-0.33918705582618713
-0.18775536119937897,0.5427963137626648,-0.1573980301618576
0.35268694162368774,-0.01250029169023037,0.03414570912718773
0.1661139726638794,-0.5176272392272949,0.07532136887311935
0.04979108273983002,-0.23068390786647797,0.4888913035392761
-0.18292830884456635,0.5621590614318848,-0.4264936149120331
-0.20473195612430573,0.5815218687057495,0.0001373100676573813
-0.3453056514263153,-0.41974082589149475,0.4462040662765503
-0.03747868165373802,0.3438466787338257,0.4888913035392761
0.35277891159057617,0.2929714620113373,0.2789508104324341
0.34300553798675537,-0.13373273611068726,0.022005070000886917
0.35268694162368774,-0.47797587513923645,-0.20100533962249756
-0.26296699047088623,-0.1870766282081604,0.4951472580432892
-0.33904972672462463,-0.2088802605867386,0.18437635898590088
0.35268694162368774,-0.16527299582958221,0.21353988349437714
0.3667137920856476,-0.6622058153152466,0.51460200548172
-0.2119998335838318,0.5815218687057495,0.5092661380767822
-0.328377902507782,0.5621590614318848,0.1625727117061615
-0.2767667770385742,-0.7814300060272217,-0.4987555146217346
-0.3453271687030792,0.5718404650688171,-0.23502318561077118
-0.3453056514263153,-0.09977926313877106,0.41713252663612366
-0.267821341753006,-0.5265295505523682,-0.3989156186580658
0.282492071390152,0.031143793836236,-0.490892618894577
0.35268694162368774,0.48202839493751526,-0.09925498068332672
-0.11506731808185577,-0.14581817388534546,0.5085301399230957
0.12250668555498123,-0.5176272392272949,-0.07012825459241867
0.35268694162368774,-0.3325262665748596,0.07532136887311935
0.34300553798675537,-0.1749543994665146,-0.12591299414634705
0.035255324095487595,0.35111454129219055,-0.48463666439056396
0.35268694162368774,-0.3688656687736511,0.3298259675502777
0.35268694162368774,0.16932553052902222,0.2208077609539032
-0.18292830884456635,-0.5176272392272949,0.45347192883491516
0.3188314735889435,0.11109048128128052,0.49551522731781006
-0.3440176546573639,0.4626167118549347,0.39229291677474976
0.26924431324005127,-0.25248757004737854,-0.490708589553833
-0.33904972672462463,0.060215309262275696,0.32255807518959045
0.3697986602783203,0.5226917266845703,-0.3828863203525543
0.17338186502456665,-0.4489043354988098,-0.4877646267414093
0.27901768684387207,0.39713528752326965,-0.48111918568611145
0.3115635812282562,-0.39793720841407776,-0.490892618894577
-0.34217768907546997,-0.448812335729599,0.3007544279098511
-0.29930636286735535,0.3583824336528778,-0.490892618894577
-0.2119998335838318,0.5621590614318848,-0.26650822162628174
-0.33904972672462463,-0.38340142369270325,-0.2519724667072296
0.35268694162368774,-0.027045251801609993,0.2789508104324341
0.008569719269871712,0.0723375454545021,-0.474955290555954
0.03768696263432503,0.5815218687057495,-0.2834848463535309
-0.08839064091444016,-0.34706202149391174,0.4888913035392761
0.027969039976596832,0.28570356965065,0.4888913035392761
0.35268694162368774,0.4020816683769226,0.35898950695991516
0.15157820284366608,0.03841167688369751,-0.48463666439056396
-0.32936835289001465,0.14510837197303772,0.20141763985157013
0.11523880809545517,0.14752189815044403,-0.48463666439056396
-0.33904972672462463,0.27843570709228516,0.2571471631526947
0.34300553798675537,-0.00036885117879137397,-0.11864510923624039
-0.052042052149772644,0.5815218687057495,-0.26650822162628174
0.35268694162368774,0.052947428077459335,0.4098646640777588
0.35268694162368774,0.25663208961486816,0.34445372223854065
0.35268694162368774,0.37291818857192993,-0.22290097177028656
-0.22662760317325592,0.5621590614318848,0.053499314934015274
0.35268694162368774,0.11109048128128052,-0.3901542127132416
0.08616728335618973,0.4091655910015106,0.48879939317703247
-0.3065742552280426,-0.5361189246177673,0.4951472580432892
-0.010838803835213184,0.24683135747909546,-0.5039994716644287
-0.36966368556022644,0.5524777173995972,-0.11137722432613373
-0.16839253902435303,0.25663208961486816,-0.48463666439056396
-0.09567692875862122,0.5621590614318848,0.002590108895674348
0.02069195546209812,-0.5369899868965149,0.1262332946062088
0.3334592580795288,-0.6088897585868835,0.39348894357681274
0.35268694162368774,0.0965547189116478,0.0025974689051508904
-0.10048556327819824,-0.04640804976224899,0.46952852606773376
-0.20473195612430573,0.48202839493751526,-0.4877646267414093
-0.3196869492530823,0.19595621526241302,0.27412375807762146
-0.2702348530292511,0.3365787863731384,0.4951472580432892
0.35268694162368774,0.16932553052902222,0.36625736951828003
-0.3637484610080719,0.25180503726005554,0.5128540396690369
-0.17324690520763397,-0.11917858570814133,0.4985727071762085
-0.34217768907546997,-0.45617222785949707,0.15530483424663544
-0.2022911161184311,0.13781316578388214,0.5082541108131409
-0.33904972672462463,0.31477513909339905,0.36625736951828003
-0.03748788684606552,0.42084938287734985,0.4915592670440674
0.35268694162368774,-0.34706202149391174,0.20627199113368988
-0.33904972672462463,0.4020816683769226,0.1625727117061615
0.02070116065442562,0.06748318672180176,0.4888913035392761
-0.21926771104335785,-0.32525837421417236,0.4888913035392761
-0.3196869492530823,-0.18224957585334778,-0.07989218086004257
-0.07383648306131363,0.09664670377969742,-0.48463666439056396
-0.052023645490407944,0.052947428077459335,0.46952852606773376
-0.0229429230093956,-0.5176272392272949,-0.3101155161857605
-0.0326792448759079,0.5427963137626648,0.23778437077999115
0.023160401731729507,-0.38575029373168945,-0.46490591764450073
0.04980028420686722,-0.11430583149194717,-0.48463666439056396
0.023160401731729507,0.04323871433734894,-0.5039994716644287
-0.06416428834199905,-0.5079458355903625,0.12137897312641144
0.28975993394851685,-0.5870861411094666,-0.3892342448234558
0.2752241790294647,-0.5369899868965149,-0.14042145013809204
0.1806497424840927,0.5621590614318848,-0.47010093927383423
0.23888476192951202,0.37291818857192993,0.48953530192375183
-0.3453056514263153,0.07475106418132782,-0.43376150727272034
-0.3453056514263153,-0.4489043354988098,-0.4410293996334076
0.0716039314866066,-0.5127512812614441,0.49257126450538635
0.3334592580795288,-0.5176272392272949,-0.3464549779891968
-0.1538567841053009,0.4159734845161438,0.49017930030822754
0.282492071390152,-0.5506547093391418,0.39348894357681274
0.2752241790294647,-0.47797587513923645,0.49551522731781006
0.35268694162368774,0.3438466787338257,-0.4410293996334076
-0.3453056514263153,0.23473645746707916,0.4244004189968109
0.11038445681333542,0.1790069341659546,0.47920992970466614
0.35268694162368774,-0.2960948348045349,0.13350118696689606
-0.33904972672462463,-0.354329913854599,0.23534353077411652
-0.33904972672462463,-0.38340142369270325,-0.3464549779891968
-0.015674125403165817,-0.45617222785949707,-0.4877646267414093
0.3720497190952301,-0.13368701934814453,0.3517216145992279
0.0716131255030632,0.2929714620113373,-0.48463666439056396
-0.054437167942523956,-0.5273086428642273,-0.23502318561077118
-0.059291522949934006,0.2929714620113373,-0.48463666439056396
-0.015674125403165817,0.5038319826126099,-0.4877646267414093
0.19033114612102509,0.5524777173995972,-0.24711811542510986
0.3333241641521454,0.31477513909339905,0.16739976406097412
0.2752241790294647,0.5815218687057495,0.2571471631526947
0.2626204192638397,-0.6815685629844666,0.4098646640777588
-0.3453056514263153,0.24200433492660522,-0.4410293996334076
0.2752241790294647,-0.616157591342926,0.4957912266254425
-0.248891219496727,-0.6743006706237793,0.39358094334602356
0.24932952225208282,-0.18951745331287384,0.514970064163208
-0.21926771104335785,0.5238876342773438,0.5443664789199829
0.294614315032959,-0.07309366762638092,-0.48121121525764465
-0.33904972672462463,0.38754594326019287,0.30802232027053833
0.14431032538414001,0.5621590614318848,0.1044296845793724
-0.1756604164838791,-0.5176272392272949,-0.1937374472618103
0.3623683452606201,0.018993951380252838,-0.2761896252632141
-0.1901961863040924,0.39481380581855774,-0.48463666439056396
0.38444796204566956,0.5327410697937012,-0.16643545031547546
0.3472590148448944,0.4529568552970886,0.49542325735092163
-0.1538567841053009,0.5815218687057495,0.44137701392173767
0.10070306062698364,-0.27429118752479553,0.4888913035392761
0.35268694162368774,-0.36159777641296387,-0.12349945306777954
-0.037497084587812424,0.5621590614318848,-0.4046899676322937
0.2752241790294647,-0.12159210443496704,-0.490892618894577
0.07400824874639511,0.5718404650688171,0.19649860262870789
0.35268694162368774,0.32931089401245117,0.060776397585868835
-0.10298160463571548,-0.5176272392272949,-0.004674091935157776
-0.328377902507782,0.5815218687057495,0.4486449360847473
0.13704244792461395,-0.5176272392272949,-0.15013015270233154
0.1661139726638794,-0.39793720841407776,0.4888913035392761
0.35268694162368774,-0.4270086884498596,-0.26650822162628174
-0.16839253902435303,-0.5176272392272949,0.32255807518959045
-0.23490744829177856,-0.519099235534668,-0.44829726219177246
-0.2847706079483032,-0.5176272392272949,-0.24470461905002594
-0.07871844619512558,0.5335690379142761,0.5540478825569153
-0.3162556290626526,0.006899027619510889,0.4854658544063568
-0.33904972672462463,-0.27429118752479553,0.02441859059035778
-0.3419016897678375,-0.5129352807998657,-0.35372284054756165
-0.36466842889785767,-0.715467095375061,0.40503761172294617
-0.08839064091444016,-0.5176272392272949,-0.4555651545524597
-0.37207719683647156,0.5815218687057495,-0.5113592743873596
0.3783544898033142,0.5329955816268921,-0.4773688316345215
-0.34217768907546997,0.5038319826126099,-0.17193381488323212
0.3115635812282562,-0.4634401202201843,-0.490892618894577
0.20981326699256897,-0.5176272392272949,0.47536757588386536
-0.022924525663256645,0.48202839493751526,0.49201929569244385
-0.28721144795417786,0.5815218687057495,-0.489463746547699
0.23888476192951202,0.14025400578975677,-0.48463666439056396
-0.19260971248149872,-0.022181689739227295,0.47920992970466614
-0.24419929087162018,-0.6743006706237793,-0.4046899676322937
-0.255699098110199,0.5038319826126099,0.49551522731781006
-0.3196869492530823,0.09181967377662659,0.04378139227628708
0.04311199486255646,0.5428882837295532,0.5199437737464905
-0.33904972672462463,0.35111454129219055,0.01715071313083172
0.28975993394851685,0.31477513909339905,-0.490892618894577
-0.16839253902435303,-0.5176272392272949,-0.33918705582618713
0.3600899279117584,0.23229563236236572,-0.5102553963661194
-0.32936835289001465,0.1790069341659546,-0.19132393598556519
0.35268694162368774,-0.3325262665748596,0.39532890915870667
-0.11024948209524155,0.5621590614318848,-0.12832652032375336
-0.32936835289001465,-0.3882558047771454,-0.09435462206602097
0.35268694162368774,-0.13613705337047577,0.14076906442642212
0.35268694162368774,0.48929622769355774,0.017141511663794518
-0.08111356198787689,0.40925756096839905,-0.48463666439056396
-0.33904972672462463,-0.048858094960451126,0.3735252618789673
-0.3584125339984894,-0.28882694244384766,0.15774567425251007
0.1297745704650879,-0.5176272392272949,0.36625736951828003
-0.33562424778938293,0.08687332272529602,0.4219869077205658
0.11523880809545517,0.43124520778656006,-0.4877646267414093
0.11765232682228088,0.4771740138530731,0.5017006993293762
-0.24410727620124817,-0.6234255433082581,-0.44829726219177246
0.20981326699256897,-0.5176272392272949,-0.462833046913147
-0.33904972672462463,0.03841167688369751,0.2571471631526947
-0.33904972672462463,-0.3179905116558075,-0.1937374472618103
0.1880096048116684,0.32931089401245117,0.4888913035392761
-0.17810125648975372,-0.4982644319534302,0.060776397585868835
0.3720497190952301,-0.33735328912734985,-0.031311213970184326
0.35268694162368774,-0.2234160304069519,-0.37561848759651184
0.26795628666877747,-0.5176272392272949,-0.2519724667072296
0.015874121338129044,-0.5369899868965149,0.036504313349723816
-0.15627029538154602,-0.5079458355903625,0.1649862378835678
0.04733184352517128,-0.0973145067691803,0.46952852606773376
0.07159473747015,0.5621590614318848,-0.44829726219177246
0.06432685256004333,0.5621590614318848,-0.18646956980228424
0.35268694162368774,0.38745391368865967,-0.048315417021512985
-0.33904972672462463,0.17659340798854828,-0.06285117566585541
0.05706816539168358,0.40925756096839905,-0.48463666439056396
0.35268694162368774,0.3220430314540863,-0.28104400634765625
0.14913737773895264,0.5427963137626648,-0.15495720505714417
0.17338186502456665,-0.17254087328910828,0.4888913035392761
-0.12478525191545486,0.5427963137626648,0.14076906442642212
0.2243490070104599,0.5621590614318848,0.34436172246932983
-0.31384211778640747,-0.6743006706237793,-0.490892618894577
-0.33904972672462463,0.40925756096839905,0.22807565331459045
0.2752241790294647,-0.09977926313877106,0.49551522731781006
0.32609936594963074,0.31477513909339905,0.4951472580432892
0.35268694162368774,-0.4513452351093292,0.009870870038866997
0.35268694162368774,0.26389992237091064,-0.2374366968870163
-0.36466842889785767,0.031143793836236,-0.49682357907295227
0.03042827919125557,-0.5369899868965149,-0.46039217710494995
0.12492020428180695,0.5524777173995972,-0.021639011800289154
0.17347383499145508,-0.10703794658184052,-0.48463666439056396
0.027969039976596832,-0.5369899868965149,-0.09925498068332672
-0.33904972672462463,0.22020068764686584,0.07533056288957596
-0.3453056514263153,0.44568896293640137,-0.4192257523536682
0.35268694162368774,-0.28882694244384766,-0.273776113986969
0.35268694162368774,0.48929622769355774,0.23534353077411652
-0.35754144191741943,0.5226917266845703,0.22807565331459045
-0.20473195612430573,0.04567955434322357,0.4888913035392761
-0.33148428797721863,-0.022255294024944305,-0.24229107797145844
0.32609936594963074,-0.26702332496643066,0.4951472580432892
-0.2119998335838318,-0.5176272392272949,0.39532890915870667
-0.3445696234703064,0.5172638297080994,0.06563392281532288
0.34300553798675537,-0.1628594696521759,-0.4797823429107666
-0.29181140661239624,-0.7422443628311157,-0.4120929539203644
0.3188314735889435,-0.15068203210830688,0.49551522731781006
-0.38187211751937866,-0.20183952152729034,-0.030768422409892082
-0.3497215211391449,0.5211277604103088,0.2934865355491638
0.36775314807891846,0.5337530970573425,-0.25618287920951843
-0.2119998335838318,0.21293282508850098,0.4888913035392761
0.23888476192951202,-0.027045251801609993,0.4888913035392761
-0.2847706079483032,-0.5288510322570801,-0.490892618894577
-0.3954448103904724,0.5402634143829346,-0.2519724667072296
0.16620595753192902,0.09664670377969742,-0.48463666439056396
0.35268694162368774,0.3002393841743469,-0.11379073560237885
-0.3196869492530823,0.3365787863731384,-0.16222509741783142
-0.044764965772628784,0.5621590614318848,0.32255807518959045
-0.03508356586098671,0.5524777173995972,0.029272953048348427
-0.2495352029800415,0.25718405842781067,-0.48988062143325806
-0.34217768907546997,-0.0052416156977415085,0.17720046639442444
0.3720497190952301,-0.007682451978325844,-0.028952617198228836
-0.008391521871089935,0.20566493272781372,0.4888913035392761
-0.3453056514263153,-0.05614437535405159,-0.4046899676322937
-0.2920384705066681,-0.041590213775634766,0.49551522731781006
-0.1538567841053009,0.5110078454017639,0.49201929569244385
0.35268694162368774,0.18386128544807434,-0.08467321842908859
0.35268694162368774,0.4602247476577759,0.34445372223854065
-0.3065742552280426,0.4384211003780365,-0.490892618894577
0.09343516826629639,-0.5176272392272949,-0.26650822162628174
-0.23633630573749542,0.5815218687057495,0.3735252618789673
0.3333241641521454,0.12089119851589203,0.2813916504383087
0.2752241790294647,-0.5176272392272949,0.26441505551338196
-0.24419929087162018,-0.7251757979393005,-0.4410293996334076
-0.31384211778640747,-0.5870861411094666,0.39348894357681274
-0.29930636286735535,0.5621590614318848,-0.35381484031677246
0.17096833884716034,0.5142062902450562,0.5346850752830505
-0.3453056514263153,-0.3397941589355469,-0.4840846657752991
-0.35763341188430786,0.5226917266845703,0.4025968015193939
-0.40135425329208374,0.5324651598930359,0.012273350730538368
-0.34438565373420715,-0.11432422697544098,0.4934912621974945
-0.13932101428508759,0.5404043197631836,-0.5198290348052979
-0.3453056514263153,0.39472177624702454,0.4316682815551758
0.3407271206378937,0.5427963137626648,0.019591551274061203
-0.3453056514263153,0.36565032601356506,-0.39227017760276794
-0.24456730484962463,0.1553417593240738,-0.48739662766456604
0.28975993394851685,0.5621590614318848,0.38079315423965454
-0.3453056514263153,-0.47797587513923645,0.43893617391586304
0.19527748227119446,-0.3325262665748596,0.4888913035392761
-0.33564576506614685,0.43115320801734924,0.4951472580432892
-0.21926771104335785,-0.5176272392272949,0.23534353077411652
0.0036859193351119757,0.5427963137626648,-0.21310026943683624
0.3725096881389618,0.10874161869287491,0.11169756203889847
-0.10288961231708527,-0.36159777641296387,-0.48463666439056396
-0.22662760317325592,0.5621590614318848,-0.3828863203525543
0.35268694162368774,-0.2960948348045349,-0.15013015270233154
-0.33904972672462463,0.26389992237091064,-0.26650822162628174
0.2025453895330429,0.5621590614318848,-0.03377045318484306
-0.34199368953704834,-0.42093682289123535,0.038972750306129456
-0.05204204469919205,0.5621590614318848,0.16984058916568756
0.35268694162368774,0.12571825087070465,-0.3319191634654999
0.07888101041316986,-0.5176272392272949,-0.3828863203525543
-0.348731130361557,-0.08763402700424194,0.24746577441692352
-0.27267569303512573,-0.5369899868965149,-0.15495720505714417
0.05459972470998764,-0.5369899868965149,-0.3367461860179901
-0.03748788684606552,-0.5176272392272949,-0.3683505952358246
0.04979108273983002,-0.5176272392272949,-0.20100533962249756
0.35268694162368774,-0.4270086884498596,0.13350118696689606
0.10070306062698364,-0.10457870364189148,-0.5039994716644287
-0.03507436439394951,-0.5273086428642273,-0.002267010509967804
0.15157820284366608,-0.5176272392272949,-0.019216293469071388
-0.33904972672462463,-0.10704714804887772,-0.2955797612667084
-0.0229429230093956,-0.5176272392272949,0.3517216145992279
0.02557392232120037,0.14510837197303772,-0.474955290555954
0.042514000087976456,0.16205763816833496,0.4888913035392761
-0.13688018918037415,-0.05612597241997719,-0.4652738869190216
0.2970278263092041,0.1184503436088562,-0.490892618894577
0.35268694162368774,-0.3761335611343384,-0.36108270287513733
-0.3196869492530823,0.3075072467327118,0.0777989998459816
-0.33904972672462463,0.3220430314540863,0.3007544279098511
0.35268694162368774,-0.3179905116558075,-0.324651300907135
-0.1538567841053009,0.5621590614318848,0.2789508104324341
-0.2581126093864441,0.5718404650688171,-0.453151673078537
0.09828952699899673,0.23714998364448547,0.47920992970466614
0.3091500699520111,0.5524777173995972,-0.09436381608247757
0.35268694162368774,-0.40520504117012024,0.19900409877300262
0.15157820284366608,-0.28882694244384766,-0.48463666439056396
-0.3453056514263153,-0.1506912112236023,-0.39742210507392883
-0.19746406376361847,-0.36159777641296387,-0.48463666439056396
0.35259494185447693,0.5110078454017639,-0.041038334369659424
-0.33323225378990173,0.5233141779899597,0.535973072052002
0.35323894023895264,-0.07549797743558884,0.5086221694946289
-0.26296699047088623,0.5621590614318848,0.30802232027053833
0.17338186502456665,0.5621590614318848,-0.3828863203525543
0.20001254975795746,0.5621590614318848,-0.5089731812477112
-0.33904972672462463,-0.30336272716522217,-0.041038334369659424
-0.0326700434088707,-0.5369899868965149,0.5019063353538513
-0.01567688211798668,0.5621590614318848,-0.12832652032375336
-0.08112276345491409,-0.5176272392272949,0.3517216145992279
-0.33904972672462463,-0.0706801488995552,0.18437635898590088
0.10797092318534851,-0.13613705337047577,0.4888913035392761
0.34300553798675537,0.07716458290815353,-0.11864510923624039
-0.12478525191545486,0.1184503436088562,0.4888913035392761
-0.06656860560178757,-0.2234160304069519,0.4888913035392761
0.11523880809545517,-0.4489043354988098,-0.4877646267414093
0.35268694162368774,0.03841167688369751,0.2571471631526947
0.19527748227119446,-0.5176272392272949,0.32255807518959045
0.23161688446998596,0.48929622769355774,0.49201929569244385
0.3623683452606201,0.2516857385635376,-0.14771662652492523
-0.30174723267555237,0.5621590614318848,-0.09925498068332672
-0.38652098178863525,0.5226917266845703,0.14803694188594818
-0.052042048424482346,0.5621590614318848,-0.4773688316345215
-0.2944793403148651,-0.10458790510892868,-0.5102553963661194
-0.3399697244167328,-0.40630903840065,0.20627199113368988
-0.3388657569885254,0.03841167688369751,-0.37552645802497864
0.08782325685024261,0.5427963137626648,0.09353074431419373
0.2970278263092041,0.5211277604103088,0.5037951469421387
-0.3065742552280426,-0.2234160304069519,-0.490892618894577
-0.3211100101470947,0.14752189815044403,-0.490892618894577
0.35268694162368774,0.5038319826126099,-0.43376150727272034
-0.3228148818016052,-0.010041054338216782,-0.021666333079338074
-0.34217768907546997,0.43115320801734924,-0.11379073560237885
-0.03021080419421196,-0.32525837421417236,0.4888913035392761
0.35268694162368774,-0.08522510528564453,-0.39742210507392883
0.3189234733581543,-0.5176272392272949,0.22807565331459045
0.19518551230430603,0.5815218687057495,0.44137701392173767
0.35268694162368774,0.40934956073760986,0.19900409877300262
-0.33904972672462463,0.3583824336528778,-0.20100533962249756
-0.08352681249380112,-0.19907957315444946,-0.48463666439056396
-0.3453056514263153,-0.24521969258785248,-0.44829726219177246
0.3529629111289978,-0.07068198174238205,0.4244004189968109
-0.0011181222507730126,-0.26702332496643066,0.4888913035392761
-0.09566772729158401,0.3075072467327118,0.4888913035392761
0.12250668555498123,-0.5176272392272949,-0.4192257523536682
0.35268694162368774,-0.2234160304069519,0.009870870038866997
-0.3453056514263153,-0.23795180022716522,0.4462040662765503
-0.16112466156482697,0.3365787863731384,0.4888913035392761
0.35268694162368774,-0.36159777641296387,-0.43376150727272034
0.3333672285079956,0.5621590614318848,-0.28104400634765625
-0.33562424778938293,0.14993542432785034,-0.4143713712692261
-0.14417536556720734,-0.5273086428642273,-0.43617501854896545
-0.3418096899986267,0.5110078454017639,-0.04102913662791252
0.3188314735889435,-0.7106400728225708,0.39348894357681274
-0.3793450891971588,0.5226917266845703,0.4826354384422302
0.2697962820529938,-0.7738861441612244,-0.5094273686408997
-0.255699098110199,-0.6016219258308411,0.49551522731781006
-0.23371148109436035,-0.05613517388701439,0.48879939317703247
0.3188314735889435,-0.5288510322570801,0.4951472580432892
0.05950901284813881,0.5271996259689331,-0.5215769410133362
-0.33562424778938293,-0.6985177993774414,-0.4313479959964752
0.2145971804857254,0.5172638297080994,-0.4912605881690979
-0.29930636286735535,-0.31072261929512024,0.49551522731781006
-0.27991625666618347,0.5718404650688171,0.49475768208503723
-0.2119998335838318,-0.019758975133299828,-0.48463666439056396
0.3333672285079956,0.5621590614318848,-0.3683505952358246
-0.26296699047088623,0.4965641498565674,-0.490892618894577
0.282492071390152,-0.4124729335308075,0.49551522731781006
-0.0908866822719574,0.5427963137626648,-0.3804454803466797
0.3334592580795288,0.009321748279035091,-0.490892618894577
0.08616728335618973,-0.5176272392272949,0.177108496427536
0.35268694162368774,0.40934956073760986,0.0025974689051508904
-0.10056808590888977,-0.5273086428642273,-0.13800792396068573
-0.24419929087162018,-0.5797262191772461,-0.39742210507392883
0.35268694162368774,-0.24521969258785248,0.0777989998459816
-0.33904972672462463,-0.23795180022716522,-0.33918705582618713
0.10311656445264816,0.01173526793718338,-0.49431806802749634
-0.015657564625144005,-0.07067187130451202,-0.48463666439056396
0.34300553798675537,-0.2355382740497589,0.3322394788265228
0.1880096048116684,0.19839705526828766,0.4888913035392761
0.20981326699256897,-0.5176272392272949,0.18437635898590088
0.027969039976596832,-0.36159777641296387,0.4888913035392761
-0.3584125339984894,-0.09004294872283936,-0.10652285814285278
0.11523880809545517,-0.4489043354988098,0.4922953248023987
0.33819425106048584,0.5815218687057495,-0.5039994716644287
-0.348731130361557,0.3607959449291229,-0.3077020049095154
-0.34786003828048706,0.5323730707168579,-0.2979932725429535
-0.3453056514263153,0.009312549605965614,0.4316682815551758
-0.31384211778640747,-0.21858897805213928,0.4951472580432892
-0.3453056514263153,0.3365787863731384,-0.47010093927383423
0.26924431324005127,0.26389992237091064,-0.490708589553833
0.2970278263092041,0.39472177624702454,0.4951472580432892
0.3495159149169922,0.5809698700904846,0.2593120038509369
0.35268694162368774,-0.41974082589149475,0.4462040662765503
0.35268694162368774,-0.5651904940605164,-0.47010093927383423
0.32609936594963074,0.5621590614318848,-0.01922549121081829
-0.24263529479503632,-0.645229160785675,0.4462960660457611
-0.33157628774642944,0.22988209128379822,-0.48093515634536743
0.3334592580795288,-0.5176272392272949,0.34445372223854065
0.2595844566822052,-0.522871196269989,0.44381213188171387
-0.24272732436656952,-0.7251757979393005,0.4462040662765503
0.15884608030319214,-0.5176272392272949,0.4462040662765503
0.35268694162368774,-0.7179999351501465,0.45347192883491516
0.2752241790294647,0.2492721825838089,0.49551522731781006
-0.328377902507782,-0.5175352692604065,0.3806091547012329
0.23888476192951202,-0.2088802605867386,-0.48463666439056396
-0.23417143523693085,-0.4106329679489136,-0.4859246611595154
-0.38592004776000977,0.20792175829410553,0.04955889657139778
0.3310457468032837,-0.21373462677001953,-0.48121121525764465
-0.33904972672462463,0.060215309262275696,-0.28104400634765625
-0.2265356034040451,-0.5176272392272949,-0.24470461905002594
-0.34217768907546997,-0.4634401202201843,-0.28104400634765625
-0.32936835289001465,0.05780179426074028,-0.04590189829468727
0.08616728335618973,-0.3178984820842743,-0.48463666439056396
0.24615268409252167,0.5621590614318848,-0.1573980301618576
0.3310457468032837,0.5524777173995972,0.3856475055217743
-0.1175173819065094,-0.5176272392272949,-0.2374366968870163
-0.33904972672462463,0.24200433492660522,-0.20100533962249756
0.19759902358055115,0.5718404650688171,0.1746949553489685
0.3529629111289978,-0.3179905116558075,-0.2155410796403885
0.3333241641521454,-0.13368701934814453,0.21100705862045288
-0.1175173819065094,0.5621590614318848,0.5117069482803345
0.15884608030319214,-0.15794070065021515,-0.48463666439056396
-0.13205313682556152,-0.4634401202201843,-0.4877646267414093
0.04979108273983002,0.002044669119641185,0.4888913035392761
0.35268694162368774,-0.0925021842122078,0.046231433749198914
0.35268694162368774,-0.01250029169023037,0.2208077609539032
-0.33904972672462463,-0.28882694244384766,0.07533056288957596
0.35268694162368774,-0.11432422697544098,-0.25924035906791687
0.35268694162368774,-0.3688656687736511,-0.03376125544309616
0.35268694162368774,0.2274685651063919,-0.3464549779891968
0.19286397099494934,0.5718404650688171,-0.11620426177978516
0.35268694162368774,-0.2960948348045349,0.43893617391586304
-0.33904972672462463,0.25663208961486816,-0.07739613205194473
-0.32936835289001465,-0.13127350807189941,-0.17678816616535187
0.3720497190952301,0.1911291778087616,0.05350850895047188
0.1880096048116684,-0.03676317259669304,-0.5039994716644287
-0.052032843232154846,-0.5176272392272949,0.3007544279098511
0.02069195732474327,-0.5176272392272949,0.45347192883491516
0.35268694162368774,-0.2815590798854828,0.18437635898590088
0.35268694162368774,0.16932553052902222,-0.14286227524280548
-0.348731130361557,0.13539965450763702,-0.27863049507141113
-0.3196869492530823,-0.1870766282081604,-0.1307673305273056
0.35268694162368774,-0.1288599669933319,0.4098646640777588
0.21708114445209503,-0.5176272392272949,0.1262332946062088
-0.2920384705066681,0.27843570709228516,0.4951472580432892
0.282492071390152,-0.34706202149391174,-0.490892618894577
0.349423885345459,0.5420603156089783,0.5162580013275146
-0.35754144191741943,0.5621590614318848,-0.43376150727272034
