0.26265689730644226,-0.6994362473487854,0.5412641167640686
-0.3970297873020172,0.6340557932853699,-0.6349766850471497
0.06488214433193207,0.6350580453872681,0.6302759051322937
-0.37748613953590393,-0.6969176530838013,-0.5926562547683716
0.42069706320762634,0.05205560475587845,-0.21594049036502838
-0.39250674843788147,-0.08550463616847992,0.2462048977613449
0.4396393597126007,-0.6783019304275513,-0.5887475609779358
-0.45454534888267517,0.6296330690383911,0.08881328999996185
0.3329009413719177,0.6319511532783508,-0.6452996730804443
0.4096853733062744,0.0030572160612791777,0.5117982625961304
-0.19948844611644745,-0.0017193806124851108,-0.5583053827285767
-0.3817957639694214,-0.6862196326255798,0.4919669032096863
0.40516236424446106,0.6562796235084534,0.07387284189462662
0.026561545208096504,-0.6868951916694641,-0.05898398160934448
-0.40374481678009033,0.38196682929992676,0.5800377726554871
-0.04245178773999214,0.656480073928833,-0.2655254304409027
0.410687655210495,-0.35105785727500916,0.11340823769569397
-0.39250674843788147,-0.3806239068508148,-0.16691803932189941
-0.061938244849443436,-0.3068591356277466,0.5592041015625
-0.3824973404407501,0.21960408985614777,-0.15690860152244568
0.2331910878419876,-0.23309434950351715,-0.5683148503303528
-0.002926410408690572,0.19486172497272491,0.5592041015625
0.15932609140872955,0.23906047642230988,-0.5683148503303528
-0.04243174195289612,0.6354590058326721,0.2266482710838318
0.42069706320762634,0.4357127547264099,0.48705586791038513
0.4390380084514618,-0.6829864978790283,-0.1398705393075943
0.026579510420560837,-0.6994362473487854,-0.4915432929992676
0.410687655210495,0.20959463715553284,0.15770718455314636
0.410687655210495,0.4604550898075104,-0.2849818468093872
-0.3802924156188965,-0.6496378779411316,0.11259349435567856
-0.17520837485790253,-0.37061449885368347,-0.5583053827285767
-0.04718529060482979,0.5636856555938721,-0.6172240376472473
0.410687655210495,-0.36579078435897827,0.49706530570983887
-0.40613722801208496,0.28325924277305603,0.20190593600273132
0.410687655210495,-0.3215920627117157,-0.25551602244377136
-0.42107057571411133,0.5792204141616821,-0.2849818468093872
-0.07382480800151825,-0.6773869395256042,0.3228761851787567
-0.38088083267211914,0.2980923652648926,-0.53584223985672
0.31335723400115967,-0.6673775315284729,0.19387505948543549
-0.3028193414211273,0.02255970984697342,0.558916449546814
-0.38849782943725586,-0.35105785727500916,0.45366835594177246
-0.31282877922058105,0.6464706659317017,0.3937344551086426
-0.2574049234390259,-0.6745806932449341,-0.2168295532464981
-0.3824973404407501,-0.09551407396793365,-0.27497240900993347
0.42019593715667725,0.037302643060684204,-0.5714088082313538
0.2331910878419876,0.6464706659317017,0.3641684055328369
0.3996759355068207,-0.07544508576393127,0.22146253287792206
-0.3824973404407501,-0.3410484194755554,0.11823193728923798
-0.2047744244337082,0.656480073928833,-0.00939905270934105
0.14459316432476044,-0.11503060162067413,0.5586028099060059
-0.00291638751514256,-0.5871854424476624,0.5786475539207458
0.4203964173793793,0.34721505641937256,-0.6170106530189514
0.20362503826618195,0.6454684138298035,-0.4030455946922302
-0.39582711458206177,-0.31158262491226196,-0.4349297285079956
-0.15046600997447968,0.44572219252586365,0.6078127026557922
0.21835796535015106,-0.5132201910018921,-0.5683148503303528
0.13986968994140625,0.6364612579345703,0.005351901054382324
-0.10616706311702728,0.29799214005470276,-0.5683148503303528
-0.38570448756217957,-0.02933206781744957,-0.029397882521152496
0.06609486043453217,-0.03649222105741501,-0.5583053827285767
-0.37898948788642883,0.6315502524375916,0.634986400604248
0.2773898243904114,0.22432756423950195,0.5592041015625
0.3104766607284546,0.6350580453872681,0.6302759051322937
0.410687655210495,-0.11503060162067413,-0.03416144847869873
0.22597497701644897,-0.6773869395256042,-0.31093981862068176
0.42069706320762634,0.2733500301837921,-0.10318271070718765
0.410687655210495,0.44572219252586365,0.2462048977613449
-0.20949788391590118,0.6464706659317017,-0.4473445415496826
0.1741592139005661,-0.41008976101875305,0.5592041015625
0.43013107776641846,-0.5871854424476624,0.3937344551086426
0.115127332508564,0.40142321586608887,0.6078127026557922
0.410687655210495,-0.5134206414222717,-0.4030455946922302
0.3364216983318329,0.6464706659317017,-0.15218514204025269
0.410687655210495,0.2391607016324997,-0.3883126974105835
-0.41976767778396606,0.4309892952442169,-0.07841029763221741
-0.2242308259010315,-0.4986876845359802,0.5592041015625
-0.39140430092811584,-0.5482985973358154,-0.37227684259414673
0.3996759355068207,-0.1397729516029358,-0.3930361568927765
-0.1014435738325119,-0.05122513324022293,0.5481925010681152
-0.40613722801208496,0.09157096594572067,-0.43251141905784607
-0.39250674843788147,0.12119714915752411,0.3640682101249695
-0.07669120281934738,0.6454684138298035,0.4527663588523865
0.18889214098453522,0.4604550898075104,-0.6172240376472473
-0.18475554883480072,-0.6891261339187622,-0.4449262320995331
-0.38488972187042236,-0.5249464511871338,0.30643945932388306
-0.16630138456821442,-0.6773869395256042,0.08411279320716858
-0.2858685255050659,-0.18879538774490356,0.5657187104225159
-0.25379690527915955,0.4604550898075104,-0.6172240376472473
0.41048717498779297,0.20959463715553284,0.37900155782699585
0.14529474079608917,-0.6773869395256042,0.35023730993270874
-0.4297770857810974,0.4357127547264099,0.35944491624832153
-0.41976767778396606,0.3573246896266937,-0.3292807936668396
0.410687655210495,0.5932517647743225,-0.46207746863365173
0.24902647733688354,-0.6768857836723328,-0.028087880462408066
0.41921961307525635,-0.5698337554931641,0.04376557096838951
-0.2638063430786133,0.656480073928833,0.17716357111930847
-0.36656174063682556,-0.14260511100292206,-0.5819322466850281
0.40998604893684387,-0.35105785727500916,-0.5505751371383667
-0.22433103621006012,0.25389364361763,0.5587030649185181
0.026579510420560837,-0.27729305624961853,-0.5683148503303528
0.04692789167165756,-0.6873963475227356,0.14849953353405
-0.1651989221572876,-0.6994362473487854,0.5117982625961304
0.011825546622276306,-0.4986876845359802,-0.5683148503303528
0.410687655210495,-0.27729305624961853,0.3052367568016052
-0.3422946035861969,-0.4838545322418213,-0.5780364871025085
-0.18003207445144653,0.6460698246955872,0.629761815071106
-0.053265951573848724,-0.6873963475227356,-0.3105259835720062
0.3364216983318329,-0.18879538774490356,0.5582019686698914
-0.3977183997631073,0.1494603008031845,0.04908452555537224
0.410687655210495,0.09157096594572067,-0.004643503576517105
0.41038697957992554,0.4456219971179962,0.024870432913303375
0.42069706320762634,-0.4791310727596283,-0.13272874057292938
-0.41976767778396606,0.4899209439754486,-0.47681036591529846
0.39516589045524597,0.6333542466163635,0.4525788724422455
-0.40603700280189514,-0.4953802824020386,-0.004645508714020252
-0.27162376046180725,-0.6673775315284729,0.27826356887817383
-0.23424026370048523,0.6364612579345703,-0.20120757818222046
0.38702183961868286,-0.53788822889328,0.5892584323883057
-0.37658414244651794,0.656480073928833,-0.11799581348896027
-0.1651989221572876,-0.5871854424476624,-0.5877582430839539
0.12115370482206345,0.6519700288772583,-0.6452996730804443
-0.4142424166202545,-0.11025700718164444,0.45375561714172363
0.21835796535015106,-0.6994362473487854,-0.53584223985672
0.41518476605415344,0.653373122215271,0.26075029373168945
0.18889214098453522,0.6464706659317017,0.17244009673595428
-0.3961277902126312,-0.2074499875307083,-0.088429756462574
-0.21301868557929993,0.6519700288772583,-0.6452996730804443
-0.40613722801208496,-0.2625601589679718,0.2904036045074463
-0.17520837485790253,-0.1988048404455185,-0.5783242583274841
0.03661901131272316,0.6357595920562744,-0.45735397934913635
0.22318165004253387,0.05731149762868881,0.5692135691642761
-0.061948273330926895,0.12109692394733429,-0.5683148503303528
0.410687655210495,-0.45438870787620544,0.26093780994415283
0.2331910878419876,0.0030261464416980743,-0.5683148503303528
-0.23896373808383942,0.16529567539691925,-0.5683148503303528
-0.41976767778396606,0.4751880466938019,0.17244009673595428
0.4096853733062744,-0.14449642598628998,-0.22594992816448212
0.15460260212421417,0.6364612579345703,-0.19176062941551208
-0.45473286509513855,0.6556783318519592,0.2656612694263458
-0.39150452613830566,-0.5583209991455078,-0.19648411870002747
0.410687655210495,-0.3068591356277466,-0.06366736441850662
0.2773898243904114,0.46035489439964294,0.6072114109992981
0.4039726257324219,-0.6676651835441589,-0.31995996832847595
0.3851434886455536,-0.1640530377626419,-0.5583053827285767
-0.3946244418621063,-0.17347407341003418,0.08866589516401291
-0.44824424386024475,0.6271404027938843,0.4723229706287384
-0.3908902406692505,0.1995851993560791,0.5218076705932617
0.410687655210495,-0.12976349890232086,0.4084673821926117
0.32168880105018616,0.19486172497272491,-0.5683148503303528
-0.4146433174610138,0.07677081972360611,0.21191537380218506
0.40988582372665405,0.6354460120201111,-0.29971474409103394
0.4096853733062744,0.06207505613565445,0.3052367568016052
0.1741592139005661,0.6464706659317017,0.5265311598777771
0.011831560172140598,0.40142321586608887,-0.6172240376472473
-0.38088083267211914,-0.5133204460144043,0.5117982625961304
-0.4013264775276184,0.6464706659317017,-0.43251141905784607
-0.3575286269187927,-0.669268786907196,-0.08153728395700455
-0.3028193414211273,-0.296749472618103,-0.5880459547042847
0.410687655210495,0.04730205982923508,-0.3883126974105835
-0.027688805013895035,0.6364612579345703,-0.10319273173809052
-0.40613722801208496,0.07660752534866333,-0.2702489197254181
-0.40613722801208496,0.28325924277305603,0.3642686605453491
0.40537571907043457,-0.5279530882835388,-0.57142174243927
0.07084839791059494,0.04730205982923508,0.5592041015625
0.4114021360874176,-0.7090447545051575,0.5218076705932617
-0.21422137320041656,-0.34633439779281616,0.5692135691642761
0.1741592139005661,-0.5722520351409912,0.5792490243911743
0.06610488146543503,-0.6894267797470093,0.49224165081977844
0.07084839791059494,0.6464706659317017,0.3937344551086426
-0.3470180630683899,-0.6864200830459595,-0.4171901047229767
-0.3787631392478943,0.04615657776594162,-0.5860414505004883
0.41038697957992554,0.5194869637489319,-0.6071014404296875
0.410687655210495,-0.18879538774490356,0.11340823769569397
0.16844645142555237,-0.6765851378440857,-0.16270865499973297
-0.40613722801208496,-0.2625601589679718,-0.29971474409103394
-0.4004244804382324,0.3355761170387268,0.05439639091491699
0.30585339665412903,-0.6773869395256042,0.3632664084434509
-0.002926410408690572,0.504653811454773,0.6078127026557922
0.4101865291595459,0.49002113938331604,-0.12271928042173386
-0.13573309779167175,0.10636401176452637,0.5582019686698914
0.10036434978246689,-0.2625601589679718,0.5592041015625
-0.283262699842453,0.5342198610305786,0.6068105697631836
-0.4058365523815155,-0.07073163986206055,-0.44493916630744934
0.15932609140872955,-0.3658910095691681,-0.5683148503303528
-0.14045657217502594,0.6554778218269348,0.3299790918827057
0.410687655210495,0.40142321586608887,-0.46207746863365173
0.390730082988739,0.33669155836105347,0.6175215244293213
0.41921961307525635,-0.6610634326934814,0.25714224576950073
0.036598965525627136,-0.44966524839401245,0.5491946935653687
0.410687655210495,0.3129255175590515,-0.24068284034729004
-0.047155220061540604,0.33687904477119446,0.5974897146224976
0.4096853733062744,0.15056274831295013,0.5412641167640686
-0.4160464406013489,-0.5053896903991699,0.1677166372537613
0.4096853733062744,-0.36579078435897827,-0.4030455946922302
-0.02766875922679901,0.6359601616859436,0.04436691477894783
0.410687655210495,0.03252905607223511,0.14287404716014862
0.41038697957992554,0.3571242690086365,0.37900155782699585
0.10036434978246689,-0.6166512370109558,-0.5877582430839539
-0.16258016228675842,-0.6664754748344421,-0.10429103672504425
-0.3716731369495392,-0.6596603393554688,0.36195051670074463
-0.283262699842453,-0.6313841342926025,0.5783469080924988
-0.002926410408690572,-0.1592293530702591,0.5592041015625
-0.3961277902126312,0.052045583724975586,-0.13272874057292938
0.267567902803421,0.33938464522361755,-0.6142173409461975
-0.40152692794799805,0.23144346475601196,-0.39973822236061096
0.12986025214195251,0.26862654089927673,0.5592041015625
0.415598601102829,-0.5370734333992004,-0.26403501629829407
-0.41976767778396606,0.5047540068626404,0.5117982625961304
0.19940270483493805,-0.6673775315284729,0.08856566250324249
0.24792401492595673,0.6454684138298035,-0.53584223985672
-0.32756170630455017,0.6464706659317017,0.02485038712620735
-0.032442349940538406,-0.14449642598628998,-0.5683148503303528
0.26265689730644226,0.6464706659317017,0.0396033450961113
0.32641226053237915,-0.6894267797470093,-0.47208690643310547
0.410687655210495,0.5194869637489319,0.37900155782699585
0.4003775417804718,0.5589622259140015,0.5877809524536133
-0.39250674843788147,-0.3953568637371063,0.26093780994415283
0.2822135388851166,-0.3263155221939087,0.5483929514884949
-0.15046600997447968,-0.17406247556209564,0.5592041015625
0.4114764332771301,-0.6867950558662415,-0.00034482465707696974
-0.23896373808383942,-0.6994362473487854,-0.5653080940246582
-0.2242308259010315,0.6454684138298035,0.49706530570983887
0.40998604893684387,0.3572244942188263,0.14287404716014862
-0.12100020796060562,0.4308890700340271,-0.6172240376472473
0.24792401492595673,0.6464706659317017,-0.2702489197254181
-0.2979956269264221,0.6464706659317017,-0.34401369094848633
-0.41976767778396606,0.4604550898075104,-0.2112170159816742
0.14459316432476044,0.5342198610305786,0.6078127026557922
0.14459316432476044,-0.12976349890232086,-0.5683148503303528
0.08560135960578918,0.10626378655433655,-0.5683148503303528
0.0165700726211071,0.2586171329021454,-0.5783242583274841
-0.27362826466560364,-0.6864200830459595,0.42819851636886597
-0.3793903887271881,0.4753755033016205,-0.6015019416809082
0.11002885550260544,-0.6719878315925598,-0.40543800592422485
-0.42747196555137634,-0.348966121673584,-0.014037566259503365
0.41871851682662964,-0.6857928037643433,0.12254158407449722
-0.09654262661933899,-0.70633864402771,-0.5975672006607056
-0.4025161862373352,-0.3853474259376526,-0.30453845858573914
-0.23896373808383942,0.3153309226036072,-0.5725241899490356
0.03801505267620087,-0.6773869395256042,-0.19177357852458954
-0.3824973404407501,-0.09551407396793365,-0.16219457983970642
-0.0666917935013771,-0.0017193806124851108,-0.5583053827285767
-0.41976767778396606,0.49002113938331604,0.03970356658101082
0.42069706320762634,0.2586171329021454,0.029613956809043884
-0.2685298025608063,0.38669028878211975,0.6078127026557922
-0.1457425355911255,0.6364612579345703,0.11813173443078995
0.0856214165687561,0.6454684138298035,-0.3292807936668396
-0.09145419299602509,0.6464706659317017,-0.5063764452934265
-0.37846246361732483,-0.09548401087522507,0.5771312713623047
-0.3982195258140564,0.3037049174308777,-0.07842032611370087
-0.3960275948047638,-0.019396021962165833,0.33942607045173645
-0.3666360378265381,-0.296749472618103,0.578835129737854
0.2989509403705597,-0.664972186088562,-0.20218391716480255
0.39957574009895325,0.6454554796218872,-0.03887490555644035
0.410687655210495,0.28335943818092346,0.27567070722579956
-0.32756170630455017,0.6464706659317017,-0.53584223985672
0.41038697957992554,0.28335943818092346,0.48233240842819214
-0.13573309779167175,0.6464706659317017,-0.3292807936668396
0.410687655210495,-0.04122571647167206,-0.15218514204025269
-0.09145419299602509,-0.4985874593257904,0.5592041015625
-0.3906024992465973,-0.6313841342926025,0.231471985578537
0.1685466766357422,-0.6773869395256042,0.2259596735239029
-0.40603700280189514,-0.18989785015583038,-0.40324604511260986
0.40067821741104126,-0.43483206629753113,0.005365933291614056
0.115127332508564,0.6464706659317017,0.27567070722579956
0.42069706320762634,0.17011937499046326,-0.17174173891544342
-0.38849782943725586,-0.4444665312767029,-0.46257856488227844
-0.40463387966156006,-0.017242133617401123,0.10358630120754242
-0.38178279995918274,0.04685105383396149,0.4654947817325592
0.24792401492595673,0.33938464522361755,0.6049062609672546
0.30695587396621704,-0.6019183397293091,-0.5877582430839539
-0.14084452390670776,-0.6765851378440857,0.21864332258701324
0.15460260212421417,-0.6863197684288025,0.5684377551078796
-0.4010387659072876,0.34728938341140747,-0.2064935564994812
-0.3802924156188965,-0.6496378779411316,-0.27624937891960144
-0.4161466360092163,-0.2074499875307083,0.41847681999206543
0.410687655210495,-0.4838545322418213,0.4674992561340332
0.40067821741104126,-0.40536627173423767,0.3890109956264496
0.42069706320762634,-0.23781782388687134,0.4480428695678711
0.1875019520521164,0.632051408290863,0.635888397693634
0.04131242260336876,0.6464706659317017,0.5117982625961304
0.11985079944133759,0.33669155836105347,-0.6268326044082642
0.30695587396621704,-0.07074166089296341,0.5592041015625
-0.3912038505077362,-0.572151780128479,-0.4915432929992676
0.3996759355068207,-0.2578366696834564,-0.3634701073169708
-0.06192822381854057,0.6167041659355164,0.6222450137138367
-0.41976767778396606,0.5636856555938721,0.3937344551086426
0.42069706320762634,0.15538646280765533,-0.48153388500213623
-0.03718587011098862,-0.7092451453208923,0.5794364809989929
0.4212111234664917,-0.5441893935203552,0.1730414479970932
0.43013107776641846,-0.6166512370109558,-0.46207746863365173
-0.2858685255050659,0.15056274831295013,0.5654180645942688
-0.26252931356430054,-0.6864943504333496,0.15077878534793854
-0.07201075553894043,-0.6891131401062012,-0.41677626967430115
-0.4014267027378082,0.24838131666183472,-0.28007084131240845
0.410687655210495,0.5047540068626404,0.14287404716014862
0.2773898243904114,-0.35105785727500916,-0.5683148503303528
0.32168880105018616,0.6464706659317017,-0.3883126974105835
-0.20949788391590118,-0.05596865713596344,0.5582019686698914
0.2969464361667633,0.656480073928833,0.19718246161937714
0.08085783571004868,0.6364612579345703,0.16761639714241028
-0.04719531163573265,-0.3953568637371063,-0.5683148503303528
0.2921227812767029,-0.10025759786367416,-0.5683148503303528
0.22318165004253387,0.656480073928833,-0.08317386358976364
0.12986025214195251,0.6454684138298035,-0.5062761902809143
-0.37176042795181274,0.6464706659317017,0.17244009673595428
-0.41976767778396606,0.371957391500473,-0.4472443461418152
0.2822135388851166,0.529496431350708,-0.607214629650116
0.4051753282546997,0.6433637142181396,-0.5702190399169922
-0.3764709532260895,0.1857413500547409,-0.5719228386878967
-0.283262699842453,-0.5871854424476624,-0.5877582430839539
0.12986025214195251,0.15056274831295013,0.5592041015625
-0.03242230787873268,0.6454684138298035,0.33470261096954346
-0.1611899733543396,-0.6773869395256042,-0.3004162907600403
-0.061948273330926895,-0.6994362473487854,0.43803346157073975
-0.041515544056892395,-0.6864943504333496,0.10279746353626251
-0.29289716482162476,-0.664571225643158,0.011764073744416237
0.26265689730644226,-0.4986876845359802,0.5592041015625
0.026609577238559723,0.6457690596580505,-0.5800409913063049
-0.40975823998451233,0.4799115061759949,-0.3687560558319092
-0.40603700280189514,-0.19120076298713684,-0.19648411870002747
-0.42107057571411133,0.5792204141616821,-0.5505751371383667
0.42069706320762634,-0.01646331697702408,-0.3097241520881653
0.410687655210495,-0.0559786781668663,-0.4915432929992676
0.4096853733062744,0.07682802528142929,0.42330053448677063
-0.13573309779167175,0.6464706659317017,-0.13745221495628357
0.2331910878419876,0.12109692394733429,-0.5683148503303528
0.034226588904857635,-0.6773869395256042,0.28328773379325867
-0.3824973404407501,0.18485228717327118,0.2656612694263458
-0.13573309779167175,-0.6019183397293091,0.5780462622642517
0.43943893909454346,-0.5624431371688843,-0.06839083135128021
0.28211334347724915,0.656480073928833,0.47750866413116455
-0.32746145129203796,0.2981926202774048,0.5689258575439453
0.3996759355068207,-0.06073223054409027,0.07916881889104843
-0.08145478367805481,-0.2820165455341339,-0.5783242583274841
0.410687655210495,0.3571242690086365,-0.34401369094848633
0.410687655210495,-0.18879538774490356,-0.12271928042173386
-0.3422946035861969,0.6464706659317017,-0.24078306555747986
0.21835796535015106,-0.6994362473487854,0.43803346157073975
0.410687655210495,-0.4248226583003998,-0.29971474409103394
-0.3228381872177124,-0.4000803232192993,0.5789353251457214
-0.40563610196113586,0.18985053896903992,-0.05525858327746391
-0.46635884046554565,0.6257372498512268,-0.18517175316810608
-0.40152692794799805,-0.4391546845436096,0.3864181339740753
-0.41966745257377625,0.34700167179107666,0.4527663588523865
-0.38088083267211914,-0.18879538774490356,0.5117982625961304
-0.01767936907708645,-0.6019183397293091,-0.5877582430839539
0.2331910878419876,-0.6964294910430908,-0.4271995425224304
-0.31051063537597656,-0.06071218103170395,-0.5678266286849976
-0.36703693866729736,0.6562796235084534,0.5312546491622925
0.3122677505016327,-0.6773869395256042,0.05998888984322548
-0.2242308259010315,-0.4986876845359802,-0.5683148503303528
-0.10616706311702728,-0.4986876845359802,-0.5683148503303528
-0.33228516578674316,0.36723393201828003,-0.6272335052490234
-0.39140430092811584,-0.5582206845283508,0.4084673821926117
0.4096853733062744,-0.02645271271467209,0.37900155782699585
0.410687655210495,-0.2182612270116806,0.010107450187206268
-0.02242289111018181,0.06679854542016983,0.5692135691642761
0.08560135960578918,0.4899209439754486,-0.6172240376472473
-0.15046600997447968,0.5342198610305786,-0.6172240376472473
0.4292290508747101,-0.5598242878913879,0.2899024784564972
-0.41976767778396606,0.5342198610305786,-0.10788614302873611
0.24320054054260254,-0.20825178921222687,0.5682113766670227
-0.4463399648666382,0.6257372498512268,-0.008156277239322662
0.40998604893684387,-0.454288512468338,-0.4916435480117798
0.41038697957992554,0.5342198610305786,-0.3734795153141022
0.410687655210495,0.15056274831295013,-0.3292807936668396
0.410687655210495,0.25389364361763,-0.5505751371383667
0.410687655210495,0.371957391500473,-0.15218514204025269
0.410687655210495,0.15056274831295013,0.2462048977613449
0.30695587396621704,-0.45438870787620544,-0.5683148503303528
0.3951529264450073,-0.27729305624961853,0.5588033199310303
0.3364216983318329,-0.2625601589679718,-0.5683148503303528
-0.283262699842453,0.5636856555938721,-0.6172240376472473
-0.37827497720718384,0.4751880466938019,0.6043049097061157
0.3364216983318329,0.07680798321962357,0.5592041015625
0.2773898243904114,-0.6019183397293091,0.5786475539207458
0.41038697957992554,0.5784186124801636,-0.18165095150470734
-0.16309422254562378,-0.6773869395256042,0.39613983035087585
-0.09654556214809418,-0.6773869395256042,0.006188695318996906
-0.283262699842453,0.6464706659317017,-0.09318330138921738
0.42069706320762634,-0.302035391330719,0.1918964982032776
0.11985079944133759,-0.23781782388687134,-0.5783242583274841
0.4096853733062744,-0.27729305624961853,-0.47681036591529846
-0.41976767778396606,0.5194869637489319,0.27567070722579956
-0.2242308259010315,0.6464706659317017,-0.5505751371383667
0.3364216983318329,0.6464706659317017,0.3494355082511902
-0.2685298025608063,0.6464706659317017,0.2904036045074463
-0.4161466360092163,0.013073667883872986,-0.35402312874794006
-0.38088083267211914,-0.3806239068508148,-0.5506754517555237
0.41508451104164124,-0.11521809548139572,0.5681111216545105
-0.38088083267211914,-0.23309434950351715,-0.5062761902809143
-0.11099077016115189,0.636060357093811,-0.6290634870529175
0.410687655210495,-0.18879538774490356,0.231471985578537
0.42069706320762634,0.5589622259140015,0.01486099511384964
0.410687655210495,-0.45438870787620544,0.11340823769569397
0.42069706320762634,-0.0017033439362421632,-0.0441608689725399
0.42069706320762634,0.10158039629459381,-0.11789558082818985
-0.40463387966156006,-0.18348351120948792,0.20190593600273132
-0.39140430092811584,-0.5482985973358154,-0.09194052964448929
-0.40603700280189514,-0.4953802824020386,-0.2849818468093872
-0.4161466360092163,0.052045583724975586,0.005362926051020622
-0.05425401031970978,-0.6873963475227356,-0.20078077912330627
-0.1799318492412567,0.33687904477119446,0.5974897146224976
-0.13573309779167175,0.5489527583122253,0.6078127026557922
0.32168880105018616,-0.6994362473487854,-0.5653080940246582
-0.3914172649383545,0.25839075446128845,0.09357687085866928
0.3512548506259918,-0.45438870787620544,0.5589035153388977
-0.00766993360593915,0.6364612579345703,-0.3687560558319092
0.03656889870762825,-0.05126522481441498,0.549094557762146
0.20362503826618195,0.5636856555938721,-0.6172240376472473
0.410687655210495,0.180128812789917,-0.048904385417699814
0.40067821741104126,0.1754053384065628,0.059119876474142075
-0.15046600997447968,0.0767979547381401,-0.5683148503303528
-0.12100020796060562,0.6454684138298035,0.5412641167640686
-0.23896373808383942,0.6464706659317017,0.06911929696798325
0.0608389712870121,-0.4000803232192993,-0.5583053827285767
-0.15046600997447968,0.20959463715553284,-0.5683148503303528
-0.41966745257377625,0.34700167179107666,0.2905038595199585
0.04871896654367447,-0.6773869395256042,0.38661858439445496
0.03306692838668823,-0.68629390001297,0.0356474295258522
0.11985079944133759,-0.7094456553459167,-0.5015527606010437
-0.40613722801208496,-0.2625601589679718,0.010107450187206268
-0.39150452613830566,-0.5583209991455078,0.08390232175588608
0.03661901131272316,-0.6993229985237122,-0.6006740927696228
0.4115023910999298,-0.6803063750267029,0.4242897927761078
-0.27565863728523254,-0.17878594994544983,-0.5846383571624756
0.42069706320762634,0.6179940700531006,0.18244953453540802
-0.41976767778396606,0.371957391500473,0.14287404716014862
-0.3888857662677765,-0.577176034450531,0.58555006980896
0.37071123719215393,0.6364612579345703,0.5459875464439392
0.10036434978246689,-0.5132201910018921,0.5592041015625
0.26384663581848145,-0.6673775315284729,0.2719753682613373
-0.38088083267211914,0.10636401176452637,0.5412641167640686
-0.3824973404407501,-0.105021171271801,0.35944491624832153
-0.4146433174610138,-0.2774062752723694,-0.13726471364498138
-0.28084439039230347,0.052045583724975586,-0.5614122748374939
0.3464311361312866,0.656480073928833,-0.5015527606010437
-0.3824973404407501,0.16057220101356506,-0.31927135586738586
-0.2744300663471222,-0.6845901012420654,-0.09209379553794861
-0.39250674843788147,-0.3363249599933624,0.3494355082511902
-0.39240652322769165,-0.13006417453289032,0.010047316551208496
0.056125517934560776,0.32775866985321045,0.5721330642700195
0.3184816241264343,-0.6761842370033264,-0.09735261648893356
-0.283262699842453,-0.6994362473487854,0.5117982625961304
0.3759971857070923,-0.6717614531517029,0.5888575315475464
-0.1651989221572876,-0.4248226583003998,0.5592041015625
0.04137255623936653,0.6454684138298035,-0.19648411870002747
-0.1457425355911255,-0.09551407396793365,-0.5583053827285767
-0.07670123130083084,0.6464706659317017,-0.019408488646149635
0.410687655210495,-0.41008976101875305,-0.19648411870002747
0.410687655210495,-0.24782727658748627,-0.19648411870002747
0.25793343782424927,0.6364612579345703,0.2509283721446991
-0.2195073366165161,0.6554778218269348,0.38372504711151123
-0.012935847975313663,0.03728260099887848,-0.5783242583274841
0.15942630171775818,-0.011720799840986729,0.5592041015625
0.410687655210495,0.3571242690086365,-0.03415142744779587
0.4274250268936157,-0.5495012402534485,-0.17122767865657806
-0.39691662788391113,-0.4390544593334198,-0.09318330138921738
0.32168880105018616,0.41615617275238037,-0.6172240376472473
-0.2242308259010315,-0.27729305624961853,-0.5683148503303528
-0.3388999402523041,-0.6789775490760803,-0.1848451942205429
-0.41976767778396606,0.40142321586608887,-0.5505751371383667
0.36598774790763855,0.25389364361763,0.5592041015625
0.03363526985049248,-0.6773869395256042,-0.3535349667072296
0.20362503826618195,-0.3068591356277466,0.5592041015625
0.1694357544183731,0.656480073928833,0.41319090127944946
-0.15046600997447968,-0.27729305624961853,0.5592041015625
0.05608542636036873,-0.17406247556209564,-0.5683148503303528
0.11036375910043716,0.656480073928833,-0.08317386358976364
-0.39691662788391113,-0.4390544593334198,0.08387225866317749
-0.09145419299602509,0.22432756423950195,0.5592041015625
0.0265895314514637,-0.3363249599933624,0.5592041015625
0.1189228817820549,-0.6864943504333496,-0.07205317169427872
0.410687655210495,-0.18879538774490356,0.33470261096954346
-0.25369665026664734,-0.41008976101875305,-0.5683148503303528
-0.41365399956703186,0.5782181620597839,0.5700283646583557
0.410687655210495,0.44572219252586365,-0.5505751371383667
-0.28798621892929077,0.6560792326927185,0.6397712230682373
0.2922229766845703,0.5636856555938721,0.6078127026557922
0.20362503826618195,-0.6019183397293091,-0.5877582430839539
-0.30571287870407104,-0.6773869395256042,-0.3534347414970398
-0.4645547866821289,0.619623601436615,-0.3638451099395752
-0.03361790254712105,-0.6673775315284729,0.24498926103115082
-0.3850902020931244,-0.5920963883399963,-0.5807425379753113
-0.3091204762458801,-0.5278528928756714,0.5720328092575073
0.24320054054260254,0.6364612579345703,-0.6290634870529175
0.4052625894546509,0.45044565200805664,0.6174213290214539
0.3364216983318329,-0.6994362473487854,0.4822322130203247
0.3116793632507324,0.0720544382929802,-0.5583053827285767
0.14459316432476044,0.017786119133234024,-0.5683148503303528
-0.09615762531757355,0.6364612579345703,-0.4077690541744232
0.3316982388496399,0.656480073928833,-0.024162035435438156
0.1741592139005661,0.6464706659317017,0.08387225866317749
0.40998604893684387,-0.11503060162067413,-0.31444764137268066
-0.35702750086784363,0.6464706659317017,0.3052367568016052
-0.1651989221572876,0.6464706659317017,0.231471985578537
-0.12100020796060562,0.6464706659317017,-0.24078306555747986
0.410687655210495,-0.36579078435897827,0.2905038595199585
0.410687655210495,0.5342198610305786,0.4674992561340332
0.115127332508564,0.6454684138298035,-0.41777849197387695
-0.4161466360092163,-0.006945205852389336,0.25621435046195984
-0.3908902406692505,-0.06073223054409027,-0.5458516478538513
0.4201216399669647,-0.5823617577552795,0.5017887949943542
-0.4439345896244049,0.6329533457756042,0.37427809834480286
-0.40603700280189514,-0.009386584162712097,-0.19648411870002747
0.38923969864845276,-0.6718746423721313,-0.23226404190063477
0.14359092712402344,-0.6773869395256042,-0.24779874086380005
0.1693355292081833,0.6359601616859436,-0.26023948192596436
0.410687655210495,0.2391607016324997,-0.29971474409103394
-0.41976767778396606,0.44572219252586365,0.43803346157073975
0.3364216983318329,0.6464706659317017,-0.24078306555747986
0.2331910878419876,0.6464706659317017,-0.18175119161605835
0.410687655210495,-0.3068591356277466,0.024870432913303375
-0.2195073366165161,0.04256856441497803,0.5682113766670227
0.410687655210495,0.4899209439754486,-0.46207746863365173
0.410687655210495,0.3129255175590515,-0.46207746863365173
0.026579510420560837,0.180128812789917,-0.5683148503303528
-0.061938244849443436,-0.3953568637371063,0.5592041015625
0.410687655210495,-0.4838545322418213,0.37900155782699585
-0.2979956269264221,0.6464706659317017,-0.43251141905784607
0.40998604893684387,0.3572244942188263,0.05438637360930443
-0.3802924156188965,-0.6496378779411316,0.024105800315737724
-0.3824973404407501,0.1405533105134964,0.13286460936069489
-0.1834396868944168,-0.6764849424362183,-0.005788060836493969
0.4031708538532257,-0.6806943416595459,-0.40665364265441895
-0.07802125066518784,-0.6873963475227356,-0.10162924230098724
-0.40973231196403503,-0.30734729766845703,0.18698550760746002
0.390730082988739,-0.07549519836902618,-0.5783242583274841
0.046086009591817856,-0.7092451453208923,0.5794364809989929
0.0265895314514637,0.40142321586608887,0.6078127026557922
-0.32756170630455017,-0.6994362473487854,-0.5211093425750732
0.14478068053722382,-0.6863197684288025,-0.5975672006607056
-0.30151644349098206,0.6457561254501343,-0.6658196449279785
-0.3802924156188965,-0.6496378779411316,-0.3647471070289612
0.08643322438001633,0.5784186124801636,-0.6180258393287659
0.3999766409397125,0.3818666338920593,0.28049445152282715
-0.3824973404407501,0.17530511319637299,-0.2507925033569336
-0.41976767778396606,0.5636856555938721,-0.41777849197387695
0.18889214098453522,0.44572219252586365,0.6070110201835632
0.40067821741104126,-0.31158262491226196,-0.14217570424079895
0.410687655210495,-0.41008976101875305,0.1871730238199234
0.42069706320762634,0.4557316303253174,-0.2064935564994812
-0.41976767778396606,0.5489527583122253,0.1281411498785019
0.09561079740524292,0.6364612579345703,0.07912872731685638
0.4096853733062744,0.16539590060710907,0.4527663588523865
-0.0666917935013771,-0.22827066481113434,0.5692135691642761
0.2379145622253418,0.22905103862285614,-0.5783242583274841
0.4096853733062744,-0.17396225035190582,-0.47681036591529846
-0.061948273330926895,0.22432756423950195,-0.5683148503303528
0.410687655210495,0.03254909813404083,-0.47681036591529846
-0.45454534888267517,0.6296330690383911,0.19208399951457977
0.410687655210495,-0.5134206414222717,-0.019398465752601624
-0.3005012273788452,0.22442777454853058,-0.5778360366821289
-0.40603700280189514,-0.4590992331504822,-0.19648411870002747
0.4380358159542084,-0.7060379981994629,-0.48153388500213623
-0.39250674843788147,-0.32169225811958313,-0.24078306555747986
-0.4058365523815155,0.2391607016324997,0.4358285069465637
0.3364216983318329,0.3153309226036072,-0.5725241899490356
0.39426389336586,0.6325525045394897,0.6274695992469788
0.40516236424446106,0.14583930373191833,-0.5783242583274841
-0.10616706311702728,-0.6994362473487854,-0.5063764452934265
-0.17602311074733734,-0.6773869395256042,0.2944125831127167
0.3061540722846985,-0.6761842370033264,-0.28768786787986755
0.33853936195373535,-0.6868951916694641,0.277788370847702
-0.41976767778396606,0.371957391500473,-0.01938844472169876
0.26738038659095764,0.14583930373191833,0.5692135691642761
0.42069706320762634,0.022539664059877396,0.04436691477894783
0.4096853733062744,-0.02645271271467209,0.2905038595199585
0.05134190246462822,0.6364612579345703,-0.014666972681879997
0.4096853733062744,0.5489527583122253,-0.0636473149061203
-0.37176042795181274,0.6464706659317017,0.4527663588523865
-0.061948273330926895,0.44572219252586365,0.6078127026557922
0.410687655210495,0.6227176189422607,0.37900155782699585
0.4294295012950897,-0.5871854424476624,-0.32918059825897217
0.15932609140872955,-0.45438870787620544,-0.5683148503303528
-0.40012380480766296,-0.17346113920211792,0.2905038595199585
-0.44213056564331055,0.6314499974250793,-0.5150829553604126
-0.3906024992465973,-0.6166512370109558,0.4674992561340332
-0.3795778751373291,0.16529567539691925,-0.4916435480117798
-0.35230401158332825,-0.6993229985237122,0.5916637778282166
0.24821174144744873,-0.6656737327575684,-0.12851934134960175
-0.032244838774204254,0.3293752074241638,-0.6242267489433289
0.410687655210495,0.5636856555938721,0.2905038595199585
-0.40012380480766296,-0.3953568637371063,-0.39803439378738403
0.2773898243904114,0.6464706659317017,0.5708301067352295
-0.40463387966156006,-0.017242133617401123,-0.10301526635885239
0.115127332508564,0.6464706659317017,0.5855630040168762
0.3938629627227783,0.6523708701133728,-0.642393171787262
-0.40162715315818787,-0.10400597751140594,-0.06779658049345016
-0.3422946035861969,-0.6994362473487854,0.43803346157073975
-0.41976767778396606,0.5636856555938721,-0.19648411870002747
-0.29909807443618774,-0.6773869395256042,0.3485334813594818
-0.008004831150174141,0.6206258535385132,-0.6450992226600647
0.115127332508564,-0.5381759405136108,-0.5791389346122742
-0.41976767778396606,0.40142321586608887,0.231471985578537
0.115127332508564,-0.699235737323761,0.42590636014938354
-0.3708713948726654,-0.4200991690158844,0.516521692276001
-0.3963152766227722,0.2963885962963104,-0.4562644958496094
-0.3812946677207947,-0.6521434783935547,-0.5015527606010437
0.40998604893684387,0.06202495098114014,0.21673907339572906
0.41038697957992554,-0.11493038386106491,0.14287404716014862
-0.41976767778396606,0.41615617275238037,0.06913933902978897
0.19361558556556702,-0.06074224412441254,-0.5783242583274841
0.041342489421367645,0.12109692394733429,0.5592041015625
0.410687655210495,0.5636856555938721,-0.53584223985672
-0.20949788391590118,0.504653811454773,0.6068105697631836
-0.2242308259010315,0.38669028878211975,-0.6172240376472473
0.410687655210495,0.371957391500473,0.4674992561340332
0.19361558556556702,0.17011937499046326,0.5692135691642761
0.22318165004253387,-0.41481322050094604,-0.5783242583274841
0.40998604893684387,-0.10021751374006271,0.33470261096954346
0.07560195028781891,0.46517860889434814,0.6178221702575684
0.40067821741104126,-0.13448697328567505,0.029613956809043884
-0.047165244817733765,0.6455686688423157,0.1281411498785019
-0.31282877922058105,0.6464706659317017,-0.16691803932189941
0.410687655210495,-0.026472754776477814,-0.41777849197387695
0.351154625415802,-0.011728817597031593,-0.5683148503303528
0.4096853733062744,0.5489527583122253,-0.25541576743125916
0.30695587396621704,-0.18879538774490356,-0.5683148503303528
0.410687655210495,0.28335943818092346,0.1871730238199234
0.410687655210495,0.5342198610305786,0.21663883328437805
-0.2242308259010315,0.6464706659317017,-0.31454789638519287
-0.41976767778396606,0.5636856555938721,-0.034141406416893005
-0.39250674843788147,-0.05609894543886185,0.17244009673595428
-0.3908902406692505,-0.006976275239139795,0.5512735247612
-0.40463387966156006,-0.18348351120948792,-0.29971474409103394
0.1694357544183731,0.3268696069717407,0.6074991226196289
-0.1651989221572876,-0.6893135905265808,-0.5906646847724915
-0.3707711398601532,0.3026154339313507,0.5218076705932617
-0.18475554883480072,-0.6865946054458618,0.5906615257263184
-0.38088083267211914,0.0030331620946526527,-0.5062761902809143
0.43983983993530273,-0.5919089317321777,-0.587544858455658
-0.39691662788391113,0.23845914006233215,0.0051864562556147575
-0.03242230787873268,0.6454684138298035,0.5560972094535828
0.0856214165687561,-0.5871854424476624,0.5786475539207458
-0.3824973404407501,-0.31158262491226196,-0.06841088831424713
0.04611607640981674,0.325266033411026,-0.6050840020179749
-0.39140430092811584,-0.5482985973358154,0.23267467319965363
0.20362503826618195,-0.646117091178894,0.5786475539207458
0.410687655210495,-0.2035282999277115,0.5412641167640686
0.3951529264450073,-0.4248226583003998,-0.5683148503303528
0.3999766409397125,-0.2578366696834564,-0.5405657291412354
-0.21711492538452148,-0.6773869395256042,-0.3534347414970398
-0.2858685255050659,-0.27729305624961853,0.5657187104225159
-0.371773362159729,-0.27256959676742554,0.45548537373542786
-0.00291638751514256,-0.5132201910018921,0.5592041015625
-0.2242308259010315,-0.5723522901535034,0.5789483189582825
-0.22483216226100922,-0.6773869395256042,0.20150503516197205
-0.3824973404407501,-0.1397729516029358,-0.3487372100353241
-0.12039884924888611,-0.6768857836723328,0.14447762072086334
-0.39432376623153687,-0.2774062752723694,0.09883275628089905
-0.23896373808383942,-0.12976349890232086,-0.5683148503303528
-0.43471401929855347,0.6561793684959412,0.5459875464439392
-0.271035373210907,-0.11493038386106491,0.5621106028556824
-0.42107057571411133,0.5792204141616821,0.039633411914110184
0.4201216399669647,-0.6466311812400818,0.04966875538229942
0.42069706320762634,0.1163734421133995,0.11813173443078995
-0.04719531163573265,0.6464706659317017,-0.5948741436004639
-0.33228516578674316,0.656480073928833,0.08866589516401291
-0.09144416451454163,-0.5722520351409912,-0.5883595943450928
0.10036434978246689,-0.4248226583003998,0.5592041015625
0.3996759355068207,-0.24300357699394226,-0.26023948192596436
0.2773898243904114,-0.41008976101875305,0.5592041015625
0.14459316432476044,0.6464706659317017,0.3494355082511902
-0.38088083267211914,-0.3068591356277466,-0.5211093425750732
0.410687655210495,-0.3215920627117157,0.4232003092765808
-0.25379690527915955,-0.6994362473487854,-0.4915432929992676
0.410687655210495,-0.4985874593257904,-0.3292807936668396
0.410687655210495,0.38669028878211975,-0.25551602244377136
0.08085783571004868,-0.1102670356631279,-0.5783242583274841
-0.13100963830947876,0.6364612579345703,0.04435689002275467
0.07084839791059494,0.20959463715553284,0.5592041015625
-0.1604754626750946,0.6554778218269348,0.47750866413116455
0.0265895314514637,-0.24782727658748627,0.5592041015625
0.32168880105018616,0.0030341646634042263,0.5592041015625
-0.0666917935013771,-0.20825178921222687,-0.5783242583274841
-0.061948273330926895,0.4899209439754486,-0.6172240376472473
0.09562081843614578,-0.17878594994544983,0.5491946935653687
0.1694357544183731,-0.21353773772716522,0.5687124729156494
0.410687655210495,0.4308890700340271,0.3937344551086426
0.410687655210495,-0.4396558105945587,-0.41777849197387695
0.14459316432476044,0.16529567539691925,-0.5683148503303528
0.42069706320762634,-0.25255075097084045,0.08866589516401291
-0.2242308259010315,0.23906047642230988,-0.5683148503303528
0.32168880105018616,0.6464706659317017,0.11340823769569397
0.20362503826618195,0.28335943818092346,0.5592041015625
-0.41976767778396606,0.4751880466938019,-0.2849818468093872
-0.4025161862373352,-0.4200991690158844,0.17716357111930847
0.410687655210495,0.44572219252586365,-0.35874661803245544
0.14459316432476044,0.6454684138298035,-0.5800409913063049
-0.37176042795181274,0.6464706659317017,-0.35874661803245544
-0.2195073366165161,0.656480073928833,-0.13272874057292938
0.4096853733062744,0.1358298510313034,0.31996968388557434
-0.38088083267211914,0.5794208645820618,-0.6168231964111328
-0.0076799551025033,-0.06074224412441254,-0.5783242583274841
0.4096853733062744,-0.04120567440986633,0.15770718455314636
0.15932609140872955,0.09156093746423721,-0.5683148503303528
-0.40603700280189514,-0.4590992331504822,-0.35874661803245544
-0.3912038505077362,-0.572151780128479,0.15770718455314636
-0.3422946035861969,0.10636401176452637,-0.5780364871025085
-0.4731740355491638,0.45194903016090393,-0.0247064009308815
-0.38178279995918274,0.15056274831295013,0.4654947817325592
-0.40613722801208496,0.06205502152442932,0.31996968388557434
-0.4161466360092163,-0.4792312979698181,0.27094724774360657
-0.40613722801208496,0.07660752534866333,-0.35874661803245544
0.01183356437832117,0.26862654089927673,0.5592041015625
-0.38178279995918274,-0.45438870787620544,0.4654947817325592
0.32168880105018616,-0.2625601589679718,0.5582019686698914
-0.3894127607345581,-0.07742951810359955,0.06121455505490303
-0.13100963830947876,-0.6793041229248047,0.5716449022293091
-0.3906024992465973,-0.5871854424476624,-0.2849818468093872
-0.4056231379508972,0.09675547480583191,-0.17174173891544342
-0.31282877922058105,0.2981926202774048,-0.5780364871025085
0.36620116233825684,-0.6863940954208374,0.2101113349199295
-0.38849782943725586,-0.026472754776477814,0.45366835594177246
0.3395286500453949,-0.6768857836723328,-0.35624101758003235
-0.23896373808383942,-0.41008976101875305,0.5592041015625
-0.41976767778396606,0.5047540068626404,-0.5505751371383667
-0.44323301315307617,0.6524711847305298,-0.5694302320480347
-0.42107057571411133,0.5792204141616821,0.31996968388557434
0.09418053179979324,-0.6773869395256042,0.22515788674354553
0.041342489421367645,0.5790199637413025,0.6090154051780701
-0.35702750086784363,0.40142321586608887,0.6078127026557922
-0.3357800543308258,-0.676384687423706,0.2687552571296692
-0.2242308259010315,0.5790199637413025,0.6090154051780701
-0.3422946035861969,0.5790199637413025,0.6086145639419556
0.40487465262413025,0.6433637142181396,-0.4079565703868866
-0.3906024992465973,-0.6166512370109558,-0.43251141905784607
0.40067821741104126,0.42087963223457336,-0.088429756462574
0.3999766409397125,0.36723393201828003,0.20672962069511414
0.21915976703166962,-0.6773869395256042,0.35023730993270874
-0.3227379620075226,-0.6865946054458618,-0.5997720956802368
0.41038697957992554,-0.10030771046876907,-0.10788614302873611
0.3998763859272003,0.6254366040229797,-0.11270985007286072
-0.41976767778396606,0.371957391500473,-0.12271928042173386
0.26265689730644226,0.6457690596580505,-0.4473445415496826
0.12986025214195251,-0.35105785727500916,0.5592041015625
-0.07670123130083084,0.6464706659317017,-0.18175119161605835
-0.2685298025608063,0.6454684138298035,0.5560972094535828
0.26265689730644226,0.6464706659317017,-0.34401369094848633
0.43013107776641846,-0.6313841342926025,0.4674992561340332
0.40067821741104126,-0.37061449885368347,-0.11789558082818985
0.40067821741104126,0.21960408985614777,0.30051329731941223
0.410687655210495,0.578518807888031,0.5265311598777771
0.410687655210495,0.4751880466938019,0.31996968388557434
-0.10145359486341476,0.6554778218269348,0.2656612694263458
-0.032442349940538406,-0.6994362473487854,-0.53584223985672
-0.13573309779167175,-0.10022753477096558,0.5586028099060059
0.0265895314514637,0.5342198610305786,-0.6172240376472473
0.24792401492595673,-0.026472754776477814,0.5592041015625
-0.33228516578674316,0.656480073928833,-0.0389149971306324
0.410687655210495,-0.011712780222296715,-0.22594992816448212
-0.00766993360593915,0.656480073928833,-0.5163858532905579
0.410687655210495,0.04730205982923508,-0.29971474409103394
0.13986968994140625,-0.0659981369972229,-0.5783242583274841
0.410687655210495,0.10636401176452637,-0.43251141905784607
-0.08143472671508789,0.022549688816070557,0.5481925010681152
0.410687655210495,-0.12976349890232086,0.4822322130203247
0.2331910878419876,-0.14449642598628998,0.5582019686698914
0.42069706320762634,0.2933688759803772,0.10339879989624023
-0.07670123130083084,-0.14449642598628998,0.5592041015625
0.4096853733062744,0.07682802528142929,0.49706530570983887
0.026579510420560837,-0.35105785727500916,-0.5683148503303528
0.410687655210495,0.2391607016324997,-0.46207746863365173
-0.15046600997447968,-0.35105785727500916,0.5592041015625
-0.3960275948047638,0.0006228529382497072,-0.28025832772254944
0.40067821741104126,0.1405533105134964,-0.2655254304409027
-0.3824973404407501,0.20487117767333984,0.35944491624832153
-0.41976767778396606,0.4309892952442169,0.5117982625961304
0.410687655210495,0.371957391500473,0.5412641167640686
0.11036375910043716,-0.33160150051116943,-0.5583053827285767
-0.10616706311702728,0.38669028878211975,0.6078127026557922
0.08085783571004868,-0.105021171271801,0.5692135691642761
0.3364216983318329,0.180128812789917,0.5592041015625
-0.2047744244337082,0.16057220101356506,0.5682113766670227
0.4201216399669647,-0.6413936018943787,0.3246931731700897
-0.1651989221572876,0.6464706659317017,-0.5063764452934265
0.08560135960578918,0.22432756423950195,-0.5683148503303528
0.32168880105018616,0.40142321586608887,0.6072114109992981
0.25131866335868835,-0.6661748290061951,-0.2114304155111313
0.30695587396621704,-0.5279530882835388,-0.5726244449615479
-0.39561372995376587,-0.3073602616786957,-0.37337931990623474
-0.41976767778396606,0.5636856555938721,0.21673907339572906
-0.4025161862373352,0.11118771135807037,-0.0684209018945694
0.22417095303535461,-0.6773869395256042,0.17835332453250885
0.2650623023509979,-0.6773869395256042,0.11591383814811707
-0.3979188799858093,0.3034042418003082,-0.3735797703266144
-0.3906024992465973,-0.5871854424476624,0.010127495042979717
0.410687655210495,-0.4838545322418213,-0.19648411870002747
-0.32746145129203796,0.20959463715553284,0.5689258575439453
0.4294295012950897,-0.6019183397293091,-0.004698626697063446
-0.01566779986023903,-0.6873963475227356,0.028505628928542137
-0.39250674843788147,-0.42462220788002014,-0.019418511539697647
-0.1700226366519928,-0.7094456553459167,-0.5311187505722046
0.21363447606563568,0.3818666338920593,-0.607214629650116
-0.33228516578674316,-0.2229847013950348,0.558916449546814
-0.1208999752998352,0.3153309226036072,0.5633133053779602
0.2345942258834839,-0.6773869395256042,0.041968632489442825
0.410687655210495,0.3571242690086365,-0.53584223985672
-0.1137840747833252,-0.6773869395256042,-0.3534347414970398
-0.31282877922058105,-0.04120567440986633,0.5689258575439453
-0.32756170630455017,0.4308890700340271,-0.6172240376472473
0.115127332508564,0.41615617275238037,-0.6172240376472473
0.11893583834171295,-0.6770862936973572,0.1069939061999321
-0.021347565576434135,-0.6773869395256042,0.37549373507499695
-0.283262699842453,-0.6964294910430908,-0.4271995425224304
-0.44453591108322144,0.619623601436615,-0.127817764878273
-0.39250674843788147,-0.12976349890232086,0.15760695934295654
-0.3906024992465973,-0.6019183397293091,0.33470261096954346
-0.25369665026664734,0.32775866985321045,0.5721330642700195
-0.42107057571411133,0.5792204141616821,0.4674992561340332
-0.38088083267211914,-0.4985874593257904,-0.5211093425750732
-0.13100963830947876,0.35671040415763855,-0.6068137884140015
0.41518476605415344,-0.3902583718299866,0.5681111216545105
-0.00291638751514256,-0.6964294910430908,-0.4271995425224304
-0.36656174063682556,-0.26655614376068115,-0.5619133710861206
-0.4043331742286682,-0.5023959875106812,-0.4276004731655121
0.4401404857635498,-0.6562267541885376,0.5660064220428467
-0.4041327238082886,-0.1395854502916336,-0.45265641808509827
-0.16159087419509888,-0.527652382850647,0.5654180645942688
-0.3865935504436493,0.6464706659317017,0.37900155782699585
-0.42606881260871887,0.656480073928833,-0.28025832772254944
0.32641226053237915,0.655578076839447,-0.5754177570343018
-0.23784831166267395,-0.6664754748344421,0.04319429397583008
0.30695587396621704,0.32775866985321045,0.5721330642700195
0.3807206451892853,-0.04122571647167206,0.5592041015625
0.15942630171775818,-0.6994362473487854,0.5117982625961304
-0.40613722801208496,0.046430110931396484,0.1281411498785019
0.3432369530200958,-0.6766853928565979,0.12072458863258362
0.42010870575904846,-0.5445902347564697,-0.5070779919624329
-0.29327213764190674,0.656480073928833,-0.6048835515975952
0.43883758783340454,-0.6817837953567505,-0.062166936695575714
-0.39250674843788147,0.22412711381912231,0.17244009673595428
-0.3960275948047638,0.26851335167884827,-0.20120757818222046
-0.3921058773994446,0.3148297965526581,-0.2849818468093872
-0.193462073802948,0.5932517647743225,-0.6198298335075378
-0.3925197422504425,-0.38652417063713074,0.07030902802944183
0.322891503572464,0.5790199637413025,-0.6182262897491455
0.390730082988739,0.45044565200805664,-0.6272335052490234
-0.40613722801208496,0.28325924277305603,0.27567070722579956
-0.41966745257377625,0.34700167179107666,0.37900155782699585
-0.31282877922058105,-0.3806239068508148,-0.5780364871025085
-0.39691662788391113,-0.4390544593334198,0.31996968388557434
-0.265021950006485,-0.6773869395256042,-0.30071696639060974
-0.4025161862373352,0.16057220101356506,0.20662939548492432
-0.40593674778938293,0.0030331620946526527,-0.4448389708995819
0.41028672456741333,-0.4838545322418213,0.5520882606506348
-0.40463387966156006,0.08678025752305984,0.06913933902978897
0.1507197618484497,-0.6873963475227356,0.149602010846138
-0.1651989221572876,0.22432756423950195,0.5592041015625
-0.4101332426071167,0.1754053384065628,-0.3880249857902527
0.19361558556556702,0.1163734421133995,0.5692135691642761
0.4096853733062744,-0.07072161138057709,0.43803346157073975
0.10035432130098343,0.6464706659317017,0.4822322130203247
-0.10616706311702728,0.645969569683075,0.1871730238199234
0.410687655210495,0.26862654089927673,0.3494355082511902
0.19890157878398895,0.6557784676551819,-0.31927135586738586
-0.17520837485790253,0.656480073928833,-0.5901506543159485
0.19361558556556702,-0.18407192826271057,-0.5583053827285767
0.410687655210495,0.2391607016324997,-0.15218514204025269
0.26265689730644226,0.44572219252586365,-0.6172240376472473
-0.41976767778396606,0.4751880466938019,-0.13745221495628357
0.09035491198301315,-0.031216278672218323,0.5692135691642761
0.031302984803915024,0.656480073928833,0.3447120189666748
0.42069706320762634,0.04255853593349457,-0.15690860152244568
0.18889214098453522,0.6464706659317017,-0.03417147323489189
0.041342489421367645,0.6454684138298035,-0.12271928042173386
-0.15046600997447968,-0.01170476246625185,0.5582019686698914
0.3996759355068207,0.013066653162240982,0.428024023771286
0.3996759355068207,0.12582041323184967,0.4037438929080963
-0.0029364326037466526,0.6454684138298035,0.27567070722579956
-0.061938244849443436,0.1358298510313034,0.5592041015625
-0.41976767778396606,0.4604550898075104,-0.41777849197387695
-0.19948844611644745,-0.2578366696834564,0.5692135691642761
-0.19476498663425446,0.6464706659317017,-0.3735797703266144
-0.31272852420806885,0.504653811454773,-0.6172240376472473
-0.35702750086784363,0.6464706659317017,-0.5948741436004639
-0.20949788391590118,0.10626378655433655,-0.5683148503303528
0.2873992323875427,-0.6894267797470093,-0.5163858532905579
-0.32756170630455017,0.6464706659317017,0.2462048977613449
-0.13573309779167175,-0.4396558105945587,-0.5683148503303528
0.410687655210495,-0.4838545322418213,0.20190593600273132
0.2331910878419876,0.5342198610305786,0.6078127026557922
-0.2979956269264221,0.44572219252586365,0.6078127026557922
0.410687655210495,-0.4248226583003998,0.43803346157073975
0.410687655210495,0.5047540068626404,0.5265311598777771
0.40067821741104126,-0.493863970041275,0.04436691477894783
-0.04719531163573265,-0.46912163496017456,-0.5683148503303528
0.410687655210495,0.09157096594572067,-0.5062761902809143
-0.027678783982992172,0.6354590058326721,0.47222277522087097
0.04609603062272072,0.6354590058326721,-0.37830325961112976
0.410687655210495,0.25389364361763,-0.03415142744779587
0.40067821741104126,-0.1988048404455185,-0.03889495134353638
0.007083026226609945,-0.19351884722709656,-0.5583053827285767
-0.400611937046051,-0.6266607046127319,-0.05889377370476723
0.20362503826618195,-0.29202598333358765,-0.5683148503303528
-0.38088083267211914,0.2391607016324997,-0.5062761902809143
-0.40613722801208496,-0.23229257762432098,0.15760695934295654
-0.03241228312253952,-0.07072161138057709,0.5582019686698914
-0.032442349940538406,-0.6994362473487854,0.49696508049964905
0.4401404857635498,-0.6266607046127319,-0.26023948192596436
0.3561658263206482,-0.6964294910430908,0.4181891083717346
0.4201216399669647,-0.5971948504447937,0.1234176754951477
0.24792401492595673,-0.6765851378440857,-0.5897626876831055
-0.39432376623153687,-0.5124053955078125,-0.15728360414505005
-0.10295989364385605,-0.6773869395256042,-0.24358932673931122
-0.38059306144714355,-0.6066418290138245,-0.15690860152244568
-0.40613722801208496,-0.3068591356277466,0.4090687334537506
0.13747724890708923,-0.6773869395256042,0.28328773379325867
-0.061948273330926895,0.40142321586608887,-0.6172240376472473
-0.09885071218013763,-0.6773869395256042,0.38661858439445496
-0.35662660002708435,-0.4838545322418213,0.5688257217407227
-0.20879633724689484,-0.6773869395256042,0.35023730993270874
0.08561138808727264,0.6460698246955872,-0.6096070408821106
-0.42606881260871887,0.6560792326927185,0.029603930190205574
-0.40603700280189514,-0.009386584162712097,0.03962339088320732
0.36598774790763855,0.5938531756401062,0.6107192039489746
-0.4043331742286682,0.3017004430294037,-0.0046505192294716835
-0.3929206132888794,0.3595166802406311,-0.5868691802024841
-0.4160464406013489,-0.20121020078659058,-0.014650936238467693
-0.38570448756217957,-0.17124325037002563,-0.11789558082818985
-0.19948844611644745,-0.7094456553459167,0.44275692105293274
0.351154625415802,0.6464706659317017,0.49696508049964905
-0.11347045004367828,-0.6673775315284729,0.06214664503931999
-0.38088083267211914,-0.11503060162067413,0.5117982625961304
-0.33228516578674316,-0.14921990036964417,0.558916449546814
-0.38209643959999084,0.32453852891921997,0.15288348495960236
-0.38088083267211914,-0.3215920627117157,0.5117982625961304
-0.2858685255050659,-0.35105785727500916,0.5657187104225159
-0.3804928660392761,-0.6361076831817627,0.5445843935012817
-0.33507847785949707,-0.6745806932449341,0.151793971657753
-0.014722764492034912,-0.6773869395256042,-0.24389000236988068
-0.40613722801208496,0.01691417396068573,-0.04891441389918327
0.351154625415802,-0.3658910095691681,-0.5683148503303528
0.0009181790519505739,-0.6773869395256042,-0.1406593918800354
-0.3961277902126312,0.17530511319637299,0.3991595208644867
-0.012955892831087112,0.6362607479095459,0.6050194501876831
0.3391277492046356,-0.6771865487098694,-0.0007227445603348315
-0.39090320467948914,-0.6614513397216797,0.4232003092765808
0.40998604893684387,-0.11503060162067413,-0.521009087562561
-0.2242308259010315,-0.5581204295158386,-0.5885599851608276
0.272291362285614,-0.6864200830459595,0.42819851636886597
0.012263600714504719,-0.6673775315284729,0.18227499723434448
0.410687655210495,-0.07073163986206055,-0.35874661803245544
-0.2195073366165161,0.6364612579345703,0.13286460936069489
-0.19476498663425446,-0.12976349890232086,0.5592041015625
-0.2685298025608063,0.6464706659317017,-0.25551602244377136
0.20362503826618195,0.6454684138298035,-0.4915432929992676
0.41038697957992554,0.6227176189422607,-0.22594992816448212
-0.41976767778396606,0.41615617275238037,-0.25551602244377136
-0.19476498663425446,0.4899209439754486,-0.6172240376472473
-0.17520837485790253,0.6364612579345703,-0.0684209018945694
0.20362503826618195,-0.07074166089296341,0.5592041015625
0.18889214098453522,0.6464706659317017,-0.13745221495628357
0.410687655210495,0.20959463715553284,0.010107450187206268
0.410687655210495,-0.2625601589679718,-0.10788614302873611
0.429830402135849,-0.5724525451660156,-0.41777849197387695
0.410687655210495,-0.4985874593257904,0.3052367568016052
0.2379145622253418,0.656480073928833,0.5017887949943542
-0.41976767778396606,0.4899209439754486,0.3937344551086426
0.4096853733062744,-0.17396225035190582,-0.35874661803245544
0.410687655210495,-0.23299413919448853,0.15770718455314636
0.410687655210495,0.28335943818092346,-0.34401369094848633
0.410687655210495,-0.4396558105945587,0.33470261096954346
0.4096853733062744,-0.3215920627117157,-0.35874661803245544
-0.12100020796060562,-0.6994362473487854,0.4674992561340332
0.115127332508564,0.28335943818092346,-0.5683148503303528
0.410687655210495,-0.14449642598628998,0.2905038595199585
0.011823542416095734,-0.6994362473487854,0.43803346157073975
-0.13573309779167175,-0.24782727658748627,-0.5683148503303528
-0.07670123130083084,0.6464706659317017,-0.29971474409103394
0.11036375910043716,0.6354590058326721,-0.21594049036502838
0.070858433842659,0.6454684138298035,-0.53584223985672
0.429830402135849,-0.6166512370109558,-0.12271928042173386
0.4096853733062744,0.40142321586608887,0.09867533296346664
0.42069706320762634,0.22915126383304596,0.22146253287792206
0.3364216983318329,0.5194869637489319,0.6078127026557922
0.1694357544183731,0.529496431350708,-0.6272335052490234
0.4199954867362976,0.49474459886550903,-0.02946803718805313
0.41038697957992554,0.593652606010437,-0.6077027916908264
0.41088807582855225,-0.5277526378631592,0.11340823769569397
-0.40613722801208496,-0.2625601589679718,-0.22594992816448212
0.1741592139005661,-0.6994362473487854,-0.4473445415496826
-0.4043331742286682,-0.5023959875106812,0.05928732082247734
0.02659955620765686,-0.5579200387001038,-0.5884597897529602
0.34114518761634827,0.6364612579345703,0.02959391102194786
-0.4228745996952057,0.5941537618637085,-0.47681036591529846
0.047148384153842926,-0.6868951916694641,-0.08676187694072723
-0.27835172414779663,0.33938464522361755,-0.6142173409461975
-0.36703693866729736,0.3293752074241638,0.6149157285690308
-0.40613722801208496,0.046430110931396484,0.4084673821926117
-0.3421943783760071,-0.547797441482544,-0.5871568918228149
-0.4013264775276184,0.6464706659317017,0.231471985578537
-0.41966745257377625,0.34700167179107666,0.20190593600273132
-0.41976767778396606,0.4899209439754486,-0.048904385417699814
-0.3802924156188965,-0.6495376825332642,0.1863582730293274
-0.41966745257377625,0.34700167179107666,-0.5211093425750732
0.4212111234664917,-0.5441893935203552,0.35013705492019653
0.43013107776641846,-0.646117091178894,0.20190593600273132
-0.40603700280189514,-0.19120076298713684,0.3494355082511902
0.15693366527557373,-0.6863940954208374,-0.03073672577738762
-0.38088083267211914,-0.1592293530702591,-0.5062761902809143
0.36598774790763855,-0.5722520351409912,-0.5883595943450928
-0.03242230787873268,-0.6617520451545715,-0.5882593393325806
-0.18003207445144653,0.29799214005470276,-0.5683148503303528
0.351154625415802,0.6464706659317017,-0.31454789638519287
0.15942630171775818,0.5938531756401062,0.6107192039489746
0.4148840606212616,0.06188756972551346,0.5680109262466431
0.41028672456741333,-0.3363249599933624,0.5520882606506348
0.26265689730644226,0.616904616355896,0.6223452091217041
-0.08964307606220245,-0.6873963475227356,0.2574429214000702
-0.1322123110294342,0.6258374452590942,0.6366901993751526
0.13375602662563324,0.6520702242851257,0.635888397693634
0.39516589045524597,0.6333542466163635,-0.5064637064933777
-0.40613722801208496,-0.2470254749059677,0.231471985578537
0.410687655210495,0.26862654089927673,0.4232003092765808
0.410687655210495,0.6079846620559692,-0.35874661803245544
-0.3422946035861969,-0.02645271271467209,-0.5780364871025085
-0.0719376653432846,-0.5822614431381226,0.5692395567893982
-0.27325329184532166,0.6557784676551819,0.49224165081977844
-0.3906024992465973,-0.6462173461914062,0.2905038595199585
0.20362503826618195,-0.4838545322418213,0.5592041015625
0.24792401492595673,0.6464706659317017,0.15760695934295654
