-0.3521735966205597,-0.34416016936302185,0.5506222248077393 
0.8564319610595703,0.14791712164878845,-0.9621968865394592 
-0.37685835361480713,-0.29853183031082153,-0.35737431049346924 
0.8598766326904297,0.7630736827850342,0.931522786617279 
0.48212549090385437,-0.34416016936302185,-0.02976531721651554 
0.32861992716789246,0.04014816880226135,-0.3297751545906067 
0.350951224565506,0.017942368984222412,-0.9679051637649536 
-0.994573712348938,0.42349809408187866,-0.20614103972911835 
0.6805569529533386,0.08280056715011597,0.3519939184188843 
-0.2796386778354645,-0.34416016936302185,-0.10231006890535355 
-0.0022344794124364853,0.24812626838684082,0.6298496723175049 
0.010235228575766087,0.2865096926689148,-0.6102315187454224 
0.26528966426849365,0.496357798576355,0.42988038063049316 
0.5653880834579468,-0.10834787786006927,-0.5376966595649719 
-0.9447736740112305,-0.18126541376113892,0.9471714496612549 
-0.23133334517478943,-0.044160157442092896,0.5676671862602234 
-0.3594565987586975,0.12609635293483734,-0.27649226784706116 
-0.36416226625442505,-0.044160157442092896,-0.11215075850486755 
-0.6996915340423584,-0.3272320628166199,-0.3151709735393524 
0.4313412308692932,0.47311240434646606,-0.20385894179344177 
-0.29410627484321594,0.12642113864421844,0.3039838373661041 
-0.11244302988052368,0.23354172706604004,0.04512304067611694 
-0.3933127820491791,-0.3406170606613159,-0.6559964418411255 
0.14120158553123474,-0.34416016936302185,-0.26920923590660095 
-0.003937133122235537,-0.15184913575649261,0.6519939303398132 
-0.2869216799736023,0.05125844478607178,-0.6602284908294678 
0.5653880834579468,0.09474986046552658,0.5361546277999878 
0.24117696285247803,-0.08539775013923645,0.6547681093215942 
-1.0009710788726807,-0.5528271794319153,0.9334911108016968 
0.4077390730381012,0.24062788486480713,-0.6634948253631592 
0.8652896881103516,-0.2487514168024063,0.09614107012748718 
-0.40471094846725464,0.3294881284236908,-0.5619262456893921 
0.04630705714225769,0.46137964725494385,-0.36829882860183716 
-0.30138930678367615,0.04399510845541954,0.6519939303398132 
0.37337231636047363,-0.38608670234680176,-0.5956655740737915 
0.27240291237831116,-0.16951416432857513,-0.6199935674667358 
-0.45628994703292847,-0.6441601514816284,-0.10699602961540222 
0.027644366025924683,-0.044160157442092896,-0.07583411037921906 
0.2490505576133728,0.1720297634601593,-0.0008386969566345215 
-1.001856803894043,-0.34329283237457275,0.6765187978744507 
-0.2953845262527466,0.5700737237930298,0.6112668514251709 
-0.056442514061927795,0.15047597885131836,0.3524860143661499 
0.5652896761894226,-0.1229139193892479,0.17338164150714874 
-0.2142883688211441,0.12577158212661743,-0.000745448051020503 
-1.001856803894043,-0.6114850044250488,-0.9246992468833923 
-0.028196245431900024,-0.22698503732681274,0.3519939184188843 
0.854561984539032,-0.6390423774719238,-0.03446111083030701 
0.5652896761894226,0.2181084156036377,-0.45778030157089233 
0.5572377443313599,0.1731123924255371,-0.9246992468833923 
0.31530505418777466,0.47311240434646606,0.07905673235654831 
-0.701856791973114,-0.17369818687438965,-0.044272299855947495 
-0.23133334517478943,0.307698130607605,-0.9602285027503967 
0.5064535140991211,-0.6441601514816284,-0.27897119522094727 
0.1556691974401474,-0.34416016936302185,0.5434376001358032 
-0.4174254834651947,-0.34416016936302185,-0.33446112275123596 
-0.09824235737323761,-0.34416016936302185,0.48537030816078186 
-0.054711565375328064,-0.34416016936302185,0.042789276689291 
-0.49724340438842773,0.12577158212661743,-0.5231306552886963 
-0.4683081805706024,0.12577158212661743,-0.02976531721651554 
0.26588016748428345,0.14260247349739075,0.3427794575691223 
-0.5843443274497986,-0.34416016936302185,0.4273030161857605 
0.5652896761894226,-0.14466454088687897,0.4636197090148926 
-0.19005879759788513,-0.42291393876075745,0.9519939422607422 
-0.11962762475013733,0.2395452857017517,0.17349852621555328 
-0.5408430695533752,0.12626367807388306,0.2967008352279663 
-0.5045263767242432,-0.34416016936302185,-0.000740526826120913 
0.5599750876426697,0.46435311436653137,-0.4119170010089874 
0.30073899030685425,-0.34416016936302185,0.34020209312438965 
0.41018110513687134,0.2758804261684418,0.6519939303398132 
-0.434844434261322,-0.4339368939399719,-0.36829882860183716 
0.8411769866943359,-0.6852009296417236,0.9080989956855774 
-0.12001267075538635,0.12577158212661743,0.4636197090148926 
-0.4557105302810669,-0.11002100259065628,-0.669086217880249 
-0.015795409679412842,-0.37960949540138245,-0.368200421333313 
-0.701856791973114,-0.13738153874874115,-0.47234633564949036 
-0.20800800621509552,0.823601484298706,-0.19196867942810059 
0.5652896761894226,0.26889267563819885,-0.13132403790950775 
-0.02532361075282097,0.13694214820861816,0.1298803687095642 
0.26528966426849365,-0.42291393876075745,-0.3587891459465027 
-0.21438677608966827,0.12609635293483734,-0.4505957067012787 
0.3951229453086853,0.47311240434646606,0.4636197090148926 
0.25653040409088135,-0.21247410774230957,-0.36268895864486694 
0.2657817602157593,0.5688927173614502,0.09826940298080444 
-0.4537421464920044,0.12593889236450195,0.5144039392471313 
-0.23613740503787994,-0.16641516983509064,0.6519939303398132 
0.05095122382044792,0.4052031636238098,0.48537030816078186 
0.8595814108848572,-0.5897343754768372,-0.9602285027503967 
-0.701856791973114,-0.09388026595115662,0.1589140146970749 
0.3515232801437378,-0.34416016936302185,-0.21114195883274078 
0.028619922697544098,0.3401481807231903,-0.3054274618625641 
0.3442402780056,0.47340768575668335,-0.4215620756149292 
0.17023523151874542,-0.34416016936302185,-0.5013799667358398 
0.5652896761894226,0.022224796935915947,0.333017498254776 
0.5653880834579468,-0.1229139193892479,-0.3272765278816223 
0.2710348963737488,-0.1462085098028183,-0.40957340598106384 
-0.1562899500131607,-0.34416016936302185,-0.6174161434173584 
0.2525419294834137,-0.6441601514816284,-0.4893913269042969 
0.38055694103240967,-0.34416016936302185,0.15163099765777588 
-1.0042188167572021,0.4084301292896271,-0.7505956888198853 
0.23802413046360016,0.3439951241016388,0.9519939422607422 
-0.09824235737323761,0.1206144168972969,-0.6511739492416382 
-0.5480276346206665,-0.34416016936302185,-0.4868139624595642 
0.4609653651714325,-0.028559479862451553,0.6519939303398132 
0.07329237461090088,0.47035667300224304,-0.5521643161773682 
-0.701856791973114,-0.057563602924346924,0.5796558856964111 
0.1919858455657959,-0.13009850680828094,0.6519939303398132 
-0.4827757775783539,-0.34416016936302185,0.2604825794696808 
0.05880630016326904,-0.0860866904258728,0.22158855199813843 
-0.9568792581558228,0.4257715940475464,-0.3950861096382141 
-0.964162290096283,-0.6441601514816284,0.17595899105072021 
0.33705568313598633,-0.34416016936302185,-0.4069960415363312 
-0.533560037612915,-0.3440617322921753,0.6229602694511414 
-0.5553107261657715,0.12609635293483734,-0.3272765278816223 
0.5652896761894226,0.05849913880228996,-0.008005828596651554 
0.5095044374465942,-0.009356677532196045,-0.3645589351654053 
0.20172934234142303,0.26948320865631104,0.6453014612197876 
0.3515232801437378,0.47311240434646606,0.2603841722011566 
-0.664162278175354,0.12609635293483734,0.463521271944046 
-0.701856791973114,-0.15184913575649261,-0.23289258778095245 
0.8630260229110718,-0.629692554473877,-0.1629350334405899 
-0.701856791973114,-0.224482461810112,0.34748512506484985 
-0.31120046973228455,-0.6345150470733643,0.9457935690879822 
-0.17807012796401978,0.12577158212661743,-0.2184249758720398 
0.8652896881103516,0.3512486219406128,-0.08524540066719055 
0.24619638919830322,0.5676132440567017,-0.36829882860183716 
0.259286105632782,-0.5002713799476624,0.34421879053115845 
0.5399159789085388,0.006919413805007935,-0.3686925172805786 
0.37750592827796936,0.344970703125,-0.6684957146644592 
0.028619922697544098,0.3401481807231903,0.15163099765777588 
-0.13261893391609192,0.2457457184791565,0.21922653913497925 
0.2257251739501953,-0.0860866904258728,-0.8085646033287048 
-0.12001267075538635,0.12577158212661743,0.28223320841789246 
-0.4992302656173706,-0.637566089630127,0.9427425265312195 
0.5655849575996399,-0.24623310565948486,-0.1893913298845291 
0.15614280104637146,-0.3794126510620117,-0.368200421333313 
-0.025845229625701904,0.143880695104599,-0.48986494541168213 
-0.3232383728027344,0.12609635293483734,0.1298803687095642 
0.3323500156402588,-0.044160157442092896,-0.6998114585876465 
0.10665645450353622,0.023435350507497787,0.6519939303398132 
-0.1392745077610016,-0.044160157442092896,-0.4603576958179474 
0.5653880834579468,0.32686156034469604,-0.2909598648548126 
-0.09824235737323761,-0.34416016936302185,0.23863352835178375 
0.2572377324104309,0.47340768575668335,-0.27649226784706116 
-0.330422967672348,-0.34416016936302185,-0.479530930519104 
0.07122556865215302,0.40894314646720886,0.6519939303398132 
-0.5190924406051636,0.12577158212661743,0.1298803687095642 
-0.6231399774551392,-0.6441601514816284,0.3645595908164978 
0.26528966426849365,-0.04557493329048157,0.29412347078323364 
0.0636473000049591,0.44220882654190063,0.28223320841789246 
-0.6101301312446594,-0.1681867092847824,-0.6686925292015076 
0.40171703696250916,-0.23452121019363403,-0.6682004332542419 
-0.7047109603881836,0.08752589672803879,0.25319957733154297 
-0.591448962688446,-0.47950494289398193,-0.368200421333313 
0.416873574256897,0.4732108414173126,-0.5666319131851196 
-0.29410627484321594,-0.34416016936302185,0.38380175828933716 
-0.20710377395153046,-0.34416016936302185,-0.25464320182800293 
-0.2868232727050781,0.12577158212661743,0.4636197090148926 
-0.7972434163093567,-0.2560048997402191,-0.3602284789085388 
-0.482480525970459,0.05065808445215225,0.6519939303398132 
0.1711210161447525,0.13639099895954132,-0.6552091240882874 
-0.330422967672348,0.12642113864421844,-0.10957340151071548 
0.3976019024848938,-0.044160157442092896,0.20494344830513 
-0.9949674010276794,-0.6351056098937988,-0.26931628584861755 
-0.7013646364212036,-0.009889369830489159,-0.027363888919353485 
0.27180376648902893,-0.3307751715183258,0.6494350433349609 
0.31530505418777466,0.47311240434646606,-0.08055943250656128 
-0.2288728654384613,0.7639594078063965,0.08157503604888916 
0.6974850296974182,0.7713408470153809,0.9382152557373047 
-0.8480276465415955,-0.03097197413444519,-0.3654446601867676 
0.019211050122976303,0.3126892149448395,-0.45718979835510254 
0.5653880834579468,-0.2317654937505722,0.28223320841789246 
0.04681762307882309,-0.34416016936302185,0.4345860481262207 
0.4313412308692932,0.12380319833755493,0.6519939303398132 
0.20674872398376465,0.4709472358226776,0.1951322704553604 
0.5658801794052124,0.4285285174846649,-0.14589007198810577 
0.0010724070016294718,0.25983816385269165,0.47808730602264404 
-0.701856791973114,-0.30420199036598206,-0.46506333351135254 
0.20064672827720642,0.47340768575668335,-0.4698858857154846 
0.15281502902507782,-0.15371911227703094,-0.669086217880249 
-0.9708547592163086,-0.6860867142677307,0.2433391809463501 
0.5652896761894226,0.4285285174846649,0.44177064299583435 
0.5652896761894226,0.05849913880228996,0.1878492534160614 
0.5652896761894226,0.34142759442329407,0.16609860956668854 
0.5655849575996399,-0.2317654937505722,-0.43602967262268066 
-0.21686573326587677,-0.044160157442092896,-0.19915327429771423 
0.20645347237586975,-0.34416016936302185,0.2168828845024109 
-0.1853531301021576,0.12609635293483734,0.6158741116523743 
0.5652896761894226,0.2979263365268707,0.02101896144449711 
0.47484248876571655,0.47340768575668335,0.17338164150714874 
0.003326200880110264,-0.34416016936302185,-0.5448812246322632 
0.33705568313598633,-0.34416016936302185,-0.044272299855947495 
-0.8625937104225159,-0.044160157442092896,-0.5692092180252075 
-0.4683081805706024,0.12577158212661743,-0.1821083128452301 
0.011514677666127682,-0.1262601763010025,-0.6682988405227661 
-0.39567485451698303,0.12577158212661743,-0.4215620756149292 
0.5656833648681641,0.37774425745010376,-0.5375982522964478 
-0.701856791973114,-0.20263342559337616,0.4998379051685333 
-0.9496946334838867,0.4265884757041931,-0.2811979055404663 
0.32317855954170227,-0.06514187157154083,0.6519939303398132 
0.3085128962993622,-0.018509656190872192,0.13964232802391052 
0.8652896881103516,-0.5897343754768372,0.7563366889953613 
0.26528966426849365,0.4673241376876831,-0.583676815032959 
0.1962178647518158,0.5147437453269958,0.013765471056103706 
-0.1774795949459076,-0.03591139242053032,0.6523876190185547 
0.12663553655147552,-0.2607007324695587,0.6519939303398132 
0.13640734553337097,-0.1737363338470459,0.44434797763824463 
0.158226877450943,-0.6441601514816284,0.23396724462509155 
0.8652896881103516,-0.5099164843559265,-0.23545026779174805 
-0.36664119362831116,0.12592904269695282,-0.5739148855209351 
0.5652896761894226,0.21082539856433868,0.26766717433929443 
-0.4464591443538666,-0.34416016936302185,0.4273030161857605 
-0.701856791973114,-0.224482461810112,0.11531434953212738 
-0.36644434928894043,-0.21031010150909424,0.6519939303398132 
0.5652896761894226,-0.04309598729014397,0.5651882886886597 
0.5652896761894226,0.09474986046552658,-0.5158475637435913 
-0.7016599178314209,-0.010066523216664791,-0.5206701755523682 
0.13391855359077454,0.4139625132083893,-0.6602284908294678 
0.07112714648246765,0.4639594256877899,-0.06605245172977448 
0.26528966426849365,0.21340277791023254,0.11060868203639984 
-0.41752389073371887,0.12577158212661743,0.38380175828933716 
0.420632004737854,0.23659276962280273,0.3451046347618103 
0.4313412308692932,-0.34416016936302185,0.2894178032875061 
0.13057230412960052,0.15624214708805084,0.6519939303398132 
0.5354871153831482,-0.044160157442092896,-0.4313240647315979 
-0.4015614986419678,0.2625139057636261,-0.6773718595504761 
-0.3667396306991577,-0.07212963700294495,0.6519939303398132 
-0.07589037716388702,-0.01551894936710596,-0.6611142754554749 
0.2567272186279297,0.1667151153087616,0.028428703546524048 
0.28401637077331543,-0.08996197581291199,0.3210091292858124 
0.17023523151874542,-0.34416016936302185,0.3909863829612732 
-0.4827757775783539,-0.34416016936302185,0.1298803687095642 
0.4530918300151825,0.47340768575668335,-0.015287860296666622 
0.2499547153711319,0.47311240434646606,0.44905364513397217 
0.4311443567276001,0.05210484564304352,-0.6682004332542419 
-0.12044570595026016,-0.22576192021369934,0.6519939303398132 
-0.45628994703292847,-0.6441601514816284,0.6547681093215942 
0.4241566061973572,-0.3398297131061554,0.6403805017471313 
-0.029250532388687134,0.1539096087217331,0.37651875615119934 
0.48212549090385437,-0.34416016936302185,-0.1821083128452301 
-0.5983198285102844,-0.005696718581020832,0.6507145166397095 
0.43862423300743103,0.47311240434646606,-0.33446112275123596 
-0.7247085571289062,0.4257715940475464,0.5168828964233398 
0.8652896881103516,-0.3285594880580902,-0.21368978917598724 
-0.6140668988227844,-0.16051001846790314,0.6519939303398132 
0.34681764245033264,-0.1253928542137146,-0.3602284789085388 
-0.29162734746932983,0.4257715940475464,0.3137654960155487 
0.5652896761894226,0.1310468465089798,0.3982694149017334 
0.17494085431098938,-0.6860867142677307,0.7708042860031128 
-0.02928989939391613,0.15400801599025726,0.5506222248077393 
-0.14462606608867645,0.8460410237312317,-0.9102315306663513 
-0.40185678005218506,-0.3433912694454193,-0.4603576958179474 
-0.6834524273872375,-0.34248703718185425,0.3111684322357178 
-0.701856791973114,-0.19544881582260132,-0.34902718663215637 
-0.48535314202308655,-0.044160157442092896,-0.24995724856853485 
0.8566287755966187,0.14815087616443634,-0.962885856628418 
-0.6133779287338257,0.12577158212661743,-0.21114195883274078 
0.3014279305934906,0.19635778665542603,0.6519939303398132 
0.5652896761894226,0.13831016421318054,-0.10231990367174149 
0.5653880834579468,0.3487105965614319,0.2894178032875061 
0.15096354484558105,0.4257715940475464,-0.04174414277076721 
-0.22157138586044312,-0.34416016936302185,0.5215885639190674 
0.5652896761894226,-0.24623310565948486,-0.06604261696338654 
-0.5408430695533752,0.12577158212661743,0.4273030161857605 
0.5655849575996399,0.37046125531196594,0.5506222248077393 
0.19050957262516022,-0.0009922814788296819,-0.6466466188430786 
0.15309181809425354,-0.0860866904258728,-0.6852453947067261 
0.07850859314203262,0.4856116473674774,0.3982694149017334 
0.8653880953788757,-0.41563090682029724,0.6184514760971069 
-0.29410627484321594,-0.34416016936302185,-0.36349478363990784 
-0.24942399561405182,-0.06366559118032455,-0.669086217880249 
-0.5674346685409546,-0.5979031920433044,-0.9670194387435913 
0.7966915369033813,-0.6860867142677307,-0.9246992468833923 
0.31530505418777466,0.3487105965614319,0.6519939303398132 
0.8565304279327393,0.34880781173706055,0.9461871981620789 
0.45537394285202026,0.2462378740310669,0.045356810092926025 
0.4313412308692932,0.4732108414173126,0.34748512506484985 
-0.3448905646800995,0.12577158212661743,0.013765471056103706 
0.27180376648902893,-0.34416016936302185,-0.2982428967952728 
-0.701856791973114,-0.10106486827135086,-0.5956655740737915 
-0.7047109603881836,0.058507997542619705,0.5506222248077393 
-0.9218420386314392,-0.6857914924621582,-0.26791131496429443 
0.4700199067592621,0.178445503115654,-0.6682004332542419 
0.22128401696681976,-0.5368832945823669,-0.3684957027435303 
-0.8625937104225159,-0.1735788732767105,0.8579052090644836 
-0.701856791973114,-0.3114849925041199,0.4563366770744324 
0.5655849575996399,0.3342429995536804,-0.428845077753067 
-0.43927451968193054,-0.34416016936302185,-0.5303152799606323 
0.5652896761894226,0.181791752576828,0.006502137519419193 
0.4676578640937805,0.37774425745010376,0.6519939303398132 
0.1556691974401474,-0.34416016936302185,-0.3852454125881195 
-0.701856791973114,-0.23895007371902466,0.2314489334821701 
-0.3231399357318878,-0.34416016936302185,-0.24017560482025146 
-0.08120721578598022,-0.1739036589860916,0.3291606903076172 
0.056167446076869965,0.42055657505989075,-0.3852454125881195 
0.2619618773460388,-0.3851025104522705,-0.5623014569282532 
-0.31381842494010925,0.5164353251457214,-0.09981140494346619 
-0.20710377395153046,0.12577158212661743,-0.5666319131851196 
0.5652896761894226,0.014971302822232246,0.44905364513397217 
0.5655849575996399,-0.23166705667972565,-0.5521643161773682 
0.31530505418777466,0.4740966260433197,0.5579051971435547 
-0.07392421364784241,-0.32951417565345764,-0.3670194149017334 
0.2017478048801422,-0.17422842979431152,-0.32251185178756714 
-0.59881192445755,-0.34416016936302185,0.09356372058391571 
0.2645207643508911,-0.34416016936302185,0.4563366770744324 
-0.6133779287338257,-0.34416016936302185,-0.3925284445285797 
0.13391855359077454,-0.34416016936302185,-0.610133171081543 
0.058332659304142,0.42695385217666626,0.057296253740787506 
-0.5916273593902588,0.12609635293483734,-0.4578787386417389 
-0.4247085154056549,-0.325263649225235,0.6511082053184509 
-0.9851255416870117,0.42568302154541016,-0.01940298080444336 
0.4339185655117035,0.24663150310516357,0.5386335253715515 
-0.40384364128112793,-0.21109746396541595,-0.6683973073959351 
-0.7047109603881836,0.022234637290239334,0.14434798061847687 
0.5652896761894226,0.20354238152503967,0.4925549328327179 
0.2452884465456009,-0.044160157442092896,-0.027178078889846802 
0.4894084632396698,0.47370293736457825,0.543339192867279 
-0.22885438799858093,-0.34416016936302185,-0.5303152799606323 
-0.026858948171138763,0.17824865877628326,0.24591653048992157 
0.2815558910369873,-0.044160157442092896,-0.14108599722385406 
-0.701856791973114,-0.2607007324695587,-0.20385894179344177 
0.33786147832870483,0.06701654195785522,0.06205111742019653 
-0.7047109603881836,0.08027240633964539,0.3692357540130615 
0.565486490726471,-0.04309598729014397,-0.6389699578285217 
-0.3456668555736542,-0.6420934200286865,-0.3512723445892334 
0.44226574897766113,0.43935465812683105,-0.669086217880249 
-0.701856791973114,-0.13009850680828094,0.2894178032875061 
0.5655849575996399,-0.04309598729014397,-0.44331270456314087 
0.027644366025924683,0.4257715940475464,-0.6562117338180542 
-0.023424118757247925,0.1882874071598053,-0.22560957074165344 
-0.4998207688331604,-0.1739036589860916,0.06205111742019653 
-0.36664119362831116,-0.34416016936302185,0.28223320841789246 
0.416873574256897,-0.38608670234680176,-0.4940969944000244 
-0.2676500082015991,-0.6441601514816284,0.24343758821487427 
-0.5656446814537048,-0.06789761036634445,-0.669086217880249 
0.23350030183792114,-0.1326758712530136,0.3519939184188843 
-0.1878320872783661,0.8429900407791138,-0.7722479104995728 
-0.03295109048485756,-0.34416016936302185,0.3257344961166382 
-0.17807012796401978,0.12577158212661743,-0.10957340151071548 
0.8652896881103516,-0.3140525221824646,-0.5982428789138794 
0.013010649010539055,0.12344887852668762,0.6458919048309326 
-0.6278455853462219,0.12577158212661743,0.1878492534160614 
-0.31118080019950867,-0.044160157442092896,0.2121969312429428 
0.26528966426849365,-0.3140525221824646,-0.38781294226646423 
0.3323500156402588,-0.6441601514816284,0.03807380795478821 
-0.4055056869983673,-0.41563090682029724,0.3519939184188843 
0.5652896761894226,0.26889267563819885,-0.5521643161773682 
0.8652896881103516,0.0777442455291748,-0.3515356481075287 
-0.5553107261657715,-0.34416016936302185,-0.09505657106637955 
-1.001856803894043,-0.5171994566917419,-0.2739148736000061 
0.3906940817832947,-0.3519352674484253,0.41559118032455444 
0.27180376648902893,-0.224482461810112,0.6519939303398132 
0.8257251977920532,0.773210883140564,-0.8594473004341125 
0.022489607334136963,0.1731123924255371,0.6620511412620544 
0.5652896761894226,-0.224482461810112,-0.2982428967952728 
-0.1853531301021576,0.022234637290239334,-0.6602284908294678 
-0.9352269768714905,-0.6348103284835815,0.9470729827880859 
-0.08577142655849457,-0.3144560158252716,0.3506160378456116 
0.293554425239563,-0.34416016936302185,0.07906657457351685 
-0.21686573326587677,0.20611974596977234,0.3519939184188843 
-0.31802213191986084,-0.30252888798713684,0.6519939303398132 
0.32859164476394653,0.034163039177656174,-0.6684957146644592 
0.039633024483919144,0.37213435769081116,-0.5448812246322632 
-0.2698766589164734,0.4233701825141907,-0.9478276968002319 
0.16765785217285156,-0.45184916257858276,0.3519939184188843 
-0.12726615369319916,-0.34416016936302185,-0.5085645914077759 
-0.5045263767242432,-0.34416016936302185,-0.3925284445285797 
0.030617831274867058,0.34595486521720886,0.5802463889122009 
0.07850859314203262,0.4856116473674774,0.5651882886886597 
0.26528966426849365,-0.011484980583190918,0.3355259597301483 
-0.5118094682693481,-0.34416016936302185,0.5071209669113159 
0.7168735861778259,-0.6441601514816284,-0.24995724856853485 
-0.3268589675426483,0.478248655796051,-0.28838247060775757 
0.30802202224731445,-0.34416016936302185,0.2314489334821701 
-0.09567484259605408,-0.6441601514816284,0.2920050024986267 
0.5653880834579468,-0.27526676654815674,0.5579051971435547 
0.5652896761894226,0.23985904455184937,-0.35621175169944763 
-0.5408430695533752,0.12577158212661743,-0.10957340151071548 
0.25436514616012573,-0.03874707221984863,0.19042661786079407 
0.5547588467597961,-0.3390423357486725,0.23863352835178375 
-0.2408430576324463,-0.5462331175804138,0.3519939184188843 
0.5652896761894226,-0.23166705667972565,0.16609860956668854 
0.06187575310468674,0.4371894299983978,0.1589140146970749 
-0.5796387195587158,0.4264211654663086,-0.5111419558525085 
0.2499547153711319,0.4736045002937317,-0.37806078791618347 
-0.2796386778354645,0.12577158212661743,0.5651882886886597 
-0.20603962242603302,-0.027268975973129272,0.3519939184188843 
-0.011190619319677353,-0.05037900432944298,0.6519939303398132 
0.11464688181877136,-0.6441601514816284,-0.14836901426315308 
0.24975790083408356,-0.3791973888874054,0.5577084422111511 
-0.4247085154056549,0.12577158212661743,0.09356372058391571 
0.04130614548921585,0.37715375423431396,-0.16035768389701843 
-0.6594566106796265,-0.6441601514816284,-0.14108599722385406 
-0.701856791973114,-0.13009850680828094,0.0645497515797615 
-0.11275917291641235,0.12577158212661743,-0.43602967262268066 
-0.4537421464920044,0.12577158212661743,-0.3127104938030243 
0.4530918300151825,0.47311240434646606,-0.47234633564949036 
0.44590720534324646,-0.34416016936302185,-0.276393860578537 
-0.41752389073371887,0.10857775062322617,-0.6592442989349365 
0.30802202224731445,0.4738997519016266,-0.5375982522964478 
-0.31595534086227417,0.12643097341060638,-0.4868139624595642 
-0.24342042207717896,0.12592904269695282,0.2168828845024109 
-0.6996915340423584,-0.01576499454677105,0.4829098582267761 
-0.10550568252801895,-0.34416016936302185,0.608689546585083 
0.48212549090385437,0.47311240434646606,-0.1168564185500145 
0.2038760781288147,0.017548680305480957,0.3519939184188843 
-0.5625936985015869,-0.34416016936302185,0.1878492534160614 
0.26528966426849365,0.4890747666358948,-0.310133159160614 
0.25239676237106323,0.19844305515289307,0.3493366241455078 
0.23548710346221924,0.47370293736457825,-0.1748252958059311 
-0.7010694146156311,-0.03270292654633522,0.27554070949554443 
-0.19983920454978943,0.8347228169441223,0.30650216341018677 
0.5652896761894226,-0.05028058961033821,0.24591653048992157 
0.2645207643508911,-0.34416016936302185,-0.47234633564949036 
-0.701856791973114,-0.13009850680828094,0.4345860481262207 
-0.5190924406051636,-0.34416016936302185,0.35476812720298767 
-1.0047109127044678,0.37301892042160034,-0.47482532262802124 
-0.054711565375328064,-0.34416016936302185,-0.44331270456314087 
-0.6568792462348938,-0.34416016936302185,-0.22560957074165344 
0.26688283681869507,0.3871924877166748,-0.6689877510070801 
0.6460118293762207,0.1517554521560669,-0.9684957265853882 
0.8652896881103516,-0.05285795032978058,0.07429201900959015 
-0.4174254834651947,-0.34416016936302185,-0.43602967262268066 
0.21688590943813324,0.47281715273857117,0.5579051971435547 
0.8653880953788757,0.14939334988594055,0.45163100957870483 
-0.0028348376508802176,0.24842151999473572,-0.06604261696338654 
-0.3028348386287689,-0.05157849192619324,0.4080313444137573 
0.8594829440116882,0.6510727405548096,0.9445140957832336 
-0.006368083879351616,0.2380875051021576,-0.3054274618625641 
0.1919858455657959,-0.34416016936302185,0.11531434953212738 
-1.001856803894043,0.14815087616443634,0.9159725308418274 
-0.9944753646850586,0.4231536388397217,0.29224810004234314 
-0.33770596981048584,-0.34416016936302185,-0.5739148855209351 
0.14371006190776825,-0.6441601514816284,0.12517471611499786 
0.5652896761894226,-0.19544881582260132,0.38380175828933716 
0.4313412308692932,-0.3310704231262207,-0.6653463244438171 
0.8652896881103516,0.40928637981414795,-0.22819676995277405 
0.33705568313598633,0.47311240434646606,-0.21114195883274078 
-0.21686573326587677,0.6342430114746094,-0.9602285027503967 
0.6878399848937988,-0.044160157442092896,-0.4240410327911377 
0.5652896761894226,-0.11563090234994888,0.050032924860715866 
0.416873574256897,0.47311240434646606,0.07179339975118637 
-0.12002251297235489,0.12577158212661743,-0.5304136276245117 
-0.1354730874300003,0.6952629089355469,0.3519939184188843 
0.48212549090385437,0.4738997519016266,0.4273030161857605 
-1.001856803894043,0.23515337705612183,0.030790776014328003 
0.28881922364234924,-0.21247410774230957,-0.3602284789085388 
-0.9928022027015686,0.3149909973144531,0.9380184412002563 
0.0341215543448925,0.35609203577041626,0.26107311248779297 
0.5652896761894226,0.09478922933340073,0.27495020627975464 
-0.49724340438842773,0.12577158212661743,-0.39981141686439514 
0.5161969661712646,-0.08205151557922363,-0.3429067134857178 
0.32298171520233154,-0.18580374121665955,-0.6685941219329834 
0.3660893142223358,0.058505043387413025,0.6519939303398132 
0.8652896881103516,-0.5970174074172974,0.6620511412620544 
-0.6956748962402344,-0.28502869606018066,0.3519939184188843 
0.04939499497413635,-0.044160157442092896,0.2847495377063751 
-0.20958271622657776,0.7981109023094177,-0.9538312554359436 
-0.701856791973114,-0.20263342559337616,-0.13132403790950775 
0.3224896192550659,0.47311240434646606,0.17338164150714874 
0.22869619727134705,0.47370293736457825,0.2894178032875061 
0.3394177258014679,-0.33490875363349915,-0.6629841923713684 
0.33705568313598633,0.47311240434646606,-0.3199935257434845 
0.5652896761894226,-0.16641516983509064,-0.13860704004764557 
-1.001856803894043,0.0029826462268829346,0.24847422540187836 
0.21373647451400757,-0.34416016936302185,0.31126686930656433 
0.5652896761894226,0.0004544794501271099,-0.5593488216400146 
-0.31337791681289673,-0.044160157442092896,0.2920050024986267 
-0.2790481746196747,-0.05037900432944298,0.6523876190185547 
0.3006405830383301,0.2985168397426605,-0.6685941219329834 
0.4530918300151825,-0.38608670234680176,0.5579051971435547 
0.8597782254219055,0.6559937000274658,-0.9602285027503967 
-0.4683266282081604,0.05829417705535889,-0.3679051399230957 
-0.12001267075538635,0.12577158212661743,0.06453006714582443 
-0.6993963122367859,-0.015853574499487877,0.06212863698601723 
-0.3667396306991577,0.12609635293483734,0.5361546277999878 
0.7749408483505249,-0.6441601514816284,-0.17011964321136475 
0.391893595457077,0.22360146045684814,0.018451452255249023 
0.07585126906633377,-0.3432743549346924,0.6295543909072876 
-0.9424116015434265,0.4260963797569275,0.6257345080375671 
0.175943523645401,0.5422026515007019,0.1298803687095642 
0.40557387471199036,0.22127628326416016,-0.36908620595932007 
0.22101949155330658,-0.34416016936302185,-0.22560957074165344 
0.5652896761894226,0.31967693567276,0.47808730602264404 
-0.9970342516899109,-0.48088282346725464,-0.9577680230140686 
0.024919360876083374,0.3294204771518707,0.05789661407470703 
-0.08376489579677582,0.12577158212661743,0.1951322704553604 
-0.5770612955093384,-0.34416016936302185,0.27495020627975464 
-0.23133334517478943,-0.044160157442092896,0.3137654960155487 
0.8652896881103516,0.4455636739730835,-0.09758473932743073 
-0.3909987211227417,-0.17422842979431152,0.0671074241399765 
0.39691299200057983,0.23137658834457397,0.1323593109846115 
0.5652896761894226,0.15281715989112854,-0.37077781558036804 
-0.5262770652770996,-0.34416016936302185,-0.5811979174613953 
0.08313427865505219,0.09478922933340073,-0.6602284908294678 
-0.18054905533790588,-0.6441601514816284,-0.1193353682756424 
-0.5262770652770996,-0.34416016936302185,-0.1893913298845291 
-0.003927284851670265,-0.23954060673713684,0.6519939303398132 
0.543735921382904,-0.3536083698272705,0.5144039392471313 
0.07114562392234802,0.4204372763633728,-0.9513707756996155 
0.153977632522583,-0.6860867142677307,0.06283849477767944 
-0.3376075327396393,0.12592904269695282,0.2241659015417099 
0.339633047580719,-0.044160157442092896,-0.47482532262802124 
0.4700199067592621,-0.1799970269203186,-0.6684957146644592 
-0.11263984441757202,-0.21311384439468384,0.934573769569397 
-0.33311840891838074,0.425712525844574,0.3355259597301483 
0.2599750757217407,0.7639594078063965,-0.36363136768341064 
0.26558494567871094,-0.01847270131111145,-0.2593488097190857 
0.004615490324795246,0.2700737416744232,0.2241659015417099 
0.4961009919643402,0.2617081105709076,0.6519939303398132 
0.5545804500579834,-0.18415892124176025,-0.968987762928009 
-0.47549277544021606,0.12577158212661743,0.608689546585083 
-0.6691017150878906,0.18338492512702942,-0.9682988524436951 
0.5655849575996399,-0.3184727132320404,-0.47234633564949036 
0.17741982638835907,-0.33047986030578613,0.6489429473876953 
-0.59881192445755,-0.34416016936302185,0.5215885639190674 
-0.7047109603881836,0.05124859884381294,-0.08780308067798615 
0.2169843167066574,0.47232508659362793,-0.08782276511192322 
-0.0028348376508802176,0.24842151999473572,-0.5085645914077759 
0.06581251323223114,0.44860607385635376,-0.3054274618625641 
0.6443386673927307,-0.06955227255821228,0.3279796838760376 
-0.5989103317260742,0.12626367807388306,0.10084673017263412 
0.5652896761894226,0.3269599974155426,-0.19667434692382812 
-0.1878320872783661,0.1263018250465393,0.9519939422607422 
-0.652173638343811,-0.044160157442092896,0.13964232802391052 
0.5652896761894226,0.2616097033023834,0.1951322704553604 
0.4774198532104492,-0.044160157442092896,0.23396724462509155 
0.13068920373916626,-0.24905651807785034,0.3519939184188843 
-0.24332201480865479,0.12609635293483734,0.07903704792261124 
0.1965131312608719,0.4937804341316223,-0.5521643161773682 
-0.19253773987293243,-0.34416016936302185,0.4418690800666809 
-1.0047109127044678,-0.23423852026462555,-0.9028501510620117 
-0.10988412797451019,0.2301955223083496,-0.6465667486190796 
0.01031396072357893,0.2867065668106079,0.3982694149017334 
0.1483861654996872,-0.34416016936302185,-0.1821083128452301 
0.358806312084198,0.47311240434646606,0.006502137519419193 
-0.5118094682693481,0.12577158212661743,0.042789276689291 
0.5658801794052124,-0.057563602924346924,0.40555238723754883 
-0.43927451968193054,-0.34416016936302185,0.5506222248077393 
-0.22885438799858093,-0.34416016936302185,0.2967008352279663 
-0.964162290096283,-0.37931424379348755,0.9519939422607422 
0.13391855359077454,0.5466315150260925,0.44177064299583435 
-0.34231317043304443,0.027489036321640015,-0.36908620595932007 
-0.4827757775783539,0.12577158212661743,-0.6102315187454224 
0.06020262837409973,0.432170033454895,-0.47962936758995056 
0.32996949553489685,-0.38608670234680176,-0.5014784336090088 
-0.3629812002182007,-0.6822483539581299,-0.9436941146850586 
-0.35687923431396484,-0.19803601503372192,-0.9601300954818726 
0.5652896761894226,0.181791752576828,-0.1748252958059311 
-0.4464591443538666,-0.23166705667972565,0.6519939303398132 
0.5655849575996399,0.3922118544578552,-0.34174415469169617 
-0.3594565987586975,-0.34416016936302185,0.4345860481262207 
0.38055694103240967,-0.34416016936302185,-0.32717809081077576 
0.5652896761894226,-0.05028058961033821,-0.0007503688684664667 
-0.4998207688331604,0.426263689994812,0.7853703498840332 
-0.2578880488872528,-0.34416016936302185,-0.1821083128452301 
-0.4610251486301422,-0.34416016936302185,-0.24017560482025146 
-0.9496946334838867,0.42675578594207764,0.8650898337364197 
-0.322549432516098,0.12418702989816666,-0.6436941027641296 
-0.701856791973114,-0.23895007371902466,0.00651197973638773 
-0.04020458459854126,-0.34416016936302185,0.4273030161857605 
-0.5289343595504761,-0.04949323087930679,0.6524860262870789 
-0.32784557342529297,0.4257715940475464,-0.67806077003479 
-0.19982075691223145,-0.24623310565948486,0.6519939303398132 
-1.0007741451263428,-0.6230000257492065,0.41777485609054565 
-0.11697030067443848,0.1793128252029419,-0.3585553765296936 
-0.2458624243736267,-0.19782933592796326,0.3525844216346741 
-0.025156298652291298,0.18326804041862488,0.4708043038845062 
0.2221021056175232,0.4729155898094177,0.11541277170181274 
0.26528966426849365,0.38749638199806213,-0.5982428789138794 
0.5657817721366882,0.3487105965614319,0.383703351020813 
-0.7047109603881836,0.04399510845541954,-0.34174415469169617 
-0.330422967672348,0.12577158212661743,0.37651875615119934 
-0.21438677608966827,0.12626367807388306,-0.2909598648548126 
0.5655849575996399,0.3559936583042145,0.08632006496191025 
0.8658801913261414,-0.48088282346725464,0.8361546397209167 
-0.701856791973114,-0.26798370480537415,-0.3852454125881195 
0.2147206813097,0.20364080369472504,-0.6667242050170898 
0.020361334085464478,-0.044160157442092896,0.8942219018936157 
-0.40185678005218506,0.17708608508110046,-0.44589006900787354 
0.560860812664032,-0.33343246579170227,-0.19667434692382812 
-1.001758337020874,-0.6174885630607605,0.8723728656768799 
-0.41024088859558105,0.12577158212661743,-0.1168564185500145 
-0.6739242076873779,-0.17422842979431152,0.5967008471488953 
-0.2796386778354645,-0.34416016936302185,0.14434798061847687 
0.6951229572296143,0.773112416267395,-0.37330594658851624 
0.7313412427902222,0.1731123924255371,-0.046800434589385986 
0.2074376493692398,0.18956686556339264,0.6460887789726257 
-0.1273055225610733,0.12609635293483734,0.543339192867279 
-0.011180778034031391,-0.34416016936302185,0.23863352835178375 
0.07683546841144562,0.4805922508239746,0.47808730602264404 
-0.07649663835763931,0.12626367807388306,0.608689546585083 
0.017488714307546616,0.30766981840133667,-0.37747031450271606 
0.6297726631164551,0.15533547103405,0.3519939184188843 
0.48104286193847656,0.36367031931877136,-0.6684957146644592 
-0.9060949683189392,-0.0860866904258728,0.2942218780517578 
0.865683376789093,0.14959022402763367,0.8506222367286682 
-0.27334848046302795,0.6344398856163025,0.07498094439506531 
0.3373509347438812,-0.2830418646335602,0.6519939303398132 
0.19021429121494293,-0.0846288725733757,-0.6687909960746765 
-0.4174254834651947,-0.34416016936302185,0.2168828845024109 
0.18047082424163818,0.5396437644958496,-0.42392411828041077 
-0.4127591848373413,-0.6441601514816284,0.05982440710067749 
-0.7392745018005371,-0.044160157442092896,-0.3732961118221283 
-0.39824235439300537,-0.044160157442092896,-0.19187027215957642 
0.8652896881103516,0.11911721527576447,-0.5328925848007202 
0.12663553655147552,0.26889267563819885,-0.6602284908294678 
-0.701856791973114,-0.1229139193892479,0.5361546277999878 
-1.0047109127044678,0.35850802063941956,0.33553579449653625 
0.5652896761894226,0.2253914177417755,-0.06604261696338654 
-0.5003927946090698,-0.174387127161026,-0.669086217880249 
0.01766708493232727,0.1714392602443695,0.3383136987686157 
0.09760190546512604,-0.34416016936302185,-0.5303152799606323 
0.06020262837409973,0.432170033454895,-0.6246992349624634 
0.2038760781288147,0.1734076738357544,-0.22095312178134918 
-0.17306919395923615,0.8460410237312317,-0.3660426139831543 
0.40230756998062134,0.19635778665542603,0.6519939303398132 
-0.5771597623825073,0.12626367807388306,-0.5521643161773682 
0.44590720534324646,-0.34416016936302185,0.20241527259349823 
-0.6133779287338257,-0.34416016936302185,0.35476812720298767 
-0.701856791973114,-0.1229139193892479,-0.3779623806476593 
-0.27334848046302795,0.6344398856163025,0.7642102241516113 
-0.701856791973114,-0.2534176707267761,-0.2909598648548126 
-0.31585693359375,-0.13068903982639313,0.6519939303398132 
-0.08373536914587021,-0.34416016936302185,-0.1168564185500145 
-0.2723556458950043,0.12577158212661743,-0.058789122849702835 
-0.0764818787574768,-0.34416016936302185,-0.5666319131851196 
-1.001856803894043,-0.4736981987953186,-0.1266183704137802 
-0.5045263767242432,0.12577158212661743,-0.25464320182800293 
0.2572377324104309,-0.34416016936302185,-0.037018805742263794 
0.2645207643508911,0.47340768575668335,-0.022561034187674522 
0.0928962379693985,-0.6441601514816284,-0.6490272283554077 
0.5652896761894226,0.3994949162006378,0.2314489334821701 
0.5652896761894226,-0.1808827966451645,0.2241659015417099 
-0.2723556458950043,-0.34416016936302185,0.4636197090148926 
0.5572377443313599,-0.044160157442092896,-0.14108599722385406 
0.4830112159252167,-0.004830627236515284,-0.6681020259857178 
0.0825437679886818,0.4972251057624817,0.20959988236427307 
-0.4531516432762146,-0.03600981459021568,0.6524860262870789 
0.19670997560024261,0.5080512166023254,0.6230587363243103 
0.41716882586479187,-0.09407711029052734,0.6519939303398132 
0.20645347237586975,0.4707503616809845,0.38380175828933716 
0.42681390047073364,0.24104006588459015,-0.6682004332542419 
0.5652896761894226,-0.13009850680828094,-0.46506333351135254 
-0.7900588512420654,-0.6441601514816284,-0.012710481882095337 
-0.3884902596473694,-0.34416016936302185,0.35476812720298767 
0.3951229453086853,0.47311240434646606,0.14434798061847687 
-0.0474679172039032,0.12642113864421844,0.3039838373661041 
-0.40471094846725464,-0.20522062480449677,0.4660986065864563 
0.32508668303489685,-0.6441601514816284,-0.9174161553382874 
-0.2506050169467926,-0.34416016936302185,-0.45778030157089233 
-0.701856791973114,-0.20991645753383636,-0.4940969944000244 
0.24277012050151825,-0.34416016936302185,-0.39981141686439514 
0.7603748440742493,-0.6441601514816284,0.197689950466156 
0.11687356233596802,0.773112416267395,0.2651882767677307 
0.004605649504810572,0.2700737416744232,0.5579051971435547 
0.5211179256439209,0.6421165466308594,0.35238760709762573 
-0.45187097787857056,-0.36041778326034546,-0.36908620595932007 
-0.1574205756187439,-0.34270232915878296,0.3520923852920532 
-0.09827187657356262,0.12609635293483734,-0.1023494303226471 
-0.6981168389320374,-0.3310704231262207,0.38380175828933716 
-0.23133334517478943,-0.044160157442092896,-0.6344611644744873 
0.039633024483919144,-0.34416016936302185,-0.479530930519104 
0.5652896761894226,0.16007064282894135,0.5723728537559509 
-0.5045263767242432,0.12577158212661743,0.2314489334821701 
0.08055692911148071,0.1734076738357544,-0.2013799548149109 
0.26528966426849365,0.34398528933525085,-0.19196867942810059 
0.5658801794052124,-0.2607007324695587,-0.36349478363990784 
0.5652896761894226,-0.16641516983509064,-0.5883824825286865 
0.31530505418777466,-0.34416016936302185,-0.14589007198810577 
0.5111591815948486,0.47340768575668335,-0.35621175169944763 
0.3323500156402588,0.3294881284236908,0.3519939184188843 
-0.6278455853462219,-0.34416016936302185,-0.3054274618625641 
-0.31387007236480713,0.03929927945137024,0.3519939184188843 
0.04130614548921585,0.3277473747730255,0.6516002416610718 
-0.40471094846725464,-0.19804586470127106,-0.2375982403755188 
0.250249981880188,-0.07970790565013885,0.6519939303398132 
-1.0047109127044678,0.3222346603870392,-0.7215620875358582 
-0.29656675457954407,0.11793741583824158,0.6466792821884155 
-0.7047109603881836,0.0657634511590004,0.4418690800666809 
-1.0008726119995117,0.4180063009262085,0.05254139006137848 
0.5652896761894226,0.16732414066791534,-0.5304136276245117 
0.44590720534324646,0.05124859884381294,0.6519939303398132 
0.05449431389570236,0.4155372083187103,0.5723728537559509 
-0.3812072277069092,0.12577158212661743,0.4636197090148926 
0.5652896761894226,-0.057563602924346924,-0.37077781558036804 
0.3297726511955261,0.27617570757865906,0.6519939303398132 
0.5652896761894226,-0.04309598729014397,0.15881559252738953 
0.8472790122032166,0.2721885144710541,0.9511082172393799 
0.5213147401809692,-0.08539775013923645,0.3264049291610718 
0.3878399431705475,0.3994949162006378,0.6519939303398132 
-0.040214426815509796,0.12577158212661743,-0.3925284445285797 
0.30287349224090576,-0.034945666790008545,0.0671074241399765 
0.8418659567832947,-0.6767369508743286,0.7417706251144409 
-0.30661413073539734,0.2614313066005707,-0.3689877390861511 
0.2845982611179352,0.22578510642051697,-0.6685941219329834 
0.24186593294143677,-0.06955227255821228,-0.6998114585876465 
-0.7658476829528809,-0.6349087953567505,-0.962885856628418 
0.5657817721366882,0.4139625132083893,0.34020209312438965 
-0.09764198958873749,-0.04309598729014397,0.652584433555603 
0.26528966426849365,0.358499139547348,0.20493359863758087 
-0.4683081805706024,0.12577158212661743,0.3039838373661041 
0.48212549090385437,0.47340768575668335,0.6158741116523743 
0.5652896761894226,0.08751606196165085,0.4636197090148926 
0.10746227204799652,0.4264211654663086,0.5749502182006836 
-0.701856791973114,-0.13009850680828094,-0.3054274618625641 
0.14120158553123474,-0.34416016936302185,0.2604825794696808 
0.5257251858711243,0.47311240434646606,-0.4868139624595642 
0.37337231636047363,-0.34416016936302185,0.34020209312438965 
-0.6666412353515625,0.4260963797569275,-0.4749237298965454 
0.2184421420097351,0.1734076738357544,-0.06855107843875885 
-0.4537421464920044,0.12658846378326416,-0.46506333351135254 
-0.59881192445755,-0.34416016936302185,-0.1821083128452301 
0.5652896761894226,-0.0067990063689649105,-0.16035768389701843 
-0.059456586837768555,0.4257715940475464,-0.6490272283554077 
-0.701856791973114,-0.13009850680828094,0.3620511293411255 
-0.4998207688331604,-0.6441601514816284,0.5241659283638 
0.3225880563259125,0.47311240434646606,0.4636197090148926 
-0.33770596981048584,-0.34416016936302185,-0.0515257902443409 
-0.029565472155809402,0.16031669080257416,-0.029784997925162315 
-0.7392745018005371,-0.29928964376449585,-0.9597364068031311 
-0.01598363183438778,0.21003803610801697,-0.15307466685771942 
0.15153557062149048,0.3230232298374176,0.6519939303398132 
0.2393069863319397,0.17321082949638367,0.6833096742630005 
-0.22149142622947693,0.785611629486084,-0.10699602961540222 
-0.9952627420425415,-0.6354008913040161,-0.8569868206977844 
0.11945095658302307,-0.34416016936302185,0.4418690800666809 
0.02258804440498352,0.4238032102584839,0.3519939184188843 
-0.40471094846725464,-0.2632583975791931,0.6039838790893555 
-0.4707871079444885,-0.044160157442092896,0.272372841835022 
0.5652896761894226,-0.16641516983509064,-0.0007503688684664667 
-0.9060949683189392,0.35125845670700073,-0.3602284789085388 
-0.4683081805706024,0.12609635293483734,0.43448764085769653 
-0.5650726556777954,-0.17422842979431152,-0.43860703706741333 
0.5652896761894226,0.3559936583042145,-0.13132403790950775 
0.5652896761894226,0.0294782854616642,-0.4868139624595642 
-0.11275917291641235,0.05125844478607178,-0.6602284908294678 
0.5652896761894226,-0.07931423932313919,-0.1168564185500145 
-0.6351286172866821,0.12577158212661743,0.3982694149017334 
0.5652896761894226,-0.2897343635559082,-0.26920923590660095 
-0.2506050169467926,-0.34416016936302185,0.07906657457351685 
-0.021249057725071907,0.19468465447425842,0.318451464176178 
-0.17306919395923615,0.8458442091941833,-0.24488121271133423 
0.49198585748672485,-0.5322575569152832,0.3519939184188843 
0.8654865026473999,-0.6042020320892334,0.9229602813720703 
0.5107654929161072,-0.3575451672077179,0.29709452390670776 
-0.9744962453842163,-0.08529931306838989,0.9171535968780518 
0.1829313039779663,0.36317822337150574,-0.658653736114502 
0.39661771059036255,0.23167181015014648,-0.590959906578064 
-0.3839445114135742,-0.042388588190078735,-0.692528486251831 
0.0822485089302063,-0.15234124660491943,-0.6682988405227661 
-0.6994947195053101,-0.015774834901094437,0.2072378247976303 
-0.9332586526870728,-0.40175381302833557,-0.969086229801178 
0.381264328956604,0.778427004814148,0.343136191368103 
-0.2603669762611389,-0.05285795032978058,-0.3602284789085388 
0.04130614548921585,0.37715375423431396,-0.08781293034553528 
-0.3938847780227661,-0.3662244975566864,-0.3617047667503357 
0.2438342571258545,0.45638978481292725,-0.3681020140647888 
0.26528966426849365,0.12852850556373596,-0.29566556215286255 
-0.3718069791793823,0.1364389806985855,-0.9682988524436951 
-0.09099870175123215,0.12577158212661743,0.3620511293411255 
0.2805520296096802,0.4999008774757385,0.4806646704673767 
0.19011588394641876,0.5299002528190613,-0.1942138671875 
0.07329237461090088,0.47035667300224304,-0.14589007198810577 
0.4915737211704254,-0.29662367701530457,-0.669086217880249 
-0.40295788645744324,-0.15184913575649261,0.6519939303398132 
0.2657817602157593,-0.2777653634548187,0.843339204788208 
-0.12001267075538635,-0.34416016936302185,0.4200200140476227 
0.8652896881103516,-0.6115834712982178,-0.34427231550216675 
-0.3884902596473694,-0.34416016936302185,0.08632006496191025 
-0.6060949563980103,0.12626367807388306,0.25319957733154297 
-0.059456586837768555,-0.6441601514816284,-0.6852453947067261 
-0.26507264375686646,0.12577158212661743,0.3982694149017334 
0.4313412308692932,0.47311240434646606,-0.4069960415363312 
0.6805569529533386,-0.6441601514816284,-0.07583411037921906 
-0.701856791973114,-0.27526676654815674,-0.1168564185500145 
-0.4453752934932709,0.004262059926986694,0.3519939184188843 
0.017488714307546616,0.30766981840133667,-0.09447590261697769 
0.5658801794052124,-0.10834787786006927,0.5434376001358032 
0.5652896761894226,0.24714206159114838,0.333017498254776 
-0.2723556458950043,-0.34416016936302185,-0.2982428967952728 
-0.024555940181016922,0.18307121098041534,0.6299480199813843 
0.20054832100868225,0.4736045002937317,-0.23771512508392334 
-0.4174254834651947,0.12577158212661743,-0.5231306552886963 
0.17494085431098938,-0.0860866904258728,-0.7577803134918213 
-1.001856803894043,-0.5099164843559265,-0.12156206369400024 
0.5652896761894226,0.1310468465089798,-0.45778030157089233 
-0.06673961877822876,0.4257715940475464,-0.3515356481075287 
-0.15161384642124176,-0.6441601514816284,-0.24270376563072205 
-0.39567485451698303,-0.34416016936302185,0.49265336990356445 
-0.701856791973114,-0.27526676654815674,0.5144039392471313 
0.017488714307546616,0.30766981840133667,-0.5442907214164734 
-0.7035298943519592,-0.005253832321614027,-0.5883824825286865 
-0.6206610202789307,0.12592904269695282,-0.29814448952674866 
0.5415706634521484,-0.22497455775737762,-0.6687909960746765 
0.48862117528915405,-0.3544941842556,-0.3336738049983978 
-0.7047109603881836,0.05124859884381294,-0.4868139624595642 
0.8458027243614197,0.32028594613075256,-0.9678068161010742 
-0.12598669528961182,0.10864664614200592,0.6512065529823303 
-0.16608145833015442,0.8463362455368042,0.8796558976173401 
0.19464315474033356,0.52104252576828,0.4563366770744324 
-0.1563194990158081,0.12643097341060638,-0.6174161434173584 
0.30073899030685425,-0.38608670234680176,-0.6174161434173584 
0.056167446076869965,0.42055657505989075,0.4200200140476227 
0.17023523151874542,-0.33067673444747925,-0.665149450302124 
-0.3998883366584778,0.3875357508659363,0.9246333837509155 
-0.36664119362831116,-0.3440617322921753,0.6229602694511414 
-0.24332201480865479,-0.34416016936302185,-0.6246992349624634 
-0.023424118757247925,0.1882874071598053,0.08631022274494171 
0.39896130561828613,-0.3623676598072052,-0.4254988431930542 
0.20645347237586975,-0.34416016936302185,-0.5883824825286865 
-0.010275321081280708,0.22667087614536285,0.4200200140476227 
0.42622339725494385,-0.27379047870635986,0.6519939303398132 
-0.2072206437587738,-0.6349087953567505,-0.9622952938079834 
-0.1963575780391693,-0.3566778302192688,-0.969086229801178 
0.1624601185321808,0.0585089810192585,-0.659637987613678 
0.5652896761894226,-0.06484662741422653,-0.25464320182800293 
0.15096354484558105,-0.6441601514816284,0.582233190536499 
-0.3884902596473694,-0.34416016936302185,-0.25464320182800293 
-0.6424115896224976,-0.34416016936302185,0.4708043038845062 
0.08313427865505219,-0.34416016936302185,0.333017498254776 
0.35410064458847046,-0.044160157442092896,0.4951322674751282 
-0.5071038007736206,-0.6441601514816284,0.21945041418075562 
0.5652896761894226,0.0294782854616642,0.2603841722011566 
0.2452884465456009,0.426263689994812,0.1490536332130432 
0.3619557023048401,0.27174684405326843,-0.6682988405227661 
0.06415785849094391,-0.24210122227668762,0.3519939184188843 
0.5652896761894226,0.23257602751255035,0.050032924860715866 
0.7095905542373657,0.773112416267395,-0.43860703706741333 
-0.3026687502861023,-0.10411585867404938,-0.6683973073959351 
-0.3812072277069092,0.12609635293483734,0.16609860956668854 
0.18212547898292542,0.1734076738357544,0.003983825445175171 
-0.40185678005218506,-0.582451343536377,-0.1193353682756424 
-0.5408430695533752,-0.16641516983509064,0.6519939303398132 
0.03705567121505737,-0.044160157442092896,0.32828229665756226 
-0.2506050169467926,-0.2897343635559082,0.6519939303398132 
0.11216793209314346,-0.34416016936302185,-0.43602967262268066 
-0.5625936985015869,-0.34416016936302185,-0.34902718663215637 
0.5652896761894226,0.27617570757865906,0.5288715958595276 
0.13391855359077454,-0.34416016936302185,-0.015250461176037788 
0.5652896761894226,-0.07212963700294495,0.4708043038845062 
0.5652896761894226,0.2616097033023834,0.11531434953212738 
-0.5288543701171875,-0.6441601514816284,0.06923574209213257 
-0.533560037612915,-0.34416016936302185,0.07906657457351685 
-0.0765301063656807,0.12609635293483734,-0.16764070093631744 
0.5655849575996399,-0.224482461810112,0.4708043038845062 
-0.4827757775783539,-0.34416016936302185,-0.47234633564949036 
-0.40295788645744324,-0.34416016936302185,-0.5883824825286865 
-0.2773565649986267,-0.6859883069992065,-0.31761300563812256 
-0.8916273713111877,0.227870374917984,0.3519939184188843 
0.37504544854164124,-0.013540721498429775,-0.6682004332542419 
0.0543958954513073,0.17509925365447998,0.6519939303398132 
0.05449431389570236,0.4155372083187103,-0.008003859780728817 
0.8569240570068359,0.7669119834899902,-0.49903643131256104 
-1.0008726119995117,0.4182228446006775,-0.08524540066719055 
-0.2008049339056015,-0.13226373493671417,-0.6686925292015076 
-0.5190924406051636,0.12626367807388306,0.5071209669113159 
-0.701856791973114,-0.217199444770813,0.41283541917800903 
0.5184421539306641,0.47340768575668335,-0.008010748773813248 
-0.29667380452156067,-0.6441601514816284,-0.2934880256652832 
-0.47549277544021606,0.12609635293483734,-0.09508610516786575 
0.2645207643508911,-0.1524396538734436,0.6519939303398132 
0.2184421420097351,0.40203288197517395,0.9519939422607422 
-0.03295109048485756,-0.34416016936302185,0.5361546277999878 
0.31783318519592285,-0.6441601514816284,-0.20643629133701324 
-0.23613740503787994,0.12577158212661743,0.14434798061847687 
-0.533560037612915,0.12642113864421844,-0.04429198056459427 
-0.1239580512046814,0.2425963282585144,-0.2013799548149109 
-0.701856791973114,-0.05028058961033821,-0.09505657106637955 
-0.5625936985015869,0.12609635293483734,0.1951322704553604 
0.26558494567871094,0.1626184731721878,-0.09981140494346619 
0.26528966426849365,0.6994949579238892,-0.5764923095703125 
0.416873574256897,-0.34416016936302185,-0.1893913298845291 
-0.3521735966205597,-0.34416016936302185,-0.3199935257434845 
-0.5118094682693481,-0.34416016936302185,0.4200200140476227 
0.23812603950500488,-0.0860866904258728,-0.2739148736000061 
-0.0001479905185988173,-0.24111530184745789,-0.6678068041801453 
0.293554425239563,-0.006779325194656849,0.6519939303398132 
-0.17078709602355957,-0.16641516983509064,0.6519939303398132 
0.4676578640937805,0.19635778665542603,0.6519939303398132 
0.26528966426849365,-0.25601473450660706,-0.310133159160614 
0.14287468791007996,0.45874321460723877,0.6519939303398132 
0.3957134783267975,-0.028559479862451553,0.6519939303398132 
-0.5408430695533752,0.12577158212661743,-0.1748252958059311 
0.5257251858711243,-0.34416016936302185,-0.276393860578537 
0.5652896761894226,-0.05028058961033821,-0.5085645914077759 
-1.0014631748199463,-0.5443631410598755,-0.9448750615119934 
0.8652896881103516,-0.5752667784690857,0.1686759740114212 
0.5655849575996399,0.3487105965614319,-0.5956655740737915 
-0.701856791973114,-0.297017365694046,0.2604825794696808 
-0.4537421464920044,-0.34416016936302185,0.07181308418512344 
-0.701856791973114,-0.26798370480537415,-0.5231306552886963 
0.21373647451400757,-0.34416016936302185,0.5144039392471313 
0.5652896761894226,0.2906433343887329,0.25319957733154297 
0.2645207643508911,0.2544250786304474,0.6519939303398132 
0.3951229453086853,-0.34416016936302185,-0.015250461176037788 
-0.6812072396278381,-0.044160157442092896,-0.4023100733757019 
-0.061975881457328796,-0.1808827966451645,0.6519939303398132 
0.5657817721366882,0.18907476961612701,0.3692357540130615 
-0.11275917291641235,-0.34416016936302185,-0.00799500197172165 
0.5652896761894226,-0.19544881582260132,-0.35621175169944763 
-0.30867230892181396,-0.34416016936302185,0.31126686930656433 
-0.09098885953426361,-0.34416016936302185,0.3620511293411255 
-0.08376489579677582,0.12577158212661743,-0.5883824825286865 
-0.701856791973114,-0.07212963700294495,0.09356372058391571 
0.18212547898292542,-0.6695523262023926,0.9286686182022095 
-0.23584215342998505,-0.10204906016588211,0.6519939303398132 
0.4727756381034851,0.1010388433933258,-0.6682004332542419 
-0.5803091526031494,-0.22497455775737762,-0.6685941219329834 
-0.08307596296072006,-0.0787237286567688,-0.669086217880249 
0.26442235708236694,0.4738997519016266,-0.47234633564949036 
0.5111591815948486,-0.34416016936302185,0.028282292187213898 
0.1965131312608719,0.5148420929908752,0.25319957733154297 
0.48871955275535583,0.2945801019668579,-0.6682988405227661 
-0.24625611305236816,-0.42832696437835693,-0.36908620595932007 
-0.011456352658569813,0.2116127461194992,-0.6486150622367859 
0.304183691740036,-0.35990720987319946,0.5032826066017151 
-1.001856803894043,-0.3721296489238739,-0.20856457948684692 
0.0636473000049591,0.44220882654190063,0.35476812720298767 
0.09565198421478271,-0.0008556842803955078,-0.3670194149017334 
-0.26391008496284485,0.061898767948150635,-0.7215620875358582 
0.8565304279327393,0.5881828665733337,0.9472697973251343 
-0.26938217878341675,0.6459548473358154,-0.9095426201820374 
0.3297726511955261,-0.34416016936302185,0.4273030161857605 
0.26528966426849365,0.14805245399475098,-0.19915327429771423 
-0.6060949563980103,0.12642113864421844,-0.13142246007919312 
0.39502453804016113,0.4736045002937317,0.3982694149017334 
-0.2796386778354645,0.12609635293483734,-0.5375982522964478 
0.8655849695205688,-0.6114850044250488,-0.09981140494346619 
0.4530918300151825,0.47340768575668335,0.4925549328327179 
-0.6279439926147461,0.12609635293483734,-0.5158475637435913 
-0.5045263767242432,0.12592904269695282,0.37651875615119934 
-0.701856791973114,-0.08659724146127701,0.48537030816078186 
-0.701856791973114,-0.13738153874874115,-0.5448812246322632 
-0.43927451968193054,-0.34416016936302185,0.318451464176178 
0.08313427865505219,-0.34416016936302185,0.5071209669113159 
0.2645207643508911,0.47311240434646606,0.042779434472322464 
-0.04745807498693466,-0.34416016936302185,-0.037018805742263794 
0.5652896761894226,0.13106653094291687,-0.5811979174613953 
0.5652896761894226,0.10928637534379959,0.15163099765777588 
-0.3232383728027344,0.12609635293483734,-0.39981141686439514 
-0.40185678005218506,-0.011484980583190918,0.1323593109846115 
0.34433865547180176,-0.34416016936302185,-0.276393860578537 
0.27180376648902893,-0.34416016936302185,0.28223320841789246 
-0.32144591212272644,0.4482012987136841,-0.9503865838050842 
-0.40185678005218506,0.227870374917984,0.27023470401763916 
-0.550605058670044,-0.29928964376449585,-0.3597363829612732 
0.0904173031449318,0.10875490307807922,0.6518955230712891 
0.002873474033549428,0.2650543451309204,-0.0007493848679587245 
0.4676578640937805,-0.38608670234680176,-0.5304136276245117 
-0.5843443274497986,0.12609635293483734,0.34748512506484985 
0.40959057211875916,0.47311240434646606,-0.26192620396614075 
0.20645347237586975,-0.34416016936302185,-0.4505957067012787 
-1.001856803894043,-0.38659724593162537,-0.5111419558525085 
0.025086672976613045,-0.34416016936302185,0.37651875615119934 
-0.7174254655838013,0.37301400303840637,0.9519939422607422 
0.5658801794052124,0.30520933866500854,-0.34902718663215637 
-0.701856791973114,-0.07212963700294495,-0.42874667048454285 
0.3225880563259125,-0.38608670234680176,0.5723728537559509 
-0.17807012796401978,0.12577158212661743,0.4200200140476227 
0.5652896761894226,0.3922118544578552,-0.40709444880485535 
0.3951229453086853,-0.38608670234680176,0.5796558856964111 
0.4965931177139282,0.47311240434646606,-0.21114195883274078 
0.2927670478820801,-0.018422311171889305,-0.6682988405227661 
0.3806738257408142,0.1920088827610016,-0.7868139743804932 
0.5655849575996399,0.3849288821220398,0.48537030816078186 
0.4241566061973572,-0.38608670234680176,-0.6384778618812561 
-0.1635434627532959,-0.34416016936302185,-0.3054274618625641 
-0.4900588095188141,-0.3114849925041199,0.6519939303398132 
0.27170535922050476,0.4736045002937317,0.5144039392471313 
-0.40295788645744324,0.12577158212661743,-0.23289258778095245 
-0.17078709602355957,0.12577158212661743,-0.4940969944000244 
-0.43927451968193054,0.12609635293483734,-0.37806078791618347 
-0.47549277544021606,0.12577158212661743,0.17338164150714874 
-0.6206610202789307,0.12609635293483734,0.5071209669113159 
-0.37392422556877136,-0.34416016936302185,-0.5231306552886963 
-0.24589937925338745,-0.044160157442092896,0.24847422540187836 
0.5657817721366882,-0.06484662741422653,-0.5811979174613953 
0.2789883613586426,0.47311240434646606,0.2168828845024109 
0.4003576636314392,0.23551017045974731,0.1926533579826355 
-0.6348333358764648,0.04365064203739166,0.6519939303398132 
0.21667063236236572,-0.36976760625839233,-0.368200421333313 
-0.9785314798355103,0.4264211654663086,0.11060868203639984 
-0.6085554361343384,-0.3377629220485687,-0.6600316762924194 
-0.3812072277069092,-0.282451331615448,0.6519939303398132 
0.1799873411655426,0.3149614632129669,0.3519939184188843 
0.07850859314203262,0.4856116473674774,0.03552594035863876 
0.39640241861343384,0.3351287841796875,0.6519939303398132 
0.04701445996761322,0.39378660917282104,-0.2836768329143524 
0.4965931177139282,0.4736045002937317,-0.276393860578537 
-0.20308703184127808,0.8314749598503113,-0.9029485583305359 
-0.06254452466964722,0.3301869034767151,-0.36879098415374756 
0.23548710346221924,-0.282451331615448,0.6519939303398132 
0.25653040409088135,-0.07706905901432037,0.34638404846191406 
0.5351918935775757,0.2557229995727539,-0.3684957027435303 
-0.17297078669071198,0.8461394309997559,0.6620511412620544 
-0.5989103317260742,0.12626367807388306,0.608689546585083 
-0.6993963122367859,-0.01593230664730072,-0.2136024385690689 
-0.4248069226741791,0.12609635293483734,-0.5883824825286865 
-0.19982075691223145,0.12609635293483734,-0.3925284445285797 
0.5652896761894226,0.3559936583042145,0.006502137519419193 
-0.04020458459854126,-0.34416016936302185,-0.5013799667358398 
0.5652896761894226,-0.217199444770813,-0.4940969944000244 
0.5656833648681641,-0.24623310565948486,0.2241659015417099 
0.5652896761894226,0.27617570757865906,-0.44331270456314087 
0.11216793209314346,0.21082539856433868,-0.6602284908294678 
0.2572377324104309,0.13105668127536774,0.6519939303398132 
0.5652896761894226,0.1165398582816124,-0.02251182496547699 
-0.71024090051651,-0.17422842979431152,-0.2644740641117096 
0.025086672976613045,-0.34416016936302185,0.31126686930656433 
0.13645654916763306,-0.044160157442092896,0.8071209788322449 
-0.3594565987586975,0.12609635293483734,0.07176387310028076 
-0.1377367228269577,0.8458442091941833,0.37180325388908386 
-0.30138930678367615,-0.3440617322921753,-0.6388714909553528 
0.11464688181877136,0.4260963797569275,-0.23547978699207306 
-0.5869216918945312,0.4257715940475464,-0.3007454574108124 
-0.1345295011997223,0.12609635293483734,-0.283775269985199 
-0.701856791973114,-0.23166705667972565,-0.0587792806327343 
0.3515232801437378,-0.34416016936302185,0.09356372058391571 
0.5658801794052124,-0.16641516983509064,0.5941234827041626 
0.14120158553123474,-0.34416016936302185,0.6014065146446228 
-0.006445586681365967,-0.6441601514816284,-0.5256096124649048 
0.4894084632396698,-0.224482461810112,0.6519939303398132 
0.4894084632396698,-0.38608670234680176,0.41283541917800903 
-0.701856791973114,-0.11563090234994888,0.2314489334821701 
