-0.13547536730766296,0.03809593617916107,-0.004525887779891491 
0.6332366466522217,-0.5967649221420288,1.160125970840454 
0.6330384016036987,-0.6391912698745728,-1.140199065208435 
-0.7224083542823792,0.5737108588218689,1.1640911102294922 
-0.12538212537765503,0.5742064714431763,-1.1551672220230103 
0.5683084726333618,0.818851888179779,-0.22487610578536987 
0.5665242075920105,0.8037846088409424,0.8076305389404297 
-0.425382137298584,-0.31639206409454346,0.5058462023735046 
-0.6592644453048706,-0.6164911985397339,-0.23439228534698486 
0.6326419115066528,-0.614806056022644,-0.08647924661636353 
0.33353403210639954,-0.048481572419404984,-0.3357418477535248 
0.11357126384973526,0.140583336353302,-0.8578436970710754 
0.26830849051475525,0.36758410930633545,-0.02370002120733261 
0.08512183278799057,0.1595165878534317,0.8661727905273438 
-0.1890634000301361,0.10373781621456146,0.47729766368865967 
-0.7318254113197327,-0.6154007911682129,0.24161545932292938 
-0.14176000654697418,0.09708639979362488,-0.4775925576686859 
0.17713360488414764,-0.6244213581085205,1.148230791091919 
0.03353402018547058,0.35554230213165283,0.7774959206581116 
-0.30938583612442017,-0.016491204500198364,-0.5506908893585205 
-0.09449625760316849,-0.3164912164211273,0.23166100680828094 
-0.3850395679473877,0.008389681577682495,-0.5575462579727173 
-0.7668172121047974,-0.2255443036556244,-0.5411747097969055 
-0.7668172121047974,0.27043187618255615,-0.0778551995754242 
-0.7354930639266968,0.1947484165430069,1.1178979873657227 
-0.7160642147064209,0.1853313446044922,-1.1578437089920044 
0.4229883551597595,-0.016491204500198364,0.8531298637390137 
0.33353403210639954,0.017731288447976112,0.06141040474176407 
0.3340296745300293,0.18786689639091492,-0.6005100011825562 
0.17978808283805847,-0.3164912164211273,-0.5343922972679138 
0.6326419115066528,-0.014806032180786133,-0.4269804358482361 
0.06628769636154175,0.10751456022262573,0.2599121928215027 
-0.1651320457458496,0.3954012393951416,-0.8713666796684265 
0.19505365192890167,0.2635999023914337,-0.32632479071617126 
0.30974358320236206,0.2950231432914734,0.27894455194473267 
0.03006458282470703,-0.017565995454788208,1.0265028476715088 
-0.15674801170825958,0.002234766259789467,0.78092360496521 
-0.1511968970298767,0.010007313452661037,-0.7906355261802673 
-0.4668172001838684,0.00825970433652401,0.5437127351760864 
0.03353402018547058,-0.3011881113052368,0.5556653738021851 
0.33353403210639954,-0.10525159537792206,-0.66672682762146 
0.1964414268732071,0.4470839500427246,-0.7929154634475708 
-0.37819769978523254,-0.3164912164211273,0.22214481234550476 
0.1676768809556961,0.5818392634391785,-1.147137999534607 
0.12298832833766937,0.09537150710821152,-0.10170304030179977 
0.07570475339889526,-0.3164912164211273,0.01411692425608635 
0.06628769636154175,0.10192380100488663,0.5814801454544067 
-0.1511968970298767,-0.3164912164211273,0.5341965556144714 
0.07570475339889526,-0.11466865986585617,0.8661727905273438 
0.14192159473896027,-0.13360190391540527,-0.8578436970710754 
-0.13549306988716125,-0.49030256271362305,-0.007391512393951416 
0.14880311489105225,0.5787663459777832,0.5101660490036011 
-0.08503955602645874,-0.3164912164211273,-0.5248761177062988 
-0.06351128220558167,0.8096330761909485,0.05872619152069092 
0.3340296745300293,-0.1713692843914032,0.6004133820533752 
-0.47013017535209656,-0.6164911985397339,0.2479199320077896 
-0.22683079540729523,0.10816880315542221,0.22214481234550476 
-0.3380512595176697,-0.3450397551059723,-0.7853818535804749 
0.09463801980018616,0.09920771420001984,-0.6102244257926941 
0.5008030533790588,0.786139965057373,1.089349389076233 
-0.08444267511367798,-0.04543626308441162,1.077355146408081 
-0.38444268703460693,0.043032459914684296,-0.008999488316476345 
0.5175554752349854,0.20685750246047974,-0.12474226951599121 
-0.22683079540729523,0.09680884331464767,-0.23175764083862305 
0.03353402018547058,-0.2539144456386566,-0.5463449358940125 
0.19505365192890167,0.27301695942878723,0.48691296577453613 
0.3340296745300293,-0.06737517565488815,0.27894455194473267 
0.10405507683753967,-0.3475179374217987,0.7819148898124695 
0.33353403210639954,0.14068245887756348,-0.18447406589984894 
0.018994219601154327,0.09755229949951172,-0.30739152431488037 
0.12298832833766937,-0.3164912164211273,0.3072948753833771 
-0.24576404690742493,-0.3164912164211273,-0.27904120087623596 
0.6342279314994812,0.5729178190231323,-1.136927843093872 
0.3326418995857239,-0.3148060441017151,-0.37281534075737 
0.11832936853170395,-0.3424624800682068,-0.7851836085319519 
0.19505365192890167,0.1879660189151764,0.09923726320266724 
-0.43539395928382874,-0.1243830993771553,-0.6383765339851379 
0.01212260127067566,-0.6164911985397339,0.14914557337760925 
0.33353403210639954,-0.10525159537792206,-0.10884018242359161 
-0.03408616781234741,0.37437641620635986,0.39775604009628296 
-0.37819769978523254,0.10537341982126236,0.3828296661376953 
0.19505365192890167,0.33923378586769104,-0.6100262403488159 
-0.030914127826690674,0.3933493196964264,-0.5578436851501465 
-0.7354930639266968,0.13804778456687927,0.07351168990135193 
-0.4354930818080902,-0.1430189609527588,0.05194377899169922 
-0.33091413974761963,0.09700709581375122,-0.4113757312297821 
0.20813840627670288,0.07263177633285522,0.7176805734634399 
0.03422790765762329,0.44058334827423096,-0.09254160523414612 
-0.2646973133087158,0.0960356593132019,-0.6560211181640625 
0.3473445475101471,-0.24799656867980957,-0.227437824010849 
0.06365303695201874,-0.45253515243530273,0.566470205783844 
-0.2269299179315567,-0.16195222735404968,-0.8578436970710754 
0.6335340738296509,0.09076422452926636,0.3519537150859833 
-0.536346971988678,-0.016491204500198364,0.6639955043792725 
-0.4668172001838684,-0.057938285171985626,-0.439825177192688 
-0.4354930818080902,-0.18088547885417938,0.6382798552513123 
0.18920515477657318,-0.3164912164211273,-0.25069090723991394 
-0.4610678553581238,-0.11397477984428406,-0.13719050586223602 
0.6321462392807007,-0.45174217224121094,-1.1567533016204834 
-0.41606420278549194,0.08389259874820709,0.8661727905273438 
0.33452528715133667,-0.3038029372692108,-0.6573097705841064 
0.19505365192890167,0.43380093574523926,0.3450622856616974 
0.33353403210639954,0.12174919247627258,0.21272774040699005 
0.33353403210639954,0.008258712477982044,-0.5248761177062988 
0.19505365192890167,0.38651734590530396,0.6382798552513123 
0.2648390531539917,0.18786689639091492,0.8661727905273438 
-0.507996678352356,-0.016491204500198364,-0.3573097586631775 
0.03159325569868088,0.02536802925169468,0.7585209012031555 
-0.02829926647245884,-0.3164912164211273,0.666630208492279 
-0.46671807765960693,0.03555828332901001,-0.7601044178009033 
-0.11340968310832977,0.09748291224241257,0.6368920803070068 
0.33353403210639954,-0.16195222735404968,-0.4775925576686859 
-0.2269299179315567,-0.3164912164211273,0.7043976187705994 
-0.139145165681839,-0.20299291610717773,-0.11137571930885315 
-0.3472245931625366,0.1853313446044922,-1.1578437089920044 
0.19505365192890167,0.42438387870788574,-0.3925416171550751 
-0.23634697496891022,-0.3164912164211273,0.10864441096782684 
-0.06612612307071686,0.09705666452646255,-0.15612375736236572 
-0.018842551857233047,-0.3164912164211273,-0.6856600642204285 
0.2175554633140564,0.15049602091312408,-0.7201562523841858 
-0.0755729228258133,0.09471726417541504,-0.6627618074417114 
0.4608548581600189,0.4043920636177063,0.7395303249359131 
-0.028289353474974632,0.10471917688846588,0.42059704661369324 
-0.00938583817332983,-0.3164912164211273,0.4396294057369232 
-0.2269299179315567,0.1311662644147873,0.8661727905273438 
0.3027055561542511,-0.3164912164211273,0.6949805021286011 
0.2459057867527008,-0.15253515541553497,0.8661727905273438 
0.33353403210639954,0.1595165878534317,0.6098304390907288 
0.33353403210639954,0.1973830908536911,0.004668139386922121 
0.03790764510631561,0.28540781140327454,-0.8202745318412781 
0.05677150934934616,-0.3164912164211273,-0.4208919405937195 
0.33383139967918396,-0.15253515541553497,0.4302123486995697 
0.3019125461578369,0.29651007056236267,-0.4492422342300415 
0.33353403210639954,-0.010654715821146965,0.6476969718933105 
0.02844102308154106,0.02384147420525551,-0.7762621641159058 
0.19505365192890167,0.27301695942878723,-0.13719050586223602 
0.2338639795780182,0.43116629123687744,-1.1578437089920044 
0.19505365192890167,0.34865084290504456,0.16544418036937714 
0.6335340738296509,-0.08368366956710815,0.7302123308181763 
-0.39713093638420105,0.09485604614019394,0.15126901865005493 
0.19505365192890167,0.1879660189151764,0.3072948753833771 
-0.11079485714435577,0.31000733375549316,-1.0906355381011963 
0.20550376176834106,-0.2098822295665741,0.4383825361728668 
0.17027190327644348,0.02715231664478779,0.8661727905273438 
0.19505365192890167,0.12174919247627258,-0.26010796427726746 
0.47027191519737244,-0.6164911985397339,0.4370938539505005 
0.33353403210639954,-0.19981873035430908,-0.23175764083862305 
0.19505365192890167,0.22573339939117432,0.6760472655296326 
-0.06613603979349136,0.09334931522607803,0.8661727905273438 
0.18659032881259918,-0.6164911985397339,-0.6640921831130981 
0.33274102210998535,0.2777750492095947,-0.2537638247013092 
-0.7160642147064209,-0.6164911985397339,0.07765942811965942 
-0.4668172001838684,-0.001198001322336495,0.7043976187705994 
-0.37558284401893616,-0.016491204500198364,-0.2196860909461975 
-0.4354930818080902,-0.2659364640712738,-0.6950771808624268 
-0.07302746176719666,-0.016491204500198364,-0.3047955334186554 
0.009537503123283386,0.2869938611984253,0.8364347219467163 
-0.2646973133087158,0.2163163423538208,-0.8009447455406189 
-0.05668328329920769,-0.1903025358915329,0.8661727905273438 
-0.33091413974761963,0.10291507095098495,0.5247794985771179 
0.18603308498859406,0.2760899066925049,-0.8043150901794434 
0.19505365192890167,0.20689928531646729,-0.5059428811073303 
0.16085484623908997,0.279261976480484,0.8107608556747437 
0.20813840627670288,0.4795975983142853,-0.09922486543655396 
-0.2552802264690399,-0.3164912164211273,-0.430308997631073 
-0.5552802085876465,0.3878874182701111,0.2266770303249359 
-0.29304760694503784,-0.3164912164211273,0.5720630288124084 
-0.13549306988716125,0.015130341053009033,0.38977065682411194 
0.33353403210639954,-0.13360190391540527,0.7422640919685364 
-0.4354930818080902,-0.1713692843914032,0.20321154594421387 
-0.4668172001838684,-0.010654715821146965,0.3923458456993103 
-0.2742134928703308,-0.2936919927597046,0.8633972406387329 
0.4860330820083618,0.32122552394866943,-0.2932283878326416 
-0.4354930818080902,-0.2186528593301773,-0.4586593210697174 
0.33353403210639954,0.036628857254981995,-0.6950771808624268 
-0.29304760694503784,0.25398457050323486,0.8007490038871765 
-0.04229810833930969,0.1895102858543396,-0.9656364321708679 
0.3284509479999542,0.39707648754119873,-0.16817548871040344 
0.6335340738296509,-0.04591628909111023,-0.16290615499019623 
-0.7318254113197327,-0.5628635287284851,-1.1571497917175293 
0.30181339383125305,0.29651007056236267,-0.6950771808624268 
-0.0755729228258133,0.10717752575874329,0.2788454592227936 
0.035302698612213135,0.34822672605514526,-0.2323148548603058 
0.3757047653198242,-0.6164911985397339,0.17222657799720764 
-0.3025638163089752,-0.0012178259203210473,0.8661727905273438 
0.33353403210639954,0.14068245887756348,0.7516811490058899 
0.33274102210998535,0.2777750492095947,-0.11191312223672867 
-0.1352948248386383,-0.5375860929489136,0.5625051259994507 
-0.047226570546627045,-0.0485013946890831,0.8661727905273438 
0.01636946201324463,-0.016491204500198364,-0.4466075897216797 
0.33353403210639954,-0.1713692843914032,0.18437743186950684 
0.33789774775505066,-0.016491204500198364,0.4937945008277893 
-0.16642069816589355,-0.209059476852417,-0.09174856543540955 
0.32619863748550415,0.28669649362564087,0.5594739317893982 
-0.7654294371604919,0.405769944190979,-0.03057160973548889 
0.20070388913154602,0.4785071909427643,0.04250688850879669 
-0.41606420278549194,-0.3164912164211273,0.6476969718933105 
0.14192159473896027,-0.24710232019424438,0.8661727905273438 
0.1986222267150879,-0.3164912164211273,-0.3925416171550751 
-0.7354930639266968,-0.5943858623504639,0.6450623273849487 
-0.2836305499076843,-0.03904468193650246,-0.8578436970710754 
0.0699971616268158,-0.6044968366622925,-0.555761992931366 
0.33383139967918396,0.05555219575762749,-0.08043038845062256 
0.028379440307617188,-0.01589643955230713,-0.22408312559127808 
0.1866002380847931,-0.2030821293592453,-0.6263247728347778 
-0.7538316249847412,0.39626365900039673,0.19036680459976196 
-0.4354930818080902,-0.1713692843914032,0.5058462023735046 
-0.7668172121047974,-0.357938289642334,-0.6073915362358093 
0.19505365192890167,0.1879660189151764,-0.033146824687719345 
0.17978808283805847,-0.3164912164211273,-0.66672682762146 
0.2554219961166382,0.1690327674150467,-0.8578436970710754 
0.18920515477657318,-0.2565193772315979,-0.8578436970710754 
-0.12286640703678131,-0.3164912164211273,-0.18447406589984894 
0.33353403210639954,0.046085573732852936,0.3450622856616974 
0.19505365192890167,0.15961571037769318,0.5626460313796997 
0.03787790611386299,-0.24710232019424438,-0.8578436970710754 
0.26830849051475525,0.33923378586769104,0.4018620252609253 
0.3095077872276306,-0.6015230417251587,0.5605225563049316 
0.16085484623908997,-0.3164912164211273,0.4302123486995697 
0.29376640915870667,-0.22741779685020447,0.25752535462379456 
-0.34984737634658813,0.09675928205251694,-0.18447406589984894 
0.6335340738296509,0.28934529423713684,0.10610887408256531 
-0.030914127826690674,-0.016491204500198364,0.32357364892959595 
0.33353403210639954,-0.2092357873916626,-0.7423607110977173 
0.33353403210639954,-0.237586110830307,0.3356451988220215 
0.037897735834121704,-0.3164912164211273,-0.5721597075462341 
-0.7354930639266968,-0.0038029253482818604,-0.6640921831130981 
0.2625591456890106,0.37531599402427673,0.7801305651664734 
-0.4668172001838684,0.00825970433652401,0.08032383769750595 
0.17978808283805847,-0.3164912164211273,0.666630208492279 
0.26830849051475525,0.38651734590530396,-0.15612375736236572 
-0.38761475682258606,0.0913865938782692,-0.6756482720375061 
-0.31198087334632874,0.09714587032794952,-0.5343922972679138 
0.19505365192890167,0.40545061230659485,0.4774959087371826 
-0.1890634000301361,0.1122329980134964,-0.8578436970710754 
-0.2552802264690399,0.1057005301117897,0.3638963997364044 
-0.23634697496891022,0.1008036658167839,0.6189501285552979 
-0.7610678672790527,0.3989202678203583,0.9279706478118896 
-0.11340968310832977,-0.3164912164211273,0.3734126091003418 
-0.2174137383699417,-0.3164912164211273,0.24107806384563446 
0.2459057867527008,-0.3164912164211273,0.5625468492507935 
0.26830849051475525,0.39593443274497986,-0.29797446727752686 
0.17027190327644348,0.10712796449661255,0.19478575885295868 
0.5175554752349854,-0.03819999098777771,0.5350469350814819 
0.33353403210639954,0.1690327674150467,-0.7518768906593323 
0.19505365192890167,0.33923378586769104,-0.48700961470603943 
0.26830849051475525,0.41486766934394836,0.25049513578414917 
0.33353403210639954,-0.06739500164985657,0.5153624415397644 
-0.34033119678497314,0.10784167796373367,0.2693292498588562 
-0.01622772216796875,-0.016491204500198364,-0.20077265799045563 
0.27170073986053467,-0.6164911985397339,0.22900651395320892 
-0.00938583817332983,-0.3164912164211273,0.316711962223053 
-0.04721963405609131,0.18747039139270782,0.7974777817726135 
-0.16651982069015503,-0.4049542248249054,-1.0518769025802612 
-0.1320236325263977,-0.14672842621803284,-0.5569515228271484 
0.49505364894866943,0.010883450508117676,-0.00222131609916687 
-0.34984737634658813,0.14980213344097137,0.7955944538116455 
0.33422791957855225,-0.03902485966682434,0.16544418036937714 
-0.33091413974761963,-0.3164912164211273,-0.6477935910224915 
0.23728175461292267,0.07084748893976212,0.10071425884962082 
-0.2836305499076843,0.0427648164331913,-0.7580227851867676 
0.2554219961166382,-0.05795811116695404,-0.8578436970710754 
0.33353403210639954,0.1879660189151764,0.316711962223053 
0.19505365192890167,0.32030051946640015,0.051953691989183426 
0.5081384181976318,-0.6164911985397339,-0.43719053268432617 
-0.2269299179315567,-0.3164912164211273,-0.5438094139099121 
0.6266943216323853,0.5836235284805298,1.1508080959320068 
-0.4668172001838684,-0.03902485966682434,-0.5532264113426208 
0.6215397119522095,-0.6164911985397339,-0.5411747097969055 
-0.7668172121047974,-0.31065472960472107,0.22901642322540283 
0.2554219961166382,-0.3164912164211273,0.2977786958217621 
0.33353403210639954,0.05554228648543358,-0.28845828771591187 
-0.4354930818080902,-0.2281690537929535,0.7422640919685364 
0.26830849051475525,0.40545061230659485,-0.5438094139099121 
0.09463801980018616,-0.020131254568696022,-0.8578436970710754 
0.6335340738296509,0.12863072752952576,-0.6640921831130981 
-0.106548011302948,0.29878219962120056,-0.5578436851501465 
-0.2174137383699417,0.0969872772693634,-0.3925416171550751 
-0.4668172001838684,0.09327992051839828,0.4680788516998291 
0.33353403210639954,0.1311662644147873,0.09923726320266724 
0.33353403210639954,-0.10525159537792206,0.004668139386922121 
-0.6309141516685486,-0.20311185717582703,0.0020255446434020996 
0.12298832833766937,0.0740889385342598,-0.7166868448257446 
-0.031691521406173706,0.7243838906288147,-0.18183940649032593 
0.3473544716835022,0.3967593014240265,0.11552594602108002 
0.009527591988444328,-0.3478153347969055,-0.8180937170982361 
-0.056682296097278595,0.09716570377349854,-0.5533255934715271 
-0.07074755430221558,-0.04394936561584473,-1.085679292678833 
-0.2053619921207428,-0.016491204500198364,-0.6168085932731628 
-0.037746068090200424,0.10258794575929642,0.5437127351760864 
-0.1701301634311676,-0.3164912164211273,-0.7611948251724243 
0.33353403210639954,-0.06739500164985657,-0.7802272439002991 
0.03353402018547058,0.49738311767578125,-0.7871087789535522 
-0.33091413974761963,-0.3164912164211273,0.4206961691379547 
0.19505365192890167,0.24466665089130402,-0.66672682762146 
-0.1417798399925232,0.13086888194084167,0.7947022318840027 
-0.36878061294555664,0.004426463972777128,0.7745795249938965 
0.2838714122772217,0.29660916328430176,-0.5627425909042358 
0.18781737983226776,0.10221126675605774,-0.5532264113426208 
-0.4354930818080902,-0.2186528593301773,-0.10884018242359161 
0.26830849051475525,0.4518420100212097,0.6860590577125549 
-0.34984737634658813,-0.15253515541553497,0.8661727905273438 
0.2338639795780182,0.29878219962120056,-0.5578436851501465 
0.19515275955200195,0.34865084290504456,-0.7235265970230103 
-0.26210227608680725,-0.2634207308292389,0.5661727786064148 
0.034525275230407715,-0.0038029253482818604,-0.3047865927219391 
-0.12286640703678131,-0.3164912164211273,0.7328470349311829 
-0.2242952585220337,0.40554195642471313,0.6733134984970093 
0.33353403210639954,0.1690327674150467,-0.28845828771591187 
-0.4354930818080902,-0.237586110830307,-0.5910929441452026 
-0.19848047196865082,-0.0485013946890831,0.8661727905273438 
0.16085484623908997,0.13086888194084167,0.7947022318840027 
-0.031691521406173706,0.7054506540298462,0.8626460433006287 
-0.23000285029411316,0.05616678670048714,0.7252142429351807 
-0.1701301634311676,0.07766742259263992,-0.7106400728225708 
0.009517677128314972,0.1784498244524002,-0.800746500492096 
0.33353403210639954,-0.18088547885417938,-0.5816758871078491 
-0.4668172001838684,-0.08630842715501785,0.5909963250160217 
0.19505365192890167,0.32030051946640015,-0.23175764083862305 
-0.1228465810418129,0.10586904734373093,0.37331345677375793 
0.13557745516300201,0.015591135248541832,0.766847550868988 
-0.03775598108768463,-0.3164912164211273,0.5625468492507935 
0.03353402018547058,0.09076422452926636,-0.4276742935180664 
0.33353403210639954,0.2540837228298187,-0.3546751141548157 
-0.7354930639266968,-0.43360191583633423,-0.22487610578536987 
0.26206347346305847,0.0075588771142065525,0.7822122573852539 
0.30181339383125305,0.29651007056236267,0.042487066239118576 
0.27048927545547485,0.3090991675853729,0.6476969718933105 
-0.7668172121047974,0.31771641969680786,-0.338376522064209 
-0.4668172001838684,-0.08630842715501785,0.3072948753833771 
-0.030914127826690674,-0.6164911985397339,-0.6357418298721313 
-0.4323330521583557,0.10018128156661987,-0.5578436851501465 
0.5663259029388428,0.820140540599823,-1.0848863124847412 
-0.2079966515302658,0.09719543904066086,-0.5721597075462341 
-0.507996678352356,-0.04781532287597656,1.0989646911621094 
0.6335340738296509,0.05289769172668457,0.8341965675354004 
-0.2242952585220337,-0.20311185717582703,0.45800966024398804 
0.08522094041109085,0.07738986611366272,0.691312849521637 
-0.12287631630897522,-0.11466865986585617,0.8661727905273438 
-0.025147026404738426,-0.3454362750053406,0.7773550748825073 
-0.015690311789512634,0.09178310632705688,0.6577087640762329 
0.2648390531539917,0.4889155328273773,-0.4295159578323364 
0.6339305639266968,-0.4052516222000122,1.1625051498413086 
-0.13232313096523285,0.1784498244524002,-0.800746500492096 
-0.13549306988716125,-0.12155018746852875,0.5368312001228333 
0.5011004209518433,0.202595055103302,0.1329878866672516 
-0.01622772216796875,-0.21610741317272186,0.5661727786064148 
0.5364887714385986,0.36497917771339417,-1.1578437089920044 
0.3340296745300293,-0.2281690537929535,0.7706144452095032 
0.49505364894866943,-0.08368366956710815,0.5127277374267578 
0.19505365192890167,0.2163163423538208,0.4018620252609253 
-0.1607130765914917,-0.3164912164211273,-0.4586593210697174 
-0.1607130765914917,0.09502456337213516,-0.10071177035570145 
-0.16651982069015503,-0.4049542248249054,-0.16290615499019623 
-0.13233304023742676,0.1973830908536911,0.8661727905273438 
-0.16542941331863403,-0.41100096702575684,0.260538786649704 
0.19505365192890167,0.35816705226898193,-0.0898871049284935 
-0.24576404690742493,-0.3164912164211273,0.48691296577453613 
0.19505365192890167,0.1879660189151764,-0.18447406589984894 
-0.7350965738296509,-0.6404799222946167,-1.0895451307296753 
0.12986984848976135,0.3460657596588135,1.166172742843628 
-0.04721963405609131,0.040197424590587616,0.057375937700271606 
-0.26212209463119507,-0.2255641222000122,-0.5578436851501465 
-0.3214970529079437,-0.3164912164211273,0.666630208492279 
0.08522094041109085,-0.3164912164211273,-0.6856600642204285 
0.08522094041109085,-0.3164912164211273,0.6855635046958923 
0.26830849051475525,0.43380093574523926,0.4207952916622162 
0.6335340738296509,0.47844982147216797,0.21010300517082214 
-0.1417798399925232,-0.3164912164211273,0.6382798552513123 
0.33353403210639954,-0.02956814132630825,-0.430308997631073 
0.33353403210639954,-0.048481572419404984,0.4207952916622162 
-0.3435032367706299,0.2760899066925049,-0.8043150901794434 
-0.4383677542209625,-0.1178407222032547,0.7107416987419128 
-0.4445136487483978,-0.11447040736675262,-0.23175764083862305 
-0.7319245338439941,-0.31066465377807617,1.1659746170043945 
0.2364887297153473,-0.15253515541553497,-0.8578436970710754 
0.07570475339889526,0.10406494140625,0.4867147207260132 
0.19505365192890167,0.42438387870788574,-0.20340733230113983 
0.11357126384973526,0.09690797328948975,-0.3168085813522339 
0.19505365192890167,0.2163163423538208,-0.4113757312297821 
0.33353403210639954,0.10282585024833679,-0.4965257942676544 
0.19505365192890167,0.4432179927825928,-0.4965257942676544 
0.33353403210639954,0.09336914122104645,-0.5910929441452026 
0.3852209448814392,-0.6164911985397339,0.07765942811965942 
0.26900234818458557,0.24466665089130402,-0.7707110047340393 
-0.6025638580322266,-0.20277482271194458,0.45800966024398804 
0.26801109313964844,0.38651734590530396,-0.6761438846588135 
-0.1511968970298767,-0.10525159537792206,-0.8578436970710754 
-0.4354930818080902,-0.2186528593301773,0.28836163878440857 
0.6281812191009521,0.05369073152542114,-1.157447099685669 
0.33353403210639954,0.1595165878534317,0.5058462023735046 
0.33353403210639954,-0.10525159537792206,-0.26010796427726746 
0.19505365192890167,0.43380093574523926,-0.6100262403488159 
-0.2646973133087158,-0.3164912164211273,-0.052080076187849045 
0.047334618866443634,-0.11466865986585617,-0.8578436970710754 
-0.4354930818080902,-0.237586110830307,-0.004789565224200487 
0.33353403210639954,0.046085573732852936,0.5720630288124084 
0.19505365192890167,0.3298167288303375,0.7139137983322144 
-0.03775598108768463,-0.3164912164211273,-0.4208919405937195 
0.49505364894866943,0.6298167705535889,0.8626460433006287 
-0.03625136613845825,-0.22708076238632202,0.29207804799079895 
-0.21662071347236633,0.19549967348575592,0.7978743314743042 
0.2568097710609436,0.05823853984475136,-0.7458301782608032 
0.26900234818458557,0.22573339939117432,0.7706144452095032 
-0.05586647987365723,0.0034322210121899843,0.785285234451294 
0.032939255237579346,-0.5029908418655396,0.5663710832595825 
0.26801109313964844,0.32971757650375366,-0.36419129371643066 
0.13928693532943726,-0.6164911985397339,0.4654442071914673 
-0.5930476188659668,-0.5281690359115601,-0.5578436851501465 
0.09146594256162643,0.057306744158267975,-0.022262679412961006 
-0.29304760694503784,0.07429710775613785,0.7918275594711304 
-0.3472256064414978,0.5446666479110718,-1.1578437089920044 
-0.35926446318626404,0.1690327674150467,-0.800746500492096 
-0.1417897492647171,-0.2281690537929535,0.8661727905273438 
-0.42548125982284546,0.09709631651639938,-0.4871087670326233 
0.19505365192890167,0.2825331389904022,-0.033146824687719345 
0.15133865177631378,0.1065232902765274,0.3166128396987915 
-0.466519832611084,-0.10495421290397644,0.4491455852985382 
-0.7668172121047974,0.27043187618255615,-0.4749578833580017 
-0.046675294637680054,0.3925166726112366,-0.38754773139953613 
0.17027190327644348,0.09930684417486191,0.6279706358909607 
0.14271460473537445,0.07084748893976212,0.10071425884962082 
0.17027190327644348,0.20680014789104462,0.8661727905273438 
0.33452528715133667,-0.3038029372692108,0.6099295616149902 
0.2648390531539917,-0.3164912164211273,-0.4586593210697174 
-0.4354930818080902,-0.2281690537929535,-0.21282438933849335 
-0.5237578749656677,-0.026289165019989014,0.5641902685165405 
0.33353403210639954,0.046085573732852936,0.7422640919685364 
-0.7354930639266968,-0.43360191583633423,-0.7019586563110352 
0.27564388513565063,0.30097076296806335,0.1874503642320633 
0.19505365192890167,0.45273417234420776,-0.30739152431488037 
-0.38761475682258606,-0.3164912164211273,-0.4492422342300415 
-0.46071308851242065,-0.016491204500198364,-0.24805623292922974 
0.07570475339889526,0.10260777175426483,0.7933144569396973 
-0.12286640703678131,-0.3164912164211273,-0.6289594173431396 
0.2175554633140564,-0.06741482764482498,0.8661727905273438 
0.26692071557044983,0.3977186977863312,-0.7683320045471191 
-0.4354930818080902,-0.24710232019424438,0.4207952916622162 
-0.3214970529079437,-0.3164912164211273,-0.23175764083862305 
0.33353403210639954,-0.057938285171985626,-0.5910929441452026 
-0.028289353474974632,0.0969773605465889,-0.3830254077911377 
-0.01198086142539978,-0.6164911985397339,-0.1440720111131668 
-0.29304760694503784,-0.3164912164211273,0.28836163878440857 
0.1866002380847931,-0.20319116115570068,0.06824237108230591 
0.19505365192890167,0.11233212798833847,0.03304026648402214 
-0.06612612307071686,-0.3164912164211273,-0.7611948251724243 
0.17978808283805847,0.10281594097614288,-0.8004491329193115 
0.19634228944778442,0.4548158645629883,0.5814801454544067 
-0.006810635328292847,-0.04781532287597656,0.4895476698875427 
-0.507996678352356,-0.21590915322303772,0.42559513449668884 
0.08522094041109085,0.23515047132968903,0.7998569011688232 
0.12298832833766937,0.20680014789104462,-0.80035001039505 
0.5756438970565796,0.6012681722640991,-0.49081820249557495 
0.26830849051475525,0.37710028886795044,-0.439825177192688 
0.19505365192890167,0.12174919247627258,-0.6383765339851379 
-0.37243062257766724,-0.026289165019989014,0.5641902685165405 
-0.16523116827011108,0.40433257818222046,0.07341259717941284 
-0.13231320679187775,0.10258794575929642,0.5437127351760864 
-0.4354930818080902,-0.19981873035430908,0.11816061288118362 
0.33353403210639954,0.1311662644147873,0.3829287588596344 
-0.4354930818080902,-0.24710232019424438,0.5814801454544067 
0.06365303695201874,-0.20275500416755676,-0.7776917219161987 
0.037897735834121704,-0.3164912164211273,0.6098304390907288 
-0.1674954891204834,-0.016491204500198364,0.2479199320077896 
0.6335340738296509,-0.45253515243530273,-0.00222131609916687 
0.33353403210639954,0.036628857254981995,0.23166100680828094 
-0.2836305499076843,-0.3164912164211273,-0.7235265970230103 
0.20550376176834106,-0.016491204500198364,-0.5696241855621338 
0.33353403210639954,0.12174919247627258,-0.6762430667877197 
-0.4354930818080902,-0.19981873035430908,-0.7518768906593323 
0.33353403210639954,-0.1903025358915329,-0.042613446712493896 
0.15133865177631378,-0.3164912164211273,0.22214481234550476 
0.19505365192890167,0.41486766934394836,0.7328470349311829 
0.26830849051475525,0.35816705226898193,0.48691296577453613 
0.2931893765926361,-0.3164912164211273,-0.7329436540603638 
-0.1796463429927826,-0.3164912164211273,0.4302123486995697 
0.49505364894866943,-0.14038430154323578,-0.0452580451965332 
0.009527591988444328,0.0994257926940918,-0.6286620497703552 
-0.36878061294555664,-0.2936919927597046,0.8633972406387329 
0.5683084726333618,0.7810845375061035,0.13445919752120972 
-0.1655285656452179,-0.32956814765930176,0.486375629901886 
0.16085484623908997,0.09675928205251694,-0.18447406589984894 
-0.35926446318626404,0.20680014789104462,0.8661727905273438 
-0.17701168358325958,-0.20289379358291626,-0.7965258359909058 
0.33353403210639954,0.20680014789104462,0.6855635046958923 
0.49644142389297485,0.20170289278030396,-0.42471611499786377 
0.33353403210639954,0.2352495938539505,0.22214481234550476 
0.03353402018547058,-0.15931755304336548,-0.5369278192520142 
-0.27411437034606934,0.12174919247627258,-0.8004491329193115 
-0.10494635999202728,0.0486508309841156,-0.6168085932731628 
-0.29304760694503784,-0.3478153347969055,0.7895476818084717 
0.19505365192890167,0.41486766934394836,-0.014233393594622612 
-0.34033119678497314,0.10140834003686905,0.6096321940422058 
0.29061418771743774,-0.20546117424964905,-0.14863185584545135 
-0.48906341195106506,-0.09319986402988434,-0.5578436851501465 
0.03353402018547058,0.06241390109062195,0.12079527974128723 
0.07570475339889526,-0.3164912164211273,0.4302123486995697 
0.33353403210639954,0.05554228648543358,-0.3925416171550751 
-0.36878061294555664,-0.06741482764482498,0.8661727905273438 
0.021539658308029175,-0.016491204500198364,0.06399551033973694 
-0.6403312087059021,0.14746485650539398,-1.1578437089920044 
-0.2993917465209961,0.04341905564069748,-0.009356345981359482 
0.03353402018547058,0.16639810800552368,-0.1913556009531021 
-0.39713093638420105,0.09335922449827194,-0.80035001039505 
-0.4668172001838684,0.0177164189517498,-0.34525805711746216 
0.6335340738296509,0.20426461100578308,0.3382798433303833 
0.19505365192890167,0.30136728286743164,-0.4113757312297821 
0.09463801980018616,-0.3164912164211273,-0.4965257942676544 
-0.08502964675426483,0.04742377996444702,-0.7535620927810669 
0.06628769636154175,0.0969872772693634,-0.3925416171550751 
0.33787792921066284,-0.49030256271362305,1.166172742843628 
7.087529229465872e-05,0.1065232902765274,0.3166128396987915 
-0.2079966515302658,-0.3164912164211273,-0.3546751141548157 
-0.05926445126533508,-0.016491204500198364,-0.4088401794433594 
0.5427337288856506,0.5690518617630005,1.1658754348754883 
-0.031691521406173706,0.1621512472629547,0.2952144145965576 
0.15823009610176086,0.3557801842689514,-0.22173801064491272 
-0.7253821492195129,-0.6163920760154724,-0.9289594292640686 
0.03353402018547058,0.043480634689331055,0.0020255446434020996 
-0.4668172001838684,0.027172140777111053,-0.4681755006313324 
0.17978808283805847,-0.3187711238861084,0.7628824710845947 
0.33353403210639954,0.1122329980134964,0.014126836322247982 
0.19505365192890167,0.30136728286743164,0.3923458456993103 
-0.5742135047912598,0.5068001747131348,0.5661727786064148 
0.03373229503631592,0.5715301036834717,0.054578423500061035 
-0.028309179469943047,0.0931708812713623,0.7928188443183899 
-0.23634697496891022,0.2743056118488312,-0.8552663922309875 
-0.4668172001838684,-0.06739500164985657,0.04249697923660278 
-0.16572681069374084,0.3561469614505768,-0.3227781653404236 
0.2364887297153473,0.14980213344097137,0.72075355052948 
-0.507996678352356,0.3095661997795105,0.3223940432071686 
0.03353402018547058,0.06241390109062195,0.5410780906677246 
-0.7668172121047974,0.3744557201862335,0.4937945008277893 
0.14271460473537445,0.10340078920125961,0.5345931053161621 
-0.7348983287811279,0.3969079852104187,-0.01680856943130493 
0.03353402018547058,-0.310684472322464,-0.3331567347049713 
-0.4668172001838684,-0.02956814132630825,-0.7045933604240417 
-0.4668172001838684,0.0177164189517498,0.28836163878440857 
0.19505365192890167,0.27301695942878723,-0.5627425909042358 
-0.1701301634311676,-0.3164912164211273,0.3072948753833771 
-0.2646973133087158,0.04606574401259422,-0.8578436970710754 
0.19505365192890167,0.14068245887756348,-0.11825723946094513 
0.29061418771743774,-0.016491204500198364,-0.2669696509838104 
0.02844102308154106,-0.3164912164211273,0.5152633190155029 
0.4229883551597595,-0.34850141406059265,0.5661727786064148 
0.3340296745300293,0.21621721982955933,-0.6856600642204285 
0.03353402018547058,0.3933691382408142,0.3571140170097351 
-0.3025638163089752,0.10456057637929916,0.43001410365104675 
0.2364887297153473,-0.3164912164211273,-0.3168085813522339 
-0.139145165681839,-0.6164911985397339,0.34248706698417664 
0.08512183278799057,-0.31272438168525696,-0.8538786172866821 
0.2742561101913452,-0.3164912164211273,-0.07099349796772003 
-0.00938583817332983,0.10800028592348099,0.23156188428401947 
0.04471978545188904,-0.202943354845047,-0.4561237692832947 
-0.2174137383699417,-0.3164912164211273,0.6098304390907288 
0.19505365192890167,0.39593443274497986,0.08032383769750595 
0.3340296745300293,-0.19981873035430908,0.6949805021286011 
-0.3214970529079437,-0.2281690537929535,0.8661727905273438 
0.19505365192890167,0.1879660189151764,0.4774959087371826 
-0.12031105160713196,-0.09319986402988434,-0.5578436851501465 
0.2118082195520401,-0.2146502435207367,-0.3666814863681793 
0.33353403210639954,-0.02956814132630825,0.7801305651664734 
0.5003073811531067,0.22232133150100708,-0.7818549871444702 
-0.04033118486404419,0.41223299503326416,1.166172742843628 
0.03787790611386299,0.09716570377349854,-0.5533255934715271 
0.10405507683753967,0.03661894053220749,-0.8001517653465271 
0.26295560598373413,0.09006821364164352,0.7888538241386414 
-0.13231320679187775,0.10816880315542221,0.2220456898212433 
-0.5930476188659668,-0.39573541283607483,0.5661727786064148 
0.2175554633140564,-0.3164912164211273,0.3734126091003418 
-0.3850395679473877,-0.6164911985397339,0.2857467830181122 
-0.2079966515302658,-0.01067453995347023,-0.8578436970710754 
-0.03775598108768463,-0.3164912164211273,-0.32632479071617126 
-0.018842551857233047,-0.3164912164211273,0.13709385693073273 
-0.4354930818080902,-0.2754526138305664,-0.28845828771591187 
0.11357126384973526,0.08387277275323868,0.8661727905273438 
0.18920515477657318,-0.3164912164211273,0.5058462023735046 
-0.01198086142539978,-0.6127244234085083,-1.1538786888122559 
0.2648390531539917,-0.3164912164211273,-0.5721597075462341 
-0.018852466717362404,0.1595165878534317,0.8661727905273438 
-0.7254812717437744,0.5163163542747498,-1.1009447574615479 
-0.2454666644334793,-0.3475179374217987,-0.791032075881958 
0.03214624524116516,-0.3382417559623718,-0.5567532777786255 
-0.4354930818080902,-0.2848696708679199,0.7989647388458252 
0.03373229503631592,-0.028469949960708618,-0.3331567347049713 
0.12298832833766937,0.2779732942581177,-0.8516978025436401 
0.32619863748550415,0.28669649362564087,0.46490681171417236 
0.2459057867527008,0.2743056118488312,-0.8552663922309875 
-0.44177985191345215,-0.6477161645889282,-1.1275107860565186 
-0.13233304023742676,0.04606574401259422,-0.8578436970710754 
0.33353403210639954,-0.237586110830307,-0.5248761177062988 
-0.14494198560714722,0.05629564821720123,0.7253133654594421 
-0.10593762993812561,0.39288341999053955,0.25707927346229553 
-0.37819769978523254,0.05972543731331825,0.08390232175588608 
0.047334618866443634,0.2163163423538208,-0.8578436970710754 
-0.38761475682258606,0.24456752836704254,0.8003525137901306 
-0.38761475682258606,0.09719543904066086,-0.5816758871078491 
-0.031691521406173706,0.6959344148635864,0.6262281537055969 
-0.38761475682258606,0.01856890879571438,-0.7803263664245605 
0.33353403210639954,-0.06739500164985657,-0.5059428811073303 
-0.2053619921207428,-0.6164911985397339,0.38977065682411194 
0.33353403210639954,0.01771542802453041,-0.6100262403488159 
0.03402966260910034,-0.471468448638916,0.20584619045257568 
0.19505365192890167,0.1879660189151764,-0.5815767645835876 
0.33353403210639954,-0.1903025358915329,-0.66672682762146 
0.33353403210639954,0.01771542802453041,-0.7707110047340393 
-0.2174137383699417,0.0931708812713623,0.7928188443183899 
-0.299929141998291,-0.6164911985397339,0.15339244902133942 
0.33353403210639954,-0.24710232019424438,-0.4113757312297821 
0.26830849051475525,0.320399671792984,-0.27904120087623596 
0.26830849051475525,0.4697840213775635,-0.5912911891937256 
0.16085484623908997,0.03660903126001358,-0.8578436970710754 
0.19505365192890167,0.4432179927825928,0.21272774040699005 
0.2459057867527008,-0.31272438168525696,-0.8538786172866821 
-0.009375926107168198,0.09335922449827194,-0.80035001039505 
-0.4351957142353058,-0.3111383616924286,-0.5532264113426208 
-0.7612661123275757,0.4026375412940979,0.24371272325515747 
-0.047216661274433136,0.060478806495666504,0.7198613882064819 
0.19505365192890167,0.37710028886795044,0.4018620252609253 
0.17717325687408447,-0.20250719785690308,-0.7020577788352966 
-0.2079966515302658,0.09690797328948975,-0.3168085813522339 
-0.35926446318626404,-0.3164912164211273,0.32622814178466797 
-0.2174137383699417,-0.3164912164211273,-0.18447406589984894 
-0.39449626207351685,0.40406495332717896,0.15846353769302368 
0.33353403210639954,-0.057938285171985626,0.0708671286702156 
0.21496045589447021,-0.6164911985397339,0.14914557337760925 
0.10405507683753967,0.09731438755989075,-0.24117469787597656 
0.033831387758255005,0.43116629123687744,1.1273150444030762 
0.19505365192890167,0.1973830908536911,-0.27904120087623596 
-0.4354930818080902,-0.2281690537929535,-0.3736083507537842 
-0.38761475682258606,0.10406494140625,0.45846354961395264 
-0.7668172121047974,-0.31065472960472107,0.9287636876106262 
-0.2552802264690399,-0.3164912164211273,0.033030349761247635 
0.03353402018547058,-0.3201114535331726,-0.4182572364807129 
-0.056681305170059204,-0.1903025358915329,-0.8578436970710754 
-0.2552802264690399,0.10274655371904373,0.5341965556144714 
0.6335340738296509,-0.08368366956710815,0.10610887408256531 
0.17027190327644348,-0.16195222735404968,0.8661727905273438 
0.0284211914986372,-0.03904468193650246,0.8661727905273438 
0.33353403210639954,0.05554228648543358,0.12757767736911774 
0.179688960313797,-0.06741482764482498,-0.8578436970710754 
0.26830849051475525,0.43380093574523926,-0.3640921711921692 
0.19505365192890167,0.2635999023914337,0.6099295616149902 
0.3000510632991791,-0.4241848587989807,0.5661727786064148 
-0.38761475682258606,0.08373399823904037,0.7923232316970825 
0.0378878153860569,0.1686362773180008,0.7965856790542603 
-0.4354930818080902,-0.19981873035430908,-0.6573097705841064 
0.16085484623908997,-0.3164912164211273,-0.4586593210697174 
-0.10395298153162003,0.06487013399600983,0.7914310693740845 
-0.34984737634658813,-0.3164912164211273,0.5152633190155029 
-0.160770446062088,0.3958275020122528,-0.9554263949394226 
-0.11606419086456299,-0.016491204500198364,-0.27642637491226196 
0.5683084726333618,0.7527341842651367,1.0801305770874023 
0.4008830189704895,0.5690518617630005,1.1658754348754883 
-0.2552802264690399,0.004426463972777128,0.7745795249938965 
0.03402966260910034,0.5163163542747498,0.5083817839622498 
-0.7318254113197327,-0.6154007911682129,0.468616247177124 
0.26830849051475525,0.35816705226898193,0.0708671286702156 
0.018984301015734673,-0.3164912164211273,-0.4965257942676544 
0.43240541219711304,-0.6241239905357361,1.148032546043396 
-0.23634697496891022,-0.2281690537929535,0.8661727905273438 
0.2554219961166382,-0.3164912164211273,-0.66672682762146 
-0.4668172001838684,-0.02956814132630825,0.14651091396808624 
0.2554219961166382,-0.3164912164211273,0.22214481234550476 
0.33422791957855225,0.06495934724807739,-0.19389113783836365 
-0.1890634000301361,-0.2871496379375458,0.8647850155830383 
0.2269725501537323,0.1686362773180008,0.7965856790542603 
-0.2174137383699417,0.055482812225818634,-0.7997552752494812 
-0.13549306988716125,-0.48088550567626953,-0.5275108218193054 
-0.1417798399925232,0.10281594097614288,-0.7999534606933594 
-0.035160958766937256,0.03406354784965515,1.1667675971984863 
0.26830849051475525,0.36758410930633545,0.6949805021286011 
-0.6340861916542053,0.5774776935577393,1.1606216430664062 
-0.4380703866481781,0.06791333109140396,0.7087591886520386 
-0.5836305618286133,0.46903276443481445,-0.5578436851501465 
0.2674163281917572,0.14068245887756348,-0.7898425459861755 
0.07570475339889526,0.1122329980134964,-0.8004491329193115 
0.26642507314682007,0.4736499786376953,0.3581470251083374 
0.19505365192890167,0.43380093574523926,-0.6950771808624268 
0.19634228944778442,0.4548158645629883,0.666630208492279 
0.17978808283805847,0.1311662644147873,0.8661727905273438 
-0.19848047196865082,0.1065232902765274,0.3166128396987915 
0.26801109313964844,0.32971757650375366,-0.628860354423523 
0.15133865177631378,-0.3164912164211273,-0.18447406589984894 
0.05052650719881058,0.09251664578914642,-0.08752787858247757 
0.02844102308154106,-0.3164912164211273,0.7328470349311829 
0.1986222267150879,0.04600626602768898,0.790439784526825 
0.33353403210639954,0.10282585024833679,0.2977786958217621 
0.33353403210639954,0.09336914122104645,-0.7802272439002991 
0.19505365192890167,0.38651734590530396,0.28836163878440857 
-0.1701301634311676,0.09675928205251694,-0.18447406589984894 
-0.2836305499076843,0.09694762527942657,-0.3546751141548157 
-0.05926445126533508,-0.016491204500198364,0.3992273807525635 
-0.4354930818080902,-0.18088547885417938,0.7989647388458252 
0.2648390531539917,-0.3164912164211273,-0.18447406589984894 
-0.3025638163089752,-0.3164912164211273,-0.4871087670326233 
0.09463801980018616,-0.1903025358915329,-0.8578436970710754 
0.06628769636154175,-0.3164912164211273,0.35457843542099 
0.19505365192890167,0.2635999023914337,0.09923726320266724 
0.19505365192890167,0.13126538693904877,0.26001131534576416 
-0.2742134928703308,-0.3164912164211273,-0.6005100011825562 
0.33787792921066284,-0.07426661252975464,0.5661727786064148 
-0.4668172001838684,-0.048481572419404984,0.4964291751384735 
-0.7318254113197327,-0.6154007911682129,-0.027399569749832153 
0.33353403210639954,-0.2659364640712738,0.11816061288118362 
0.3337323069572449,0.27153006196022034,-0.6100262403488159 
-0.40654802322387695,0.10866443067789078,0.2220456898212433 
-0.3025638163089752,0.24466665089130402,-0.8578436970710754 
-0.1796463429927826,0.089205801486969,0.6650441288948059 
0.2568097710609436,0.2832270562648773,0.7283862829208374 
0.26830849051475525,0.3298167288303375,0.5626460313796997 
0.05677150934934616,0.08615269511938095,-0.6906164288520813 
-0.32139793038368225,0.09888060390949249,-0.6102244257926941 
-0.1417798399925232,0.09837504476308823,-0.6007083058357239 
-0.2936345636844635,0.3215278685092926,0.3067825436592102 
0.26830849051475525,0.41486766934394836,-0.08989701420068741 
0.009527591988444328,-0.3164912164211273,-0.7518768906593323 
-0.4668172001838684,-0.057938285171985626,-0.6383765339851379 
-0.35926446318626404,-0.3164912164211273,0.6004133820533752 
0.3567715287208557,-0.016491204500198364,0.5789445638656616 
-0.17701168358325958,-0.6164911985397339,-0.6830254197120667 
0.6335340738296509,0.2326050102710724,1.013913869857788 
0.3000609874725342,0.27041202783584595,-1.1578437089920044 
0.2459057867527008,-0.0012178259203210473,0.8661727905273438 
0.03353402018547058,0.1947484165430069,-0.09254160523414612 
0.15133865177631378,-0.3164912164211273,-0.6005100011825562 
-0.36878061294555664,-0.2281690537929535,-0.8578436970710754 
0.33383139967918396,0.26350075006484985,-0.5154590606689453 
-0.12972810864448547,-0.6471214294433594,-1.1344497203826904 
-0.20561760663986206,0.061024006456136703,-0.026822520419955254 
-0.13182538747787476,-0.015400797128677368,0.14704832434654236 
0.32153967022895813,-0.3164912164211273,0.5247794985771179 
-0.07819768786430359,-0.09319986402988434,-0.5578436851501465 
0.19515275955200195,0.4708744287490845,0.5047557950019836 
-0.4354930818080902,-0.24710232019424438,0.4964291751384735 
-0.07819768786430359,-0.639290452003479,-1.142776370048523 
-0.09449625760316849,0.24466665089130402,-0.8010438680648804 
0.03353402018547058,-0.5659364461898804,0.10610887408256531 
8.079037797870114e-05,0.06803227961063385,-0.7278882265090942 
-0.10345946252346039,0.19664743542671204,0.13366618752479553 
0.3339305520057678,-0.31064271926879883,-0.4484492242336273 
-0.044677168130874634,0.792880654335022,-0.1888774186372757 
0.26939886808395386,0.29036420583724976,0.7974777817726135 
0.25601673126220703,0.013455941341817379,0.02812356688082218 
-0.38761475682258606,-0.3164912164211273,-0.6950771808624268 
-0.47964635491371155,0.043480634689331055,-0.5578436851501465 
-0.7318254113197327,-0.6154007911682129,0.13338440656661987 
0.19505365192890167,0.12184831500053406,-0.48700961470603943 
-0.2836305499076843,0.1780533343553543,0.7969822287559509 
0.33383139967918396,-0.2754526138305664,-0.7707110047340393 
-0.2432284951210022,-0.6164911985397339,-0.36153680086135864 
-0.27411437034606934,0.10718744248151779,0.2882625162601471 
0.33353403210639954,-0.08630842715501785,-0.19389113783836365 
0.33422791957855225,-0.2848696708679199,-0.5910929441452026 
0.33353403210639954,0.2163163423538208,-0.4208919405937195 
0.26830849051475525,0.41486766934394836,-0.23175764083862305 
-0.46071308851242065,-0.016491204500198364,0.049309104681015015 
-0.04033118486404419,-0.28230342268943787,-0.5578436851501465 
0.33353403210639954,-0.02956814132630825,0.35457843542099 
0.6335340738296509,0.27043187618255615,0.8814801573753357 
-0.32832902669906616,0.3177104890346527,1.16666841506958 
0.33353403210639954,0.2352495938539505,0.0708671286702156 
-0.4668172001838684,0.00825970433652401,-0.26010796427726746 
0.20550376176834106,-0.6164911985397339,0.446510910987854 
-0.39713093638420105,0.0969872772693634,-0.3925416171550751 
0.33353403210639954,-0.12408571690320969,-0.7329436540603638 
-0.4354930818080902,-0.15253515541553497,0.5720630288124084 
-0.06351128220558167,-0.6164911985397339,0.4559280276298523 
0.33353403210639954,0.06499899923801422,0.8084808588027954 
-0.15129601955413818,0.1122329980134964,0.8661727905273438 
0.19505365192890167,0.2825331389904022,0.18437743186950684 
-0.4354930818080902,-0.2659364640712738,-0.7707110047340393 
-0.4318253993988037,-0.3154008090496063,0.57523512840271 
-0.465429425239563,-0.11100096255540848,0.21589981019496918 
0.2838714122772217,0.29621267318725586,0.10864441096782684 
-0.04180249571800232,-0.2888071537017822,-0.4955918788909912 
-0.41596508026123047,0.1065232902765274,0.3166128396987915 
0.33353403210639954,0.24466665089130402,0.6287636756896973 
-0.037746068090200424,0.0968484953045845,-0.26952502131462097 
0.19603711366653442,-0.09319986402988434,-1.1578437089920044 
0.12298832833766937,-0.3164912164211273,0.6287636756896973 
-0.1511968970298767,-0.3164912164211273,-0.6950771808624268 
0.1676768809556961,-0.6164911985397339,-0.4088401794433594 
0.19603711366653442,-0.3106745481491089,0.5661727786064148 
0.26801109313964844,0.33923378586769104,-0.4965257942676544 
0.2459057867527008,-0.3164912164211273,0.4679797291755676 
0.2175554633140564,-0.0012178259203210473,-0.8578436970710754 
0.5683084726333618,0.7810845375061035,-0.0872722715139389 
0.03353402018547058,-0.39573541283607483,0.5032115578651428 
0.26830849051475525,0.4432179927825928,-0.4871087670326233 
0.19505365192890167,0.1690327674150467,0.6382798552513123 
0.18920515477657318,0.05994351953268051,-0.738395631313324 
-0.4354930818080902,0.027172140777111053,0.8084808588027954 
0.2527714669704437,-0.6334419250488281,1.1402015686035156 
-0.15040387213230133,0.20838618278503418,0.7985681891441345 
0.20070388913154602,0.45461758971214294,0.2788454592227936 
0.2459057867527008,-0.3164912164211273,0.7516811490058899 
0.26830849051475525,0.33923378586769104,0.25049513578414917 
-0.06613603979349136,-0.2565193772315979,0.866470217704773 
0.6335340738296509,0.2609751522541046,-0.5695250034332275 
0.6345252990722656,-0.5943858623504639,1.061197280883789 
0.18920515477657318,0.1690327674150467,-0.800746500492096 
-0.2079966515302658,0.1973830908536911,0.8661727905273438 
-0.4354930818080902,-0.2092357873916626,-0.5248761177062988 
-0.2079966515302658,-0.3164912164211273,-0.11825723946094513 
0.19505365192890167,0.43380093574523926,0.14651091396808624 
0.19505365192890167,0.22573339939117432,-0.0898871049284935 
-0.04984736442565918,-0.34850141406059265,-0.5578436851501465 
0.19505365192890167,0.2540837228298187,0.03304026648402214 
0.27170073986053467,-0.6164911985397339,0.5221447944641113 
-0.1417897492647171,-0.03904468193650246,-0.8578436970710754 
0.19505365192890167,0.39593443274497986,-0.5438094139099121 
0.40405508875846863,-0.6164911985397339,0.4748612642288208 
-0.2742134928703308,-0.11466865986585617,-0.8578436970710754 
0.02844102308154106,-0.3164912164211273,-0.6383765339851379 
-0.4354930818080902,-0.15253515541553497,-0.7045933604240417 
0.33353403210639954,-0.16195222735404968,-0.7896443009376526 
-0.07819768786430359,-0.016491204500198364,0.01154172420501709 
-0.16681718826293945,-0.2728278636932373,-0.8438094258308411 
-0.19594493508338928,0.31769561767578125,0.5661727786064148 
-0.1701301634311676,-0.3164912164211273,-0.5816758871078491 
0.33353403210639954,-0.11466865986585617,-0.32632479071617126 
-0.23634697496891022,0.06497916579246521,0.8661727905273438 
-0.39713093638420105,0.10225091874599457,0.5625468492507935 
0.03393054008483887,-0.010642707347869873,0.5985717177391052 
-0.19848047196865082,0.09751264750957489,-0.6470997333526611 
-0.19848047196865082,0.1690327674150467,-0.800746500492096 
-0.7668172121047974,0.3271721601486206,0.7585626840591431 
-0.4354930818080902,-0.15253515541553497,0.2977786958217621 
-0.1701301634311676,0.10192380100488663,0.6003142595291138 
0.19634228944778442,0.48376092314720154,-0.422378808259964 
0.2554219961166382,-0.24710232019424438,-0.8578436970710754 
0.27564388513565063,0.30097076296806335,-0.020557695999741554 
-0.7654294371604919,-0.41100096702575684,0.2184353470802307 
0.03353402018547058,-0.5375860929489136,0.9098304510116577 
-0.32829928398132324,-0.20464834570884705,0.19938737154006958 
-0.4354930818080902,-0.237586110830307,0.20321154594421387 
0.26830849051475525,0.42438387870788574,0.051953691989183426 
0.26226386427879333,-0.20292353630065918,-0.768175482749939 
0.10405507683753967,0.1686362773180008,0.7965856790542603 
0.19505365192890167,0.12174919247627258,0.09923726320266724 
0.3337323069572449,0.23515047132968903,-0.7802272439002991 
-0.03367409110069275,0.19991862773895264,0.7247604131698608 
-0.3692783713340759,0.3380959630012512,0.29547610878944397 
-0.4354930818080902,-0.16195222735404968,0.4396294057369232 
-0.1538315713405609,-0.20326055586338043,-0.4750570058822632 
0.4795898497104645,0.3968782424926758,-0.6357418298721313 
-0.7252830266952515,-0.6384974122047424,1.134650468826294 
0.3757047653198242,0.3125886023044586,-0.27093473076820374 
-0.4412424564361572,0.010410760529339314,0.016307629644870758 
0.19693705439567566,0.3649076819419861,0.7742820978164673 
-0.30938583612442017,0.008389681577682495,-0.5575462579727173 
-0.43489834666252136,0.07421780377626419,-0.7164885997772217 
-0.34033119678497314,0.01748049631714821,0.03355572372674942 
-0.13549306988716125,0.35554230213165283,-0.5464440584182739 
-0.4668172001838684,-0.09573540836572647,0.6571140289306641 
0.26801109313964844,0.4715683162212372,-0.7423607110977173 
-0.7650328874588013,-0.21420417726039886,-0.16964678466320038 
-0.018842551857233047,0.2540837228298187,-0.800746500492096 
-0.38761475682258606,0.08889850974082947,0.6649450659751892 
0.25601673126220703,0.206502765417099,-0.7207510471343994 
-0.19848047196865082,0.23515047132968903,-0.8010438680648804 
-0.0755828320980072,0.26280686259269714,0.8012446761131287 
0.009517677128314972,0.22573339939117432,0.7993612289428711 
-0.2772864103317261,0.08674746006727219,0.6715865731239319 
0.19505365192890167,0.150099515914917,0.4112790822982788 
-0.7668172121047974,0.33662885427474976,0.1723257154226303 
0.6335340738296509,-0.18776701390743256,0.1723257154226303 
0.19505365192890167,0.4432179927825928,0.4112790822982788 
0.33353403210639954,-0.24710232019424438,-0.07098358869552612 
-0.47964635491371155,-0.19495370984077454,0.10166376829147339 
0.033831387758255005,-0.4241848587989807,0.654578447341919 
-0.3025638163089752,0.09681876003742218,-0.24117469787597656 
0.17978808283805847,-0.3164912164211273,0.27894455194473267 
0.19505365192890167,0.36758410930633545,-0.4208919405937195 
-0.2174137383699417,-0.3164912164211273,0.5437127351760864 
0.17978808283805847,-0.3164912164211273,0.5814801454544067 
0.03353402018547058,0.48796603083610535,-0.17242233455181122 
0.19505365192890167,0.42438387870788574,-0.12767429649829865 
-0.06612612307071686,-0.3164912164211273,-0.6005100011825562 
0.3284410238265991,-0.016491204500198364,-0.6640921831130981 
-0.4668172001838684,-0.09573540836572647,-0.5816758871078491 
-0.29304760694503784,-0.3164912164211273,0.7233308553695679 
0.19505365192890167,0.37710028886795044,0.22214481234550476 
0.33353403210639954,-0.12408571690320969,-0.5343922972679138 
0.26830849051475525,0.33923378586769104,-0.08044029772281647 
-0.33091413974761963,0.046085573732852936,-0.8001517653465271 
-0.056671392172575,-0.3164912164211273,0.7233308553695679 
-0.3377559781074524,-0.6164911985397339,0.08292874693870544 
0.03353402018547058,-0.17825081944465637,-0.3615269064903259 
-0.06612612307071686,-0.3164912164211273,0.28836163878440857 
-0.7065480351448059,0.39683860540390015,0.0398920476436615 
0.2175554633140564,-0.2092357873916626,0.8661727905273438 
0.19505365192890167,0.24466665089130402,-0.21282438933849335 
-0.31198087334632874,-0.3164912164211273,-0.4019586741924286 
0.01212260127067566,0.49738311767578125,-0.5578436851501465 
-0.4354930818080902,-0.2848696708679199,0.7139137983322144 
0.33452528715133667,0.1122329980134964,-0.3168085813522339 
-0.1701301634311676,-0.17146842181682587,0.8661727905273438 
-0.047216661274433136,0.02715231664478779,-0.8000526428222656 
-0.7668172121047974,-0.34848159551620483,-1.080227255821228 
0.19505365192890167,0.150099515914917,-0.4113757312297821 
-0.7610678672790527,-0.413974791765213,-0.035741835832595825 
-0.7610678672790527,-0.413974791765213,-0.16817548871040344 
0.27048927545547485,0.3090991675853729,0.32622814178466797 
0.032741010189056396,-0.02222496271133423,0.12187005579471588 
0.2837722897529602,-0.06741482764482498,0.8661727905273438 
0.26245999336242676,0.3302132487297058,-0.7304654717445374 
-0.3151529133319855,0.030116213485598564,0.7542584538459778 
0.2269725501537323,0.4758307635784149,0.7254124879837036 
0.22441717982292175,0.4069594740867615,-0.10521425306797028 
0.5007039308547974,0.12478035688400269,0.4968830347061157 
0.48920518159866333,-0.5868522524833679,1.1649832725524902 
0.2459057867527008,0.4563027322292328,0.6287636756896973 
0.26830849051475525,0.34865084290504456,0.13709385693073273 
0.18989905714988708,0.11262951046228409,0.4964291751384735 
0.18920515477657318,0.047949157655239105,0.0678635761141777 
0.04471978545188904,0.41223299503326416,-1.1578437089920044 
-0.03288105130195618,0.17622727155685425,-0.3835826516151428 
-0.0755828320980072,0.150099515914917,-0.8006473779678345 
6.09639027970843e-05,0.1595165878534317,-0.8578436970710754 
-0.2715590000152588,-0.1970849335193634,0.8247795104980469 
0.33353403210639954,-0.057938285171985626,-0.7045933604240417 
-0.0876147449016571,0.3976018726825714,-0.4370914101600647 
-0.4668172001838684,-0.057938285171985626,0.7328470349311829 
0.33353403210639954,-0.06739500164985657,-0.06152687966823578 
-0.6119809150695801,0.4061961770057678,0.035546064376831055 
-0.056671392172575,-0.3164912164211273,-0.21282438933849335 
-0.08503955602645874,-0.3164912164211273,0.6004133820533752 
0.11357126384973526,-0.3164912164211273,0.4774959087371826 
0.33353403210639954,0.09336914122104645,0.5341965556144714 
-0.7668172121047974,0.364998996257782,0.6262281537055969 
-0.009405664168298244,-0.2281690537929535,0.8661727905273438 
-0.4354930818080902,-0.1713692843914032,-0.07098358869552612 
-0.05668328329920769,0.20680014789104462,0.8661727905273438 
0.33353403210639954,0.008258712477982044,0.2977786958217621 
0.33353403210639954,-0.020111428573727608,-0.6573097705841064 
-0.4668172001838684,-0.020111428573727608,-0.3925416171550751 
0.33353403210639954,-0.237586110830307,-0.004787582904100418 
0.33353403210639954,0.09336914122104645,0.4302123486995697 
0.2175554633140564,0.47900283336639404,-0.033146824687719345 
0.2149505466222763,0.23258519172668457,-0.5578436851501465 
0.33353403210639954,-0.2565193772315979,-0.6950771808624268 
0.3027055561542511,-0.09573540836572647,-0.8578436970710754 
0.037897735834121704,-0.3164912164211273,-0.28845828771591187 
0.33353403210639954,-0.237586110830307,-0.6289594173431396 
-0.4354930818080902,-0.2659364640712738,-0.4208919405937195 
0.19505365192890167,0.31088346242904663,0.6476969718933105 
0.2175554633140564,-0.3164912164211273,-0.6194432377815247 
-0.3850395679473877,0.401923805475235,0.8814801573753357 
-0.2904724180698395,-0.20319116115570068,-0.531757652759552 
0.2175554633140564,0.08389259874820709,0.8661727905273438 
-0.07559274882078171,0.13086888194084167,0.7947022318840027 
0.2269725501537323,-0.3164912164211273,0.6287636756896973 
0.33353403210639954,-0.09573540836572647,0.4585626423358917 
-0.4319244921207428,0.12472300976514816,0.7959909439086914 
0.037897735834121704,0.10439205914735794,0.43953028321266174 
-0.465429425239563,-0.11100096255540848,0.3861008286476135 
-0.16681718826293945,-0.3673950135707855,0.20067602396011353 
0.6214405298233032,-0.07426661252975464,1.1664702892303467 
-0.13182538747787476,-0.015400797128677368,-0.793353796005249 
0.10405507683753967,0.09962405264377594,0.6280698180198669 
-0.00938583817332983,0.06747717410326004,0.09514332562685013 
0.15133865177631378,-0.3164912164211273,-0.7423607110977173 
-0.31198087334632874,0.09707648307085037,-0.4681755006313324 
-0.10494635999202728,0.0675840973854065,0.11552594602108002 
0.2554219961166382,-0.3164912164211273,-0.3736083507537842 
-0.4354930818080902,-0.15253515541553497,-0.5816758871078491 
-0.2079966515302658,-0.08632825314998627,-0.8578436970710754 
0.10405507683753967,0.055522456765174866,-0.8578436970710754 
0.028431102633476257,-0.17146842181682587,-0.8578436970710754 
0.03353402018547058,0.3461053967475891,0.2857567071914673 
0.02844102308154106,-0.3164912164211273,-0.20340733230113983 
0.2175554633140564,0.12174919247627258,-0.8578436970710754 
0.03353402018547058,-0.30119800567626953,-0.6736083626747131 
-0.26210227608680725,-0.016491204500198364,-0.22914279997348785 
-0.018852466717362404,0.055522456765174866,-0.8578436970710754 
0.19525189697742462,0.20670102536678314,-0.7129200100898743 
-0.33091413974761963,-0.338398277759552,0.8348486423492432 
0.2338639795780182,-0.19413095712661743,0.054380208253860474 
-0.5930476188659668,0.40800029039382935,-0.06843812763690948 
0.33353403210639954,-0.2565193772315979,0.6760472655296326 
0.26801109313964844,0.38651734590530396,-0.6005100011825562 
-0.5646973252296448,-0.6164911985397339,-0.035741835832595825 
0.19505365192890167,0.30136728286743164,-0.6856600642204285 
0.14192159473896027,-0.3164912164211273,0.3639955222606659 
0.19505365192890167,0.1784498244524002,-0.6573097705841064 
0.09463801980018616,-0.3164912164211273,-0.6194432377815247 
-0.4354930818080902,-0.2186528593301773,0.35457843542099 
0.19505365192890167,0.24466665089130402,0.28836163878440857 
-0.5174137353897095,-0.016491204500198364,-0.17759254574775696 
0.33353403210639954,0.1784498244524002,0.19379448890686035 
5.105251693748869e-05,0.10280603170394897,0.8661727905273438 
0.2648390531539917,-0.3164912164211273,0.4112790822982788 
-0.04457801580429077,-0.016491204500198364,0.0398920476436615 
0.19505365192890167,0.38651734590530396,0.5437127351760864 
-0.1417798399925232,-0.3164912164211273,-0.30739152431488037 
-0.056671392172575,-0.3164912164211273,0.5058462023735046 
0.2364887297153473,0.0839025154709816,-0.80035001039505 
0.33353403210639954,0.027172140777111053,-0.4681755006313324 
0.19505365192890167,0.35816705226898193,0.00467408774420619 
-0.1796463429927826,0.10751456022262573,0.2599121928215027 
0.1324053853750229,0.10784167796373367,0.24097894132137299 
0.14192159473896027,0.07429710775613785,0.7918275594711304 
0.3757047653198242,-0.6378035545349121,1.1354434490203857 
0.022136544808745384,0.06425555050373077,0.7144094109535217 
0.2837722897529602,-0.3164912164211273,0.023573637008666992 
0.27594125270843506,0.29512229561805725,-0.801440417766571 
-0.10355858504772186,0.7876268625259399,0.40111076831817627 
0.10405507683753967,-0.2565193772315979,-0.8578436970710754 
0.17027190327644348,0.08851191401481628,-0.6839749217033386 
0.26830849051475525,0.43380093574523926,-0.6383765339851379 
-0.4354930818080902,-0.048481572419404984,-0.8369278311729431 
-0.2810157239437103,-0.0473196804523468,0.5167084336280823 
-0.7354930639266968,-0.5565193891525269,0.23847313225269318 
0.11357126384973526,0.2163163423538208,-0.8578436970710754 
-0.23634697496891022,0.2701422870159149,0.80302894115448 
0.061232224106788635,-0.32838645577430725,-0.7808219790458679 
0.06628769636154175,-0.2863565981388092,0.8648841381072998 
0.6326419115066528,-0.614806056022644,-0.6065984964370728 
-0.5836305618286133,0.5854078531265259,-1.120274543762207 
-0.4354930818080902,-0.1713692843914032,-0.24117469787597656 
-0.45690450072288513,0.030116213485598564,0.7542584538459778 
0.2364887297153473,0.20680014789104462,-0.8008456826210022 
