-0.3926893174648285,-0.13381929695606232,0.8299682140350342
0.32548877596855164,0.1567649245262146,-0.8818467259407043
0.2903766334056854,0.3228606581687927,0.18871112167835236
-0.398883193731308,-0.29044535756111145,-0.24637174606323242
0.3080829679965973,-0.300302118062973,0.5969317555427551
-0.38775455951690674,0.17434217035770416,-0.7965867519378662
0.2994985282421112,-0.22438094019889832,-0.25948673486709595
0.12160621583461761,0.3557700216770172,0.8103235960006714
-0.27533888816833496,0.058432355523109436,0.2429245412349701
-0.07826151698827744,-0.30402132868766785,-0.8207609057426453
0.10147275030612946,0.3847120702266693,-0.38757431507110596
0.04719703271985054,-0.286612868309021,0.14633655548095703
-0.1607995182275772,0.06620199233293533,-0.18383021652698517
0.04969784617424011,-0.0571264810860157,0.8300656080245972
-0.24558542668819427,-0.30402132868766785,0.47879886627197266
-0.01925378479063511,0.06930606812238693,-0.6337253451347351
0.30915960669517517,-0.22454828023910522,-0.6828576326370239
0.327955424785614,0.13547086715698242,0.5729944109916687
-0.4225202798843384,-0.1649634838104248,-0.6538674235343933
0.30915960669517517,-0.027607934549450874,0.05546809360384941
-0.04872535169124603,-0.30402132868766785,-0.43680450320243835
-0.4335755705833435,-0.3079768121242523,0.10977648198604584
-0.23119869828224182,0.22829797863960266,0.850692629814148
0.30783748626708984,0.0823601633310318,-0.4686630368232727
0.1444384753704071,0.4185766875743866,0.473415344953537
0.12395517528057098,0.39129799604415894,-0.7511447072029114
-0.029129188507795334,0.06741711497306824,0.4885861873626709
-0.42893028259277344,0.03679163008928299,-0.3975290060043335
-0.41069748997688293,0.0667319968342781,0.5575867295265198
0.2994985282421112,0.26782312989234924,-0.15114116668701172
-0.45791393518447876,-0.027335960417985916,-0.06716644763946533
-0.11913669854402542,-0.30252060294151306,-0.12025002390146255
0.05974607542157173,0.18696707487106323,0.03428500145673752
-0.13732793927192688,-0.30402132868766785,0.7741800546646118
0.32769814133644104,0.15768688917160034,0.917898416519165
0.2847486138343811,-0.11570270359516144,0.3362549841403961
-0.2368680238723755,-0.058235518634319305,-0.827325165271759
0.12838786840438843,0.04506288468837738,-0.24389652907848358
0.04969784617424011,-0.30402132868766785,0.4690115749835968
0.10881322622299194,-0.0768185555934906,-0.838280200958252
-0.07314026355743408,0.17134802043437958,-0.9191639423370361
0.29917702078819275,-0.30832722783088684,0.0304414089769125
0.19376711547374725,0.11076512932777405,0.262205570936203
0.30518367886543274,-0.16735367476940155,0.8461536169052124
0.30915960669517517,0.33528614044189453,-0.545052170753479
-0.4166671931743622,-0.13337448239326477,0.3571644723415375
0.1169394850730896,0.4432920217514038,-0.0573301799595356
-0.3047987222671509,0.07580483704805374,-0.604167640209198
-0.35897988080978394,-0.3075442612171173,-0.8652927279472351
-0.018372930586338043,0.16273577511310577,0.7254391312599182
-0.4118719696998596,-0.29354891180992126,0.6560471653938293
0.2889648377895355,0.3389403223991394,0.6491631269454956
-0.28252747654914856,-0.301520437002182,-0.47865039110183716
0.10881322622299194,-0.30402132868766785,0.7642948627471924
0.09869121015071869,-0.30402132868766785,-0.16133269667625427
-0.18656794726848602,-0.30402132868766785,0.20318806171417236
-0.042334236204624176,0.0522761344909668,0.20543912053108215
0.22361846268177032,0.07081331312656403,-0.6927428841590881
0.08563949167728424,0.3268468677997589,0.24813412129878998
-0.19652262330055237,-0.037543028593063354,0.820404589176178
0.05983516573905945,0.1619943231344223,-0.4364544451236725
0.21706096827983856,-0.30402132868766785,-0.48603472113609314
-0.1867636889219284,0.07247715443372726,0.03578580170869827
0.16293710470199585,-0.2991276681423187,-0.8346589207649231
-0.1980513334274292,0.07244482636451721,-0.40574634075164795
0.30915960669517517,0.2578684687614441,0.38033849000930786
0.27079281210899353,-0.3284323215484619,0.22800731658935547
-0.4121655523777008,0.09050539135932922,0.7741800546646118
-0.19664888083934784,0.0727805644273758,0.6264894604682922
0.30945318937301636,-0.08670374751091003,0.6264894604682922
0.07079058140516281,0.2479332983493805,-0.21037603914737701
0.06937035918235779,-0.30402132868766785,-0.6435126662254333
0.2952033579349518,-0.05142983794212341,-0.15702472627162933
-0.45194366574287415,-0.06350048631429672,0.15268608927726746
-0.3046313524246216,-0.2940666675567627,-0.04286408796906471
0.28357362747192383,0.32197538018226624,-0.7729987502098083
0.3101383149623871,0.17917847633361816,0.03577601537108421
-0.43407565355300903,-0.15764641761779785,-0.40924760699272156
-0.19723612070083618,0.19385944306850433,-0.7561646103858948
0.08130250126123428,0.16212457418441772,0.9144080877304077
0.07152356207370758,0.23780448734760284,0.5280290246009827
0.30945318937301636,-0.06699208915233612,-0.8108757734298706
0.19503949582576752,0.07157672196626663,0.7145752906799316
0.30915960669517517,-0.12608790397644043,-0.48603472113609314
-0.40221089124679565,-0.007818966172635555,-0.781485378742218
-0.14717400074005127,-0.30402132868766785,-0.6336274743080139
0.3035808205604553,0.342528760433197,-0.3481314480304718
0.07465549558401108,0.256987601518631,-0.6139549612998962
0.13846880197525024,0.23907682299613953,-0.8384759426116943
-0.34424158930778503,0.07313290238380432,-0.2150239497423172
-0.20683401823043823,0.07235630601644516,0.439390629529953
-0.4363749921321869,0.07307180762290955,0.3423573672771454
-0.34404587745666504,-0.30402132868766785,0.3114357888698578
-0.21612563729286194,-0.30402132868766785,-0.27922871708869934
-0.4121655523777008,-0.09653020650148392,-0.23009641468524933
0.0989280417561531,-0.30402132868766785,-0.32845890522003174
-0.09795359522104263,-0.30402132868766785,0.5871444344520569
-0.4121655523777008,-0.1162027046084404,0.5575867295265198
-0.3340912163257599,-0.29347941279411316,0.8417820334434509
-0.08960837125778198,0.10750487446784973,0.913918673992157
0.1526598334312439,0.42215633392333984,-0.5663254261016846
-0.013938741758465767,0.05202046409249306,-0.07825522869825363
0.19190753996372223,0.41603150963783264,-0.22755169868469238
0.2115800529718399,0.18544235825538635,-0.3186715841293335
0.18133783340454102,0.0468917079269886,-0.011726309545338154
0.23666399717330933,-0.2940666675567627,0.4395233392715454
-0.06503306329250336,-0.3194289803504944,0.33672860264778137
0.1994154006242752,0.07108832895755768,0.45263832807540894
0.10548553615808487,0.3899972438812256,0.6461619138717651
-0.05556625872850418,-0.1290891319513321,-0.8352789878845215
0.05948515981435776,0.16234427690505981,0.3606659770011902
-0.299317330121994,0.12773889303207397,-0.8906428813934326
-0.4378088414669037,-0.05704958364367485,-0.5455410480499268
0.20390485227108002,0.3923051059246063,0.3313451111316681
0.005841420963406563,-0.2995196580886841,0.0009071945678442717
-0.3540289103984833,0.07685208320617676,0.0751601830124855
0.30964896082878113,-0.1654329150915146,0.16374514997005463
0.29979217052459717,0.2087077647447586,0.7247824668884277
0.32736602425575256,-0.19318976998329163,-0.1217876523733139
-0.038965437561273575,0.06830776482820511,-0.3100587725639343
-0.2542068064212799,-0.21316221356391907,-0.8566887974739075
0.30729809403419495,-0.03985372930765152,-0.3359932601451874
0.13954541087150574,0.4027775526046753,0.11451498419046402
-0.31458601355552673,-0.30402132868766785,-0.6828576326370239
0.2972041666507721,-0.029716404154896736,0.7818971276283264
0.3097468316555023,0.17917847633361816,-0.604167640209198
-0.4121655523777008,-0.2638932764530182,0.4885861873626709
0.2747412323951721,0.3235241174697876,-0.042109157890081406
0.16783075034618378,0.07463036477565765,-0.8577569127082825
-0.06843505054712296,-0.1654329150915146,0.8305549025535583
0.30800917744636536,-0.006765447556972504,0.2413826882839203
0.30347439646720886,-0.22502708435058594,-0.8509165644645691
0.3097468316555023,-0.06704103201627731,-0.6337253451347351
-0.04872535169124603,-0.30402132868766785,-0.2694413959980011
-0.24558542668819427,-0.30402132868766785,0.6461619138717651
-0.16239386796951294,-0.3085229694843292,0.05013347417116165
0.02346784435212612,0.1798635870218277,-0.7426581978797913
0.10881322622299194,-0.30402132868766785,0.3114357888698578
-0.23579815030097961,-0.17531810700893402,0.8300656080245972
0.05605960264801979,0.07102863490581512,0.6264894604682922
-0.07295119762420654,0.05598808452486992,-0.5003910064697266
0.057723451405763626,0.16723795235157013,0.20230717957019806
-0.4121655523777008,-0.15564559400081635,-0.08237645030021667
0.005117064341902733,0.02602505497634411,-0.8238239288330078
-0.44015780091285706,-0.023311831057071686,0.6900085806846619
0.30668705701828003,0.11362912505865097,-0.2039898782968521
0.2565038204193115,-0.30402132868766785,0.7446223497390747
0.1972905546426773,0.23819595575332642,0.8236059546470642
0.19288627803325653,0.12074820697307587,0.11451498419046402
0.0989280417561531,-0.30402132868766785,0.616604208946228
-0.4179401099681854,-0.1562328338623047,-0.8222289681434631
0.13837093114852905,-0.17531810700893402,0.8300656080245972
0.16799812018871307,-0.2940666675567627,0.05558651313185692
0.3246672749519348,-0.0618649497628212,0.4692748188972473
0.3101383149623871,0.09050539135932922,0.35078081488609314
0.3279918134212494,0.347324013710022,0.4939696788787842
0.30915960669517517,-0.18510541319847107,0.4886840581893921
-0.17687849700450897,0.07343631237745285,-0.6730703115463257
0.2115800529718399,0.18544235825538635,-0.48603472113609314
-0.3493598997592926,0.15239019691944122,0.8730608224868774
0.29793283343315125,0.1570878028869629,0.19562312960624695
-0.044063225388526917,0.06512186676263809,0.3751918077468872
-0.43528276681900024,-0.3109573423862457,-0.5892336368560791
0.16847534477710724,0.030860085040330887,-0.41521507501602173
0.2464100867509842,0.42439231276512146,-0.4653271734714508
0.07724355161190033,0.27456146478652954,-0.07451165467500687
-0.1438952386379242,0.06733880937099457,-0.8453270792961121
-0.024390708655118942,0.064363993704319,0.05095667764544487
-0.2852241098880768,0.07407248765230179,-0.06267458945512772
0.20521828532218933,0.17917847633361816,0.6264894604682922
0.07465549558401108,0.256987601518631,0.6855069398880005
-0.40191730856895447,-0.2835942506790161,-0.4270867109298706
-0.10529880225658417,-0.30051982402801514,0.4656490385532379
-0.4166671931743622,-0.16093133389949799,0.05995994061231613
0.19988586008548737,0.18500356376171112,-0.09762667119503021
-0.08814670145511627,0.04425054043531418,0.71526038646698
0.07262855768203735,0.3164660930633545,0.4198508560657501
0.3097468316555023,0.1889657825231552,-0.7419731020927429
-0.40221089124679565,-0.17538759112358093,0.232815220952034
-0.34888219833374023,0.04246784374117851,0.6982710361480713
0.2603614628314972,0.421259343624115,0.7988198399543762
0.2115800529718399,0.18544235825538635,0.4886840581893921
0.33249396085739136,-0.32071152329444885,-0.39207595586776733
-0.324373334646225,0.12006308883428574,-0.7286623120307922
0.059583038091659546,-0.21466310322284698,-0.838280200958252
-0.206809863448143,-0.29356658458709717,0.3612355589866638
-0.2554706335067749,0.08590534329414368,0.8680403828620911
-0.022645138204097748,-0.27025991678237915,0.8167596459388733
-0.4438764750957489,-0.042161665856838226,0.4525688886642456
-0.16601458191871643,0.1562761515378952,0.723383903503418
0.08013640344142914,0.3070986866950989,0.09484246373176575
-0.3343563973903656,0.07755677402019501,-0.4761495292186737
0.30915960669517517,-0.1654329150915146,0.025929979979991913
0.24638183414936066,-0.28411200642585754,-0.14118649065494537
0.23188148438930511,0.39440205693244934,-0.8513907790184021
0.09325140714645386,0.04182328283786774,0.21356260776519775
-0.4375552833080292,0.08160035312175751,0.2555907964706421
0.20727364718914032,-0.30402132868766785,-0.663185179233551
0.08914072811603546,-0.30402132868766785,-0.5154945254325867
0.18750324845314026,0.06864052265882492,-0.5352649092674255
-0.36755669116973877,0.22480884194374084,0.7396790385246277
-0.3342585563659668,-0.017750149592757225,0.8300656080245972
-0.4121655523777008,-0.17531810700893402,0.7051794528961182
0.29699766635894775,0.07330318540334702,-0.09681318700313568
-0.19664888083934784,0.07296652346849442,-0.5352649092674255
0.29979217052459717,0.06083906814455986,-0.7812485694885254
0.18946072459220886,0.06112387403845787,0.5804890394210815
-0.4041116535663605,-0.28563395142555237,-0.1396898478269577
0.18750324845314026,-0.017774619162082672,0.8307507634162903
0.30915960669517517,0.03146830201148987,0.6757196187973022
-0.23922370374202728,0.06265068799257278,-0.2849053740501404
-0.4303762912750244,0.10599035024642944,-0.845327615737915
0.08101726323366165,0.29701775312423706,-0.4761495292186737
-0.019195063039660454,-0.30402132868766785,0.6855069398880005
0.23790791630744934,0.39166104793548584,-0.6468403339385986
-0.0010131793096661568,0.06195874884724617,0.8315012454986572
0.057234086096286774,0.14834843575954437,-0.298901230096817
-0.2852241098880768,0.07510016113519669,0.5379142165184021
0.0004970140289515257,0.20374462008476257,0.8502274751663208
0.07504699379205704,0.06371750682592392,-0.715057909488678
-0.1813516914844513,-0.3184776306152344,-0.3919086158275604
0.30915960669517517,0.22831079363822937,-0.3973616063594818
-0.18640057742595673,0.17832598090171814,-0.8697258830070496
0.299694299697876,-0.2737090587615967,-0.5845645666122437
0.1973884552717209,-0.1654329150915146,-0.838280200958252
-0.299317330121994,-0.32743215560913086,0.08031667023897171
0.08914924412965775,0.36023521423339844,-0.15991289913654327
0.3116604685783386,-0.15804848074913025,-0.39221280813217163
-0.41241592168807983,0.049727294594049454,-0.6348452568054199
0.07925553619861603,0.164734348654747,-0.9007232785224915
-0.1571081280708313,0.06653625518083572,0.2642608880996704
-0.0900256335735321,-0.30232056975364685,0.18511852622032166
-0.0881173387169838,0.13914833962917328,-0.7287601232528687
0.30915960669517517,-0.21466310322284698,0.6855069398880005
-0.41373151540756226,-0.28434881567955017,-0.7468666434288025
0.1973884552717209,-0.30402132868766785,0.5379142165184021
0.02457328885793686,0.07142939418554306,-0.1952541619539261
-0.03887735307216644,-0.30402132868766785,-0.6927428841590881
0.2382015734910965,0.34712880849838257,-0.12830832600593567
0.30018365383148193,0.08055072277784348,-0.33817678689956665
-0.4410381317138672,-0.0463017076253891,0.28843560814857483
-0.06841547787189484,-0.03747354447841644,0.8300656080245972
0.30915960669517517,-0.23433561623096466,0.35078081488609314
0.16467954218387604,-0.3008701205253601,0.176781564950943
-0.4121655523777008,-0.1654329150915146,-0.5253797769546509
0.307137131690979,0.08366057276725769,0.10772888362407684
-2.9861039365641773e-06,-0.32242992520332336,-0.13153815269470215
-0.4161891043186188,-0.057536691427230835,-0.6561275720596313
0.05566810816526413,0.1387568563222885,-0.5746099352836609
0.30915960669517517,0.051131024956703186,-0.6139549612998962
0.059583038091659546,-0.30402132868766785,-0.761645495891571
-0.29481565952301025,0.21323831379413605,-0.8205651640892029
0.19815202057361603,-0.2851123809814453,-0.2682041823863983
0.30865952372550964,0.24858109652996063,0.5668740272521973
0.30945318937301636,0.24798329174518585,-0.27922871708869934
-0.45942533016204834,0.02915538288652897,-0.2249496430158615
-0.32456913590431213,0.07514909654855728,0.42956864833831787
0.19455012679100037,0.13033975660800934,-0.20053870975971222
-0.3245406746864319,-0.313975989818573,-0.3283894658088684
-0.11763588339090347,0.21245534718036652,0.821942150592804
0.2191295623779297,0.40537670254707336,0.050361599773168564
0.30915960669517517,0.27754098176956177,-0.663185179233551
0.2761763334274292,-0.30402132868766785,-0.7715307474136353
0.21934041380882263,0.3991278111934662,0.5642136931419373
0.0589958056807518,0.17506779730319977,-0.12175082415342331
-0.33299463987350464,-0.3264315128326416,-0.18427003920078278
-0.15466126799583435,0.07168439030647278,0.5204927921295166
-0.18640057742595673,-0.2940666675567627,-0.771363377571106
-0.0684741958975792,0.06942351162433624,0.6068169474601746
0.07866828888654709,0.28194525837898254,-0.3177907466888428
-0.32440173625946045,0.08751144260168076,-0.367971271276474
0.21823543310165405,0.18524661660194397,-0.6763001680374146
0.22371245920658112,0.36651164293289185,0.4213513135910034
0.22361846268177032,0.1594080924987793,0.3704532980918884
-0.1766827404499054,-0.30402132868766785,-0.5253797769546509
-0.16855928301811218,0.07198778539896011,0.15307699143886566
0.21167732775211334,0.418673574924469,-0.34284576773643494
0.0508723258972168,0.08028744161128998,0.10472765564918518
0.1973884552717209,0.09040752053260803,0.8729340434074402
-0.324373334646225,-0.30402132868766785,0.5575867295265198
0.30915960669517517,-0.1162027046084404,-0.249768927693367
-0.4420168995857239,0.011746861040592194,0.05546808987855911
-0.15926073491573334,0.06713379919528961,-0.07463415712118149
0.11544020473957062,0.38004258275032043,0.33103883266448975
-0.41134148836135864,-0.2340419888496399,0.8280102610588074
0.30945318937301636,0.1594080924987793,0.4394538700580597
0.3109603524208069,0.3088994324207306,0.7761197090148926
0.30915960669517517,-0.2736806273460388,0.14407266676425934
-0.4121655523777008,-0.2442208081483841,0.38033849000930786
0.30915960669517517,0.2677536606788635,0.25232037901878357
0.08101726323366165,0.29701775312423706,-0.7320877909660339
0.2023799568414688,0.1798635870218277,0.016093727201223373
-0.3922562301158905,-0.2538691759109497,-0.013463963754475117
-0.33289679884910583,-0.12558797001838684,-0.8566887974739075
0.19627073407173157,0.3923051059246063,0.2227059006690979
0.30915960669517517,-0.17531810700893402,-0.5844951868057251
0.05605960264801979,0.07102863490581512,0.4196834862232208
0.19298473000526428,-0.2782801687717438,0.8552595973014832
0.29470327496528625,-0.06175631657242775,-0.048218291252851486
0.332298219203949,-0.3079768121242523,0.8715065717697144
-0.058570411056280136,-0.30402132868766785,-0.545052170753479
-0.23579815030097961,-0.30392342805862427,0.8223336338996887
-0.422442227602005,-0.052095796912908554,-0.32845890522003174
0.30945318937301636,0.22831079363822937,-0.5057072043418884
-0.29481565952301025,-0.30402132868766785,0.2129753679037094
0.04940422996878624,0.06643838435411453,-0.48593682050704956
0.07661297172307968,0.2657961845397949,0.8008015155792236
0.09197904914617538,0.365039587020874,-0.6337253451347351
0.09980890899896622,0.342528760433197,-0.8290801644325256
0.23246873915195465,-0.04216112196445465,-0.8337785601615906
0.2992549538612366,0.2281912863254547,-0.06273321807384491
-0.31448817253112793,0.01178601011633873,-0.838280200958252
0.20727364718914032,-0.30402132868766785,-0.07251083850860596
0.30915960669517517,-0.12608790397644043,-0.7223005294799805
-0.3922562301158905,-0.2148999720811844,-0.2694413959980011
-0.2261498123407364,-0.32393065094947815,-0.032909419387578964
-0.2751431465148926,-0.30402132868766785,-0.5844951868057251
-0.1123012825846672,0.23764924705028534,-0.8449761271476746
0.29849812388420105,0.2784718871116638,0.0742684081196785
0.26629114151000977,0.34233301877975464,-0.22999852895736694
-0.43604230880737305,-0.04754895344376564,-0.43327680230140686
-0.04861574247479439,-0.2940666675567627,0.06521529704332352
0.2221219837665558,0.21506953239440918,0.23252159357070923
0.24661867320537567,0.21323831379413605,-0.8205651640892029
0.21405525505542755,0.07112747430801392,-0.2692740559577942
0.10467416793107986,0.3629147708415985,-0.2621293067932129
0.30915960669517517,-0.027588356286287308,-0.5154945254325867
0.13837093114852905,-0.30402132868766785,0.40989619493484497
0.1973884552717209,-0.30402132868766785,0.6461619138717651
0.09197904914617538,0.3651374578475952,0.5477015376091003
-0.38202065229415894,0.07575590908527374,-0.023290429264307022
0.05566810816526413,0.1387568563222885,0.5477015376091003
0.29312607645988464,0.33207401633262634,0.31086617708206177
0.05054585635662079,0.09161483496427536,-0.003313970984891057
0.2166694551706314,0.4135846495628357,0.6658344864845276
-0.225912943482399,0.05133655294775963,0.7208390831947327
0.05831068754196167,0.07788953930139542,-0.3711315989494324
0.029926499351859093,-0.18503592908382416,0.8201109170913696
0.10135937482118607,0.07304106652736664,0.8208398818969727
0.32515448331832886,0.08498288691043854,0.7390998601913452
0.08914072811603546,0.06074216589331627,0.7204476594924927
0.09870391339063644,0.3506806194782257,0.017004922032356262
0.21128644049167633,0.18299554288387299,0.7332690358161926
-0.4332488477230072,-0.32481101155281067,0.26038658618927
0.03986159712076187,0.2105957567691803,-0.8374972343444824
0.10881322622299194,-0.30402132868766785,-0.04297272115945816
-0.443134069442749,0.08712039887905121,-0.2579560875892639
-0.4101102352142334,0.07108735293149948,-0.723572850227356
-0.1385323852300644,0.06596910953521729,-0.3106454908847809
-0.3208307921886444,0.10024518519639969,0.3079342842102051
-0.4121655523777008,-0.21466310322284698,0.5969317555427551
-0.11533506214618683,-0.051782067865133286,-0.8138692378997803
0.30524516105651855,0.16469384729862213,0.2773764133453369
-0.29481565952301025,-0.30402132868766785,-0.7813180685043335
0.30915960669517517,-0.10636645555496216,0.24253307282924652
0.30915960669517517,0.011776222847402096,-0.712415337562561
0.3061584234237671,-0.01475969422608614,0.36366716027259827
0.0799923911690712,-0.28261128067970276,-0.2217121124267578
-0.4073982238769531,0.05393901467323303,0.46908098459243774
0.05948515981435776,0.16234427690505981,0.6658344864845276
0.15588738024234772,0.4446510374546051,0.7551465630531311
-0.29481565952301025,-0.30402132868766785,0.7446223497390747
0.2994985282421112,0.18903526663780212,0.6263221502304077
0.1526598334312439,-0.3194289803504944,-0.4125324785709381
-0.4323031008243561,0.059848882257938385,-0.48953598737716675
-0.27540838718414307,0.08449695259332657,0.15402734279632568
-0.4414702355861664,-0.3247131109237671,0.7825398445129395
-0.009349025785923004,-0.30402132868766785,0.5477015376091003
0.2269461452960968,-0.1063566729426384,0.8300656080245972
0.30915960669517517,-0.21466310322284698,-0.4465918242931366
0.16783075034618378,-0.30402132868766785,-0.5746099352836609
0.29920494556427,-0.18527278304100037,0.5970991253852844
0.06897886842489243,0.22145967185497284,0.2818780839443207
0.30018365383148193,0.1593385934829712,-0.13170550763607025
0.20727364718914032,-0.30402132868766785,0.3409934937953949
-0.4320748746395111,-0.1952274590730667,0.42933186888694763
-0.3945767879486084,0.05864671617746353,-0.1216813400387764
-0.10778984427452087,0.05096463859081268,0.8300656080245972
-0.4070756733417511,0.16724851727485657,-0.896155834197998
0.20169486105442047,0.1602889448404312,-0.5843972563743591
0.19895441830158234,0.05079825595021248,0.1866474747657776
0.1432362049818039,0.4098939001560211,0.24412740767002106
-0.4120676815509796,-0.06720741838216782,-0.13163600862026215
-0.4233230948448181,0.06053663045167923,0.6560471653938293
0.1981436312198639,0.060293447226285934,0.3420979380607605
0.3061584234237671,-0.28656700253486633,0.49547016620635986
0.05106807127594948,0.10988426953554153,0.2818780839443207
0.22244855761528015,0.3665030598640442,0.1034599021077156
-0.16672806441783905,0.17680111527442932,0.8775624632835388
-0.2556664049625397,0.07427801936864853,-0.15130853652954102
0.3245672583580017,-0.08153747022151947,0.15948046743869781
0.010343050584197044,-0.30402132868766785,-0.33810728788375854
-0.14717400074005127,-0.30402132868766785,-0.21032604575157166
-0.32975634932518005,-0.2297355681657791,-0.8397483229637146
0.22518442571163177,0.3071965277194977,-0.8207609057426453
-0.3094393312931061,-0.12092162668704987,0.8056545853614807
-0.3539310395717621,0.07184098660945892,0.8446486592292786
-0.09797316789627075,0.07136140018701553,-0.5844951868057251
0.31461259722709656,0.04162298142910004,-0.2559220492839813
-0.0978645384311676,0.08040585368871689,0.42949920892715454
-0.2644749581813812,0.168608158826828,0.7281796336174011
0.28273382782936096,0.20883403718471527,0.837503969669342
0.13920564949512482,0.40413698554039,-0.4647443890571594
0.30915960669517517,-0.28356581926345825,-0.06267458945512772
0.08888820558786392,0.20155031979084015,-0.5253797769546509
0.2760089933872223,0.07054024189710617,0.8238301277160645
0.3101383149623871,0.08065934479236603,0.20318806171417236
-0.3047008514404297,-0.30402132868766785,0.40989619493484497
-0.10779963433742523,-0.30402132868766785,-0.023280642926692963
0.299694299697876,0.05123965069651604,0.4196139872074127
0.29905492067337036,-0.018020527437329292,-0.43902477622032166
0.021256884559988976,-0.2830069959163666,-0.8276404738426208
0.23575472831726074,0.37316304445266724,-0.7419731020927429
-0.019175490364432335,0.08071807026863098,-0.7286623120307922
0.19895441830158234,0.0508178286254406,-0.15786603093147278
0.30915960669517517,0.32677116990089417,-0.43680450320243835
0.05840856209397316,0.1553952991962433,-0.663185179233551
0.15787607431411743,0.14857254922389984,-0.8878324627876282
0.30915960669517517,-0.12608790397644043,0.7642948627471924
-0.4120676815509796,-0.06720741838216782,0.025920193642377853
-0.13731816411018372,-0.23443348705768585,0.8302613496780396
-0.4121655523777008,-0.05715584382414818,0.7839673161506653
-0.14717400074005127,-0.30402132868766785,0.6855069398880005
-0.4151667356491089,-0.1821041852235794,-0.7351869344711304
0.3179921805858612,0.09835924208164215,0.028139429166913033
-0.1506756991147995,-0.20827962458133698,-0.8347787261009216
0.07925553619861603,0.041324131190776825,-0.838280200958252
0.31366127729415894,0.046033237129449844,0.5916460752487183
0.09060882776975632,0.3562310039997101,-0.545052170753479
0.1481582522392273,-0.30402132868766785,-0.22999852895736694
0.25640594959259033,0.3419415056705475,0.24253307282924652
0.0004970140289515257,0.060977064073085785,0.7204476594924927
-0.2062404602766037,-0.30402132868766785,-0.1414233297109604
0.30915960669517517,0.2578684687614441,0.4689136743545532
-0.02803090773522854,-0.21366269886493683,-0.8372797966003418
-0.4121655523777008,-0.23433561623096466,-0.348229318857193
-0.1522718220949173,-0.3085229694843292,0.543199896812439
0.03003513254225254,-0.30402132868766785,0.3606659770011902
-0.11763588339090347,-0.30402132868766785,-0.7320877909660339
0.02029772475361824,0.1369667649269104,0.8822603821754456
-0.15189284086227417,-0.3284323215484619,-0.29426059126853943
0.13226108253002167,0.4475872218608856,-0.15683111548423767
0.2267787754535675,-0.2940666675567627,0.09477298706769943
-0.06859751045703888,0.07907477766275406,-0.1710505187511444
-0.4528234899044037,0.07995609194040298,0.16926658153533936
0.2517486810684204,0.3443310558795929,0.8431233167648315
0.22642779350280762,0.21957111358642578,0.10994382947683334
0.3245672583580017,-0.250343382358551,0.22336047887802124
-0.07863109558820724,0.07050246000289917,-0.3872242569923401
0.07308953255414963,0.2473960518836975,-0.3973616063594818
0.06790225207805634,0.2146085649728775,0.42956864833831787
0.18760113418102264,-0.30402132868766785,-0.7518582344055176
-0.4448551833629608,-0.036113105714321136,0.5575867295265198
0.14659899473190308,0.4117318391799927,-0.6424428224563599
-0.3474714159965515,-0.21730567514896393,0.8339805006980896
0.23232974112033844,0.38461369276046753,-0.5415506958961487
0.08992370963096619,0.36689916253089905,0.1547408252954483
-0.14728263020515442,-0.08655595779418945,0.8201109170913696
-0.35026219487190247,-0.29836827516555786,0.04582321643829346
-0.13732793927192688,-0.30402132868766785,0.27209073305130005
0.2030239999294281,0.3893689215183258,-0.033731549978256226
0.3101383149623871,0.1594080924987793,-0.2694413959980011
-0.05389947444200516,0.04522786661982536,-0.037638109177351
0.08718327432870865,0.33528614044189453,0.7150646448135376
0.29820454120635986,0.2688235342502594,0.16491293907165527
0.12192822992801666,0.2064850777387619,0.8442572355270386
0.29930275678634644,-0.2835942506790161,-0.46619486808776855
-0.43228137493133545,-0.3139583170413971,-0.6427757740020752
0.1777159422636032,-0.30402132868766785,0.262205570936203
-0.11741860210895538,-0.30402132868766785,0.14430950582027435
-0.21279793977737427,0.09539904445409775,-0.8845741748809814
0.06956610083580017,0.24103431403636932,0.16374514997005463
-0.009349025785923004,-0.30402132868766785,-0.6139549612998962
0.20186221599578857,0.06508869677782059,0.07198028266429901
-0.22610870003700256,0.07355376332998276,0.3114357888698578
0.22361846268177032,0.1594080924987793,-0.40724679827690125
0.20394596457481384,0.17320820689201355,0.8838958144187927
0.3101383149623871,0.12006308883428574,-0.545052170753479
0.26952093839645386,0.07802656292915344,-0.864118754863739
0.3101383149623871,0.12006308883428574,-0.663185179233551
-0.26542529463768005,-0.2940666675567627,0.28180861473083496
-0.34424158930778503,0.07512951642274857,0.17177076637744904
0.30915960669517517,-0.17531810700893402,0.2917632758617401
0.17710033059120178,0.4110683798789978,0.40017831325531006
0.20913322269916534,0.05070037767291069,-0.6139549612998962
-0.2556664049625397,0.07235970348119736,-0.6971471309661865
-0.08813691139221191,0.07080352306365967,-0.6827597618103027
-0.3638162314891815,0.1296546459197998,0.7204476594924927
0.033521369099617004,0.11530838906764984,-0.8646648526191711
-0.45212817192077637,-0.21863539516925812,-0.8529482483863831
0.295403391122818,0.30322763323783875,-0.11583462357521057
0.03988116979598999,-0.13587523996829987,-0.838280200958252
-0.40221089124679565,-0.15571509301662445,0.134117990732193
-0.40021008253097534,0.15733776986598969,0.8018064498901367
-0.4121655523777008,-0.09653020650148392,-0.7518582344055176
0.11960095912218094,-0.2550085186958313,0.829065203666687
0.06937035918235779,-0.30402132868766785,-0.43680450320243835
0.2760089933872223,-0.2940666675567627,-0.6928123235702515
0.21236304938793182,0.20501698553562164,-0.24007949233055115
0.2565038204193115,-0.2934509813785553,-0.8488505482673645
-0.39898109436035156,0.021730896085500717,0.8178598284721375
0.05772291496396065,0.13464677333831787,-0.21482761204242706
0.31052982807159424,-0.18530115485191345,-0.7816116809844971
0.22361846268177032,0.1101778894662857,0.5280290246009827
-0.4121655523777008,-0.25400811433792114,-0.48603472113609314
-0.22117450833320618,-0.3284323215484619,-0.4021000862121582
-0.058570411056280136,-0.30402132868766785,-0.19065353274345398
0.2269461452960968,-0.30402132868766785,-0.40724679827690125
0.29920494556427,0.24791379272937775,0.6561166048049927
0.3261655867099762,-0.235433891415596,-0.15407291054725647
0.1130780428647995,-0.2796103358268738,0.5228822827339172
-0.019195063039660454,-0.30402132868766785,0.42956864833831787
0.03988116979598999,-0.037444185465574265,-0.838280200958252
-0.23579815030097961,0.03147808834910393,-0.838280200958252
0.09916488081216812,-0.30402132868766785,0.03578580170869827
0.0006056460551917553,-0.2940666675567627,0.2623729109764099
0.30915960669517517,-0.0571264810860157,0.724949836730957
0.29920494556427,-0.244290292263031,0.08511485159397125
0.33105897903442383,-0.12070435285568237,0.5096204280853271
-0.4121655523777008,-0.23433561623096466,-0.20053870975971222
-0.24575282633304596,-0.313975989818573,-0.64344322681427
-0.21612563729286194,-0.30402132868766785,0.7347371578216553
-0.24558542668819427,-0.30402132868766785,0.03578580170869827
0.21706096827983856,-0.18510541319847107,0.8302613496780396
-0.3834887444972992,-0.1065739318728447,-0.838280200958252
0.1481582522392273,0.4237634837627411,0.5477015376091003
0.3158149719238281,-0.2592932879924774,0.7721246480941772
0.0774938240647316,0.2748984098434448,0.5977147221565247
0.239376038312912,0.34722664952278137,-0.39413177967071533
0.07012494653463364,0.19187359511852264,-0.052937187254428864
0.04295438900589943,0.047088854014873505,-0.27276909351348877
0.06003556773066521,0.2872956693172455,0.3375115990638733
-0.39364588260650635,0.15517787635326385,-0.7318158149719238
-0.4280499517917633,0.006313392426818609,-0.6883106827735901
0.29930275678634644,-0.2835942506790161,0.675552248954773
0.2994985282421112,0.051229868084192276,0.5183112621307373
0.0825832262635231,0.30651143193244934,0.4886840581893921
-0.2895300090312958,0.17134802043437958,0.8830154538154602
0.31463998556137085,0.17481587827205658,-0.481769859790802
0.30915960669517517,-0.1162027046084404,-0.1709810346364975
0.3081803619861603,-0.30172476172447205,-0.21258993446826935
-0.4121655523777008,-0.09653020650148392,-0.5746099352836609
0.04754463955760002,0.09471393376588821,-0.12830832600593567
-0.38196420669555664,0.07648250460624695,-0.5447021126747131
-0.04873024672269821,0.21108511090278625,0.7857291102409363
0.05615747720003128,0.07180183380842209,-0.6139549612998962
0.13572894036769867,0.418283075094223,-0.8261855244636536
-0.16170816123485565,0.07186055183410645,0.356751024723053
-0.14991159737110138,0.09333114326000214,0.08249559998512268
-0.14740890264511108,0.07266311347484589,-0.4761495292186737
0.30915960669517517,-0.17531810700893402,0.40989619493484497
-0.4121655523777008,-0.18510541319847107,0.30155056715011597
0.28954386711120605,0.03169535845518112,0.0064551676623523235
0.015875359997153282,-0.1406136453151703,0.8058503866195679
0.1528966724872589,-0.07053287327289581,0.8059481978416443
-0.3540289103984833,0.07725337147712708,-0.663185179233551
-0.2851262092590332,0.07626485079526901,-0.41713204979896545
-0.3004644215106964,0.06985266506671906,0.011483469046652317
0.010343050584197044,-0.30402132868766785,-0.48603472113609314
0.3101383149623871,0.16929326951503754,-0.3481314480304718
0.08440223336219788,-0.2995196580886841,0.19844962656497955
-0.4365765154361725,-0.16216807067394257,-0.33196038007736206
-0.11208400875329971,0.09623933583498001,-0.9224916696548462
0.2908099889755249,-0.150114044547081,-0.8290327787399292
-0.4121655523777008,-0.08668417483568192,-0.495822012424469
0.12264174222946167,0.4104810953140259,0.015985097736120224
0.22361846268177032,0.09050539135932922,0.6461619138717651
0.03013300895690918,0.20922553539276123,0.7789758443832397
-0.2685856223106384,0.17438268661499023,-0.7385474443435669
-0.40883785486221313,-0.3004000186920166,0.5804890394210815
-0.09809061139822006,0.05632808431982994,-0.2366539090871811
-0.27533888816833496,0.07484567910432816,0.616604208946228
-0.4368296265602112,-0.04877789691090584,0.3638957738876343
0.07612359523773193,0.26657918095588684,-0.8010884523391724
0.28139251470565796,0.016396282240748405,-0.8238239288330078
-0.4120676815509796,0.03145851194858551,0.7272987961769104
0.1797996610403061,0.1115197241306305,-0.11203298717737198
0.23790791630744934,0.38549503684043884,0.47879886627197266
0.2880758047103882,0.3207598626613617,0.39678114652633667
-0.24558542668819427,0.02163204737007618,0.8300656080245972
-0.3253236711025238,0.05405645817518234,-0.2739719748497009
-0.19635525345802307,0.12006308883428574,-0.7286623120307922
-0.4121655523777008,-0.2442208081483841,0.07536765187978745
0.13386936485767365,-0.003403461305424571,-0.8427818417549133
-0.4121655523777008,-0.1457604169845581,0.6362767815589905
0.13837093114852905,-0.30402132868766785,0.6953921318054199
0.04969784617424011,-0.30402132868766785,0.7150646448135376
0.3046579360961914,0.05701226741075516,-0.1754826158285141
-0.34404587745666504,-0.30402132868766785,-0.6139549612998962
0.00038935316842980683,0.06762264668941498,0.32132092118263245
-0.2699553668498993,0.05068919062614441,-0.5102089047431946
0.02663893811404705,0.0639132559299469,0.17871975898742676
-0.34404587745666504,-0.30402132868766785,0.6855069398880005
-0.3376556634902954,0.19858574867248535,0.8274514079093933
0.19611325860023499,0.4325147569179535,0.8179619312286377
0.10232522338628769,0.38341134786605835,-0.07239241898059845
-0.03889693319797516,0.2104978710412979,-0.7930628061294556
-0.39327606558799744,-0.30402132868766785,0.419781357049942
-0.07826151698827744,0.12006308883428574,0.7204476594924927
0.059261027723550797,0.05548540875315666,0.5576561689376831
0.19582247734069824,0.13973557949066162,0.19330283999443054
-0.4121655523777008,-0.08668417483568192,0.7150646448135376
-0.1766827404499054,0.07184098660945892,0.8446486592292786
-0.34878432750701904,0.20339363813400269,-0.9121171236038208
0.30964896082878113,0.33528614044189453,0.5772592425346375
-0.4176870286464691,-0.2886136472225189,-0.3600541949272156
0.1073167473077774,0.3691786229610443,0.4196139872074127
0.33239611983299255,0.3650801479816437,-0.6416935920715332
-0.07775171846151352,-0.3014225661754608,0.8268352746963501
0.1678881198167801,0.08576586842536926,-0.43118417263031006
0.24933071434497833,0.33688050508499146,-0.32529857754707336
-0.4121655523777008,-0.08668417483568192,0.2129753679037094
0.3194078505039215,-0.06691282242536545,-0.4172014594078064
0.3092574179172516,-0.21466310322284698,-0.03312668576836586
0.2979828417301178,0.19119708240032196,0.0925721600651741
-0.4136662483215332,-0.10487543791532516,0.4280679523944855
0.08352034538984299,-0.3194289803504944,0.12513698637485504
0.2847486138343811,-0.09663999825716019,0.07526018470525742
0.3101383149623871,0.1101778894662857,0.6560471653938293
-0.4121655523777008,-0.17531810700893402,-0.15130853652954102
0.30915960669517517,-0.15554772317409515,-0.6533978581428528
0.13775530457496643,0.40558746457099915,-0.3384135663509369
-0.033532947301864624,-0.05262484773993492,-0.8427818417549133
0.23690082132816315,-0.2940666675567627,0.03589444234967232
0.13837093114852905,-0.30402132868766785,-0.6828576326370239
-0.24558542668819427,-0.30402132868766785,0.5673741102218628
-0.33876022696495056,-0.2995196580886841,-0.40274515748023987
0.28613099455833435,-0.2940666675567627,0.35071131587028503
0.30915960669517517,-0.09653999656438828,0.42956864833831787
-0.21622350811958313,0.07446397095918655,-0.604167640209198
0.20326083898544312,0.16988052427768707,0.30155056715011597
-0.029031315818428993,-0.30402132868766785,0.7642948627471924
-0.40766388177871704,-0.08218252658843994,-0.04249228537082672
-0.1406164914369583,0.06365878134965897,0.6707280874252319
-0.11790207773447037,0.08996903151273727,0.18336090445518494
0.28925028443336487,0.31537681818008423,-0.1908903867006302
-0.33885806798934937,0.09977541118860245,-0.14516188204288483
-0.10699707269668579,0.19366368651390076,0.7489287257194519
0.16704776883125305,0.4206314980983734,-0.41713204979896545
-0.12748190760612488,-0.30402132868766785,-0.45647698640823364
0.298182874917984,0.14190377295017242,-0.8425036668777466
0.28596365451812744,0.3419415056705475,-0.7026280164718628
0.15794555842876434,0.29731136560440063,0.823997437953949
0.30915960669517517,-0.17531810700893402,-0.21032604575157166
-0.2751431465148926,-0.30402132868766785,-0.11186563223600388
-0.06413304805755615,-0.28461208939552307,-0.07807249575853348
-0.2062404602766037,-0.30402132868766785,0.10472765564918518
0.30915960669517517,-0.10636645555496216,-0.023290429264307022
0.19210270047187805,-0.3234305679798126,-0.1485709249973297
0.30915960669517517,-0.1457604169845581,0.6658344864845276
0.02018909528851509,-0.30402132868766785,0.6264894604682922
-0.08810755610466003,-0.30402132868766785,0.38033849000930786
-0.3539310395717621,-0.30402132868766785,0.47879886627197266
0.22361846268177032,0.12006308883428574,-0.348229318857193
0.0621277391910553,0.1786891222000122,-0.36790183186531067
0.09318771958351135,0.18942098319530487,-0.2960970401763916
0.2421865612268448,0.18903586268424988,-0.8893420696258545
-0.285028338432312,-0.25400811433792114,0.8300656080245972
0.06129302456974983,-0.3236696124076843,-0.8459992408752441
-0.3966600298881531,0.08517862856388092,0.8508388996124268
0.22361846268177032,0.12994827330112457,-0.04299229383468628
0.12202610075473785,0.41201871633529663,-0.2003018856048584
0.06359583139419556,0.18828065693378448,0.5969317555427551
0.22371633350849152,0.1788848340511322,0.5575867295265198
-0.05881774052977562,0.08540533483028412,-0.8717747330665588
0.2390824258327484,0.3469330370426178,0.7281796336174011
-0.24519453942775726,-0.3232450485229492,-0.8588741421699524
0.06897886842489243,0.22145967185497284,-0.6828576326370239
-0.2062404602766037,-0.30402132868766785,0.419781357049942
-0.3834887444972992,0.0019399706507101655,-0.838280200958252
0.30945318937301636,-0.0768674910068512,-0.5647247433662415
0.30945318937301636,-0.0571264810860157,-0.7320877909660339
-0.388129323720932,-0.3264315128326416,-0.50344318151474
0.30915960669517517,0.051131024956703186,-0.5352649092674255
0.05708221346139908,-0.3214297592639923,-0.11461308598518372
0.30915960669517517,-0.22454828023910522,-0.5352649092674255
-0.34424158930778503,0.07664655894041061,0.6068169474601746
0.30724596977233887,0.10767705738544464,-0.7295869588851929
0.22361846268177032,0.12006308883428574,0.4591263234615326
-0.3047008514404297,-0.30402132868766785,-0.2496710568666458
-0.24558542668819427,-0.1162027046084404,-0.838280200958252
0.32856884598731995,-0.24786148965358734,-0.35651588439941406
0.3097468316555023,0.07079374045133591,0.27209073305130005
-0.21612563729286194,-0.1063566729426384,0.8300656080245972
-0.15723730623722076,-0.11596588045358658,-0.8183708786964417
-0.16151182353496552,-0.24976973235607147,-0.8566887974739075
-0.020412737503647804,-0.2851123809814453,0.11551539599895477
0.30915960669517517,-0.10636645555496216,-0.3186715841293335
0.05710335820913315,0.13216650485992432,0.4757976830005646
0.3097468316555023,0.16919541358947754,0.5083565711975098
0.29979217052459717,0.13956822454929352,0.8135945200920105
0.22361846268177032,0.12994827330112457,-0.2694413959980011
-0.4120676815509796,-0.22445043921470642,0.7542139291763306
0.020337849855422974,0.0885302945971489,-0.41689518094062805
0.08267045021057129,0.30667680501937866,-0.2247128039598465
-0.3374883234500885,0.2012978047132492,-0.7672243118286133
0.06956610083580017,0.24103431403636932,-0.1414233297109604
0.04933421313762665,0.1432868242263794,0.1199680045247078
0.24661867320537567,-0.30402132868766785,-0.5942824482917786
0.2351674884557724,0.355056494474411,0.5969317555427551
-0.21317388117313385,0.07883481681346893,-0.21924804151058197
0.10881322622299194,-0.1457604169845581,-0.838280200958252
-0.009349025785923004,-0.30402132868766785,-0.761645495891571
0.059583038091659546,-0.30402132868766785,0.5477015376091003
-0.4120676815509796,-0.06720741838216782,0.09484246373176575
-0.06841547787189484,-0.23433561623096466,0.8300656080245972
0.2267787754535675,-0.2940666675567627,0.16367566585540771
-0.13732793927192688,-0.1654329150915146,0.8300656080245972
-0.4332488477230072,-0.32481101155281067,0.3588469326496124
-0.4121655523777008,0.12994827330112457,-0.8010884523391724
-0.46750444173812866,0.0032900716178119183,0.22212515771389008
0.2760089933872223,0.24673929810523987,-0.7754740118980408
-0.4121655523777008,-0.23433561623096466,0.25232037901878357
-0.11847759038209915,0.19385944306850433,-0.7561646103858948
-0.1372985988855362,0.08083552867174149,-0.7286623120307922
-0.41568902134895325,-0.058437976986169815,0.6330469846725464
0.2906326651573181,-0.3184776306152344,-0.3140025734901428
0.20363952219486237,0.41509661078453064,-0.7295869588851929
0.01022560428828001,0.054135728627443314,0.24732883274555206
0.1777159422636032,-0.30402132868766785,0.7741800546646118
-0.1766827404499054,0.21323831379413605,-0.8205651640892029
0.07324140518903732,0.24548253417015076,0.06781497597694397
0.3161091208457947,-0.315220445394516,-0.8365601301193237
-0.4359492361545563,-0.02776206284761429,-0.2737894058227539
0.19474586844444275,0.41691237688064575,-0.5064902305603027
0.0825832262635231,0.30651143193244934,-0.663185179233551
0.1994437724351883,0.13366743922233582,-0.7131983041763306
0.1981303095817566,0.22482846677303314,-0.19412019848823547
0.2269461452960968,-0.22454828023910522,-0.8386717438697815
-0.21945331990718842,0.055173180997371674,0.20778807997703552
0.29920494556427,-0.25393861532211304,0.3999415338039398
-0.30991700291633606,-0.07158280164003372,-0.8238239288330078
-0.4121655523777008,-0.08668417483568192,0.49847134947776794
0.06937035918235779,-0.13587523996829987,0.8300656080245972
0.3101600110530853,-0.06012769788503647,0.5585871338844299
-0.324373334646225,-0.15554772317409515,0.8300656080245972
0.24661867320537567,-0.0768185555934906,-0.838280200958252
0.18760113418102264,-0.30402132868766785,0.4690115749835968
0.28772813081741333,0.09765291959047318,-0.02057233825325966
-0.4365765154361725,-0.2596284747123718,-0.0481194406747818
0.30915960669517517,-0.10636645555496216,-0.09220291674137115
-0.11766523867845535,0.07066650688648224,-0.13153815269470215
0.29718247056007385,0.18989670276641846,-0.203609436750412
-0.2062404602766037,-0.23433561623096466,0.8300656080245972
0.16783075034618378,-0.1063566729426384,-0.838280200958252
0.2020573765039444,-0.28956499695777893,-0.36258774995803833
-0.33094000816345215,-0.29091545939445496,-0.134856715798378
-0.00944689754396677,0.06787711381912231,0.5772592425346375
0.05484456941485405,-0.022529734298586845,0.8258575797080994
0.15672998130321503,0.41916343569755554,0.6068169474601746
0.20752614736557007,0.3861390948295593,-0.17523066699504852
-0.22610870003700256,0.07471845299005508,-0.3481314480304718
-0.33741888403892517,0.09198424220085144,-0.8602321743965149
-0.08826415240764618,0.0586085319519043,0.25163528323173523
0.24759738147258759,0.22880014777183533,0.7829885482788086
-0.09844382107257843,0.02113203890621662,-0.8387802839279175
0.2390824258327484,0.3469330370426178,0.5312588214874268
-0.4588926434516907,0.031881850212812424,0.3209710419178009
0.08947822451591492,0.3675404489040375,-0.4589778780937195
0.2544051706790924,0.33994072675704956,0.0534672811627388
0.19895441830158234,0.14110581576824188,0.6855069398880005
-0.07487413287162781,0.17832598090171814,0.8624899387359619
0.04108501225709915,0.11986733227968216,-0.7263133525848389
-0.04400687664747238,0.060332074761390686,-0.25277456641197205
-0.4481823742389679,0.03224850073456764,0.4878605008125305
0.2618842124938965,-0.24920962750911713,0.8609340786933899
0.17566469311714172,0.4241918623447418,0.3168192505836487
0.22361846268177032,0.1101778894662857,-0.6337253451347351
0.15804344415664673,0.3169838488101959,-0.8384759426116943
0.14845184981822968,0.05356806516647339,0.24409903585910797
-0.19586588442325592,0.20932339131832123,0.7790737152099609
0.08718327432870865,0.33528614044189453,0.616604208946228
-0.2401323914527893,0.09608259797096252,-0.07663952559232712
-0.4121655523777008,-0.1162027046084404,-0.6829555630683899
0.20182497799396515,0.41374802589416504,-0.5993394255638123
0.22361846268177032,0.09050539135932922,0.3902236521244049
-0.4331510066986084,-0.31795987486839294,0.8433200716972351
0.30865952372550964,0.3164837658405304,-0.27394306659698486
-0.17687849700450897,0.04948674887418747,-0.2523135840892792
0.18525217473506927,0.07129288464784622,-0.22999852895736694
0.08561728894710541,0.3256945312023163,-0.40724679827690125
-0.1471935659646988,0.0714886337518692,0.5871444344520569
0.2761763334274292,-0.05714605376124382,0.8305549025535583
-0.07297584414482117,0.09383449703454971,0.5623251795768738
0.2270422726869583,0.33567580580711365,0.1882151961326599
-0.26535582542419434,-0.30402132868766785,-0.7223005294799805
-0.4121655523777008,-0.21466310322284698,0.1834176629781723
-0.4132659435272217,-0.2059761881828308,-0.5735095143318176
0.2269461452960968,0.03143894299864769,0.8303592205047607
-0.4121655523777008,-0.12608790397644043,0.7642948627471924
-0.2359938770532608,0.07376909255981445,0.0751601830124855
0.30915960669517517,0.03147808834910393,0.16374514997005463
-0.05353038012981415,0.09280683100223541,0.4244219660758972
0.2912510633468628,-0.035216324031353,0.28952568769454956
0.014944501221179962,0.042848266661167145,0.010149319656193256
0.07905979454517365,0.30014967918395996,0.1834176629781723
-0.3340912163257599,-0.2940666675567627,0.134117990732193
-0.2549705505371094,-0.3045214116573334,0.13454844057559967
0.30915960669517517,-0.1654329150915146,-0.2891139090061188
-0.4121655523777008,-0.22454828023910522,0.6658344864845276
0.30018365383148193,0.13001775741577148,-0.4270867109298706
-0.01925378479063511,0.06930606812238693,-0.5352649092674255
-0.2556664049625397,0.07334823161363602,0.38033849000930786
0.03003513254225254,-0.30402132868766785,-0.6927428841590881
-0.058570411056280136,-0.30402132868766785,0.5083565711975098
0.2970041334629059,0.04905840754508972,-0.395328164100647
0.24681441485881805,0.34223511815071106,-0.45647698640823364
-0.19635525345802307,-0.1654329150915146,-0.838280200958252
-0.37360355257987976,-0.30402132868766785,-0.7912032008171082
0.2943391799926758,0.18432524800300598,0.36540448665618896
0.048131879419088364,0.10753531754016876,-0.061852455139160156
0.24235393106937408,0.10993028432130814,-0.9125530123710632
-0.39112284779548645,0.07486525177955627,-0.41713204979896545
-0.3731141686439514,0.07716528326272964,0.5083565711975098
0.03965606540441513,0.13914833962917328,0.7209370136260986
0.08272168040275574,0.07299640029668808,0.341930627822876
-0.43829822540283203,-0.002581232227385044,-0.5895439982414246
0.05038296431303024,0.1214333102107048,0.05629022791981697
0.3129766285419464,-0.2542038559913635,-0.7620370388031006
-0.2651190161705017,0.2094212770462036,0.7788779139518738
0.08614569902420044,0.3842814564704895,0.22844372689723969
-0.2654537260532379,0.07458142936229706,0.47879886627197266
-0.19635525345802307,-0.30402132868766785,-0.33834412693977356
-0.18680480122566223,-0.30402132868766785,0.4889208972454071
-0.07826151698827744,-0.30402132868766785,-0.604167640209198
-0.3639141023159027,0.0765095204114914,0.37055113911628723
-0.21632137894630432,0.07329929620027542,0.5673741102218628
-0.285028338432312,-0.30402132868766785,0.35078081488609314
-0.23586761951446533,-0.313975989818573,-0.4268498420715332
-0.4101647436618805,-0.196991428732872,0.5103573203086853
-0.18640057742595673,-0.2940666675567627,0.596862256526947
-0.4121655523777008,-0.1162027046084404,-0.1709810346364975
0.22361846268177032,0.1101778894662857,0.3311082720756531
0.29920494556427,-0.017653262242674828,0.6561166048049927
-0.026247357949614525,-0.04071551561355591,0.80744868516922
-0.03887735307216644,-0.30402132868766785,0.6068169474601746
0.2958036959171295,0.25439774990081787,0.01961337774991989
0.29920494556427,-0.244290292263031,0.5773287415504456
0.30915960669517517,-0.007915855385363102,-0.5942824482917786
0.04819704219698906,-0.30252060294151306,0.27059003710746765
-0.1766827404499054,-0.30402132868766785,-0.712415337562561
-0.24558542668819427,-0.04730001464486122,0.8305549025535583
0.30810919404029846,0.01072581484913826,0.7336868047714233
-0.09795359522104263,-0.30402132868766785,-0.6730703115463257
-0.21622350811958313,0.07446397095918655,-0.4662643074989319
0.3097468316555023,0.1889657825231552,-0.8108757734298706
0.1973884552717209,-0.30402132868766785,0.7150646448135376
0.059083033353090286,-0.2731805443763733,0.8096562027931213
-0.324373334646225,-0.30402132868766785,0.6264894604682922
0.08206546306610107,0.2474244385957718,-0.0034897171426564455
0.2516517639160156,0.41806262731552124,-0.2511954605579376
0.3097468316555023,0.19875308871269226,-0.663185179233551
0.30915960669517517,0.29731136560440063,-0.495822012424469
-0.4121655523777008,-0.12608790397644043,0.006228114478290081
-0.02914876490831375,0.06726051867008209,0.6547747850418091
0.2563364803791046,-0.2940666675567627,-0.5253102779388428
-0.21612563729286194,0.12006308883428574,0.7204476594924927
-0.23579815030097961,0.21235746145248413,-0.8019692301750183
0.19132031500339508,0.11115662753582001,0.03577601537108421
0.07130800187587738,0.0842045322060585,0.8696432113647461
0.29372403025627136,-0.2938708961009979,0.19323337078094482
-0.36953872442245483,0.23110291361808777,-0.8554929494857788
0.09579610824584961,0.3798184394836426,0.09484246373176575
0.10864587873220444,-0.2639627754688263,-0.8283255696296692
0.22361846268177032,0.13973557949066162,-0.5253797769546509
0.2240099310874939,0.0610945038497448,0.24243517220020294
0.06303750723600388,0.2604420781135559,-0.5656097531318665
-0.37360355257987976,-0.06696273386478424,0.8303592205047607
-0.4333752989768982,-0.06547441333532333,-0.3789895474910736
0.06535755842924118,0.21421705186367035,-0.7717264294624329
0.0836290493607521,0.2300006002187729,-0.45425671339035034
-0.19671836495399475,0.08243182301521301,-0.11179614812135696
-0.2518691420555115,0.18293815851211548,-0.9022887945175171
0.06918957084417343,0.13639293611049652,-0.5077775120735168
0.29920494556427,0.2874956429004669,-0.7221331596374512
-0.4070066809654236,0.053302835673093796,-0.23016591370105743
-0.1766827404499054,-0.29354891180992126,0.8300656080245972
-0.4325515925884247,0.0018117628060281277,-0.3283894658088684
-0.44117656350135803,0.08740423619747162,0.011355258524417877
-0.4188818335533142,0.19626910984516144,0.7108154892921448
0.19347351789474487,0.41671663522720337,0.5050288438796997
-0.27847084403038025,0.07186055183410645,-0.8518846035003662
-0.3198716640472412,0.11027524620294571,0.8802749514579773
0.29920494556427,-0.26372596621513367,0.2719234228134155
0.24681441485881805,0.3419415056705475,0.3409934937953949
-0.42182663083076477,-0.2835942506790161,-0.20060820877552032
0.19036994874477386,0.40529385209083557,0.45263832807540894
0.3101383149623871,0.10039058327674866,0.49847134947776794
0.3091486394405365,0.26825398206710815,-0.22071170806884766
-0.23579815030097961,-0.30402132868766785,-0.5154945254325867
-0.3539310395717621,-0.30402132868766785,0.37055113911628723
0.059583038091659546,0.11037363857030869,0.22256691753864288
0.13837093114852905,-0.30402132868766785,-0.4761495292186737
0.22361846268177032,0.10039058327674866,-0.5746099352836609
0.30915960669517517,0.2874261438846588,-0.38757431507110596
0.05410214141011238,0.12916527688503265,0.6068169474601746
0.1664803922176361,-0.3026708662509918,0.10337723791599274
0.0004970140289515257,-0.30402132868766785,-0.20053870975971222
-0.14672406017780304,-0.30357125401496887,0.38977357745170593
-0.053226981312036514,-0.3264315128326416,0.008748503401875496
-0.08809775859117508,-0.1949906051158905,-0.838280200958252
-0.07826151698827744,-0.1063566729426384,0.8300656080245972
0.014844680204987526,-0.3085229694843292,-0.2747270464897156
0.0651618018746376,0.19787222146987915,-0.6139549612998962
-0.07826151698827744,-0.30402132868766785,0.6757196187973022
-0.3044640123844147,-0.30402132868766785,0.026157032698392868
0.20531617105007172,0.19894884526729584,-0.04297272115945816
-0.1572059839963913,0.07291758805513382,-0.6139549612998962
0.29813286662101746,0.16717299818992615,-0.07468008249998093
0.3097468316555023,0.1101778894662857,-0.604167640209198
-0.2751431465148926,0.1101778894662857,0.7204476594924927
-0.4121655523777008,-0.23433561623096466,-0.6533978581428528
-0.11763588339090347,-0.30402132868766785,-0.5154945254325867
-0.16047345101833344,0.04948830604553223,-0.44004255533218384
0.054228417575359344,0.2178099900484085,0.12446965277194977
0.2565038204193115,-0.30402132868766785,0.5673741102218628
0.10418479144573212,0.3629147708415985,-0.7026975154876709
0.148227721452713,0.1053537130355835,0.8673836588859558
0.058023788034915924,0.21050459146499634,0.3595960736274719
-0.1734529435634613,0.2064850777387619,0.8433763384819031
0.18750324845314026,0.20374462008476257,-0.8574633598327637
-0.16173887252807617,-0.3284323215484619,-0.8156142234802246
-0.04545149207115173,0.1798635870218277,-0.7426581978797913
0.3234906494617462,-0.3018028140068054,0.06959852576255798
0.19846504926681519,0.05102336034178734,0.12733635306358337
-0.1868310272693634,0.11183109879493713,0.8884087204933167
0.3097468316555023,0.14952290058135986,0.3409934937953949
-0.19664888083934784,0.0727805644273758,0.47879886627197266
0.32886242866516113,-0.14502361416816711,0.24657157063484192
0.30915960669517517,0.011776222847402096,-0.7715307474136353
0.2565038204193115,-0.30402132868766785,0.6264894604682922
0.08718327432870865,0.33528614044189453,0.7741800546646118
-0.3539310395717621,-0.30402132868766785,0.7446223497390747
0.29920494556427,-0.047171805053949356,0.19323337078094482
0.2565038204193115,-0.30402132868766785,0.8037376999855042
0.20732982456684113,0.3911413848400116,0.13957108557224274
0.28958961367607117,-0.02778729796409607,-0.24991890788078308
-0.4540744125843048,-0.29834413528442383,-0.8271632790565491
-0.09784496575593948,-0.313975989818573,-0.40731626749038696
0.30915960669517517,0.03146830201148987,0.05546809360384941
0.2382015734910965,0.34712880849838257,-0.06923208385705948
-0.2965121269226074,0.09371421486139297,0.06659769266843796
0.020434046164155006,0.056416451930999756,0.47922971844673157
0.19733846187591553,0.14594946801662445,-0.14137333631515503
0.30915960669517517,0.22840867936611176,-0.33834412693977356
0.18946072459220886,0.06112387403845787,0.5214715003967285
0.3101383149623871,0.10039058327674866,0.4394538700580597
0.11860054731369019,-0.30402132868766785,-0.761645495891571
-0.391756147146225,0.14888398349285126,0.8324607014656067
0.06937035918235779,-0.30402132868766785,-0.5844951868057251
0.3101383149623871,0.09050539135932922,-0.2891139090061188
-0.34404587745666504,-0.30402132868766785,-0.554937481880188
-0.21612563729286194,-0.30402132868766785,-0.2202112376689911
0.30915960669517517,-0.15554772317409515,-0.42691928148269653
-0.4427019953727722,-0.0177677683532238,-0.12175082415342331
-0.4625675082206726,-0.02139577642083168,-0.16536055505275726
0.00042850454337894917,0.0687873363494873,-0.37768909335136414
-0.3540289103984833,0.0669962540268898,0.2539842426776886
0.07874448597431183,0.2367062121629715,0.2206856608390808
-0.4325515925884247,-0.017881294712424278,0.10456031560897827
0.3210022747516632,-0.20855386555194855,0.8279123902320862
-0.42242518067359924,0.03954532742500305,-0.542881965637207
0.18721021711826324,0.41104045510292053,0.2612263560295105
0.05948515981435776,0.1009778156876564,-0.25662001967430115
0.06790225207805634,0.2146085649728775,0.7347371578216553
0.08115622401237488,0.2087772637605667,-0.16085898876190186
-0.4104606509208679,-0.06899064779281616,-0.712415337562561
0.23666399717330933,0.13060499727725983,0.8808901906013489
0.0745571181178093,0.23231032490730286,-0.3145332336425781
0.24661867320537567,-0.30402132868766785,-0.2202112376689911
0.16685201227664948,0.41945701837539673,0.17363035678863525
0.04315992444753647,0.1788848340511322,0.8801766037940979
0.22361846268177032,0.14962077140808105,0.07515039294958115
0.08718327432870865,0.33518826961517334,-0.3382461965084076
-0.38397809863090515,-0.19528421759605408,-0.8475781679153442
-0.1373475342988968,0.07118523120880127,0.02614724449813366
-0.03887735307216644,0.15852724015712738,0.8901596665382385
0.3296930491924286,-0.29590046405792236,-0.14536185562610626
-0.009437112137675285,0.06782817840576172,0.1341874748468399
-0.019335279241204262,-0.19484062492847443,0.8299155831336975
0.28875020146369934,-0.1067664623260498,0.18903812766075134
0.14965860545635223,-0.30252084136009216,-0.3004016876220703
0.22361846268177032,0.12006308883428574,0.5969317555427551
0.16783075034618378,-0.21466310322284698,-0.838280200958252
0.06937035918235779,-0.30402132868766785,-0.37768909335136414
0.33357059955596924,-0.25274422764778137,0.4775349497795105
0.2565038204193115,-0.30402132868766785,-0.023280642926692963
0.1481582522392273,-0.30402132868766785,-0.09220291674137115
0.30945318937301636,0.001881247153505683,0.10472765564918518
-0.1766827404499054,-0.017750149592757225,-0.838280200958252
0.30945318937301636,0.03142915293574333,0.3311082720756531
-0.23979978263378143,-0.3000197410583496,0.22864621877670288
0.30915960669517517,0.2578684687614441,0.724949836730957
0.30915960669517517,-0.15554772317409515,-0.05282855033874512
-0.07826151698827744,-0.30402132868766785,-0.3481314480304718
0.3099425733089447,0.17917847633361816,-0.5352649092674255
0.29979217052459717,0.11989571899175644,0.12423279881477356
0.2565038204193115,-0.30402132868766785,0.4886840581893921
0.16783075034618378,-0.22445043921470642,0.8300656080245972
-0.12287162244319916,0.016396282240748405,0.8156092166900635
-0.03887735307216644,0.10029270499944687,0.880861759185791
0.19895441830158234,0.05104293301701546,-0.4729197025299072
-0.43549996614456177,0.08288353681564331,-0.3537517786026001
-0.4121655523777008,-0.25400811433792114,-0.2891139090061188
0.10225573182106018,0.09539904445409775,-0.8845741748809814
-0.29481565952301025,-0.18510541319847107,-0.838280200958252
-0.4164719879627228,-0.18608415126800537,0.7957121133804321
-0.14454199373722076,0.05014335736632347,0.21230080723762512
-0.4441700875759125,-0.008143899962306023,0.6068169474601746
-0.10789848119020462,-0.2440534383058548,-0.8283255696296692
0.1725691854953766,-0.2994217872619629,0.8377413153648376
0.3059297502040863,0.219795823097229,0.7871972322463989
0.09155916422605515,0.3065398335456848,-0.043091148138046265
0.0816044956445694,0.31649449467658997,-0.11186563223600388
0.19895441830158234,0.05104293301701546,-0.3350164294242859
0.30915960669517517,0.2874261438846588,0.3114357888698578
-0.4207373261451721,0.019966259598731995,-0.0722837820649147
0.24332600831985474,0.2023937702178955,0.9038811326026917
0.010343050584197044,0.18828065693378448,-0.8796805739402771
0.2238142043352127,0.4125080704689026,0.7448591589927673
0.050676580518484116,0.10078206658363342,-0.6730703115463257
0.05840856209397316,0.1553952991962433,0.42956864833831787
-0.4121655523777008,0.04129477217793465,-0.8108757734298706
-0.438841849565506,-0.028145281597971916,-0.379016250371933
