0.207987979054451,-0.2948535978794098,-0.5291011333465576
-0.31674712896347046,0.7130754590034485,0.5495058298110962
0.5795104503631592,0.18046927452087402,0.19733086228370667
0.05231696367263794,0.31453490257263184,0.5052116513252258
-0.3584020137786865,-0.9969565868377686,-0.17207784950733185
-0.011932909488677979,0.46336042881011963,0.42753952741622925
-0.0680745542049408,0.24177733063697815,-0.760148823261261
-0.5398934483528137,-1.0399940013885498,-0.7505203485488892
0.408762127161026,-0.4574134945869446,-0.33762264251708984
0.08511418849229813,0.4110442101955414,0.5700280070304871
-0.15891048312187195,0.6378595232963562,0.11551635712385178
-0.20932474732398987,-0.16230808198451996,0.45745235681533813
0.23673665523529053,-0.40310996770858765,-0.5163872241973877
-0.08920390903949738,-0.9910831451416016,-0.5563074350357056
0.43056878447532654,-0.05264413356781006,-0.1687363088130951
0.006220996379852295,-0.0229375958442688,0.8332192897796631
0.20383384823799133,-0.05280691385269165,-0.571448564529419
0.2941064238548279,0.738920271396637,0.557436466217041
0.08716091513633728,-0.6901691555976868,-0.6093438267707825
0.06837117671966553,-0.38395822048187256,0.054028332233428955
0.2839457392692566,1.132201075553894,0.10188630223274231
-0.30155637860298157,-0.1129530742764473,-0.12783493101596832
0.3118511736392975,0.20860396325588226,0.42279869318008423
-0.02574053779244423,0.09301536530256271,0.5323572158813477
-0.13600380718708038,-0.3039574921131134,-0.6059461236000061
-0.33648622035980225,0.4405095875263214,0.2930920720100403
-0.08885911852121353,-0.6323844790458679,-0.1540776789188385
0.537577748298645,-0.3990713357925415,-1.0898133516311646
-0.04949682205915451,0.01535575371235609,0.23014762997627258
-0.023460453376173973,-0.4094387888908386,0.02417636290192604
0.24499106407165527,-0.0013543745735660195,0.23151813447475433
0.19134634733200073,-0.31218042969703674,-0.24110350012779236
0.424219012260437,0.4220200777053833,0.44667237997055054
-0.17574787139892578,0.503649890422821,0.5775656700134277
0.3430786728858948,0.5035519003868103,0.4312174320220947
0.3492808938026428,0.3882003128528595,0.15522536635398865
-0.04727324843406677,0.435574471950531,0.5907237529754639
0.03334900364279747,-0.5382125377655029,-0.3935209810733795
0.04305008053779602,-0.20038798451423645,0.37209075689315796
0.16190405189990997,0.6473780870437622,0.41949349641799927
-0.29674211144447327,0.057860370725393295,0.3554491698741913
0.3502765893936157,-0.08668380975723267,-0.5127421617507935
-0.13169656693935394,-0.17581713199615479,0.04837236553430557
0.10197115689516068,0.5034540891647339,0.18942463397979736
0.3608006238937378,0.9700922966003418,0.9129309058189392
-0.252708375453949,-0.1066880002617836,-0.6587274074554443
0.5504190325737,0.44980382919311523,0.024765104055404663
0.05480688437819481,-0.2552073895931244,-0.7303666472434998
0.05056595802307129,0.18274860084056854,0.5683518052101135
0.3125841021537781,-0.2030518651008606,0.5155792832374573
-0.30382680892944336,-0.22117744386196136,-0.29928767681121826
-0.4388691186904907,-1.0344140529632568,-0.94111567735672
-0.10839831084012985,0.30179691314697266,0.5600430369377136
0.026962995529174805,0.45375382900238037,-0.1982206106185913
0.6279318332672119,0.19965606927871704,-0.3493671417236328
0.24644193053245544,-0.19012686610221863,0.30717092752456665
0.01192049216479063,-0.3159981966018677,-0.46419888734817505
0.04481213539838791,-0.4793796241283417,-0.1660204827785492
0.4820830821990967,0.3839961290359497,0.24059903621673584
0.019586026668548584,0.6361556053161621,0.2808953523635864
-0.21999850869178772,-0.41230064630508423,-0.3964906632900238
-0.3508763015270233,0.5791244506835938,0.43963611125946045
-0.04019710421562195,-0.2693037986755371,-0.11447063833475113
-0.10251504182815552,-0.39530032873153687,-0.15973013639450073
0.04518412426114082,-0.21233077347278595,0.16563691198825836
-0.032669223845005035,-0.7164735198020935,-0.3343943655490875
-0.08044102787971497,0.6295046806335449,0.4266395568847656
-0.19945521652698517,0.1013459712266922,0.5330424904823303
-0.13504239916801453,0.6991573572158813,0.5733738541603088
-0.202005997300148,0.37266847491264343,0.41949349641799927
0.26721251010894775,-0.19931116700172424,-0.37678152322769165
-0.6430712938308716,0.8616281151771545,0.4209311604499817
-0.1336544156074524,0.1414501965045929,0.11551635712385178
0.2113163024187088,0.5621891021728516,0.5823623538017273
-0.05790572986006737,0.7541549801826477,0.22006477415561676
-0.25691771507263184,-0.25111350417137146,-0.4721456468105316
-0.31504788994789124,0.23434950411319733,0.3050348460674286
-0.2263404130935669,-0.2802501618862152,-0.1357894241809845
-0.0747431218624115,0.4950353801250458,0.19010987877845764
0.13554805517196655,0.7636504769325256,0.4984690248966217
-0.3248392641544342,0.4462830126285553,0.5539758801460266
0.3293738067150116,0.37433478236198425,0.3050348460674286
-0.1148284301161766,-0.19859518110752106,0.30721917748451233
-0.00047662013093940914,-0.09415785223245621,0.5023044347763062
-0.17721623182296753,-0.026120999827980995,0.11962781101465225
-0.4870515465736389,0.45998239517211914,0.6921067237854004
0.5553983449935913,0.1908625066280365,0.41949349641799927
0.6562325954437256,0.3755113482475281,0.0901992917060852
-0.44007885456085205,0.0910647064447403,-0.42475467920303345
-0.5370545983314514,-1.0235481262207031,0.06352387368679047
0.22494077682495117,-0.2259552776813507,-0.11136952042579651
-0.024260317906737328,0.21731632947921753,0.21331024169921875
0.29148969054222107,0.015698375180363655,0.38912391662597656
0.11871065199375153,0.2509911060333252,0.5559316277503967
0.2658420205116272,-0.17562136054039001,-0.6431450843811035
0.04397231340408325,-0.39458781480789185,-0.3273285925388336
0.00939879845827818,-0.7164735198020935,-0.4942516088485718
-0.6545947790145874,0.24490986764431,-0.5991796255111694
0.08440937101840973,-0.0701918751001358,0.23729373514652252
0.0009693365427665412,0.6126034259796143,0.11551635712385178
0.01779399812221527,0.377075731754303,0.11551635712385178
-0.10624469816684723,-0.6050726175308228,-0.4345376491546631
0.07267976552248001,-0.11238541454076767,-0.8123042583465576
0.27184221148490906,0.20660638809204102,-0.2504025995731354
0.09352310001850128,0.7626715302467346,0.27977877855300903
0.3128301203250885,0.22642025351524353,0.2629413902759552
-0.3158024549484253,-0.9165245890617371,0.5886504650115967
0.20495332777500153,0.6481381058692932,0.17738395929336548
-0.20932474732398987,0.7314791679382324,0.23530086874961853
0.08203060179948807,-0.614959716796875,-0.2192736268043518
0.34484073519706726,0.5201935768127441,0.2713600993156433
-0.2261621505022049,0.06618117541074753,0.22593826055526733
0.10314586013555527,-0.2931894361972809,-0.07127098739147186
0.0006707665743306279,-0.5427156090736389,0.08879189193248749
-0.17935794591903687,0.042175859212875366,-0.07260864973068237
-0.07628001272678375,-0.576096773147583,-0.2941608130931854
-0.13385017216205597,-0.3270599842071533,-0.4611642360687256
-0.02311152219772339,0.8900210857391357,0.2794620394706726
0.17764151096343994,-0.18345269560813904,0.4292595684528351
-0.1813277006149292,-0.0764569565653801,-0.0449380986392498
0.005602555349469185,-0.24639713764190674,0.025896405801177025
0.06577076762914658,-0.3213822841644287,-0.5985063910484314
-0.25983694195747375,-0.04220462590456009,0.5273471474647522
-0.25141820311546326,0.31824275851249695,0.20489154756069183
0.3412362337112427,0.5891897082328796,0.5475303530693054
0.3111659288406372,-0.20058375597000122,-0.22367875277996063
-0.21774345636367798,0.4700729250907898,0.19226352870464325
0.16922281682491302,0.1504562348127365,0.21889007091522217
0.21973498165607452,0.38578811287879944,0.19931170344352722
0.46768298745155334,-0.35808950662612915,0.8532170057296753
-0.0737348347902298,-0.13803090155124664,0.17992913722991943
0.109215147793293,-0.6196585297584534,-0.4934685230255127
0.1935175061225891,-0.06746844202280045,0.04320162907242775
-0.05230960249900818,0.10262545943260193,0.13121742010116577
0.2702471613883972,0.2175121158361435,0.5531905889511108
0.10197115689516068,-0.7164735198020935,-0.35965046286582947
-0.28264570236206055,-0.0770443007349968,0.37228652834892273
-0.32630544900894165,0.7459320425987244,0.4312174320220947
0.061334118247032166,0.18774108588695526,-0.21243321895599365
0.059535060077905655,-0.28721800446510315,-0.2176094651222229
-0.04028314724564552,-0.4178231954574585,-0.427080363035202
-0.03198397904634476,0.47986212372779846,0.5756078362464905
-0.35009318590164185,0.5708036422729492,0.2713600993156433
-0.01304191630333662,-0.5253887176513672,-0.05653827264904976
-0.30193039774894714,0.6552842259407043,0.17679660022258759
0.2618284821510315,0.2928887605667114,0.11551635712385178
0.30920806527137756,-0.20440155267715454,-0.5053133368492126
-0.1336544156074524,-0.07283496111631393,0.5169705748558044
0.1415194422006607,-0.22192417085170746,-0.633747398853302
-0.3871389627456665,0.1040157824754715,0.738816499710083
0.36373382806777954,-0.1156136766076088,-0.3929336667060852
-0.024270104244351387,0.0741887241601944,0.11551635712385178
-0.23252511024475098,-0.2193789780139923,-0.6462776064872742
0.025414228439331055,0.41906577348709106,0.5823678374290466
0.3270244002342224,0.3520154356956482,0.43963611125946045
-0.5213918685913086,-0.3810214400291443,-0.4928230047225952
0.3021467626094818,0.4715811014175415,0.25857609510421753
-0.30369246006011963,0.1253567636013031,0.4648922085762024
0.051458992063999176,0.0912218987941742,0.2237846553325653
-0.20101933181285858,-0.26373934745788574,-0.3577079772949219
-0.5333271622657776,-0.48272353410720825,0.260817289352417
-0.049408718943595886,-0.6226931810379028,-0.5525951981544495
-0.2261621505022049,0.3435967266559601,0.5634692311286926
0.2653525769710541,0.046798598021268845,0.11894256621599197
-0.0002567470073699951,0.37281689047813416,0.20055550336837769
-0.027804000303149223,-0.14948424696922302,-0.7369254231452942
0.2743586003780365,-0.08702927082777023,-0.19010187685489655
0.08473240584135056,-0.11032752692699432,0.10093048214912415
-0.28372251987457275,-0.157511368393898,-0.4132951498031616
0.11596968024969101,-0.18501897156238556,0.26597607135772705
0.4825318157672882,0.3561389446258545,0.9140077829360962
-0.16517555713653564,-0.058630868792533875,0.2363148033618927
0.05898904800415039,0.10130693018436432,0.6490190029144287
-0.05861055105924606,0.33361175656318665,0.20361894369125366
0.2771974802017212,-0.11923567950725555,0.38070523738861084
-0.05079878494143486,-0.45559191703796387,-0.2671426832675934
-0.08315202593803406,0.6046741604804993,0.5857886075973511
0.08478283882141113,-0.07137219607830048,-0.17262554168701172
-0.032169975340366364,-0.41193217039108276,-0.09431471675634384
-0.3360002636909485,-0.3958548307418823,-0.3729085326194763
-0.3168099820613861,0.2509911060333252,0.42279869318008423
-0.05000871419906616,-0.2845288813114166,-0.685779869556427
0.16370582580566406,0.39943012595176697,0.13525544106960297
-0.007474810350686312,-0.7141240835189819,-0.1829557567834854
-0.12249473482370377,-0.2619619369506836,-0.030878877267241478
0.2991252839565277,0.11647798120975494,0.2249593734741211
-0.2708636224269867,-0.19575202465057373,-0.18524231016635895
-0.0540957897901535,0.46962326765060425,0.5044986009597778
0.08913540840148926,1.0860940217971802,0.8469519019126892
0.316861093044281,-1.0316731929779053,-0.9814471006393433
0.17548789083957672,-0.6291540861129761,-0.37629202008247375
0.11410974711179733,-0.12990587949752808,-0.7208711504936218
-0.1671334058046341,-0.6554868817329407,-0.5177456736564636
-0.20932474732398987,0.6129950284957886,0.5864738821983337
0.21973498165607452,0.18354365229606628,0.11551635712385178
0.009382158517837524,0.28495949506759644,0.5596514940261841
0.2073027342557907,-0.07724008709192276,-0.6522489786148071
-0.42301061749458313,0.43294888734817505,-0.207612544298172
0.3183317184448242,0.4672439694404602,-0.17660267651081085
0.017803790047764778,-0.02678666263818741,0.1431218385696411
-0.15049178898334503,0.25980132818222046,0.20978613197803497
0.027663545683026314,0.4849700331687927,0.12538589537143707
0.31687381863594055,-0.4753262996673584,0.5467878580093384
0.152385413646698,0.5706078410148621,0.11551635712385178
0.04098456725478172,-0.6155470609664917,0.17934179306030273
0.21835847198963165,-0.06440433859825134,-0.2081998884677887
0.2793510854244232,0.4739885926246643,0.575118362903595
-0.03508715331554413,-0.44433435797691345,0.143807053565979
-0.11681700497865677,0.7626715302467346,0.49005040526390076
-0.04108791798353195,-0.2998460829257965,-0.3680691421031952
0.2435402125120163,0.7528019547462463,0.4579243063926697
-0.13917137682437897,-0.6967344284057617,-0.18585747480392456
-0.14207309484481812,-0.7144177556037903,-0.34281304478645325
-0.09057643264532089,0.7429171204566956,0.33118733763694763
-0.15049178898334503,0.5285143852233887,0.11551635712385178
-0.04887031391263008,-0.33665335178375244,-0.20204465091228485
0.20025452971458435,-0.1348983645439148,-0.07626346498727798
-0.2869529724121094,-0.023350663483142853,0.23504219949245453
0.6664383411407471,-0.0265902578830719,-0.16545623540878296
0.048786431550979614,-0.5498419404029846,-0.2549259662628174
-0.3255223333835602,0.335178017616272,0.3470304310321808
-0.18612439930438995,-0.2623535096645355,-0.2488369196653366
0.3028450906276703,0.1329336017370224,0.3470304310321808
0.1188085526227951,-0.7138304114341736,-0.19979313015937805
-0.2682556211948395,0.20057682693004608,0.2146807312965393
-0.10839831084012985,-0.7164735198020935,-0.45215821266174316
-0.25141820311546326,0.377075731754303,0.11551635712385178
0.04304029420018196,0.17571231722831726,0.5507432818412781
-0.4257691204547882,0.45138120651245117,0.5338135957717896
0.0984470546245575,0.6422646045684814,0.1778734028339386
-0.04116623103618622,-0.32294848561286926,-0.5618948340415955
0.24910253286361694,-0.29113367199897766,-0.42680418491363525
0.12027692794799805,-0.32520002126693726,-0.4782952666282654
-0.08316180855035782,0.6043804883956909,0.18100595474243164
-0.05017227679491043,-0.5689505934715271,0.21742169559001923
0.04097256064414978,0.2471613734960556,-0.5026306509971619
0.15290993452072144,-0.7120683789253235,-0.5360865592956543
0.05617737025022507,-0.42279815673828125,-0.41202256083488464
0.2028975933790207,0.37766310572624207,0.5672869682312012
-0.1920958012342453,-0.2290702760219574,-0.5512247085571289
0.6654418706893921,0.7843111753463745,-0.17708784341812134
0.21973498165607452,0.2764430046081543,0.20841564238071442
-0.03446692228317261,0.24422460794448853,-0.8806536197662354
-0.6676479578018188,-0.0665636658668518,0.46605491638183594
0.27856796979904175,0.5709993839263916,0.18384480476379395
0.09067526459693909,0.5188561677932739,0.27896249294281006
-0.09158051013946533,-0.7148092985153198,-0.25030529499053955
0.3920126259326935,0.7962086200714111,0.9019670486450195
-0.1648818850517273,-0.12334714829921722,-0.6854343414306641
0.2684851288795471,-0.27684149146080017,-0.3096277415752411
-0.04545389115810394,-0.20616358518600464,0.10523771494626999
0.025791756808757782,-0.629839301109314,-0.13498876988887787
0.06898161768913269,-0.1580987274646759,0.4616617262363434
-0.333549439907074,0.4619479179382324,0.1931445449590683
0.29830703139305115,-0.11645965278148651,0.22705014050006866
0.14396673440933228,0.7633568048477173,0.38070523738861084
-0.2345808446407318,0.5793201923370361,0.18315955996513367
0.21386706829071045,-0.11307409405708313,0.8656667470932007
0.07669548690319061,0.20057682693004608,0.2146807312965393
0.03532987833023071,0.37909996509552,0.43838661909103394
0.09805548936128616,-0.5856900811195374,-0.32744401693344116
0.019925802946090698,0.24442040920257568,-0.049047380685806274
-0.30297452211380005,0.4540935158729553,0.441875696182251
0.10736978054046631,0.38026225566864014,0.18468187749385834
0.6129586696624756,0.21336230635643005,-0.9378896355628967
-0.06667682528495789,-0.5262697339057922,-0.3884306252002716
0.050813496112823486,0.1080445647239685,0.2068878412246704
0.35511934757232666,0.6172043085098267,0.2888827323913574
0.16088448464870453,-0.24289052188396454,-0.16061891615390778
-0.5954330563545227,0.3030872046947479,0.7520318627357483
-0.10839831084012985,0.4360065758228302,0.11551635712385178
0.12712934613227844,0.14986886084079742,0.11551635712385178
-0.4039567708969116,0.33629655838012695,0.23413819074630737
0.18813346326351166,-0.17113585770130157,-0.7067922353744507
0.2786658704280853,0.6380552649497986,0.5885295271873474
0.18145930767059326,-0.02863682061433792,0.1352904736995697
0.2594790458679199,-0.12481550872325897,-0.5596433877944946
0.13212183117866516,0.036545414477586746,0.2283855676651001
0.009030725806951523,-0.5816764831542969,-0.48622453212738037
-0.14863185584545135,-0.6290561556816101,-0.24276766180992126
0.6268549561500549,-0.48533910512924194,0.19303473830223083
0.2856336832046509,-0.14281007647514343,-0.30677133798599243
0.04557347297668457,-0.3816088140010834,-0.35397252440452576
0.5462900996208191,1.0770879983901978,0.8716205358505249
-0.6773391962051392,0.9869295954704285,0.804899275302887
0.29217490553855896,-0.12050826847553253,-0.46136000752449036
0.31840991973876953,0.3100198805332184,0.2061641365289688
-0.023420602083206177,0.7043203711509705,0.4175049364566803
-0.050201643258333206,-0.1722930371761322,-0.00196359702385962
-0.1784888505935669,-0.1547703891992569,0.24688713252544403
0.33417049050331116,0.4194628894329071,0.22084790468215942
-0.01585141196846962,0.3859838843345642,0.5679722428321838
-0.30369246006011963,0.1253567636013031,0.28819745779037476
-0.5909051299095154,-0.23483553528785706,0.8415049910545349
-0.16977432370185852,0.39665189385414124,0.18844787776470184
-0.10389529168605804,-0.09946154057979584,0.09799372404813766
0.3569575548171997,-0.4073081612586975,-0.046161144971847534
0.2338782101869583,0.24618244171142578,-0.4148734211921692
-0.3412829041481018,0.48671454191207886,0.38912391662597656
0.051458992063999176,0.7636504769325256,0.4480547606945038
-0.08277378976345062,-0.40795695781707764,-0.6363508105278015
0.11626335978507996,-0.3414500653743744,-0.3015027344226837
0.5857812166213989,-0.33863842487335205,0.8280996084213257
-0.25766727328300476,-0.7840420007705688,-0.28791317343711853
0.0554606169462204,0.467942476272583,0.8330234289169312
-0.18847380578517914,-0.6373769044876099,-0.38480862975120544
0.23068487644195557,-0.30697816610336304,-0.1710185557603836
0.04753352701663971,-0.456081360578537,-0.07361059635877609
-0.18970030546188354,-0.09843650460243225,0.041317228227853775
-0.11652333289384842,-0.22260943055152893,-0.6472564935684204
0.18606020510196686,-0.21419072151184082,-0.02306808903813362
-0.024260317906737328,0.6793656349182129,0.17630714178085327
0.09353288263082504,0.09141768515110016,0.5438908338546753
-0.2904588580131531,0.19241207838058472,0.5469135642051697
0.17695628106594086,-0.0701918751001358,0.23729373514652252
0.030882136896252632,-0.40909329056739807,-0.2243639975786209
0.026212694123387337,0.2844700813293457,0.1431218385696411
0.18422338366508484,-0.6164512038230896,-0.4314282536506653
0.35913291573524475,0.6550884246826172,0.5068878531455994
0.3350515365600586,0.42778366804122925,0.38070523738861084
-0.34040188789367676,0.47839370369911194,0.4817295968532562
0.026212694123387337,0.5542599558830261,0.1852152943611145
0.017774373292922974,0.06645528972148895,-0.07812345027923584
0.051468778401613235,-0.7164735198020935,-0.283882200717926
-0.6833048462867737,0.384941041469574,0.7099384069442749
-0.0747431218624115,-0.7138304114341736,-0.5363450646400452
-0.09997963160276413,0.41936495900154114,0.5706153512001038
0.02466600202023983,-0.07724008709192276,-0.7546437978744507
-0.14138786494731903,-0.16876892745494843,-0.041345469653606415
0.09971965104341507,-0.2438519448041916,0.009225435554981232
0.04331438988447189,-0.6290561556816101,-0.5709009170532227
-0.04523852840065956,-0.48740676045417786,-0.18285787105560303
-0.07235455513000488,-0.39901047945022583,-0.3345901668071747
-0.064958855509758,0.05621093511581421,-0.49274498224258423
-0.22635792195796967,-0.1303953379392624,-0.10752031207084656
0.026212694123387337,-0.17862094938755035,0.023679956793785095
0.2045617550611496,-0.21379916369915009,-0.567670464515686
-0.3156528174877167,0.3253084719181061,0.49991998076438904
0.01784294657409191,0.762965202331543,0.33851388096809387
-0.24299953877925873,0.44462108612060547,0.571692168712616
0.012595945969223976,-0.2555010914802551,-0.6368799209594727
-0.5474411249160767,1.061661958694458,0.03227949142456055
-0.013453061692416668,-0.5926404595375061,-0.2283775508403778
-0.6600065231323242,-0.47183001041412354,0.10414895415306091
-0.3264033794403076,0.3434988260269165,0.24610400199890137
0.034631386399269104,0.7401564717292786,0.20234635472297668
-0.0016039013862609863,0.40252208709716797,0.5001388192176819
0.09521661698818207,-0.07684852927923203,0.01654774323105812
0.04304029420018196,-0.2998460829257965,-0.34281304478645325
-0.008834749460220337,0.3427540957927704,0.6070234179496765
-0.25983694195747375,0.4695834517478943,0.11551635712385178
0.31958460807800293,0.2846658527851105,0.38070523738861084
0.09352310001850128,-0.7138304114341736,-0.5195077061653137
-0.032669223845005035,0.41916921734809875,0.19647285342216492
-0.1841665655374527,0.0741887241601944,0.14282815158367157
0.27202537655830383,0.06438636779785156,-0.45364946126937866
-0.2643735408782959,-0.7932934761047363,0.4202634394168854
0.2589092254638672,0.6200606822967529,0.13125939667224884
0.15277700126171112,-0.6262173056602478,-0.2744845747947693
0.08858934044837952,-0.1932418942451477,-0.7796062231063843
0.11949378997087479,0.5807885527610779,0.5838307738304138
-0.3249700367450714,0.7049504518508911,0.22374962270259857
-0.024661781266331673,-0.4750920832157135,-0.0017089704051613808
-0.3250328600406647,-0.17875389754772186,-0.4960136413574219
0.109215147793293,-0.6483408808708191,-0.14203697443008423
0.1035374253988266,-0.3563295900821686,-0.38529810309410095
-0.20932474732398987,0.6714363694190979,0.17601346969604492
0.1494486927986145,-0.30532801151275635,-0.5906749963760376
0.01797020435333252,-0.30199968814849854,-0.061100028455257416
0.46601882576942444,-0.36049923300743103,-1.1356267929077148
-0.2684689462184906,-0.10868088155984879,0.47176215052604675
-0.09831545501947403,-0.10073412954807281,0.013092161156237125
0.17583975195884705,0.4402921199798584,0.8292057514190674
0.14396673440933228,-0.12726280093193054,0.48681992292404175
0.2709045112133026,0.17842814326286316,-1.1196250915527344
0.0630689486861229,-0.47282084822654724,-0.34388986229896545
0.3519867956638336,0.5876410007476807,0.3975425958633423
0.19937348365783691,0.5413381457328796,0.18629209697246552
0.46768298745155334,0.6305406093597412,0.508183479309082
-0.2345808446407318,0.16670626401901245,0.14282815158367157
-0.057925306260585785,0.16670626401901245,0.14282815158367157
-0.13919587433338165,0.6225864887237549,-0.18448364734649658
0.05796186625957489,0.022357851266860962,0.014436125755310059
-0.15107913315296173,-0.32745158672332764,-0.378347784280777
-0.2022765576839447,-0.30376172065734863,-0.5141236782073975
-0.1603788584470749,-0.22094525396823883,-0.10796083509922028
0.49340349435806274,-0.1233101636171341,0.8668968677520752
0.2569829523563385,-0.36026471853256226,-0.0847758948802948
0.09269101917743683,-0.3231443166732788,-0.15035779774188995
0.3215424716472626,-0.2120371162891388,-0.30532047152519226
-0.660433292388916,-0.44690263271331787,-0.055771201848983765
-0.08696433901786804,-0.6863272190093994,-0.12228786945343018
-0.17888599634170532,0.07743453979492188,-0.40682876110076904
0.10216693580150604,-0.5980244278907776,-0.4138825237751007
0.5995708703994751,1.040993571281433,0.6781162023544312
-0.1237848624587059,-0.11719748377799988,-0.781190037727356
0.24734050035476685,-0.1127748191356659,-0.012359707616269588
-0.2816668152809143,-0.21556119620800018,-0.5556297898292542
0.14396673440933228,0.7106910347938538,0.18374691903591156
-0.11681700497865677,0.6793656349182129,0.17630714178085327
0.22580428421497345,-0.22652511298656464,-0.4870077073574066
0.16442611813545227,-0.07890425622463226,-0.027902968227863312
-0.10379740595817566,-0.2793866991996765,-0.5317442417144775
-0.07859437167644501,-0.3774391710758209,-0.45023542642593384
0.15337970852851868,0.6537026762962341,0.11651064455509186
0.2508821189403534,-0.18709221482276917,0.4049648642539978
0.27447402477264404,-0.06163819879293442,0.3233230710029602
0.32020702958106995,-0.09972015023231506,-0.12405993044376373
0.24283745884895325,-0.17953702807426453,-0.18099790811538696
-0.22353240847587585,-0.5141192674636841,-0.2095075398683548
0.2823229134082794,0.15962302684783936,0.5258159637451172
0.20191869139671326,-0.31854337453842163,-0.3344922363758087
-0.35792452096939087,0.6465718746185303,0.24610400199890137
0.39200282096862793,-0.3041973412036896,0.2593534588813782
0.0009849990019574761,-0.7164735198020935,-0.5784385800361633
-0.23741969466209412,0.7089289426803589,0.5828518271446228
-0.3107500672340393,-0.023670226335525513,-0.5734691619873047
0.08085384219884872,0.7330278754234314,0.5515439510345459
-0.06632442772388458,-0.11150223016738892,0.497685968875885
-0.05891958624124527,0.5191013813018799,0.11651064455509186
0.026183325797319412,-0.28486862778663635,-0.5361493825912476
-0.2894674241542816,-0.1336929351091385,-0.28616440296173096
-0.2766743004322052,0.2845679819583893,0.11551635712385178
0.08015108108520508,-0.13352787494659424,0.176698699593544
-0.6509026288986206,0.751304030418396,-0.2081998884677887
0.23657238483428955,0.19215813279151917,0.2153659611940384
0.009355727583169937,-0.3252979516983032,-0.1495746523141861
-0.19444522261619568,-0.26225560903549194,-0.44736146926879883
-0.12582305073738098,-0.27341529726982117,-0.19930368661880493
-0.08315202593803406,-0.08556090295314789,0.2385663092136383
0.0014944076538085938,0.10029587149620056,-0.4233130216598511
-0.49846982955932617,0.10611899197101593,0.07256919145584106
0.03490328788757324,0.2603742778301239,0.6371697187423706
-0.1746327131986618,0.10560987889766693,-0.39799249172210693
0.3270244002342224,-0.2006816416978836,-0.42690208554267883
0.4981273412704468,0.12392422556877136,0.3377440571784973
-0.06633421033620834,0.6546969413757324,0.11551635712385178
0.12135933339595795,-0.29819726943969727,0.22319185733795166
-0.04563009738922119,-0.2787993252277374,-0.02297215722501278
-0.06292553246021271,-0.17319157719612122,-0.7822668552398682
-0.2958610951900482,-0.07538013905286789,-0.4781974256038666
0.1608041375875473,-0.2006816416978836,0.3554491698741913
-0.3152436912059784,0.2624444365501404,0.2107650637626648
0.30350345373153687,0.876035749912262,0.8764699697494507
0.09351330995559692,0.4780021607875824,0.11551635712385178
0.35022473335266113,0.5709993839263916,0.47321298718452454
-0.34833115339279175,0.5541619658470154,0.19568972289562225
0.51390540599823,-0.467931866645813,0.5605379343032837
0.059867892414331436,0.10784392803907394,0.14282815158367157
-0.29894760251045227,0.368898868560791,0.5625421404838562
0.14551548659801483,-0.70660400390625,-0.44528821110725403
0.30578190088272095,-0.0792958214879036,-0.3511338531970978
-0.14207309484481812,0.21721844375133514,0.1431218385696411
-0.25768330693244934,-0.26039567589759827,-0.20987601578235626
0.06629801541566849,0.29517096281051636,0.20893585681915283
-0.2850930094718933,0.4025276005268097,0.19784334301948547
0.24549803137779236,-0.09624862670898438,-0.694751501083374
0.09352310001850128,0.335178017616272,0.5627840161323547
-0.20560488104820251,-0.18374638259410858,-0.7093199491500854
-0.2447616010904312,0.5528894662857056,0.10954496264457703
0.3459174931049347,0.5342899560928345,0.1960812658071518
-0.06299610435962677,-0.26215770840644836,-0.6094702482223511
0.3037261664867401,0.1317588984966278,0.4234839677810669
-0.1841665655374527,0.4275878965854645,0.11551635712385178
0.2786658704280853,0.4950353801250458,0.19010987877845764
-0.15891048312187195,0.5876410007476807,0.182376429438591
0.14396673440933228,0.503649890422821,0.5775656700134277
0.3212487995624542,0.2974897027015686,0.30572009086608887
-0.3492121696472168,0.5624828338623047,0.5153065323829651
-0.6195772886276245,-0.27416688203811646,0.5387607216835022
-0.07473333179950714,0.6798550486564636,0.5902915596961975
-0.19714510440826416,0.024574995040893555,0.4175049364566803
-0.1875927895307541,0.1375345140695572,0.21996687352657318
0.00939879845827818,-0.7164735198020935,-0.4185813069343567
0.18743069469928741,-0.15966500341892242,-0.6449071168899536
-0.22577059268951416,-0.6917069554328918,-0.33429643511772156
-0.1376560479402542,0.5692954063415527,0.8823887705802917
-0.033520881086587906,-0.5080618262290955,-0.3185358941555023
-0.08868370950222015,-0.32469862699508667,0.859677791595459
0.6780524253845215,0.22908645868301392,-0.15659978985786438
-0.05515496805310249,-0.6549975275993347,-0.6203362345695496
0.034631386399269104,0.4700729250907898,0.19226352870464325
0.16922281682491302,0.08260741829872131,0.11551635712385178
-0.24299953877925873,0.537128746509552,0.579425573348999
0.11156454682350159,-0.2834002375602722,-0.6648770570755005
0.17920777201652527,-0.6404116153717041,-0.4621431529521942
0.009114912711083889,-0.47272297739982605,-0.44256478548049927
-0.042558345943689346,-0.010773618705570698,0.5258963108062744
0.0021270811557769775,-0.11150781810283661,0.1867760717868805
0.6080597639083862,-0.3754848837852478,0.12433862686157227
0.17764151096343994,0.4700729250907898,0.19226352870464325
0.31079190969467163,0.30148568749427795,0.5145408511161804
-0.03117147833108902,-0.40693968534469604,-0.18315154314041138
-0.13443754613399506,-0.6150575876235962,-0.3387015759944916
-0.3154219388961792,-0.13197913765907288,-0.590398907661438
0.04889073967933655,0.36631089448928833,0.30478107929229736
0.23481033742427826,-0.22711242735385895,-0.265870064496994
0.10285218060016632,-0.27860355377197266,-0.5394776463508606
-0.007434674073010683,-0.18629156053066254,0.4240712821483612
0.1701863706111908,-0.6628134846687317,-0.18933410942554474
-0.3531278371810913,0.6003669500350952,0.36876243352890015
0.059867892414331436,-0.0013543745735660195,0.23151813447475433
0.2898254990577698,-0.1938292235136032,-0.5763828754425049
0.014338420704007149,-0.38902547955513,-0.4684082269668579
-0.03899303078651428,0.14331012964248657,0.21947741508483887
-0.049516402184963226,-0.05202316865324974,0.11551635712385178
0.34562382102012634,0.5283185243606567,0.3554491698741913
0.19880366325378418,-0.22399742901325226,-0.6499171257019043
0.0714520514011383,0.1505143940448761,-0.31237223744392395
0.024245068430900574,-0.4170225262641907,0.07939428091049194
0.1545390486717224,0.24423658847808838,0.21105873584747314
-0.2682556211948395,-0.07489068806171417,-0.5951781272888184
-0.03180777281522751,-0.5755093097686768,0.1449817568063736
-0.24251008033752441,-0.21918319165706635,-0.27242884039878845
0.04566379263997078,-0.18550843000411987,-0.7129418849945068
-0.06633421033620834,0.377075731754303,0.11551635712385178
0.3439596891403198,0.5118727684020996,0.5321438312530518
0.14396673440933228,-0.7164735198020935,-0.30071955919265747
-0.15891048312187195,0.5117748975753784,0.18873940408229828
-0.2783384919166565,-0.11864832043647766,0.3134535253047943
0.0025770068168640137,-0.4682080149650574,0.11636853218078613
-0.6770397424697876,0.22027620673179626,0.13175444304943085
-0.2850930094718933,0.6463760733604431,0.5892147421836853
-0.3028561770915985,0.18916413187980652,0.39043718576431274
-0.11544652283191681,-0.650983989238739,-0.5770680904388428
-0.0990007072687149,-0.1518336534500122,-0.7146061062812805
-0.07650516927242279,-0.2875116765499115,-0.24981580674648285
0.21828414499759674,0.5523195862770081,0.12538589537143707
-0.048331908881664276,-0.48075011372566223,-0.10723643004894257
-0.09159030020236969,0.7631610035896301,0.42279869318008423
-0.21578562259674072,-0.17444664239883423,-0.591360330581665
0.17177361249923706,0.4475523829460144,0.5524129867553711
0.19447891414165497,0.4528439939022064,0.5733562707901001
-0.29002267122268677,0.20338064432144165,0.3751882314682007
0.039585262537002563,-0.42625313997268677,0.12099204957485199
-0.0381050743162632,0.15294961631298065,0.5447258949279785
0.17870080471038818,-0.12855291366577148,-0.7617095708847046
-0.4133976399898529,-0.5523948669433594,0.3490155041217804
0.030931077897548676,-0.41760990023612976,-0.01590339094400406
-0.2766743004322052,0.11631156504154205,0.22172892093658447
0.2954053580760956,0.23405581712722778,0.14341549575328827
-0.25024354457855225,-0.1921650618314743,-0.4900422692298889
0.1183190867304802,-0.3265705406665802,-0.22524501383304596
0.011489768512547016,0.345260888338089,0.20264004170894623
0.1766625940799713,-0.32353585958480835,-0.4351250231266022
0.014474104158580303,-0.18342196941375732,-0.7958255410194397
0.1971088945865631,-0.43621253967285156,-0.46611839532852173
0.5949422121047974,0.12862303853034973,0.2554309368133545
0.33759671449661255,0.4514734745025635,0.31413882970809937
-0.057915519922971725,-0.20038798451423645,0.37209075689315796
-0.04692227020859718,-0.559259295463562,-0.4496130049228668
-0.2386118471622467,0.28888726234436035,-0.2081998884677887
0.0682382583618164,-0.47731196880340576,-0.030906707048416138
0.001100511522963643,-0.23455220460891724,-0.0516241081058979
-0.09455641359090805,-0.3579937815666199,-0.4095752537250519
-0.1779993772506714,-0.26343032717704773,-0.6480396389961243
0.310089111328125,0.20057682693004608,0.33019307255744934
-0.058481261134147644,-0.4101778566837311,-0.42592114210128784
0.3774101138114929,-0.37863701581954956,0.827604353427887
-0.23231396079063416,-0.3008096218109131,-0.40309906005859375
-0.21484175324440002,-0.17154493927955627,0.29364433884620667
0.27014926075935364,0.1162528395652771,0.11551635712385178
0.35443204641342163,0.9977846145629883,-0.18547794222831726
0.045871466398239136,1.0010807514190674,0.05262702703475952
0.006160539109259844,-0.5233330130577087,-0.12823423743247986
-0.10839831084012985,0.06577982753515244,0.11551635712385178
-0.1716420203447342,-0.39910274744033813,-0.4481502175331116
-0.14207309484481812,-0.7164735198020935,-0.5531824827194214
0.06649459898471832,0.18888798356056213,0.22216033935546875
-0.04727324843406677,0.435574471950531,0.20436149835586548
-0.09929438680410385,-0.6199522018432617,-0.5019850730895996
0.21896937489509583,-0.14401981234550476,0.4557079076766968
-0.05790572986006737,-0.7164735198020935,-0.40174391865730286
0.1608041375875473,0.7636504769325256,0.29661619663238525
0.003877890994772315,-0.6950702667236328,-0.28688177466392517
-0.2261621505022049,0.62102210521698,0.11551635712385178
-0.020060760900378227,-0.2120371162891388,0.18883730471134186
0.15718214213848114,-0.07949161529541016,-0.7011948823928833
0.3124385178089142,0.21447746455669403,0.4984690248966217
0.0440877340734005,-0.5588677525520325,0.22632984817028046
-0.030691809952259064,-0.22251150012016296,-0.6811270713806152
-0.21472632884979248,-0.11034505069255829,-0.7183434367179871
0.1829257607460022,0.0165632963180542,-0.03306034207344055
0.11920011788606644,-0.05819035321474075,0.13509470224380493
-0.1533481776714325,0.7034645080566406,0.14839045703411102
0.09854300320148468,-1.0108323097229004,-0.20459163188934326
0.33281758427619934,0.7181483507156372,0.43818527460098267
-0.28411412239074707,-0.17102044820785522,-0.3460434675216675
-0.06643211096525192,-0.2989650368690491,-0.4354186952114105
-0.4824199080467224,-0.6214954853057861,-0.005696684122085571
-0.015636051073670387,-0.31717291474342346,-0.6274824142456055
0.0298346895724535,-0.4100722372531891,-0.15221774578094482
0.2618284821510315,0.2934761047363281,0.559357762336731
-0.3430449366569519,0.5033562183380127,0.2629413902759552
0.29148969054222107,0.015698375180363655,0.4648922085762024
-0.3186699450016022,0.5204872488975525,0.5779572129249573
-0.09158051013946533,0.5874451994895935,0.11551635712385178
0.29744353890419006,-0.08476023375988007,-0.5295730233192444
0.0935426652431488,-0.07489068806171417,-0.7551332712173462
0.18606020510196686,0.7626715302467346,0.43963611125946045
-0.09997963160276413,0.4870082139968872,0.5761951804161072
-0.08315202593803406,0.2681221663951874,0.2091008871793747
-0.07219792157411575,-0.21957477927207947,-0.047463707625865936
-0.2896939218044281,-0.009577286429703236,0.38070523738861084
0.2113163024187088,0.6297345161437988,0.5878442525863647
-0.04959471523761749,-0.5106070637702942,0.1829637885093689
-0.17486685514450073,-0.6400200128555298,-0.45235398411750793
0.0255763977766037,-0.6549975275993347,-0.6311042904853821
0.05216874182224274,1.028635859489441,0.4722307324409485
0.007904970087110996,-0.4467816650867462,-0.3142286539077759
0.12271229922771454,1.0868771076202393,0.7885104417800903
0.2786658704280853,0.5621891021728516,0.5823623538017273
0.06244244799017906,-0.3588747978210449,-0.2561787962913513
0.30934107303619385,0.33788391947746277,0.13525544106960297
0.14396673440933228,0.5793201923370361,0.18315955996513367
-0.2510266602039337,-0.07733798772096634,-0.14066649973392487
-0.11536615341901779,0.28601881861686707,0.12538589537143707
-0.3571457266807556,-0.08206752687692642,-0.37344881892204285
0.16804811358451843,-0.2716532349586487,-0.47672906517982483
-0.1336544156074524,-0.13127636909484863,0.4842747449874878
0.573229968547821,1.0646448135375977,-0.03162270784378052
0.19281473755836487,-0.3000418543815613,-0.17532020807266235
0.0009791254997253418,-0.1405760943889618,0.47712865471839905
0.2028975933790207,-0.1008320152759552,0.5038531422615051
0.22815367579460144,0.3434009850025177,0.1431218385696411
0.18606020510196686,0.23405581712722778,0.1431218385696411
0.22521692514419556,-0.25031280517578125,-0.3680691421031952
0.25092411041259766,-0.7997411489486694,0.409544974565506
0.03762742877006531,0.15606486797332764,-0.812325119972229
-0.06632442772388458,0.08286194503307343,0.22456778585910797
-0.21774345636367798,-0.018103662878274918,0.23298649489879608
0.07669548690319061,0.5453517436981201,0.1431218385696411
0.1617215871810913,-0.6493562459945679,-0.521991491317749
-0.34568801522254944,0.5292975306510925,0.33861175179481506
-0.641966700553894,0.9703859090805054,0.866306722164154
-0.011064502410590649,-0.5657202005386353,-0.3419320285320282
0.2113163024187088,0.09960143268108368,0.22309941053390503
-0.2766743004322052,0.5285143852233887,0.18736891448497772
-0.5324711799621582,-0.4919882118701935,0.13775338232517242
0.05083248391747475,-0.2636260986328125,-0.10348717123270035
-0.25801557302474976,-0.4322354793548584,-0.44783902168273926
0.09518725425004959,-0.29123157262802124,-0.4277831017971039
0.3488326370716095,-0.1681738793849945,0.052775442600250244
-0.2682556211948395,0.22563712298870087,0.14341549575328827
-0.34577059745788574,-0.14437849819660187,-0.4262015223503113
-0.050967250019311905,0.7528019547462463,0.29806700348854065
-0.15891048312187195,0.3435967266559601,0.5634692311286926
-0.2580253481864929,0.3163607120513916,-0.2081998884677887
-0.08316180855035782,0.31814485788345337,0.1431218385696411
-0.057915519922971725,-0.12912273406982422,0.05619392544031143
0.2618284821510315,0.4110442101955414,0.5700280070304871
0.305683970451355,0.1589728146791458,0.27977877855300903
0.12004278600215912,0.10842229425907135,-0.29363301396369934
-0.0846889317035675,-0.6129040122032166,-0.24071192741394043
0.06715104728937149,-0.2233925461769104,-0.04502619802951813
0.017813578248023987,0.6294408440589905,0.1789502054452896
-0.25983065366744995,-0.39066654443740845,0.4798927307128906
-0.1938578486442566,-0.28721800446510315,-0.5808858871459961
-0.12551185488700867,-0.059455208480358124,0.13217546045780182
-0.18749487400054932,-0.638649582862854,-0.30943194031715393
0.09981753677129745,-0.2602977454662323,-0.6019325256347656
-0.1888534426689148,0.04344847798347473,-0.5717071294784546
-0.2827436029911041,0.5942976474761963,0.14224080741405487
-0.3050629198551178,-0.2153654396533966,-0.2391456663608551
0.10247814655303955,-0.6509664058685303,-0.5599545836448669
-0.2017870992422104,-0.07880635559558868,-0.6549899578094482
0.07009679079055786,0.22898855805397034,-0.6626499891281128
0.322714626789093,-0.39681416749954224,-0.5155062079429626
-0.17369213700294495,-0.31560665369033813,-0.20948442816734314
-0.057915519922971725,0.5454496741294861,0.5809918642044067
0.2074006348848343,-0.18110330402851105,-0.12144052982330322
-0.029783466830849648,-0.4044748544692993,-0.27401265501976013
0.5963127017021179,-0.48377281427383423,-0.06782308220863342
0.029022186994552612,0.7144108414649963,0.5808939933776855
0.1188085526227951,-0.19373132288455963,0.4059613049030304
0.07668570429086685,-0.009949273429811,0.11551635712385178
-0.20932474732398987,0.22563712298870087,0.21262499690055847
-0.25318029522895813,-0.16015444695949554,-0.6702610850334167
0.0024250817950814962,0.4261370301246643,0.12538589537143707
-0.30173459649086,0.10640493035316467,0.3968573808670044
0.16285984218120575,-0.2779183089733124,-0.08842162042856216
0.14806626737117767,0.10329550504684448,0.6540071964263916
-0.0071253362111747265,-0.28839272260665894,-0.20527508854866028
0.0411314032971859,-0.36093053221702576,-0.4094773530960083
0.2005482017993927,-0.27243632078170776,-0.6097639203071594
0.3197804391384125,0.5546514987945557,0.1381293386220932
-0.3289485573768616,-0.13303843140602112,-0.541729211807251
-0.33957743644714355,0.4125523567199707,0.39975443482398987
0.28698664903640747,0.25138264894485474,0.21047136187553406
-0.18602651357650757,-0.6688981652259827,-0.210267573595047
0.2596748471260071,-0.2535432279109955,-0.5335062742233276
0.12712934613227844,0.09960143268108368,0.22309941053390503
-0.053618066012859344,-0.33489128947257996,-0.31148770451545715
-0.0030547380447387695,0.2488255351781845,-0.5354565382003784
-0.2329166978597641,-0.23523744940757751,-0.4049743413925171
-0.06440448015928268,-0.22514353692531586,-0.7097983360290527
0.3206614553928375,0.29161614179611206,0.4571587145328522
-0.10839831084012985,-0.14321915805339813,0.24404825270175934
0.1982966959476471,-0.2648008167743683,-0.30091536045074463
0.008203540928661823,-0.5291085839271545,0.01905377209186554
-0.048634015023708344,-0.4557569921016693,-0.03286254405975342
0.48292768001556396,0.41013437509536743,0.42654740810394287
-0.31387320160865784,-0.2170296162366867,-0.4433479607105255
-0.0291961170732975,-0.5763728618621826,0.2622736692428589
-0.20090606808662415,0.3518196642398834,0.1431218385696411
0.3190951645374298,-0.13460469245910645,-0.5769701600074768
0.2794489860534668,-0.25422847270965576,-0.4696808159351349
-0.05773931369185448,-0.32402533292770386,-0.14125382900238037
-0.08470850437879562,-0.15486828982830048,0.12021515518426895
-0.18162138760089874,-0.16651742160320282,-0.6432429552078247
0.0721924677491188,-0.3306819796562195,-0.517941415309906
0.2443058341741562,-0.18413794040679932,-0.5295905470848083
0.0984470546245575,-0.20498888194561005,-0.6808333396911621
0.3423933982849121,-0.16005654633045197,-0.2591155469417572
-0.06978000700473785,-0.6595004200935364,-0.10025674104690552
0.1982966959476471,-0.6455998420715332,-0.31217288970947266
0.14200890064239502,-0.11903989315032959,0.07146504521369934
-0.2670809328556061,-0.13793301582336426,-0.059856805950403214
-0.15058967471122742,-0.09505639970302582,-0.7387853264808655
0.19741566479206085,-0.2470823973417282,-0.2096802145242691
-0.08315202593803406,0.19215813279151917,0.2153659611940384
-0.11769803613424301,-0.2760583758354187,-0.6783861517906189
0.31183362007141113,-0.08642440289258957,-0.4091033339500427
0.21973498165607452,0.41075050830841064,0.14282815158367157
0.5573868751525879,-0.229152113199234,0.23756438493728638
-0.3584139347076416,0.6877843141555786,0.33861175179481506
-0.06777884066104889,-0.3691940903663635,-0.8983895778656006
0.0009830414783209562,0.28476375341415405,0.20773042738437653
-0.22668609023094177,-1.035490870475769,-0.9618687629699707
0.2852246165275574,-0.26049354672431946,-0.37687939405441284
-0.35185524821281433,-0.13812878727912903,-0.2953355312347412
-0.029360482469201088,-0.3699365556240082,-0.4151551127433777
0.051458992063999176,0.6868053674697876,0.17718815803527832
0.2999083399772644,-0.13499625027179718,-0.376096248626709
0.03142053633928299,-0.2947556972503662,-0.6800501942634583
0.06829637289047241,0.7634547352790833,0.38912391662597656
0.16922281682491302,0.5116769671440125,0.11551635712385178
-0.3561624586582184,0.6299302577972412,0.3050348460674286
-0.15244963765144348,-0.2375868856906891,-0.5971359014511108
0.07668570429086685,0.3939131200313568,0.11551635712385178
-0.1784888505935669,0.750141441822052,0.5527011156082153
-0.02374149113893509,-0.11825676262378693,0.1449817568063736
-0.09157071262598038,0.4025276005268097,0.19784334301948547
0.11725980788469315,0.04210380092263222,0.5489637851715088
0.1188085526227951,0.7636504769325256,0.43963611125946045
-0.3993403911590576,-0.6234643459320068,0.23200134932994843
0.30578190088272095,0.1505541205406189,0.48163166642189026
0.050658322870731354,-0.48771795630455017,-0.012643498368561268
-0.15891048312187195,-0.7141240835189819,-0.28398004174232483
0.027497127652168274,-0.22895486652851105,0.10173112899065018
-0.2345808446407318,-0.0939795970916748,0.23925158381462097
-0.17719872295856476,0.30837321281433105,0.19502198696136475
0.034631386399269104,0.46126264333724976,0.5740416049957275
0.000973252288531512,0.04949062690138817,0.2273087352514267
0.16511136293411255,-0.2534453272819519,-0.5418269634246826
0.09143800288438797,-0.15858817100524902,0.0436735600233078
-0.18491466343402863,-0.2574939727783203,-0.10492049902677536
-0.337954580783844,0.7341850399971008,0.3920256197452545
-0.03512425720691681,-0.45126715302467346,0.0872080996632576
0.26447156071662903,-0.18169064819812775,-0.47095343470573425
-0.2080521583557129,-0.22809137403964996,-0.1960732787847519
-0.3763924837112427,-0.7866674661636353,-0.04599958658218384
0.2113163024187088,0.023710820823907852,0.14282815158367157
-0.006567806005477905,0.49456900358200073,0.7260905504226685
-0.013580321334302425,-0.5177531838417053,-0.22485345602035522
-0.6256465911865234,0.6473780870437622,-0.2081998884677887
-0.017314009368419647,0.23550666868686676,0.12538589537143707
0.024319976568222046,0.6111119985580444,0.25973403453826904
0.16922281682491302,-0.7164735198020935,-0.38490650057792664
0.026222482323646545,0.16709783673286438,0.2175195962190628
0.08510439842939377,0.20879973471164703,0.14282815158367157
-0.3220961093902588,0.30179691314697266,0.29661619663238525
-0.01585141196846962,0.3349822461605072,0.1431218385696411
0.06740772724151611,0.2488255351781845,-0.3755795955657959
-0.2682556211948395,0.12467152625322342,0.11551635712385178
-0.03601711988449097,-0.28770747780799866,-0.5132426619529724
0.02476184256374836,-0.19071419537067413,0.31510019302368164
-0.33315789699554443,-0.1951018124818802,-0.3788372278213501
0.041082460433244705,-0.6644929647445679,-0.08821605145931244
-0.14970865845680237,-0.17366352677345276,0.44433489441871643
0.041258662939071655,-0.13440892100334167,-0.7442672848701477
0.30646711587905884,0.17571231722831726,0.21840061247348785
0.32614338397979736,0.34369462728500366,0.37228652834892273
-0.29918941855430603,-0.07968738675117493,-0.4107499122619629
0.2977547347545624,0.07480544596910477,0.4059613049030304
0.06607629358768463,-0.18852555751800537,0.002991780173033476
0.015307547524571419,-0.534101128578186,-0.45059192180633545
-0.2986999750137329,-0.0764569565653801,-0.28652524948120117
0.2075810432434082,-0.07696178555488586,-0.06694837659597397
-0.06059775501489639,-0.3590705990791321,-0.25608089566230774
0.11038985103368759,-0.7164735198020935,-0.5784385800361633
-0.10692994296550751,-0.24346035718917847,-0.09410913288593292
0.16938358545303345,0.7344787120819092,0.569146990776062
-0.030231717973947525,-0.6256299018859863,-0.16220268607139587
0.06828659027814865,-0.7138304114341736,-0.41016262769699097
0.5739056468009949,-0.5190238952636719,0.16797441244125366
-0.2817646861076355,-0.08536511659622192,0.4312174320220947
0.1608041375875473,0.3941088616847992,0.19852857291698456
0.14396673440933228,0.3859838843345642,0.5679722428321838
0.10197115689516068,0.1840331107378006,0.5514285564422607
-0.04950661212205887,0.2934761047363281,0.559357762336731
-0.029429005458950996,-0.19911539554595947,0.048401735723018646
-0.16036134958267212,0.0813523605465889,0.21391509473323822
0.32741597294807434,0.3604341149330139,0.4984690248966217
-0.2563457190990448,-0.8272122144699097,0.4743129014968872
-0.33257052302360535,0.4026254713535309,0.33861175179481506
-0.04109770432114601,0.5626786351203918,0.18453006446361542
-0.022799674421548843,0.6281856894493103,0.5983991026878357
0.045533813536167145,-0.18388068675994873,0.24036481976509094
-0.22813750803470612,-0.23287053406238556,-0.10678818076848984
0.26554834842681885,-0.1972554326057434,-0.31726330518722534
0.005855306517332792,-0.6791139245033264,0.2517189085483551
-0.21774345636367798,0.0321216844022274,0.11551635712385178
-0.3408913314342499,0.4853440225124359,0.13499680161476135
-0.18504761159420013,-0.1638743281364441,-0.08072733879089355
0.3233751952648163,-0.1406509280204773,-0.13586218655109406
0.21728768944740295,-0.6692897081375122,-0.40908583998680115
-0.28518885374069214,0.250787615776062,-0.18746650218963623
0.2697577178478241,-0.15672823786735535,-0.22818177938461304
-0.5385580062866211,-0.493272602558136,0.7148022651672363
0.12997381389141083,-0.5302261114120483,-0.3562493920326233
0.05584105849266052,0.37558430433273315,0.578238844871521
0.051458992063999176,0.7635524868965149,0.5068878531455994
0.07319097220897675,-0.5861795544624329,-0.2697857618331909
-0.0045830863527953625,-0.3396880030632019,-0.5190182328224182
0.02890115976333618,1.0856046676635742,0.839022696018219
-0.1336544156074524,-0.07538013905286789,0.05258171632885933
0.017778724431991577,0.42758238315582275,0.19030016660690308
0.23657238483428955,0.1894800215959549,0.5491770505905151
0.4343909025192261,-0.4792609214782715,-1.046144723892212
0.28698664903640747,0.3518196642398834,0.14361128211021423
0.05172961950302124,0.39721840620040894,0.24813085794448853
0.07586342096328735,-0.4067439138889313,-0.3516232967376709
0.026212694123387337,-0.2998460829257965,-0.41016262769699097
0.27788272500038147,0.6364890336990356,0.1783628612756729
0.2289368212223053,-0.1298079937696457,-0.613092303276062
-0.12643353641033173,-0.41780751943588257,-0.5207055807113647
-0.27412912249565125,-0.07665274292230606,-0.5317442417144775
-0.3199424743652344,-0.13646462559700012,-0.1643563210964203
0.2517456114292145,-0.235922709107399,-0.5926328301429749
0.1495465785264969,-0.2572631537914276,-0.03503438085317612
-0.06367155909538269,-0.18110330402851105,0.2623540759086609
-0.11867695301771164,-0.2874138057231903,-0.4041912257671356
-0.19060444831848145,1.0493736267089844,-0.08944612741470337
-0.2675703763961792,-0.22760188579559326,-0.15368612110614777
0.17764151096343994,0.14986886084079742,0.1431218385696411
-0.20090606808662415,0.5285143852233887,0.1431218385696411
0.16922281682491302,0.7512182593345642,0.21565963327884674
-0.20932474732398987,0.292986661195755,0.14282815158367157
0.33240842819213867,-0.19627651572227478,-0.3673838973045349
0.10020910203456879,-0.29857346415519714,-0.3426172733306885
-0.02985972724854946,-0.636202335357666,0.15594565868377686
0.25444114208221436,-0.3796509802341461,-0.4931517243385315
0.21754302084445953,-0.3490668535232544,0.8254871964454651
0.4642435610294342,-1.0243544578552246,-0.8145284056663513
-0.15822523832321167,-0.2676396667957306,-0.5112847685813904
0.044500932097435,0.7729326486587524,0.2446531355381012
-0.3220961093902588,0.30179691314697266,0.3975425958633423
-0.0013276636600494385,0.41328251361846924,0.21930468082427979
-0.30976176261901855,0.18364153802394867,0.27977877855300903
-0.09919648617506027,-0.5906825661659241,-0.376096248626709
-0.2476983368396759,-0.2665628492832184,-0.5352683067321777
0.34493860602378845,-0.1490926742553711,-0.45274555683135986
0.3563310503959656,1.128774881362915,0.0701693594455719
-0.14863185584545135,-0.3159981966018677,-0.5519099235534668
-0.26727670431137085,-0.11903989315032959,-0.17639701068401337
-0.05376695841550827,0.7153095006942749,0.565738320350647
0.051468778401613235,-0.07489068806171417,0.052611079066991806
0.28649717569351196,-0.24678871035575867,-0.2533399164676666
0.06336263567209244,-0.5247035026550293,-0.3198084831237793
-0.11466339230537415,0.5471137762069702,0.1858026385307312
0.16404016315937042,0.41280072927474976,0.5058165192604065
-0.13678693771362305,-0.25413060188293457,-0.1472252458333969
0.06825722008943558,-0.7141240835189819,-0.22504922747612
-0.15891048312187195,-0.7138304114341736,-0.4269999861717224
0.193028062582016,0.639310359954834,0.12538589537143707
-0.5375637412071228,0.6803522109985352,-0.10298590362071991
0.09352310001850128,0.7636504769325256,0.33861175179481506
0.22082513570785522,-0.4322354793548584,-0.6328544020652771
-0.2690563201904297,-0.2549312710762024,-0.34935426712036133
0.19447891414165497,0.023704946041107178,0.2294623702764511
-0.057925306260585785,0.46116477251052856,0.11551635712385178
0.0682768002152443,-0.27870142459869385,-0.02202456444501877
0.14396673440933228,0.20879973471164703,0.11551635712385178
0.001005556434392929,-0.2777225375175476,-0.5864656567573547
-0.16732917726039886,-0.23631426692008972,-0.6962023973464966
-0.13952790200710297,-0.6662550568580627,-0.14967255294322968
0.24499106407165527,0.3265635371208191,0.20420630276203156
-0.06633421033620834,0.09940565377473831,0.1431218385696411
0.2470467984676361,-0.2229030877351761,-0.4350271224975586
0.2214166820049286,-0.17926089465618134,-0.055091530084609985
-0.23402661085128784,-0.5357226133346558,-0.2483985722064972
-0.2766743004322052,0.41916921734809875,0.14282815158367157
-0.08316180855035782,0.21721844375133514,0.14282815158367157
0.06805165112018585,-0.3112015128135681,-0.2938671410083771
0.05420975014567375,-0.6079115271568298,-0.5063902139663696
-0.00490221381187439,-0.2743942141532898,-0.7174449563026428
-0.17496474087238312,0.5691394805908203,0.5828518271446228
-0.285778284072876,-0.0474809892475605,0.47820550203323364
0.35777559876441956,0.43102726340293884,0.12737447023391724
-0.14632877707481384,0.03759828209877014,-0.4910675883293152
0.5712246894836426,0.4229903221130371,0.305331826210022
-0.03300205618143082,-0.5550499558448792,-0.2660658657550812
-0.3533235788345337,0.6082961559295654,0.1834532469511032
-0.04698038101196289,0.2350635528564453,0.24154287576675415
0.15307068824768066,-0.3205012381076813,-0.5230317711830139
-0.12552937865257263,-0.28154030442237854,-0.2754634618759155
-0.09978383779525757,-0.3247106075286865,-0.18324944376945496
0.059466540813446045,-0.280169814825058,-0.16112588346004486
-0.05771973356604576,-0.2835960388183594,-0.18334734439849854
0.07916237413883209,-0.3560359477996826,-0.45793384313583374
0.293416827917099,0.06505678594112396,0.25651124119758606
-0.6671570539474487,0.20213548839092255,-0.10135233402252197
0.6489784717559814,0.011657655239105225,0.578238844871521
-0.15049178898334503,0.46116477251052856,0.1431218385696411
-0.0840819925069809,-0.3193265199661255,-0.5958633422851562
0.1425158828496933,-0.11758903414011002,0.25195997953414917
-0.4039567708969116,0.018619030714035034,-0.1734371781349182
-0.3907161355018616,-1.0263869762420654,-0.968231737613678
0.05723460763692856,-0.48956039547920227,-0.40056923031806946
-0.631324291229248,0.20455068349838257,-0.9666654467582703
0.35022473335266113,0.5709993839263916,0.32177436351776123
-0.3356052041053772,0.30972614884376526,0.14282815158367157
0.5382629632949829,-0.48191285133361816,0.3206268846988678
-0.3118644952774048,-1.0023157596588135,0.5087457895278931
-0.21119029819965363,0.1741054356098175,0.26078230142593384
0.2022123783826828,-0.2771351933479309,-0.12608061730861664
0.4168967008590698,-0.3798467814922333,-0.5314274430274963
0.21904975175857544,-0.30248916149139404,-0.4763374626636505
-0.25983694195747375,0.2175121158361435,0.5531905889511108
-0.10839831084012985,0.36591604351997375,0.5652312636375427
0.29444271326065063,-0.7027303576469421,0.2325761765241623
0.01779399812221527,0.3435967266559601,0.5634692311286926
0.03963366150856018,-0.33939436078071594,-0.21095280349254608
0.44791316986083984,0.18689942359924316,-0.28012531995773315
-0.17359425127506256,0.04233277589082718,0.22789610922336578
-0.22694528102874756,-0.11434108018875122,-0.6226856112480164
-0.04109770432114601,-0.05147497355937958,0.2357274740934372
-0.3355744779109955,-0.1800936460494995,-0.3256148099899292
0.35737088322639465,0.6384468674659729,0.33861175179481506
-0.25601914525032043,-0.21732325851917267,-0.35172122716903687
-0.2788279354572296,-0.15153998136520386,-0.4668419361114502
0.15111283957958221,-0.17023730278015137,-0.049695637077093124
0.22022445499897003,-0.31090784072875977,-0.38471072912216187
-0.19563743472099304,0.6740970015525818,0.13223829865455627
-0.23477663099765778,-0.3025870621204376,-0.3459455966949463
-0.22680357098579407,-0.4382011294364929,-0.8571595549583435
0.019937828183174133,-0.6542143225669861,0.14596067368984222
-0.15019811689853668,-0.09466484189033508,-0.00012323205010034144
0.05216380953788757,-0.5731599926948547,-0.45509493350982666
0.21973498165607452,0.7636504769325256,0.49005040526390076
0.026212694123387337,0.1164877787232399,0.5459466576576233
0.3395545482635498,0.47026869654655457,0.2040105164051056
-0.015763308852910995,-0.31854337453842163,-0.0995812937617302
-0.30535659193992615,0.16171377897262573,0.21908585727214813
-0.15440338850021362,0.4346613883972168,0.26085472106933594
-0.11681700497865677,0.6463760733604431,0.5892147421836853
-0.3561624586582184,0.6299302577972412,0.4648922085762024
-0.03281606361269951,0.766391396522522,0.3555470108985901
-0.2442721277475357,-0.23856578767299652,-0.5977232456207275
0.6221933960914612,0.21822263300418854,-0.5938328504562378
-0.00968363881111145,0.15987694263458252,0.15539810061454773
0.05097931995987892,-0.3169771432876587,-0.10026653856039047
-0.05449828505516052,0.9132887125015259,0.24056249856948853
-0.01720231957733631,-0.5561267733573914,-0.394010454416275
0.07670528441667557,-0.7164735198020935,-0.4689955711364746
0.026212694123387337,-0.7138304114341736,-0.3680691421031952
0.41389644145965576,0.7560569047927856,-0.11564822494983673
-0.3197817802429199,0.2234484702348709,0.11747419089078903
-0.19403612613677979,0.14841802418231964,0.10564681887626648
0.2702471613883972,0.4025276005268097,0.19784334301948547
0.6135504245758057,0.08742588758468628,0.15095648169517517
-0.669458270072937,0.3691059350967407,0.48969942331314087
-0.015841620042920113,0.48671454191207886,0.19079512357711792
0.140932098031044,-0.30640479922294617,-0.13557612895965576
-0.16878004372119904,0.0846652016043663,0.531671941280365
-0.30300721526145935,0.1182008907198906,0.3407653570175171
-0.11681700497865677,0.537128746509552,0.5803065896034241
0.11871065199375153,0.5285143852233887,0.11551635712385178
0.11871065199375153,0.6883715987205505,0.14282815158367157
-0.04109770432114601,0.595766007900238,0.1431218385696411
0.07372245192527771,0.2240149825811386,-0.2915891408920288
-0.041078127920627594,-0.2006816416978836,0.3218722641468048
-0.2640638053417206,-0.15126380324363708,0.3539983034133911
-0.2261621505022049,0.10782435536384583,0.14282815158367157
-0.07310833036899567,-0.19588495790958405,-0.6981602311134338
-0.0074415262788534164,0.11624304950237274,0.14282815158367157
0.11721154302358627,-0.14925773441791534,-0.7873089909553528
-0.5246223211288452,0.38729625940322876,0.3064451217651367
0.32908013463020325,0.537128746509552,0.5803065896034241
0.0011426048586145043,-0.6176028251647949,-0.5384008884429932
0.09923017770051956,-0.1518336534500122,0.22858135402202606
0.05144920200109482,0.46116477251052856,0.1431218385696411
-0.03794558718800545,-0.5000348091125488,-0.42386746406555176
-0.19356417655944824,-0.3158024251461029,-0.4356144964694977
-0.1648818850517273,-0.30464276671409607,-0.15877647697925568
0.03349584341049194,-0.11032752692699432,0.18374691903591156
0.16393665969371796,-0.21908530592918396,-0.11253237724304199
-0.11123717576265335,0.7428973913192749,0.5614135265350342
0.03403425216674805,-0.2250567078590393,-0.7679570913314819
-0.2209738940000534,-0.29749664664268494,-0.23151008784770966
0.6576105356216431,-0.1126825362443924,-0.17170380055904388
0.17206169664859772,-0.12647967040538788,-0.6822038888931274
0.3148267865180969,-0.4747886061668396,-0.31506630778312683
-0.2319861501455307,0.20545947551727295,-0.300188809633255
-0.01479068398475647,0.9878823161125183,0.9126372933387756
0.20878861844539642,-0.12493092566728592,-0.7193224430084229
0.16922281682491302,0.5962554812431335,0.5851033926010132
0.23244555294513702,-0.29376140236854553,-0.2673538327217102
0.15299029648303986,-0.24612095952033997,-0.6610767841339111
-0.026276886463165283,-0.5216687917709351,0.24659346044063568
-0.2216591238975525,-0.6772188544273376,-0.3928357660770416
0.197709321975708,-0.2636260986328125,-0.43473342061042786
0.32868853211402893,0.3684612512588501,0.2124292254447937
0.07352380454540253,-0.2876095771789551,-0.4889654815196991
-0.3283611834049225,0.3621962070465088,0.3912775218486786
0.02342277765274048,-0.5632728338241577,0.1306895762681961
0.18604828417301178,-0.3860139548778534,-0.4927952289581299
0.12918506562709808,-0.6333634257316589,-0.18892715871334076
0.2240247279405594,0.7243783473968506,0.5713181495666504
-0.20794998109340668,-0.2887799143791199,-0.27869826555252075
0.2113163024187088,-0.07518437504768372,-0.0063002039678394794
-0.23986700177192688,-0.18237587809562683,-0.5399671196937561
-0.11084561049938202,-0.32911571860313416,-0.23660045862197876
