0.03456585481762886,0.01610063947737217,-0.7416215538978577
-0.2885560393333435,-0.5477423667907715,0.7414460778236389
0.3067927360534668,0.37438029050827026,0.30721035599708557
0.31324025988578796,-0.5115755200386047,0.010251577012240887
-0.367808997631073,0.34649014472961426,-0.1454872488975525
-0.2900213897228241,0.19939404726028442,0.7812498807907104
-0.31571292877197266,-0.5330663919448853,-0.395454466342926
0.2886492609977722,-0.1558738350868225,0.7434481978416443
0.4312174320220947,0.3454532027244568,-0.3377086818218231
-0.1024060919880867,-0.10730208456516266,0.26263752579689026
0.2449214905500412,-0.532394289970398,-0.5640577077865601
-0.3222852051258087,0.35232919454574585,-0.681248664855957
0.03553299605846405,0.044040147215127945,-0.21106405556201935
-0.3129023611545563,-0.5134081840515137,0.13678517937660217
-0.20439504086971283,0.37872806191444397,0.3185165226459503
0.05958440899848938,-0.5142614841461182,0.4407274127006531
0.13258907198905945,0.39892300963401794,0.784766674041748
0.2826407551765442,0.37672483921051025,-0.7636501789093018
-0.29036280512809753,-0.09569645673036575,-0.45089438557624817
-0.16170425713062286,-0.15265004336833954,0.6577959060668945
0.2852300703525543,-0.13861189782619476,-0.46662256121635437
0.009104308672249317,0.39838624000549316,-0.007066086865961552
-0.0858558714389801,-0.36602720618247986,-0.6595013737678528
-0.11114300787448883,-0.31717127561569214,-0.15923868119716644
0.12296604365110397,0.07862260192632675,0.5156561136245728
-0.05643291398882866,0.366321325302124,-0.8904795050621033
0.2858656048774719,-0.5423210859298706,0.7430538535118103
0.12720437347888947,-0.1993177831172943,0.05628667399287224
-0.2752690613269806,-0.46468403935432434,0.4407757520675659
0.3059404790401459,0.17992772161960602,-0.08667463809251785
-0.4139789938926697,0.20646192133426666,-0.41195350885391235
0.3245723843574524,-0.37761932611465454,-0.3004239797592163
-0.27341294288635254,0.06050049886107445,-0.16930080950260162
0.04719674214720726,0.456417977809906,0.5027350783348083
0.10538174957036972,-0.22587889432907104,0.5215175151824951
0.06044408306479454,0.143098384141922,0.1798936277627945
0.29665982723236084,0.16322265565395355,-0.5288514494895935
-0.2490396499633789,0.08927086740732193,-0.7057690024375916
-0.008241680450737476,-0.46536785364151,0.15014733374118805
0.28752630949020386,0.15547817945480347,0.7420310378074646
-0.0009788601892068982,-0.41168633103370667,0.7021474242210388
0.2727256715297699,-0.09387941658496857,-0.18517601490020752
-0.05649152770638466,0.044430915266275406,-0.47668468952178955
-0.0513334646821022,0.09571844339370728,0.7376090884208679
0.2868424952030182,-0.5290620923042297,0.30205515027046204
-0.1304432898759842,0.3014548122882843,0.568213701248169
0.15110093355178833,-0.29211312532424927,-0.6366041302680969
-0.20969276130199432,0.22630831599235535,-0.014728409238159657
0.05796324834227562,-0.5123569965362549,-0.12843972444534302
0.28762295842170715,0.38073018193244934,0.07091929018497467
-0.309776246547699,-0.4823649525642395,-0.12678398191928864
-0.08459948003292084,-0.06347070634365082,-0.008231484331190586
-0.10748600214719772,0.08487480133771896,0.4314468502998352
0.04779409244656563,0.36670148372650146,0.25639602541923523
-0.2954320013523102,-0.2940775752067566,-0.30368536710739136
0.28571853041648865,0.32822203636169434,0.5774942636489868
0.13346728682518005,0.21387571096420288,-0.8781434893608093
0.13417629897594452,-0.05784597992897034,0.31565937399864197
-0.0629390999674797,-0.3191733956336975,0.3740047812461853
0.3701607882976532,0.12098266929388046,-0.3199513852596283
0.03326420113444328,-0.5579999089241028,-0.7265502214431763
-0.12540102005004883,-0.13203877210617065,-0.6169082522392273
-0.27771130204200745,-0.3148255944252014,-0.520889163017273
0.05960395559668541,-0.08125490695238113,0.7354599237442017
-0.27099767327308655,-0.32349416613578796,0.7434481978416443
-0.24178361892700195,-0.5552645325660706,-0.6438062787055969
-0.30743271112442017,-0.0028518312610685825,0.777343213558197
0.36804574728012085,0.3975553512573242,-0.5682924389839172
-0.09144571423530579,0.15174449980258942,-0.86847323179245
-0.053109996020793915,-0.28279486298561096,0.04980742186307907
-0.29595810174942017,0.3533554971218109,0.1349066197872162
0.31617099046707153,0.35218319296836853,-0.16078029572963715
0.1686583161354065,0.06345362961292267,-0.40263524651527405
-0.1074693351984024,0.3777511417865753,0.7807624340057373
0.11925380676984787,-0.30999046564102173,-0.15704116225242615
0.25768131017684937,-0.46746769547462463,0.5220060348510742
0.10567481815814972,0.12424410134553909,-0.024602044373750687
-0.20529845356941223,-0.14454637467861176,-0.15862835943698883
0.06044408306479454,0.24479426443576813,0.41102951765060425
0.2644820213317871,0.10899265110492706,-0.7346478700637817
-0.1304432898759842,-0.4645369350910187,-0.01431522611528635
-0.355424702167511,0.3715966045856476,-0.3470492959022522
0.17874737083911896,-0.043070536106824875,-0.6075899600982666
-0.25460803508758545,0.10197065025568008,-0.5054057240486145
0.21166908740997314,-0.32845398783683777,0.6993143558502197
-0.20613107085227966,0.27456751465797424,-0.8301291465759277
0.2841554880142212,-0.3375392258167267,-0.4998374283313751
-0.0629390999674797,-0.09729857742786407,0.4849812388420105
-0.11539893597364426,-0.3409584164619446,0.5649898648262024
0.060766465961933136,-0.12504270672798157,-0.14492064714431763
0.05832419916987419,0.3189414143562317,0.5959577560424805
0.06093253940343857,-0.22675809264183044,0.2631259858608246
-0.2989325523376465,0.395797997713089,0.6429729461669922
-0.39346396923065186,0.19757208228111267,-0.23544906079769135
0.11690923571586609,0.1604873239994049,0.6856377124786377
-0.1483582854270935,-0.457540899515152,0.2809433341026306
-0.1304432898759842,0.37589502334594727,0.14286890625953674
-0.1061183363199234,0.14212147891521454,-0.12312299758195877
-0.3975023627281189,0.18610915541648865,-0.62700355052948
-0.16258348524570465,0.03202420845627785,0.6061176061630249
0.1929125040769577,-0.06958376616239548,0.6144213080406189
-0.30958086252212524,0.341774046421051,0.49140188097953796
-0.10978399217128754,0.06245255470275879,-0.3031351566314697
-0.41457685828208923,0.3598254323005676,-0.5151264071464539
0.20912913978099823,0.10939513146877289,-0.21995387971401215
0.060600396245718,-0.05105185508728027,0.14286890625953674
-0.052514079958200455,-0.5044323801994324,0.5615106821060181
0.30777066946029663,-0.5009048581123352,-0.13127775490283966
0.12843671441078186,-0.465025395154953,0.272308886051178
0.10079028457403183,0.3786303400993347,-0.8189924359321594
0.43261921405792236,0.23329268395900726,-0.19399410486221313
0.3049635589122772,-0.22675809264183044,-0.29195186495780945
0.1819228082895279,0.2820896804332733,0.18070106208324432
-0.0629390999674797,0.13391545414924622,0.05963653326034546
0.16311687231063843,0.28074440360069275,-0.06825019419193268
-0.3542523980140686,0.06670435518026352,-0.33542415499687195
-0.0629390999674797,0.18012309074401855,0.2908701002597809
0.03927217051386833,-0.40159833431243896,0.0010002785129472613
-0.1895730048418045,0.3904239535331726,-0.13115553557872772
-0.24141976237297058,-0.46512308716773987,0.6144213080406189
0.10518636554479599,-0.41168633103370667,0.5741727352142334
0.2974896728992462,-0.030556879937648773,-0.3359619677066803
0.007093826308846474,-0.17111212015151978,-0.6474854350090027
-0.08428449183702469,0.37560194730758667,0.42939531803131104
-0.10191763937473297,0.042574793100357056,-0.6328918933868408
0.05995563045144081,0.07832952588796616,0.36472415924072266
0.42502525448799133,0.23580673336982727,-0.4553881585597992
0.3090171813964844,-0.5487203598022461,-0.40383344888687134
0.37937676906585693,0.2237199991941452,-0.6740902662277222
-0.032710764557123184,-0.2855408787727356,0.7537010908126831
-0.3125985562801361,-0.07875058799982071,-0.28251349925994873
-0.051107846200466156,0.053233757615089417,0.20090782642364502
0.1654614359140396,0.37589502334594727,0.4294930398464203
0.28879523277282715,0.3208458721637726,0.7366805672645569
0.15618084371089935,-0.4645369350910187,0.11512477695941925
-0.25607338547706604,0.21128639578819275,-0.1446637511253357
0.05449473112821579,0.04179326817393303,-0.5875634551048279
0.2976968288421631,0.019413791596889496,-0.50712651014328
-0.054303254932165146,0.4292340874671936,0.5940039157867432
0.06043432280421257,0.281721293926239,0.11512477695941925
0.008521548472344875,0.23785822093486786,-0.05072059482336044
-0.1581874042749405,-0.4645369350910187,0.1335882991552353
0.2669878304004669,-0.012083593755960464,0.7217338681221008
-0.24112671613693237,-0.319271057844162,-0.15743190050125122
-0.0629390999674797,-0.3377346098423004,0.19835714995861053
-0.08164684474468231,0.16302727162837982,0.5597144961357117
-0.12917330861091614,-0.00572343310341239,-0.1439603865146637
0.16536375880241394,-0.4386489689350128,-0.6536023020744324
-0.01024481188505888,-0.4673699736595154,0.3185165226459503
-0.11233383417129517,-0.5586837530136108,-0.7201026082038879
0.15588776767253876,-0.013958744704723358,-0.15225431323051453
-0.1304432898759842,0.24479426443576813,0.7018543481826782
-0.09052548557519913,-0.18161672353744507,-0.04825437813997269
-0.35725489258766174,0.2882924973964691,0.02170666679739952
-0.3136131465435028,-0.38394227623939514,-0.3932569622993469
0.060766469687223434,-0.004824682138860226,0.6144213080406189
-0.250407338142395,0.23170369863510132,-0.6989307403564453
0.030208855867385864,0.151402086019516,-0.7840192317962646
-0.1581874042749405,-0.35619810223579407,0.6993143558502197
-0.3113393187522888,-0.1669817566871643,0.7411966919898987
0.08221931755542755,-0.2360386997461319,0.6993143558502197
0.05110343173146248,-0.3648325204849243,0.4104810059070587
-0.07883430272340775,-0.4558317959308624,-0.134571373462677
0.17474205791950226,-0.43943047523498535,-0.15596656501293182
-0.2737329304218292,-0.5115755200386047,0.2735035717487335
-0.0629390999674797,0.23561133444309235,0.1613324135541916
0.19711320102214813,0.25495409965515137,-0.760475754737854
-0.2325299233198166,-0.014075973071157932,-0.577696681022644
0.25748592615127563,-0.30373823642730713,-0.16182798147201538
0.28566911816596985,-0.47816428542137146,0.15207871794700623
-0.1270241141319275,0.05634916201233864,-0.7675094604492188
0.06093253940343857,0.24479426443576813,0.272308886051178
0.06738249212503433,-0.345967561006546,-0.7033975124359131
0.008256806060671806,0.04452860727906227,-0.3564276099205017
-0.17709104716777802,-0.26256221532821655,-0.5910096168518066
-0.13598473370075226,-0.14930664002895355,0.1313907504081726
-0.2029673159122467,-0.4068618714809418,-0.604892373085022
-0.15699270367622375,0.044040147215127945,-0.4315740764141083
0.060600396245718,-0.12507200241088867,0.43877360224723816
-0.009141843765974045,0.2501779794692993,-0.8999672532081604
-0.258640319108963,-0.47318312525749207,-0.012313072569668293
-0.13972391188144684,-0.4673699736595154,0.44795656204223633
0.17474205791950226,0.30135709047317505,0.6607266068458557
-0.19511444866657257,0.37872806191444397,0.02267042174935341
-0.05443025380373001,-0.18053093552589417,-0.16358640789985657
0.2338448464870453,-0.21786826848983765,-0.5634339451789856
-0.0628804862499237,-0.2360386997461319,0.5033470988273621
0.18392497301101685,-0.4645369350910187,0.3925659656524658
-0.30833783745765686,-0.4577963352203369,-0.2834527790546417
0.1897863894701004,0.05976833030581474,0.6414815783500671
-0.0010101210791617632,0.21705013513565063,0.7014635801315308
0.07178690284490585,-0.01149600837379694,-0.03021831437945366
0.060111939907073975,-0.30999046564102173,0.16143009066581726
0.18802796304225922,-0.21757520735263824,0.6237018704414368
-0.11999039351940155,-0.04194708913564682,0.7145540714263916
-0.1026991605758667,0.3035063147544861,0.2939692437648773
0.1469002366065979,0.37589502334594727,0.08738065510988235
0.18447349965572357,-0.457540899515152,-0.004505655728280544
0.061967555433511734,-0.5123569965362549,0.05157993361353874
-0.259883314371109,0.3043855130672455,0.22610127925872803
-0.44478562474250793,0.3412865996360779,-0.23189802467823029
0.2918236255645752,0.3223111927509308,0.4497632682323456
-0.2507003843784332,-0.17864550650119781,-0.5428212285041809
-0.11989270150661469,0.35879915952682495,-0.7915413975715637
0.3647995889186859,0.3547455370426178,-0.07829228788614273
-0.29329347610473633,-0.44880878925323486,-0.5032565593719482
0.3002367615699768,0.10992121696472168,-0.4125620722770691
0.12706905603408813,0.1076367050409317,-0.7079182863235474
-0.315187931060791,-0.20965054631233215,-0.4039911925792694
0.30150848627090454,0.34623298048973083,0.17976003885269165
-0.11619216948747635,-0.008567164652049541,0.32075169682502747
-0.0942196249961853,0.3369165062904358,-0.06665783375501633
0.08915534615516663,0.029093487188220024,0.7343852519989014
-0.0629390999674797,0.21705013513565063,0.4294930398464203
0.1654614359140396,-0.1897333711385727,-0.15967880189418793
-0.052108921110630035,-0.1821000576019287,0.35399171710014343
0.1654614359140396,0.30165019631385803,0.32779714465141296
0.13390739262104034,-0.13598403334617615,0.19952940940856934
-0.23213917016983032,0.12463486939668655,0.6993143558502197
0.3615264296531677,0.23522056639194489,-0.34714701771736145
-0.06643641740083694,0.3075115978717804,0.05914808064699173
0.3118996024131775,-0.3191733956336975,-0.3749888241291046
0.05810927972197533,-0.5041016936302185,0.6421654224395752
0.06027801334857941,0.18002541363239288,0.5497502088546753
0.20248617231845856,-0.4645369350910187,0.6328848600387573
-0.20994995534420013,0.13852038979530334,-0.7943878769874573
-0.22432392835617065,0.37042436003685,-0.7190549969673157
-0.2533487379550934,0.08378949016332626,-0.27044928073883057
-0.040458131581544876,-0.4924057722091675,0.7120411396026611
0.06027801334857941,-0.24531930685043335,-0.032808057963848114
0.32757946848869324,0.1018236055970192,-0.19899876415729523
-0.029118627309799194,0.05498148500919342,-0.0846133604645729
0.26715731620788574,0.3556731045246124,-0.6418793797492981
0.026740839704871178,0.3783372938632965,0.7068365812301636
-0.392910897731781,0.07317886501550674,-0.48359379172325134
0.34638434648513794,0.3555753827095032,-0.43116092681884766
-0.3195722699165344,0.09454616159200668,-0.6073946952819824
0.261295884847641,0.04745931923389435,-0.6260536313056946
0.17474205791950226,0.37872806191444397,0.5497502088546753
0.0825929120182991,0.04868094623088837,0.060541678220033646
0.06044408306479454,-0.25450220704078674,0.41102951765060425
-0.31673920154571533,0.2880712151527405,-0.2169254720211029
0.30486586689949036,-0.5114060640335083,-0.3207929730415344
0.22703343629837036,0.35706770420074463,-0.09145408868789673
-0.0629390999674797,-0.3932228684425354,0.05963653326034546
-0.32240530848503113,0.28904810547828674,-0.5338336825370789
-0.36499837040901184,0.2534887194633484,-0.3281950354576111
0.21831205487251282,0.09806302189826965,-0.08939042687416077
0.05473751574754715,-0.08138622343540192,-0.6598168611526489
-0.23836444318294525,0.39921608567237854,0.784766674041748
-0.000989606254734099,0.3043855130672455,0.49426186084747314
-0.2876274287700653,-0.4184269905090332,0.7129910588264465
0.11925380676984787,-0.4024057388305664,0.7021474242210388
0.03600190579891205,-0.4115886688232422,-0.1591903418302536
0.12843671441078186,0.044430915266275406,-0.28247588872909546
0.18392497301101685,0.0493154376745224,-0.5334429144859314
0.3083944320678711,0.2653210163116455,-0.16171959042549133
-0.19433291256427765,0.14653997123241425,-0.0489201620221138
-0.17865309119224548,-0.42834314703941345,-0.15406209230422974
0.15996836125850677,0.15083837509155273,-0.7920074462890625
0.3059145510196686,-0.49162423610687256,0.4203101098537445
-0.03791078180074692,-0.1527770459651947,0.7021474242210388
-0.30586862564086914,0.28262749314308167,0.3377875089645386
0.08933807909488678,0.24784508347511292,0.02461446076631546
0.3302547335624695,0.38284170627593994,-0.30099940299987793
-0.03856674209237099,-0.07055233418941498,-0.16774947941303253
-0.11098045110702515,0.2506332993507385,-0.8702576160430908
0.05447519198060036,0.37872806191444397,0.4017488956451416
0.2694794833660126,-0.41481247544288635,0.7631063461303711
0.07849730551242828,0.12326720356941223,-0.1355394721031189
0.15383626520633698,-0.15351948142051697,-0.6179452538490295
-0.28430595993995667,-0.21737982332706451,-0.1878136843442917
0.07076165080070496,-0.3844907581806183,0.2624797821044922
-0.04328088462352753,-0.20709988474845886,0.1971624344587326
-0.24141976237297058,0.3014548122882843,0.5866771340370178
-0.026021836325526237,0.3034086227416992,-0.8187970519065857
-0.18593154847621918,0.37589502334594727,0.4757006764411926
-0.10787676274776459,-0.43943047523498535,0.6405046582221985
0.17409586906433105,0.3090146481990814,-0.8533194661140442
0.12706905603408813,-0.10651080310344696,0.5261090397834778
0.060600396245718,0.03212190046906471,0.21682067215442657
0.06374602764844894,0.044235531240701675,-0.47668468952178955
0.03555891290307045,0.33540281653404236,-0.9111639857292175
0.230132594704628,0.20786722004413605,0.7018543481826782
0.10997320711612701,0.3040924668312073,0.49426186084747314
0.1663406640291214,-0.31106507778167725,0.5681159496307373
0.26745036244392395,0.2768367528915405,-0.030844474211335182
0.00826853048056364,0.37872806191444397,0.11512477695941925
0.3973788321018219,0.13469700515270233,-0.42148953676223755
-0.30833783745765686,0.009301378391683102,-0.4267648160457611
-0.43992704153060913,0.3094654381275177,-0.38456252217292786
0.34179291129112244,0.26355087757110596,-0.52005934715271
-0.2690545320510864,-0.06885302066802979,-0.2019895315170288
-0.0629390999674797,-0.27296575903892517,-0.05129697546362877
0.23794785141944885,-0.3941020667552948,-0.5861957669258118
-0.20713038742542267,0.10255678743124008,-0.6068084836006165
0.06093253940343857,-0.023317502811551094,0.4757983386516571
0.058598246425390244,-0.12507200241088867,-0.005083469208329916
0.06027801334857941,-0.1620185673236847,0.5958601236343384
-0.14890679717063904,0.04179326817393303,-0.5321729779243469
0.26285892724990845,0.1945813149213791,-0.6461778283119202
-0.13972391188144684,0.30165019631385803,0.3740047812461853
-0.19521214067935944,-0.24522162973880768,0.7014635801315308
-0.001003282843157649,0.30448323488235474,0.346260666847229
-0.12729474902153015,-0.2401641458272934,0.5878719091415405
-0.05655847489833832,-0.2635498046875,-0.647973895072937
0.18412035703659058,-0.13430377840995789,0.6994120478630066
-0.0629390999674797,-0.3932228684425354,0.4572371542453766
0.3880264461040497,0.3772132992744446,-0.20320044457912445
-0.06196219101548195,0.33134812116622925,0.6699095368385315
-0.32582443952560425,0.15902195870876312,-0.38114333152770996
-0.08339788764715195,-0.5319175720214844,0.04845146834850311
-0.0949229896068573,0.029093487188220024,0.5238621234893799
0.06093253940343857,-0.32845398783683777,0.6237018704414368
-0.07048030942678452,0.4537803530693054,0.4953858256340027
-0.0629390999674797,-0.38394227623939514,-0.07903523743152618
-0.13542550802230835,0.1402653604745865,0.6589681506156921
0.30721044540405273,-0.4210646450519562,-0.43897613883018494
0.07731524854898453,-0.20204240083694458,0.1392543613910675
-0.010339117608964443,-0.4229466915130615,-0.7237171530723572
-0.13679318130016327,-0.06347810477018356,0.5527785420417786
-0.3307090103626251,0.19067367911338806,-0.49661362171173096
-0.06093695014715195,-0.06347070634365082,0.10274498909711838
-0.3453625440597534,0.25505176186561584,-0.09479272365570068
-0.20439504086971283,0.30360400676727295,0.12440536171197891
0.30808964371681213,-0.21767288446426392,-0.40204909443855286
0.05241392180323601,-0.22988419234752655,-0.16358640789985657
-0.1527436375617981,0.12773403525352478,-0.2152377963066101
-0.04401644319295883,-0.02744004689157009,-0.6845701932907104
-0.22285857796669006,-0.06030315160751343,0.7016590237617493
0.12434718757867813,-0.18260805308818817,-0.07169888913631439
-0.04078976809978485,-0.5041016936302185,0.254942387342453
0.21342752873897552,0.195362851023674,-0.13104568421840668
0.33983907103538513,0.13127781450748444,-0.6181406378746033
0.21166908740997314,0.3002825379371643,0.05963653326034546
-0.3462417721748352,0.32792893052101135,-0.4402461349964142
-0.06197196990251541,0.06983044743537903,-0.18879058957099915
0.11595925688743591,0.03277980908751488,0.4117840528488159
-0.0436159111559391,0.07588725537061691,-0.7108489871025085
0.18342579901218414,0.16243040561676025,-0.0125851696357131
0.28920838236808777,-0.23804086446762085,0.6814640164375305
0.2668912410736084,-0.5290620923042297,0.5939556360244751
0.13060835003852844,0.3779948353767395,-0.06299444288015366
0.14705799520015717,0.015134941786527634,-0.6769880056381226
0.2023884803056717,0.3777511417865753,0.2631259858608246
0.25324761867523193,-0.08820796012878418,-0.5270330309867859
0.3293862044811249,0.2033734768629074,-0.25629478693008423
-0.34365352988243103,0.09332453459501266,-0.23016202449798584
-0.4008401930332184,0.16626176238059998,-0.3173407018184662
-0.18593154847621918,-0.4630716145038605,0.7001935839653015
-0.16150887310504913,0.13919076323509216,-0.7121188640594482
-0.17665094137191772,0.3783372938632965,0.6144213080406189
-0.29544270038604736,-0.3924413025379181,-0.2077425718307495
-0.15476824343204498,-0.45975011587142944,-0.6680604815483093
0.30728113651275635,0.01723622903227806,-0.20728102326393127
0.05998494476079941,-0.5143591165542603,0.540958046913147
0.2925945222377777,0.23508526384830475,-0.7232932448387146
-0.1581874042749405,-0.4673699736595154,0.5589329600334167
0.18719710409641266,-0.5579999089241028,-0.6502314209938049
-0.16883568465709686,0.21519403159618378,-0.08767107874155045
0.06093253940343857,-0.07880086451768875,0.2538453936576843
0.06093253940343857,-0.2914292514324188,0.05963653326034546
-0.2693593204021454,0.31356844305992126,-0.6454939246177673
0.06027801334857941,-0.3469175398349762,-0.06977416574954987
0.21880050003528595,0.06152675673365593,-0.33659642934799194
-0.0629390999674797,0.24479426443576813,0.6144213080406189
0.11361943930387497,0.05666916444897652,-0.8321536779403687
0.1469002366065979,-0.4673699736595154,0.5034448504447937
-0.018689636141061783,-0.013258755207061768,0.7195104360580444
-0.28287824988365173,-0.5261196494102478,0.6548051238059998
-0.291925847530365,-0.49609100818634033,0.5311890244483948
-0.2656470835208893,0.2008334994316101,-0.04721838980913162
0.10997320711612701,0.37823957204818726,0.17979595065116882
0.09147060662508011,0.2539772093296051,0.7017565965652466
0.06218535080552101,0.4720942974090576,0.5765443444252014
-0.30010485649108887,-0.5595629215240479,-0.5627231001853943
-0.29939866065979004,0.2944704592227936,-0.7571049332618713
-0.314725399017334,0.15185290575027466,-0.14620870351791382
0.25768131017684937,-0.46746769547462463,-0.07905477285385132
-0.015510332770645618,0.06885354220867157,-0.8091256618499756
0.16536375880241394,-0.023346811532974243,0.7032219767570496
0.006703052204102278,0.11667357385158539,-0.01904294639825821
0.15129631757736206,-0.01410528365522623,0.5451587438583374
-0.43677395582199097,0.22567282617092133,-0.5284337401390076
0.06002864986658096,-0.5133580565452576,0.20238663256168365
0.12257527559995651,0.04843622073531151,-0.08633271604776382
0.30415502190589905,-0.17237037420272827,-0.16156181693077087
0.11925380676984787,0.3780441880226135,0.6421654224395752
-0.27150848507881165,0.17729008197784424,-0.6187267303466797
0.28049153089523315,0.15069133043289185,-0.28838667273521423
0.32789385318756104,-0.13670645654201508,-0.3175961375236511
-0.18397772312164307,0.02264591120183468,-0.6788064241409302
-0.07157495617866516,0.14475911855697632,-0.7716125249862671
-0.019486339762806892,-0.4673699736595154,-0.06056683138012886
-0.051107846200466156,0.07577886432409286,0.3396283984184265
0.07585965842008591,-0.31682881712913513,0.5244482755661011
0.060883693397045135,0.2685331106185913,-0.8376513719558716
-0.0803549513220787,0.13486646115779877,-0.0049247900024056435
-0.008274894207715988,0.16720104217529297,-0.1298171728849411
0.4434618055820465,0.36795511841773987,-0.5163200497627258
-0.2763447165489197,0.3738929033279419,-0.02041265182197094
0.05995563045144081,0.12463486939668655,0.44795656204223633
-0.3149207830429077,0.36606594920158386,-0.5974902510643005
0.10069259256124496,0.3783372938632965,0.3185165226459503
0.06044408306479454,0.1616595983505249,0.31861424446105957
0.21166908740997314,0.3043855130672455,0.5034448504447937
0.35853564739227295,0.18995220959186554,-0.17419707775115967
-0.20439504086971283,0.30389708280563354,0.6956998705863953
0.060766469687223434,0.15042518079280853,-0.8737968802452087
0.03594329208135605,0.10617134720087051,0.7021474242210388
0.2203034907579422,0.36606594920158386,0.6890192627906799
0.35898643732070923,0.09757456928491592,-0.5011073350906372
0.09546665847301483,0.2033241242170334,-0.08044147491455078
-0.16208432614803314,0.3509732484817505,-0.8567880392074585
-0.3025740683078766,-0.18039417266845703,-0.2525601387023926
-0.29866644740104675,0.36964282393455505,0.2813941240310669
0.08231700956821442,-0.4645369350910187,0.3648218810558319
-0.28882214426994324,0.3783372938632965,0.5404695272445679
0.2323794811964035,0.30585092306137085,-0.13167089223861694
0.3402298390865326,0.266872376203537,-0.0886479914188385
-0.060506612062454224,0.2263307422399521,0.013204202987253666
-0.06290002912282944,-0.0326860249042511,0.40184658765792847
0.38133057951927185,0.36824819445610046,-0.6727226972579956
-0.29915493726730347,0.16947482526302338,-0.24945643544197083
0.06458616256713867,-0.03190449997782707,-0.16026492416858673
0.2853771150112152,-0.3172689378261566,0.7511398196220398
-0.37496283650398254,0.3002825379371643,-0.6318173408508301
0.2209496945142746,-0.4673699736595154,0.26302826404571533
-0.18026548624038696,0.2932488024234772,-0.7490459680557251
0.0701071247458458,-0.1256791204214096,0.3364315629005432
-0.0629390999674797,0.13391545414924622,0.1798936277627945
0.2853277623653412,-0.4355228543281555,-0.18507833778858185
0.19623397290706635,0.11662423610687256,-0.6465685963630676
0.05995563045144081,0.143098384141922,0.06891713291406631
-0.20504124462604523,0.36821508407592773,0.235930398106575
-0.232236847281456,-0.46483004093170166,0.35554125905036926
-0.1304432898759842,0.3015524744987488,0.4757006764411926
-0.0629390999674797,-0.3746616542339325,0.3000530004501343
-0.03596724942326546,0.40038836002349854,0.3000530004501343
0.0807729959487915,-0.1041540876030922,0.10865027457475662
0.060600396245718,0.10617134720087051,0.6051406860351562
0.33744511008262634,0.31000325083732605,0.02268945798277855
0.059516023844480515,-0.34076300263404846,0.7354599237442017
-0.034003160893917084,0.20962566137313843,-0.8278822302818298
-0.25695258378982544,0.0816510021686554,-0.38749322295188904
0.2282281368970871,0.3767259120941162,0.16861087083816528
0.03871533274650574,-0.48764026165008545,0.7340428233146667
-0.16746801137924194,0.05986602604389191,0.7018543481826782
-0.2930004298686981,0.0028342590667307377,-0.2535594403743744
0.11388083547353745,0.19096677005290985,-0.7900760173797607
-0.04328088462352753,-0.48444345593452454,0.40294358134269714
0.06027801334857941,-0.3932228684425354,0.12440536171197891
0.06044408306479454,-0.2914292514324188,0.32779714465141296
-0.1304432898759842,-0.2360386997461319,-0.15967880189418793
-0.0030044601298868656,-0.3304561376571655,-0.1575789451599121
0.24019473791122437,0.037690259516239166,-0.16280491650104523
-0.28403982520103455,0.3730136752128601,-0.21172195672988892
0.1403549760580063,0.14661525189876556,0.5752474069595337
0.3951319456100464,0.19497206807136536,-0.5444819331169128
-0.09276403486728668,0.36876359581947327,0.5221037268638611
0.2812247574329376,-0.4490041732788086,-0.5296329855918884
0.3421836793422699,0.19594897329807281,-0.4571465849876404
0.3350522220134735,0.04833853244781494,-0.3558414578437805
0.027239061892032623,-0.2814648151397705,-0.6657159328460693
-0.3019503355026245,0.028860468417406082,-0.5241246223449707
-0.08143286406993866,-0.09109127521514893,-0.05567648634314537
-0.028747403994202614,0.044430915266275406,-0.2731952667236328
-0.0629390999674797,-0.41168633103370667,0.5496524572372437
0.202827587723732,0.34458574652671814,-0.7359060645103455
-0.2388691008090973,-0.47636815905570984,0.08074840158224106
0.4253559708595276,0.26370859146118164,-0.3107684850692749
-0.29006969928741455,0.3011617362499237,0.7182663679122925
0.09961800277233124,0.024404341354966164,0.3068913519382477
-0.01949610561132431,-0.4673699736595154,0.4757006764411926
-0.1407008022069931,0.06797432899475098,-0.08799346536397934
0.294217586517334,0.28963422775268555,-0.5914711356163025
0.2566443383693695,0.07897572964429855,0.710218071937561
0.2578766644001007,0.2799898386001587,0.29924559593200684
-0.27834683656692505,0.3045808970928192,0.07819774746894836
0.23228178918361664,0.06680204719305038,-0.4404415190219879
-0.04980066046118736,0.39016851782798767,0.20818625390529633
-0.3047232925891876,-0.006309579126536846,-0.3410901725292206
-0.21367564797401428,-0.4673699736595154,-0.06981324404478073
-0.05261033773422241,-0.062377072870731354,0.23042207956314087
0.25738826394081116,-0.4645369350910187,0.346260666847229
0.2480475902557373,0.3688989579677582,0.4936157464981079
-0.01949610561132431,-0.4673699736595154,0.6328848600387573
0.3112865090370178,-0.06206107512116432,-0.4292564392089844
-0.27040693163871765,0.2977919578552246,-0.14315004646778107
0.1932055652141571,0.12463486939668655,0.7021474242210388
-0.0009876523399725556,0.3045808970928192,0.17061302065849304
0.3284093141555786,0.2891457974910736,-0.26000702381134033
0.1823619306087494,0.17035402357578278,-0.72657710313797
-0.07374367862939835,-0.36850714683532715,0.6895453333854675
0.1216207966208458,0.39433613419532776,0.5023478269577026
0.3227432370185852,0.3103446662425995,-0.7190549969673157
-0.2044927179813385,0.3037993907928467,0.4294930398464203
0.2023884803056717,0.37823957204818726,0.022621575742959976
-0.19521214067935944,0.30165019631385803,0.2815895080566406
-0.0629390999674797,-0.2914292514324188,0.2815895080566406
0.230132594704628,-0.41168633103370667,0.6993143558502197
-0.0727682113647461,0.05123160779476166,-0.014893043786287308
-0.3185577094554901,-0.31063663959503174,-0.4198664128780365
-0.26144635677337646,0.21959006786346436,-0.7823584675788879
-0.08340577781200409,-0.17191702127456665,0.058219507336616516
-0.3972738981246948,0.2869589924812317,-0.19119523465633392
-0.3355199694633484,0.2290419042110443,-0.688892662525177
0.3099457621574402,-0.4670769274234772,-0.35662299394607544
-0.12180887907743454,0.3688989579677582,0.04980742186307907
-0.01024481188505888,0.40969592332839966,0.4506918787956238
-0.12116268277168274,-0.08812543004751205,-0.1591903418302536
-0.03796939551830292,0.04179326817393303,-0.5783805251121521
-0.2877745032310486,0.11335210502147675,0.7380267977714539
0.06021939963102341,-0.44851571321487427,-0.04205935448408127
-0.2893258333206177,0.16728802025318146,-0.7011175751686096
-0.3218415379524231,-0.536339521408081,-0.23688027262687683
-0.08520278334617615,0.2051319032907486,-0.07183544337749481
0.2684272527694702,0.16752101480960846,-0.20901253819465637
-0.0629390999674797,0.2540748715400696,0.5311890244483948
0.15618084371089935,-0.1065596491098404,-0.1568457931280136
0.2438092976808548,-0.30100294947624207,-0.5644107460975647
-0.12116268277168274,0.37872806191444397,0.3093336224555969
-0.057136278599500656,-0.1433401256799698,-0.6480339765548706
-0.20126895606517792,-0.09124567359685898,-0.5842419862747192
0.10330187529325485,0.31357911229133606,0.21946901082992554
0.2919106185436249,-0.3094419538974762,-0.2650492787361145
0.04110824316740036,-0.4910863935947418,0.13478301465511322
-0.3119524121284485,-0.3746616542339325,-0.31051307916641235
-0.0749550387263298,0.04179326817393303,-0.3564276099205017
0.0645177811384201,-0.4475387930870056,-0.6954138875007629
0.2605143189430237,0.30018484592437744,-0.7927137017250061
-0.28977662324905396,-0.10772600769996643,0.7596871256828308
0.3497058153152466,0.3183552920818329,-0.35691606998443604
0.256875604391098,0.30480045080184937,0.1325872242450714
-0.2976177930831909,0.3584342896938324,0.02342902682721615
-0.42687416076660156,0.24573354423046112,-0.30060863494873047
-0.1581874042749405,0.30419012904167175,0.2076377421617508
-0.23213917016983032,0.2263307422399521,0.6993143558502197
-0.2582225799560547,0.2837728261947632,-0.021427100524306297
0.4049987196922302,0.17133095860481262,-0.25141027569770813
0.22404886782169342,0.39999762177467346,-0.8311768174171448
0.1377173364162445,0.3014548122882843,0.5866771340370178
0.24785223603248596,-0.4772967994213104,0.08683214336633682
0.017850996926426888,0.23492750525474548,0.035038042813539505
-0.23213917016983032,0.37823957204818726,0.1058441773056984
0.08352003246545792,0.27667906880378723,-0.048077601939439774
-0.296077162027359,-0.5051044225692749,-0.0810471624135971
0.1501464545726776,0.05691288039088249,-0.22730310261249542
-0.21367564797401428,-0.46522077918052673,0.49426186084747314
0.28571853041648865,-0.21708673238754272,-0.4882121980190277
0.1414295732975006,0.05957294628024101,-0.6266396641731262
-0.019505875185132027,0.30419012904167175,0.5773966312408447
0.2877216935157776,0.20467033982276917,0.7727024555206299
0.2575235962867737,0.314410001039505,0.3746509552001953
0.2667665481567383,0.30213865637779236,0.6514460444450378
-0.36187225580215454,0.2488972693681717,-0.43633848428726196
-0.10680217295885086,0.24235200881958008,-0.8164525032043457
0.23212404549121857,0.18243002891540527,-0.7718455195426941
0.13308824598789215,-0.0812983587384224,-0.09477462619543076
0.22813044488430023,0.3959933817386627,0.7813475131988525
-0.34431391954421997,0.34651604294776917,-0.06454914063215256
-0.25714796781539917,-0.4684445559978485,-0.5756452083587646
-0.07055896520614624,0.17260092496871948,0.693746030330658
0.2684272527694702,0.2729291319847107,-0.6732380986213684
-0.41191574931144714,0.35794588923454285,-0.3283644914627075
-0.22469225525856018,0.36759135127067566,-0.7837036848068237
0.014119217172265053,0.37188971042633057,-0.8295429944992065
0.39122432470321655,0.27302685379981995,-0.5854142308235168
0.20183998346328735,0.36870360374450684,0.34571215510368347
-0.17541858553886414,0.2344014197587967,-0.8443319797515869
0.05810927972197533,-0.5041016936302185,0.3000530004501343
0.008256806060671806,0.04452860727906227,-0.6523323655128479
-0.14089617133140564,0.11183739453554153,0.5737819671630859
-0.22285857796669006,-0.4645369350910187,0.24456480145454407
-0.13259248435497284,-0.04377390816807747,-0.6394371390342712
0.31541645526885986,0.06856048107147217,-0.5718352794647217
0.230132594704628,-0.06957399845123291,0.6993143558502197
0.4476635158061981,0.18180975317955017,-0.34385251998901367
0.20697994530200958,0.04306323826313019,-0.6867194175720215
-0.3200383484363556,0.3657352030277252,-0.26508694887161255
-0.20713038742542267,0.004377769771963358,-0.15411041676998138
-0.37156954407691956,0.35823893547058105,-0.21699723601341248
-0.1304432898759842,-0.46522077918052673,0.3648218810558319
0.10997320711612701,-0.1620185673236847,0.7021474242210388
0.18392497301101685,-0.22675809264183044,0.7021474242210388
0.42857977747917175,0.3101116120815277,-0.4017936885356903
0.06093253940343857,-0.023317502811551094,0.05045361816883087
-0.07477036863565445,-0.25705286860466003,0.12576133012771606
0.39464351534843445,0.3109308183193207,-0.16104647517204285
0.05896896496415138,0.32988277077674866,0.05289587751030922
-0.30354031920433044,0.36650606989860535,-0.12389670312404633
0.06093253940343857,0.10617134720087051,0.26302826404571533
0.15618084371089935,0.3017478585243225,0.11512477695941925
-0.0629390999674797,0.2540748715400696,0.3185165226459503
0.2943529486656189,0.3688989579677582,-0.004486116115003824
-0.24141976237297058,0.37853267788887024,0.4203101098537445
0.1846088021993637,0.07803646475076675,-0.7531489729881287
0.026740839704871178,0.29793792963027954,0.7010728120803833
0.030785227194428444,0.09317850321531296,-0.7292147874832153
-0.1304432898759842,0.3780441880226135,0.6976536512374878
-0.2788083255290985,-0.08209937810897827,-0.5413289070129395
-0.30521172285079956,-0.10716532915830612,-0.3752818703651428
-0.3121747672557831,0.3964807689189911,-0.4890207350254059
0.11925380676984787,-0.46316927671432495,-0.10738503187894821
-0.17699335515499115,-0.180697500705719,-0.6043179631233215
-0.26027408242225647,-0.3469175398349762,0.7024404406547546
-0.01686873286962509,0.16600632667541504,-0.8863505721092224
0.05876431241631508,-0.06758160889148712,0.5384674072265625
-0.0629390999674797,-0.41168633103370667,0.14286890625953674
0.2897721230983734,-0.09648232907056808,0.7808600664138794
0.26825886964797974,-0.5146791934967041,0.12662632763385773
-0.29641959071159363,0.12424410134553909,-0.44298145174980164
0.2443954050540924,0.09229929000139236,-0.5118532776832581
-0.13972391188144684,-0.4641461670398712,-0.09787973761558533
0.18167810142040253,0.24606426060199738,0.007606533821672201
-0.2488325834274292,0.131874680519104,-0.10093939304351807
-0.37548893690109253,0.15370900928974152,-0.5132585763931274
-0.39098405838012695,0.112228162586689,-0.39003318548202515
0.1654614359140396,0.30165019631385803,0.41102951765060425
0.13244204223155975,0.27331990003585815,-0.8110794425010681
-0.13972391188144684,0.30135709047317505,0.6514460444450378
-0.0629390999674797,-0.30070987343788147,0.4480541944503784
-0.03795962408185005,0.3780441880226135,0.04114370420575142
-0.13972391188144684,-0.4645369350910187,0.21682067215442657
-0.0629390999674797,-0.09729857742786407,0.346260666847229
0.29133519530296326,-0.5330663919448853,-0.053326476365327835
0.06810496747493744,-0.38139161467552185,0.33442944288253784
-0.019505875185132027,-0.07879208028316498,0.7018543481826782
0.008248991332948208,-0.4673699736595154,0.24456480145454407
0.060111939907073975,-0.14351597428321838,0.5127254128456116
-0.053109996020793915,0.022292783483862877,0.09611275792121887
0.35693493485450745,0.07080736011266708,-0.429890900850296
-0.14206847548484802,0.18696142733097076,0.0051349615678191185
0.11095011979341507,-0.0599026195704937,0.19913868606090546
-0.2652563154697418,-0.38345375657081604,-0.5447749495506287
-0.191597580909729,0.2932488024234772,-0.09570124745368958
0.06093253940343857,0.1985866129398346,0.6514460444450378
-0.22237013280391693,-0.3210294842720032,-0.5869773030281067
0.054504502564668655,0.36817750334739685,0.48507899045944214
0.12755751609802246,-0.46971458196640015,0.6690303683280945
-0.3114156126976013,-0.45989611744880676,-0.37699094414711
-0.12321419268846512,-0.27286800742149353,0.7083995938301086
-0.2813752293586731,-0.24219322204589844,0.7044920325279236
-0.0555439330637455,0.2774229347705841,-0.04174673929810524
-0.09345763921737671,0.3017478585243225,0.14286890625953674
-0.2859066426753998,-0.3198195695877075,-0.2131531983613968
-0.27143779397010803,-0.5136045813560486,0.4835866391658783
-0.08357279002666473,0.004994661081582308,-0.06350098550319672
0.3263201415538788,0.04976625367999077,-0.29035115242004395
0.0825929120182991,0.07234346866607666,-0.15216976404190063
-0.1336401402950287,0.377897173166275,0.23328202962875366
0.2392178326845169,-0.38394227623939514,-0.15704116225242615
0.13185590505599976,-0.32904013991355896,0.7076181173324585
-0.1026991605758667,-0.3932228684425354,-0.15674807131290436
0.0391060933470726,0.03820565342903137,0.002146135549992323
0.11314075440168381,0.31930625438690186,0.3563487231731415
-0.16746801137924194,0.37589502334594727,0.38328537344932556
-0.0629390999674797,-0.3377346098423004,-0.014305459335446358
-0.14027239382266998,0.38572412729263306,-0.006507809739559889
-0.0629390999674797,-0.4301498830318451,0.22610127925872803
0.06056871637701988,0.06345362961292267,-0.3677103519439697
-0.06093695014715195,-0.24321947991847992,0.35754337906837463
-0.150908961892128,-0.4625348150730133,0.06163867935538292
-0.010238949209451675,0.3043855130672455,0.42021244764328003
0.05893038958311081,0.2190522849559784,0.19107870757579803
-0.10514143109321594,-0.23037266731262207,0.007381846196949482
0.11925380676984787,-0.465025395154953,0.19835714995861053
-0.0629390999674797,0.09689074009656906,0.24456480145454407
-0.28413650393486023,0.2472848743200302,-0.6042944192886353
0.04127432033419609,-0.20939160883426666,0.012234184890985489
-0.08434310555458069,-0.46522077918052673,0.3000530004501343
-0.0628804862499237,0.2725383937358856,0.7163125872612
0.08342090994119644,0.05830297991633415,-0.6733358502388
-0.37393760681152344,0.2170007973909378,-0.15152113139629364
0.16702450811862946,-0.1888541728258133,0.5584446787834167
0.30662429332733154,0.21070024371147156,-0.585121214389801
-0.3022540509700775,-0.14519575238227844,-0.16537177562713623
-0.16746801137924194,-0.30999046564102173,-0.15958110988140106
-0.28889742493629456,-0.4818281829357147,0.17061302065849304
0.1771843135356903,-0.36147341132164,-0.6329895853996277
0.44912785291671753,0.3357182741165161,-0.22935807704925537
0.24979081749916077,0.3562368154525757,0.5854824781417847
-0.2803489565849304,0.32340821623802185,0.15415164828300476
0.119156114757061,-0.38394227623939514,-0.15694347023963928
0.0451359748840332,0.3885948061943054,0.6315171718597412
-0.10934212803840637,0.009819136932492256,-0.7129004597663879
0.060600396245718,-0.30999046564102173,0.23528419435024261
-0.09610505402088165,-0.15363672375679016,0.20265553891658783
-0.16497740149497986,0.3016985058784485,0.06310403347015381
-0.2430805116891861,0.03153574839234352,-0.6358226537704468
0.16467991471290588,-0.3455498218536377,0.6329824924468994
0.2996882498264313,-0.4856381416320801,-0.23685435950756073
-0.29407504200935364,0.12893323600292206,-0.3221381902694702
0.3058427572250366,-0.14413143694400787,-0.39237773418426514
0.29670819640159607,-0.5154820680618286,-0.499299556016922
-0.01022136490792036,0.3669074773788452,0.5404695272445679
0.2548106610774994,0.009869424626231194,-0.5626899600028992
-0.01024481188505888,-0.4673699736595154,0.5497502088546753
-0.04846186190843582,0.2907571494579315,-0.9079402685165405
-0.2854406237602234,-0.22914032638072968,-0.5194355845451355
0.3290931284427643,0.18237000703811646,-0.6763641834259033
-0.3185729682445526,0.09300553798675537,-0.5106586217880249
0.05995563045144081,0.004416848067194223,0.3648218810558319
0.14436028897762299,0.15355128049850464,-0.12722598016262054
-0.2264731228351593,0.1668372005224228,-0.6750941872596741
0.08914557099342346,-0.17199279367923737,-0.6458846926689148
0.13307753205299377,-0.16273121535778046,0.125430628657341
-0.2675149142742157,0.015014329925179482,0.6916828751564026
0.06093253940343857,-0.06955444812774658,0.6699095368385315
0.06027801334857941,-0.3932228684425354,0.6607266068458557
-0.29319581389427185,-0.17155314981937408,-0.4660364091396332
0.4368188679218292,0.37779945135116577,-0.4191943407058716
-0.33549579977989197,0.18871985375881195,-0.31510448455810547
-0.4055175185203552,0.35828834772109985,-0.3828793466091156
-0.11139363050460815,-0.13444051146507263,-0.10457154363393784
-0.06093695014715195,0.13191330432891846,0.38528749346733093
-0.3237459659576416,0.38876426219940186,-0.763184130191803
-0.09351625293493271,-0.46522077918052673,0.5034448504447937
0.060766469687223434,-0.18054069578647614,-0.07902545481920242
0.06093253940343857,0.1985866129398346,0.46651777625083923
-0.1961890310049057,0.1974143534898758,-0.7368346452713013
-0.04127873480319977,-0.17007514834403992,0.46971455216407776
-0.0629390999674797,-0.014075973071157932,0.4757983386516571
-0.006803725380450487,0.3841717541217804,-0.07381214201450348
0.31252336502075195,0.32835739850997925,0.10549105703830719
-0.0416499599814415,0.03130468353629112,0.7578040957450867
-0.2686154246330261,0.36587056517601013,0.36537033319473267
0.10997320711612701,0.08761013299226761,0.6993143558502197
0.15855135023593903,0.3872978389263153,-0.11138295382261276
-0.24532738327980042,0.13889770209789276,-0.21419014036655426
-0.15034624934196472,0.08412019908428192,-0.8361600637435913
0.06224016100168228,-0.4720214903354645,0.48443275690078735
-0.1055321916937828,-0.21532830595970154,0.0786862000823021
0.1274598240852356,-0.2336941510438919,-0.013309014961123466
-0.05918440595269203,0.12192545086145401,0.48221999406814575
0.2945106625556946,-0.14057548344135284,-0.23372824490070343
-0.11832965165376663,0.08917319029569626,-0.6869148015975952
-0.147721067070961,0.18538492918014526,-0.7573631405830383
0.018078099936246872,-0.457540899515152,0.05097281560301781
0.01747000403702259,-0.263782799243927,0.7014635801315308
0.12638522684574127,0.10118912905454636,0.4461004436016083
-0.39928776025772095,0.27673909068107605,-0.5667554140090942
-0.31771615147590637,0.2045457363128662,-0.5644107460975647
0.06044408306479454,-0.28224635124206543,-0.09751828759908676
0.008248013444244862,-0.4673699736595154,0.41102951765060425
-0.052108921110630035,-0.13586311042308807,0.431140273809433
-0.20439504086971283,-0.46522077918052673,0.4203101098537445
-0.053515154868364334,-0.5054334402084351,0.15482303500175476
0.04327647015452385,-0.1455278992652893,0.25992918014526367
0.35882869362831116,0.36616361141204834,-0.15361365675926208
-0.17665094137191772,0.18012309074401855,0.6993143558502197
-0.27580690383911133,0.14661525189876556,-0.5551302433013916
0.16848985850811005,-0.22734425961971283,-0.6164799332618713
-0.16610033810138702,-0.07885557413101196,0.6144213080406189
-0.0909469798207283,0.3818541467189789,0.6312240958213806
0.05061497911810875,0.20722101628780365,0.07755154371261597
0.17249517142772675,0.07852490991353989,0.5765173435211182
0.3607448935508728,0.2766413688659668,-0.4542158842086792
0.21992343664169312,0.2558826804161072,-0.8301774859428406
0.07993623614311218,0.1603671759366989,-0.04321498051285744
0.06093253940343857,0.10617134720087051,0.5311890244483948
0.2856208086013794,0.30165019631385803,0.06891713291406631
0.058431658893823624,0.3305665850639343,0.2908701002597809
-0.30477267503738403,-0.5569252371788025,-0.4447658061981201
-0.0628804862499237,0.3189414143562317,0.3740047812461853
-0.08604148775339127,-0.438904345035553,-0.6781603097915649
0.4135954976081848,0.2815259099006653,-0.5178124308586121
-0.12035522609949112,0.3762374520301819,-0.873380184173584
0.3056473731994629,0.00635112076997757,-0.42061030864715576
0.11290392279624939,0.3896424174308777,-0.9140194654464722
-0.1910114288330078,0.07500804960727692,-0.7492413520812988
-0.4426730275154114,0.3009287118911743,-0.47122472524642944
0.2655942440032959,-0.4653184711933136,0.6052383780479431
-0.19214782118797302,0.05858257785439491,-0.31943875551223755
-0.2882135808467865,0.3148384094238281,0.6360109448432922
0.26933351159095764,0.35286596417427063,0.379111647605896
-0.30141350626945496,-0.5017464756965637,0.048980433493852615
-0.0629390999674797,-0.4301498830318451,0.7253977656364441
-0.01946679875254631,-0.32845398783683777,0.7021474242210388
-0.38379257917404175,0.3370518386363983,-0.5702122449874878
-0.12301880866289139,0.26159706711769104,-0.06309212744235992
-0.0629390999674797,0.281721293926239,0.4572371542453766
-0.062909796833992,-0.3470152020454407,0.5218106508255005
0.018731651827692986,0.01187207829207182,-0.150126114487648
0.11378314346075058,-0.02104131318628788,-0.08387091755867004
0.29089611768722534,-0.5044924020767212,0.23528419435024261
0.06546251475811005,0.2778361141681671,-0.8826642632484436
0.1351773887872696,-0.08802676945924759,0.7076181173324585
-0.35122400522232056,0.2980356514453888,-0.377333402633667
0.27851635217666626,0.12116634845733643,-0.141185462474823
0.33514994382858276,0.17582471668720245,-0.36580589413642883
-0.4364584982395172,0.21368032693862915,-0.3794556260108948
-0.309776246547699,0.34402549266815186,0.7458633780479431
0.055051565170288086,0.20151732861995697,-0.8218255043029785
0.06044408306479454,0.2540748715400696,0.5773966312408447
0.14699792861938477,-0.4645369350910187,0.5774942636489868
0.295499324798584,-0.49227043986320496,0.668455958366394
0.15682704746723175,0.29182109236717224,0.2728573977947235
0.12843671441078186,0.04179326817393303,-0.49514827132225037
0.05995563045144081,-0.263782799243927,0.6421654224395752
-0.019476570188999176,0.30448323488235474,0.2815895080566406
0.05995563045144081,0.013629067689180374,0.5497502088546753
-0.13972391188144684,-0.16204789280891418,-0.1597764939069748
-0.1947236806154251,0.041890960186719894,-0.4765870273113251
0.10479560494422913,0.021278241649270058,0.4483473300933838
0.05815812572836876,0.1708424836397171,0.7163125872612
-0.21029411256313324,0.08044108748435974,-0.1297576129436493
0.10922931879758835,0.14208385348320007,-0.8363212943077087
-0.072444386780262,0.003068721853196621,0.27201583981513977
0.3125564455986023,-0.3779561221599579,-0.1788530796766281
0.1803104132413864,-0.12499384582042694,0.5790573358535767
0.21166908740997314,-0.4673699736595154,0.152149498462677
0.119156114757061,-0.46492770314216614,0.02267042174935341
-0.014406428672373295,-0.3315800726413727,-0.6800764203071594
0.19055721163749695,-0.25705286860466003,-0.14501450955867767
0.06093253940343857,-0.19901399314403534,0.3740047812461853
0.21166908740997314,-0.4673699736595154,0.04114370420575142
-0.12487493455410004,-0.13420607149600983,0.7102557420730591
0.05212867259979248,-0.09988734126091003,-0.0683635026216507
-0.00783431064337492,-0.5444208383560181,-0.7346584796905518
0.06093253940343857,-0.3191733956336975,0.4572371542453766
0.05610712617635727,-0.03460025414824486,0.7469604015350342
0.017518850043416023,-0.1897333711385727,0.7021474242210388
-0.2878498136997223,0.24232609570026398,-0.19987796247005463
0.01749931089580059,-0.16204789280891418,-0.1597764939069748
-0.09245143085718155,-0.18047231435775757,0.5250344276428223
0.26461735367774963,-0.4678584039211273,-0.00817049015313387
-0.3445810377597809,0.2440127283334732,-0.2657707631587982
0.1454617977142334,0.14121533930301666,-0.07084332406520844
-0.2284269481897354,0.3023340404033661,-0.7044991254806519
0.13898731768131256,-0.09607744961977005,0.25208693742752075
-0.08297831565141678,0.05842306837439537,-0.7448229193687439
0.06093253940343857,-0.2082945704460144,0.4757983386516571
0.3055497109889984,-0.3009052574634552,-0.4381946623325348
-0.23213917016983032,-0.14355504512786865,0.6993143558502197
-0.11110056191682816,0.11379121243953705,0.7160195112228394
0.32222780585289,0.36834585666656494,0.2552613615989685
0.01761654205620289,0.09689074009656906,-0.15323121845722198
-0.24415510892868042,0.1304963082075119,-0.7570565938949585
0.11543316394090652,-0.09051001816987991,-0.6189115047454834
-0.1552567034959793,-0.5256913304328918,-0.6693304181098938
0.334270715713501,0.3375026285648346,-0.4933897852897644
0.2949991226196289,-0.07380497455596924,-0.28657883405685425
-0.37802886962890625,0.1403254270553589,-0.28292667865753174
0.30244600772857666,-0.09538096934556961,0.6888390779495239
-0.2601763904094696,-0.42086926102638245,-0.1600695550441742
-0.20634885132312775,0.18744990229606628,-0.022150013595819473
0.007764446549117565,0.09178842604160309,-0.8731353878974915
0.08103437721729279,0.3975553512573242,0.05156039819121361
-0.21567781269550323,0.3975553512573242,0.6956515312194824
-0.08421611040830612,-0.4673699736595154,0.1058441773056984
0.20183998346328735,0.3885571360588074,0.08683214336633682
0.2183990180492401,0.3668968379497528,0.4506048560142517
-0.21377333998680115,-0.2082945704460144,-0.15997187793254852
-0.20659084618091583,-0.0581396147608757,-0.15823760628700256
0.1469002366065979,0.37589502334594727,0.3648218810558319
0.24859610199928284,-0.46483004093170166,0.4572371542453766
-0.2892640233039856,-0.4833446443080902,0.3371736705303192
0.06044408306479454,0.2633554935455322,0.4757983386516571
-0.0629390999674797,-0.38394227623939514,0.38328537344932556
-0.19521214067935944,0.37589502334594727,0.5404695272445679
-0.11686430126428604,-0.36254802346229553,0.6407000422477722
-0.028718097135424614,0.37872806191444397,0.3648218810558319
-0.052279625087976456,0.1125812828540802,-0.8302645087242126
-0.2690662145614624,0.3741365969181061,-0.6714796423912048
0.3450874090194702,0.3917926549911499,-0.7262571454048157
-0.000999375362880528,0.30419012904167175,0.6421654224395752
-0.12116268277168274,0.04179326817393303,-0.4674040973186493
-0.04806721210479736,0.377897173166275,0.13158613443374634
0.15618084371089935,0.24479426443576813,0.7019520998001099
-0.22285857796669006,-0.4645369350910187,0.14286890625953674
-0.19511444866657257,-0.4645369350910187,-0.005063933320343494
0.05995563045144081,0.1708424836397171,0.2538453936576843
0.38314300775527954,0.19504283368587494,-0.4951212704181671
0.25768131017684937,0.13381777703762054,0.6995097994804382
0.2209496945142746,0.3040924668312073,0.6051406860351562
-0.08149053901433945,-0.11692461371421814,0.11766473203897476
-0.15849119424819946,-0.3133012652397156,-0.6550783514976501
-0.05098085105419159,-0.49891337752342224,0.45988544821739197
0.07063465565443039,-0.4849919080734253,-0.15903258323669434
0.10333024710416794,0.1453452706336975,0.4917219281196594
0.06606129556894302,-0.3470152020454407,-0.1634887307882309
0.30896884202957153,-0.38394227623939514,-0.3747934401035309
-0.31087779998779297,-0.2915269732475281,-0.3656105399131775
0.04523366317152977,0.37589502334594727,0.17979595065116882
0.16507068276405334,0.04140250012278557,0.7029289603233337
0.1817757785320282,0.05244152992963791,-0.11722247302532196
0.10069259256124496,0.37872806191444397,0.24456480145454407
-0.010228203609585762,0.3677867352962494,0.6052383780479431
0.126580610871315,-0.384919136762619,-0.6658136248588562
0.06373625993728638,0.044430915266275406,-0.28247588872909546
-0.0629390999674797,0.23561133444309235,0.09666125476360321
-0.0639062449336052,0.022841287776827812,-0.14450745284557343
-0.3527028560638428,0.15803156793117523,-0.5728256702423096
0.22085200250148773,0.281721293926239,0.7011705636978149
0.036588046699762344,-0.026433831080794334,-0.6864263415336609
0.0648108497262001,-0.45681941509246826,0.5989862084388733
-0.15965276956558228,-0.27286800742149353,0.6554513573646545
-0.28307363390922546,-0.5450940728187561,0.5742587447166443
-0.12077191472053528,0.2451850324869156,0.024594927206635475
-0.048207368701696396,0.1628318876028061,0.004363206215202808
-0.15935969352722168,0.05986602604389191,-0.6078831553459167
-0.2802029550075531,-0.47479447722435,0.6788971424102783
0.4173453748226166,0.3603021800518036,-0.27440521121025085
0.28531599044799805,0.10295926034450531,-0.642650306224823
0.1345912218093872,-0.41168633103370667,0.6407977342605591
0.0882272869348526,0.13743232190608978,-0.7611595988273621
-0.09737502783536911,0.020399026572704315,0.43447521328926086
0.30548784136772156,-0.24496446549892426,-0.22050414979457855
-0.15535438060760498,-0.013675442896783352,0.669518768787384
-0.18593154847621918,0.37589502334594727,-0.051319438964128494
-0.09591993689537048,0.23470520973205566,-0.8719677329063416
0.09046439826488495,-0.012434776872396469,0.25130540132522583
-0.30706787109375,-0.3994750380516052,-0.4546066224575043
0.2519175708293915,0.12131337821483612,-0.5679276585578918
-0.1088053286075592,0.10819591581821442,0.5165084004402161
0.05419188737869263,0.3468809127807617,-0.05539509281516075
-0.0629390999674797,-0.17126986384391785,0.2538453936576843
0.08341114223003387,-0.254306823015213,-0.6541883945465088
0.230132594704628,-0.13429398834705353,-0.16114415228366852
0.060766469687223434,-0.09732788056135178,0.18907655775547028
-0.061698440462350845,0.09063854813575745,-0.1255163997411728
-0.053109996020793915,-0.4942725598812103,-0.07845741510391235
-0.19286754727363586,0.15325821936130524,-0.15567347407341003
-0.33012282848358154,0.1585334986448288,-0.6558492183685303
0.11834865808486938,-0.17207731306552887,-0.17860384285449982
-0.1184273511171341,-0.20206482708454132,-0.6149921417236328
0.00829392857849598,0.4264010488986969,0.5497502088546753
-0.30687248706817627,-0.4764551818370819,-0.43985533714294434
-0.13889402151107788,-0.1559622585773468,0.5603490471839905
0.1768912374973297,-0.2854701578617096,0.6692257523536682
0.15285935997962952,0.3280266523361206,-0.7699517607688904
0.06027801334857941,0.022841287776827812,0.6790924668312073
0.11036396771669388,-0.1060028076171875,0.14140352606773376
0.08126708120107651,-0.46392664313316345,0.07719666510820389
0.08636283874511719,-0.04365574195981026,0.33179178833961487
0.10069259256124496,-0.4645369350910187,0.43877360224723816
0.2311471402645111,0.23059149086475372,-0.033170949667692184
-0.23233453929424286,0.3023340404033661,0.032263632863759995
0.0609227754175663,0.281721293926239,0.6514460444450378
-0.44525063037872314,0.28880441188812256,-0.32169806957244873
0.13107435405254364,0.03896023705601692,-0.7387884855270386
0.11524849385023117,0.37306201457977295,0.4725745916366577
-0.06695418804883957,0.3109308183193207,0.19835714995861053
-0.06109275296330452,-0.4949187934398651,0.6699095368385315
-0.21422415971755981,-0.36493024230003357,-0.16647951304912567
-0.24141976237297058,0.37589502334594727,0.5959577560424805
-0.08420634269714355,0.04179326817393303,-0.5321729779243469
0.15618084371089935,-0.4645369350910187,0.32779714465141296
0.1654614359140396,0.37589502334594727,0.152149498462677
0.06093253940343857,-0.19901399314403534,0.2076377421617508
0.3206433951854706,0.377897173166275,-0.604122519493103
-0.0629390999674797,-0.30999046564102173,0.14286890625953674
0.05995563045144081,-0.32845398783683777,-0.005063933320343494
0.026750609278678894,0.30448323488235474,0.22610127925872803
0.2421485334634781,0.22672151029109955,-0.7051829099655151
-0.16746801137924194,-0.08807169646024704,0.6993143558502197
-0.0629390999674797,0.16156189143657684,0.12440536171197891
0.026750609278678894,0.044040147215127945,-0.5321729779243469
-0.3250923156738281,0.19824421405792236,-0.10363321751356125
0.22280581295490265,-0.4850519895553589,-0.6113999485969543
0.06093253940343857,0.21705013513565063,0.346260666847229
0.0731731727719307,-0.4672723114490509,0.24456480145454407
0.3798321485519409,0.254721075296402,-0.16550257802009583
-0.22197936475276947,-0.2210920751094818,-0.5772082805633545
0.27946630120277405,-0.35619810223579407,0.7044920325279236
-0.03788147121667862,0.3669074773788452,0.4851766526699066
-0.09146524965763092,-0.48903030157089233,0.19227342307567596
0.20038631558418274,-0.0992811918258667,-0.5764760971069336
-0.315187931060791,0.3760044574737549,0.21280363202095032
-0.1404077261686325,0.0008413725881837308,0.5581514835357666
0.13566583395004272,-0.15364649891853333,-0.11944004893302917
-0.2985687851905823,-0.4950164258480072,-0.20940329134464264
-0.14890679717063904,0.37599271535873413,0.7595895528793335
-0.33784037828445435,0.29100191593170166,-0.6917015910148621
-0.1490045040845871,-0.208001509308815,0.6868100166320801
0.2673526704311371,-0.4632669687271118,0.7011705636978149
-0.0926639661192894,0.07302732020616531,-0.2461080104112625
0.27458178997039795,-0.2726726531982422,-0.5103878974914551
-0.10367607325315475,-0.4684445559978485,0.5857979655265808
-0.16092275083065033,0.08653554320335388,0.6328848600387573
0.025245672091841698,-0.11785216629505157,-0.6750673055648804
-0.13874699175357819,-0.2851770222187042,0.5601053237915039
0.06494762003421783,0.31102845072746277,0.5343150496482849
0.28938135504722595,-0.24841848015785217,0.7596871256828308
0.2978321313858032,0.13860461115837097,-0.45978423953056335
0.4125208556652069,0.16117112338542938,-0.31998905539512634
-0.3093854784965515,0.09696149826049805,0.6927961707115173
-0.02878648042678833,0.3032132387161255,0.10623493045568466
-0.30383235216140747,-0.19128473103046417,-0.3407101035118103
0.16360533237457275,0.14212147891521454,0.6521298289299011
0.230132594704628,0.004416848067194223,0.7019520998001099
-0.1990220695734024,0.0656297579407692,-0.5556187033653259
-0.3420681059360504,0.39789777994155884,-0.431769460439682
0.016901960596442223,0.3685082197189331,0.3191627264022827
0.060600396245718,0.13381777703762054,-0.07900592684745789
-0.06017446145415306,0.3189414143562317,0.5311890244483948
0.22241505980491638,0.28787583112716675,-0.709090530872345
0.05895918980240822,0.26101088523864746,-0.00037478652666322887
0.10118105262517929,-0.2345733791589737,0.05475199967622757
-0.11158900707960129,-0.06277760118246078,0.31023523211479187
-0.1589948683977127,0.3762374520301819,-0.7930550575256348
0.2809693515300751,0.17735013365745544,-0.7118635773658752
0.05810927972197533,0.3256820738315582,0.4294930398464203
-0.1809869408607483,-0.0004955444601364434,-0.6194482445716858
-0.03704133257269859,-0.08725988864898682,-0.6541883945465088
0.3388515114784241,0.10041830688714981,-0.26372992992401123
0.04242994263768196,0.05449303984642029,-0.7867545485496521
0.13039053976535797,0.3094654381275177,-0.8876689076423645
-0.2467067688703537,0.0596599355340004,-0.4355452358722687
-0.013488137163221836,0.11838266998529434,-0.7600850462913513
0.32213014364242554,-0.08536031097173691,-0.3535238802433014
-0.3093147873878479,-0.5041993260383606,-0.3378663957118988
-0.3559131622314453,0.06514130532741547,-0.39950913190841675
-0.0629390999674797,0.2633554935455322,0.2538453936576843
-0.2902167737483978,-0.3726595342159271,0.7509444355964661
0.31023886799812317,-0.263782799243927,-0.33806177973747253
0.20307232439517975,0.0051690684631466866,-0.6320127248764038
-0.19521214067935944,0.304287850856781,0.6237018704414368
0.1932055652141571,0.37589502334594727,0.4849812388420105
-0.03131760284304619,0.38572412729263306,0.7536904215812683
0.37813377380371094,0.37589502334594727,-0.33796408772468567
0.18392497301101685,-0.46483004093170166,0.21682067215442657
0.06093253940343857,0.050683099776506424,0.5035425424575806
