-0.31355172395706177,0.22915025055408478,0.5630519986152649
0.19305294752120972,-0.45142513513565063,-0.8711749911308289
0.4380129873752594,-0.43258339166641235,0.7249756455421448
0.43924614787101746,0.22639934718608856,-0.11901646852493286
-0.45059260725975037,0.20104223489761353,-0.48852062225341797
0.396939218044281,0.31771305203437805,0.7300382256507874
-0.45893484354019165,-0.4352394640445709,0.4135197699069977
0.1451844722032547,0.23152171075344086,-0.7861220240592957
-0.46434178948402405,-0.41968265175819397,-0.6577783226966858
-0.14261655509471893,0.1637926697731018,0.005455116741359234
0.10159976035356522,-0.16713108122348785,0.3900299370288849
0.43962562084198,-0.11316601186990738,-0.6071237921714783
-0.12468826770782471,-0.40099549293518066,0.7528640627861023
0.30701327323913574,0.22915025055408478,0.30228573083877563
-0.18757952749729156,-0.08733601123094559,-0.8400017023086548
0.031648192554712296,0.05214408412575722,0.7510616779327393
-0.45602938532829285,-0.13730750977993011,0.761935293674469
-0.007756072096526623,0.22915025055408478,-0.3902769684791565
0.4271692633628845,-0.06890639662742615,0.5533465147018433
-0.46200546622276306,0.21956951916217804,0.19285400211811066
0.379010945558548,0.23095256090164185,-0.5072377324104309
-0.31355172395706177,-0.0951865166425705,0.3882276713848114
0.08218886703252792,-0.16714055836200714,-0.6020962595939636
-0.04374542832374573,0.16199034452438354,0.34724870324134827
-0.461910605430603,0.18346349895000458,-0.1385222226381302
0.3430595397949219,-0.4079553186893463,0.4078282415866852
-0.1876743882894516,0.22915025055408478,-0.7051127552986145
-0.4794243276119232,-0.11457179486751556,-0.5958707928657532
-0.0933251902461052,-0.4133622348308563,0.40915626287460327
-0.18103429675102234,-0.4323585331439972,-0.8776254653930664
0.4083222448825836,-0.005245376378297806,0.0863875299692154
0.4371592402458191,-0.41203421354293823,-0.6173088550567627
0.1541011780500412,-0.23907184600830078,0.7536228895187378
0.16380663216114044,0.21944479644298553,-0.011837142519652843
0.12567870318889618,0.317618191242218,0.6004859805107117
-0.4409117102622986,-0.45227885246276855,0.7173517942428589
-0.18619175255298615,-0.24669566750526428,-0.5826854109764099
0.42726409435272217,0.02257806807756424,-0.3370911180973053
0.12109038233757019,-0.11049381643533707,-0.8677952289581299
-0.24155408143997192,0.03971760720014572,0.7528640627861023
-0.2408601939678192,0.14940404891967773,-0.28163397312164307
0.03193702548742294,-0.4166173040866852,-0.6399747729301453
0.3005927503108978,0.040826041251420975,0.7413562536239624
0.1451844722032547,-0.43533432483673096,0.5540404319763184
0.22609885036945343,0.22915025055408478,-0.2823278307914734
0.2441219985485077,0.048729173839092255,-0.6355814337730408
-0.08873685449361801,0.02169446274638176,-0.5996299386024475
-0.45081213116645813,0.021789323538541794,0.554135262966156
0.43962562084198,0.18361811339855194,0.5361121296882629
-0.4813214838504791,0.15519563853740692,0.7492594122886658
0.4141384959220886,-0.011915349401533604,0.34196650981903076
-0.09765356779098511,-0.14913639426231384,0.7528640627861023
-0.09765356779098511,0.22915025055408478,0.6619895100593567
-0.02926052175462246,0.10270372033119202,-0.8564473986625671
0.3954865038394928,-0.18507689237594604,0.7413562536239624
-0.4489150047302246,-0.23015514016151428,0.5180889964103699
-0.2236258089542389,0.23095256090164185,0.22127646207809448
-0.005166431423276663,-0.27502328157424927,-0.8130618929862976
0.1346902698278427,0.038234978914260864,0.39078885316848755
0.4199301600456238,0.21956951916217804,0.07596923410892487
0.23511043190956116,-0.32899779081344604,-0.6355814337730408
-0.01720399037003517,0.1554451286792755,-0.17741425335407257
0.34575071930885315,0.19124190509319305,-0.7078039050102234
0.4368746876716614,-0.29304638504981995,0.5361121296882629
0.10916665941476822,0.22915025055408478,0.19433662295341492
0.1541011780500412,0.23095256090164185,-0.5522007346153259
-0.2236258089542389,0.22915025055408478,-0.4892144501209259
-0.34058645367622375,0.09369216114282608,-0.6337790489196777
-0.09765356779098511,-0.021804863587021828,0.3706190586090088
-0.34950315952301025,0.14178547263145447,0.3741885721683502
-0.27760031819343567,-0.3020579516887665,0.3900299370288849
-0.3585147261619568,0.14150089025497437,0.03241298347711563
0.2962643802165985,-0.13199687004089355,-0.7657923698425293
0.30701327323913574,-0.1761331558227539,0.3900299370288849
0.4273589849472046,0.0075904023833572865,-0.11079365015029907
-0.29050108790397644,-0.2609841823577881,0.7510616779327393
-0.23263736069202423,-0.4335319697856903,0.581075131893158
0.10915717482566833,-0.4521839916706085,0.7723698019981384
-0.24155408143997192,-0.08363652974367142,-0.6431701183319092
0.0635003075003624,0.2548270523548126,0.7431585788726807
-0.002870854688808322,0.18466156721115112,-0.6781728863716125
-0.462065190076828,0.1286352276802063,-0.3377850353717804
0.05378536507487297,-0.39198392629623413,0.3882276713848114
-0.24164892733097076,-0.43533432483673096,-0.669161319732666
-0.08873685449361801,-0.23907184600830078,0.3900299370288849
0.45808789134025574,0.0383298434317112,-0.5147666931152344
-0.006968745496124029,-0.041234735399484634,-0.7500756978988647
-0.03474334999918938,-0.43533432483673096,0.5630519986152649
-0.0340304933488369,0.1512063443660736,0.14858490228652954
-0.1876743882894516,0.22915025055408478,0.4281631112098694
-0.2827525734901428,0.22481662034988403,0.7607671618461609
-0.2236258089542389,0.22915025055408478,-0.13842737674713135
0.08975576609373093,0.24856114387512207,0.4206341505050659
-0.3550049662590027,0.23009881377220154,-0.7747986912727356
0.40519192814826965,0.18361811339855194,-0.3093625605106354
0.34321412444114685,-0.4231572449207306,-0.7858022451400757
0.27106183767318726,0.1956651508808136,0.13135050237178802
0.27106183767318726,-0.4335319697856903,0.6800126433372498
0.27106183767318726,-0.14914587140083313,-0.6002939939498901
0.43108832836151123,0.3162901699542999,0.41987529397010803
0.08218886703252792,0.01277775876224041,-0.6020962595939636
0.2980017066001892,0.2979227304458618,0.5090774297714233
0.16311274468898773,-0.039809029549360275,0.7538126111030579
0.43962562084198,0.08468058705329895,0.6800126433372498
-0.3675262928009033,-0.2661065459251404,-0.6355814337730408
-0.37593358755111694,-0.0965629294514656,-0.7762215733528137
-0.04194311797618866,-0.27502328157424927,-0.6379528641700745
0.2530387341976166,0.2105579525232315,0.75314861536026
0.0012270384468138218,-0.43533432483673096,-0.8490132689476013
-0.1330709308385849,0.19048303365707397,-0.846297562122345
0.3880225419998169,-0.27502328157424927,-0.6355814337730408
-0.4506874680519104,0.20745749771595,0.4858669638633728
0.3250364065170288,0.19746747612953186,-0.03053518943488598
0.43962562084198,0.1580660492181778,0.2662394940853119
-0.01816488616168499,0.23095256090164185,0.004018976353108883
-0.48141637444496155,-0.04123473912477493,0.3818123936653137
0.3422708213329315,-0.4256288707256317,0.5548291802406311
-0.12468826770782471,0.22915025055408478,-0.26439958810806274
-0.06171165034174919,0.1956651508808136,-0.5341776013374329
-0.4797089099884033,-0.4521839916706085,0.5480642914772034
-0.3944661319255829,0.003766187932342291,0.7528640627861023
0.1811358779668808,-0.2840348184108734,0.3882276713848114
-0.34058645367622375,0.14150089025497437,-0.4352399408817291
-0.43952396512031555,-0.27363550662994385,0.7732234597206116
0.29809656739234924,-0.3020579516887665,0.7528640627861023
0.1451844722032547,-0.08702297508716583,-0.714124321937561
-0.07370176911354065,-0.12519408762454987,-0.6431701183319092
-0.2745648920536041,-0.4146551191806793,0.7482159733772278
0.42242634296417236,-0.25640109181404114,0.39812278747558594
0.2530387341976166,0.1956651508808136,-0.4262283742427826
-0.1965910941362381,0.08468058705329895,0.3900299370288849
0.40288546681404114,-0.053169358521699905,0.7413562536239624
0.27106183767318726,-0.03224213793873787,0.3901247978210449
-0.13369984924793243,0.1396985948085785,-0.38126540184020996
0.1091761514544487,0.23095256090164185,-0.18339034914970398
-0.02645270526409149,-0.11485542356967926,-0.8853441476821899
-0.011265840381383896,-0.30822375416755676,0.7510616779327393
-0.3404915928840637,0.1396985948085785,0.19433662295341492
-0.263845831155777,-0.11731133610010147,0.7510616779327393
-0.3324936032295227,-0.40946778655052185,-0.7590574622154236
0.43867701292037964,-0.11317549645900726,0.4281631112098694
0.33404797315597534,0.11171528697013855,0.3882276713848114
-0.3315748870372772,0.23095256090164185,-0.5881520509719849
-0.2866118848323822,-0.43533432483673096,0.44618624448776245
-0.11273609101772308,0.1056443452835083,0.7510616779327393
0.4562855660915375,0.10270372033119202,-0.040953487157821655
0.14439572393894196,-0.4256288707256317,-0.6967950463294983
-0.20560267567634583,0.12964357435703278,-0.6020962595939636
0.23511043190956116,0.1975623220205307,-0.669161319732666
-0.11567669361829758,-0.43533432483673096,-0.7320526242256165
0.05639013648033142,0.20717816054821014,-0.8629926443099976
0.3250364065170288,0.23095256090164185,0.6350496411323547
-0.4591597020626068,0.2197592407464981,0.6170265078544617
-0.35999733209609985,0.2097393423318863,-0.23736488819122314
-0.4034776985645294,-0.23907184600830078,0.3882276713848114
-0.07070423662662506,0.23095256090164185,0.5271005630493164
-0.459634006023407,0.22251014411449432,-0.637383759021759
-0.2236258089542389,0.1396985948085785,0.11342224478721619
0.2890850007534027,-0.12217757850885391,0.7528640627861023
0.22748664021492004,-0.43258339166641235,0.39082396030426025
0.30701327323913574,0.17805656790733337,-0.16546207666397095
-0.3404915928840637,0.1396985948085785,-0.10247595608234406
0.4562855660915375,-0.18512575328350067,0.6170265078544617
0.10844432562589645,0.18776202201843262,-0.4166177809238434
-0.4551756680011749,0.23047827184200287,0.05873342603445053
-0.10666513442993164,-0.38158461451530457,-0.5826854109764099
-0.45081213116645813,-0.1311606913805008,0.6080149412155151
0.42754867672920227,0.1573721468448639,-0.6248325109481812
-0.48141637444496155,0.02030670829117298,-0.6435143947601318
0.43867701292037964,-0.3020579516887665,0.6800126433372498
-0.20560267567634583,-0.1761331558227539,0.3882276713848114
0.10916665941476822,-0.311069518327713,-0.6020962595939636
-0.08864199370145798,0.23095256090164185,-0.09346438944339752
0.022796470671892166,-0.1371258795261383,0.7417356967926025
0.4368746876716614,0.08468058705329895,-0.2194366306066513
-0.45021313428878784,0.22035826742649078,0.3569541573524475
0.3609877824783325,-0.014237972907721996,-0.6335893869400024
-0.0077276150695979595,-0.43315258622169495,0.6890241503715515
0.4368746876716614,0.06675230711698532,0.48213765025138855
-0.2506604790687561,0.23095256090164185,-0.012531024403870106
0.04476431384682655,-0.021823836490511894,0.4097254276275635
0.23511043190956116,0.2738286554813385,0.4012232720851898
-0.14340530335903168,0.21944479644298553,0.11263351142406464
-0.15162812173366547,0.14150089025497437,0.2752510607242584
0.43867701292037964,0.14766669273376465,-0.42632320523262024
-0.16395972669124603,-0.26933175325393677,0.7510616779327393
-0.12607602775096893,-0.042669929563999176,0.7344017028808594
0.1478404998779297,0.14140604436397552,0.7510616779327393
0.31678369641304016,-0.426227867603302,-0.6012426018714905
0.046218473464250565,0.23095256090164185,0.6350496411323547
-0.19737984240055084,0.2212471067905426,0.5623581409454346
-0.46058258414268494,0.08468058705329895,0.42237672209739685
-0.3315748870372772,-0.3829723298549652,-0.6002939939498901
0.13617289066314697,0.12063200026750565,-0.63349449634552
-0.02575075253844261,0.1396985948085785,-0.30035099387168884
0.43867701292037964,0.02169446274638176,0.20334818959236145
-0.14261655509471893,0.1396985948085785,-0.16546207666397095
-0.34950315952301025,-0.14914587140083313,-0.6020962595939636
-0.06172112748026848,0.22915025055408478,-0.7860271334648132
-0.029298460111021996,0.06675230711698532,-0.696101188659668
0.421382874250412,0.2871738374233246,0.5706108212471008
0.1811358779668808,0.22915025055408478,0.30228573083877563
-0.259577214717865,0.22915025055408478,-0.3723486661911011
-0.026444632560014725,0.03902372717857361,0.38032451272010803
-0.26858875155448914,0.23095256090164185,0.33823713660240173
-0.3585147261619568,-0.03223264962434769,-0.6337790489196777
-0.45081213116645813,-0.2840348184108734,0.6260380744934082
-0.005166431423276663,-0.16712157428264618,-0.7590872645378113
0.2883911430835724,-0.30136409401893616,0.4002096951007843
0.10916665941476822,0.22915025055408478,-0.3287734389305115
0.046218473464250565,0.23095256090164185,0.5090774297714233
0.05519210174679756,-0.3996674716472626,-0.7500756978988647
0.03580017387866974,0.1762542426586151,-0.084500253200531
0.028938548639416695,0.2212471067905426,0.2655456066131592
-0.31355172395706177,0.030706031247973442,0.3900299370288849
0.4590364992618561,0.1746065467596054,0.43856245279312134
0.42935100197792053,0.21134670078754425,0.6883302927017212
-0.43190014362335205,0.24856114387512207,-0.011124291457235813
0.3970341086387634,0.23095256090164185,0.20334818959236145
-0.34950315952301025,-0.4335319697856903,0.581075131893158
-0.3412803113460541,0.23885570466518402,0.11263351142406464
0.4202147424221039,-0.39960774779319763,0.473126083612442
0.10018355399370193,0.23123714327812195,-0.6601497530937195
-0.45881012082099915,0.11240916699171066,0.6253442168235779
-0.13369984924793243,-0.08733601123094559,-0.7320526242256165
0.20054678618907928,0.2785118520259857,0.7234930396080017
0.046218473464250565,0.23095256090164185,-0.5072377324104309
0.24323837459087372,0.20745749771595,-0.7852384448051453
-0.34950315952301025,0.22915025055408478,0.44618624448776245
0.3250364065170288,0.19613945484161377,-0.6003888845443726
-0.259577214717865,0.02169446274638176,-0.6020962595939636
0.1541011780500412,-0.07719562947750092,-0.6020962595939636
0.19906415045261383,-0.35603249073028564,0.7538126111030579
-0.07972529530525208,0.22915025055408478,0.22127646207809448
-0.21461424231529236,-0.04122524335980415,0.3882276713848114
0.43962562084198,-0.40099549293518066,0.6170265078544617
-0.37653785943984985,0.23095256090164185,-0.3543255627155304
-0.25085020065307617,0.19926978647708893,-0.813630998134613
-0.32177460193634033,0.11016768962144852,0.7413562536239624
-0.016729695722460747,-0.43258339166641235,0.44618624448776245
0.19915901124477386,-0.1491553634405136,0.3882276713848114
-0.47022300958633423,-0.10417341440916061,0.48074987530708313
-0.09765356779098511,0.14766669273376465,-0.6337790489196777
0.423973947763443,-0.00534023717045784,-0.44425150752067566
0.19915901124477386,0.1956651508808136,-0.12951067090034485
0.2170872837305069,0.14766669273376465,0.3882276713848114
0.010222479701042175,0.1746065467596054,0.7538126111030579
0.019229304045438766,0.10270372033119202,-0.6020962595939636
-0.4486303925514221,-0.3199862539768219,0.45510298013687134
-0.4753454029560089,-0.339397132396698,-0.5802190899848938
0.17212429642677307,0.21211080253124237,0.06696714460849762
0.43962562084198,0.11162044107913971,0.11332736909389496
0.33404797315597534,0.23095256090164185,0.41915157437324524
-0.4794243276119232,-0.2315429002046585,-0.5958707928657532
-0.06314682960510254,-0.14015327394008636,0.3882276713848114
-0.37653785943984985,0.14150089025497437,-0.5431891083717346
-0.4806574583053589,0.24533595144748688,-0.2650284767150879
-0.44982844591140747,0.12028768658638,0.13135050237178802
0.4368746876716614,-0.18512575328350067,0.5090774297714233
-0.2042149007320404,0.12208998203277588,-0.09491854906082153
-0.03725044056773186,0.15910950303077698,-0.4532630741596222
-0.3585147261619568,0.23095256090164185,0.24831120669841766
-0.14271140098571777,0.14150089025497437,-0.4892144501209259
-0.4491046965122223,-0.005245376378297806,0.6619895100593567
-0.160639688372612,-0.3380093574523926,0.3900299370288849
-0.11567669361829758,-0.43533432483673096,0.6529779434204102
0.3430595397949219,0.08468058705329895,-0.6002939939498901
-0.3404915928840637,0.23095256090164185,0.6710010170936584
0.046218473464250565,0.1956651508808136,-0.7770155668258667
0.1541011780500412,0.23095256090164185,0.5001606941223145
0.24402715265750885,0.2979227304458618,0.6440612077713013
0.04692184180021286,-0.08689159154891968,-0.6431999802589417
-0.17866283655166626,-0.16714055836200714,-0.6337790489196777
-0.41248926520347595,0.1418803185224533,0.28426262736320496
-0.014634735882282257,-0.05574951320886612,0.7415460348129272
0.3842633068561554,0.023271944373846054,-0.0021222084760665894
-0.43633392453193665,-0.16855677962303162,0.40773338079452515
0.3160248100757599,0.22915025055408478,-0.33630239963531494
-0.14261655509471893,0.23095256090164185,-0.5881520509719849
-0.015999285504221916,-0.19923122227191925,-0.8825932145118713
0.369020938873291,-0.09676636755466461,-0.6951227784156799
0.3366091549396515,0.150227889418602,0.7510616779327393
0.1811358779668808,-0.18511627614498138,-0.6355814337730408
0.0102338632568717,0.22915025055408478,0.15838520228862762
-0.0333271287381649,0.12208998203277588,0.030987277626991272
-0.15162812173366547,-0.43258339166641235,0.5180889964103699
-0.0077465856447815895,-0.32899779081344604,0.3900299370288849
0.20883458852767944,-0.426227867603302,-0.6012426018714905
-0.2408601939678192,0.1512063443660736,-0.19319066405296326
0.1541011780500412,-0.43533432483673096,0.6619895100593567
-0.33009228110313416,0.2508377730846405,-0.49970874190330505
-0.41248926520347595,0.14150089025497437,-0.20141348242759705
0.2441219985485077,0.19746747612953186,0.23028802871704102
0.2441219985485077,-0.12263289093971252,-0.696101188659668
0.43867701292037964,0.09369216114282608,0.35616543889045715
-0.23263736069202423,0.1396985948085785,-0.44425150752067566
0.23511043190956116,-0.4335319697856903,0.509172260761261
0.29809656739234924,-0.24808341264724731,-0.6001042723655701
-0.177429661154747,0.1848512887954712,0.7510616779327393
0.0012365233851596713,0.22915025055408478,-0.26439958810806274
-0.02750563435256481,-0.3290926516056061,-0.7320526242256165
0.1451844722032547,0.22915025055408478,0.6800126433372498
-0.07972529530525208,0.2314268797636032,0.4281631112098694
0.4271692633628845,0.19193579256534576,-0.020829740911722183
-0.461910605430603,0.20287440717220306,-0.399288535118103
0.42992016673088074,-0.08547917008399963,0.6807064414024353
-0.24164892733097076,-0.43533432483673096,-0.7680988907814026
0.2807672619819641,-0.05991380661725998,-0.5905885696411133
-0.2236258089542389,0.22915025055408478,-0.23736488819122314
-0.23263736069202423,-0.36504408717155457,-0.6002939939498901
-0.23263736069202423,0.22915025055408478,0.6619895100593567
-0.11498282104730606,0.2212471067905426,-0.40760621428489685
-0.321869432926178,0.2406580150127411,-0.1287219226360321
0.2441219985485077,0.1956651508808136,-0.5341776013374329
0.3609877824783325,-0.16713108122348785,-0.6355814337730408
0.40519192814826965,0.1386551409959793,-0.11148752272129059
-0.46039292216300964,0.07566902786493301,0.7528640627861023
0.0641941949725151,-0.43533432483673096,0.6080149412155151
-0.14271140098571777,-0.059210438281297684,-0.6020962595939636
0.14091582596302032,0.03544897213578224,0.7510616779327393
-0.3404915928840637,0.1396985948085785,-0.327290803194046
-0.37350237369537354,-0.211562842130661,0.7513462901115417
0.3880225419998169,0.22915025055408478,-0.2194366306066513
-0.01531347818672657,0.12028768658638,-0.06507986783981323
0.3720862567424774,-0.36286231875419617,0.7510616779327393
-0.02750563435256481,0.12964357435703278,-0.7680988907814026
-0.23263736069202423,0.23095256090164185,0.0863875299692154
0.23511043190956116,-0.43533432483673096,-0.7500756978988647
-0.029298460111021996,0.030706031247973442,-0.8130618929862976
0.4043733477592468,-0.354644775390625,0.4098202884197235
-0.26858875155448914,-0.20312044024467468,-0.6355814337730408
-0.35623812675476074,-0.3382939398288727,0.7510616779327393
-0.0788416862487793,-0.3901517391204834,-0.8644453883171082
-0.25056564807891846,0.1396985948085785,0.32021403312683105
-0.3675262928009033,-0.3739607632160187,0.3882276713848114
0.2561988830566406,-0.22828783094882965,0.7413562536239624
0.4277331531047821,0.014165520668029785,-0.20002572238445282
0.3970341086387634,0.23873096704483032,0.3349171280860901
0.4368746876716614,0.09369216114282608,0.5720635652542114
-0.3045401871204376,-0.21213199198246002,0.3900299370288849
-0.024517590180039406,0.14368264377117157,0.25722792744636536
0.4052569270133972,0.2212471067905426,-0.38057151436805725
0.09188483655452728,-0.30136409401893616,0.7441071271896362
0.09947069734334946,-0.41971248388290405,-0.609999418258667
-0.4559345245361328,0.12964357435703278,-0.59991455078125
-0.3944661319255829,-0.43258339166641235,0.48213765025138855
-0.20560267567634583,-0.4114650785923004,0.41987529397010803
-0.37653785943984985,0.1956651508808136,-0.669161319732666
-0.26858875155448914,-0.12263289093971252,-0.7230410575866699
-0.14271140098571777,0.16199034452438354,0.3651770055294037
0.4368746876716614,-0.014237972907721996,0.4371746778488159
-0.20560267567634583,-0.43258339166641235,0.6890241503715515
0.423973947763443,0.23095256090164185,-0.5881520509719849
0.3519762456417084,-0.07719562947750092,0.3900299370288849
0.2530387341976166,0.23095256090164185,0.554135262966156
0.3519762456417084,0.1956651508808136,0.07739493250846863
0.08987241983413696,-0.4000469148159027,-0.8737713694572449
0.3608929514884949,0.23095256090164185,0.5271005630493164
0.07391861081123352,-0.09640590846538544,-0.776416540145874
-0.09844230115413666,0.21944479644298553,0.031709618866443634
-0.160639688372612,0.1418803185224533,-0.2553880214691162
0.35128235816955566,-0.4256288707256317,0.6716949939727783
-0.1613335758447647,0.21944479644298553,0.2925803065299988
0.12716132402420044,-0.43533432483673096,0.46411454677581787
-0.13369984924793243,0.1396985948085785,0.09539909660816193
-0.25056564807891846,0.14150089025497437,0.21226491034030914
0.01994500309228897,-0.22936639189720154,0.39973539113998413
-0.08113201707601547,0.23123714327812195,0.7684805393218994
0.2966139316558838,0.3173336088657379,0.7263633608818054
0.2530387341976166,0.23095256090164185,0.014437278732657433
0.0015875003300607204,-0.19411833584308624,-0.6336842179298401
0.41496238112449646,0.2979227304458618,0.4911492168903351
0.4033896327018738,0.1386551409959793,-0.5162492394447327
-0.24155408143997192,0.23095256090164185,-0.5881520509719849
0.42992016673088074,0.022483209148049355,0.6267319917678833
0.11059236526489258,-0.2646239399909973,0.3882276713848114
0.16311274468898773,-0.14913639426231384,0.7528640627861023
0.3422708213329315,-0.4256288707256317,-0.6967950463294983
-0.24155408143997192,0.23095256090164185,0.5001606941223145
-0.029298460111021996,-0.023221084848046303,-0.6601497530937195
0.4156562387943268,-0.3463270664215088,-0.6093353629112244
0.379010945558548,0.08606833964586258,0.7538126111030579
-0.12468826770782471,-0.3199862539768219,-0.6355814337730408
0.09119095653295517,0.1762542426586151,0.11342224478721619
-0.23263736069202423,-0.32899779081344604,0.7528640627861023
-0.18511320650577545,-0.18256455659866333,0.7510616779327393
0.055914439260959625,0.10191499441862106,0.3807988166809082
0.08147602528333664,0.18776202201843262,0.3105085790157318
-0.3937722444534302,-0.07763056457042694,-0.6773841977119446
0.1197623610496521,0.19794176518917084,-0.8678901195526123
-0.12607602775096893,0.24856114387512207,-0.6497504115104675
-0.11428894847631454,-0.12216808646917343,0.409440815448761
0.0282237958163023,-0.3380093574523926,-0.6337790489196777
-0.45081213116645813,0.10270372033119202,0.5180889964103699
0.23511043190956116,-0.4335319697856903,0.5990982055664062
0.001236522919498384,0.22915025055408478,0.38320013880729675
-0.3864031434059143,0.2086959034204483,0.7270976305007935
-0.2955286204814911,0.1637926697731018,-0.5162492394447327
0.3160248100757599,-0.3380093574523926,-0.6002939939498901
-0.26858875155448914,0.1956651508808136,-0.696101188659668
-0.12468826770782471,0.16199034452438354,0.18532505631446838
0.4582776129245758,0.02169446088373661,-0.6345977187156677
-0.17866283655166626,0.021789323538541794,-0.6355814337730408
0.4289715588092804,0.11240916699171066,-0.2996571362018585
0.3430595397949219,0.19746747612953186,-0.4352399408817291
-0.07214890420436859,0.21725782752037048,-0.8668466806411743
0.0821983590722084,0.1956651508808136,0.014437278732657433
0.2890850007534027,-0.39198392629623413,0.7538126111030579
0.3160248100757599,-0.03224213793873787,0.7538126111030579
-0.45081213116645813,-0.3470209240913391,0.554135262966156
-0.048605017364025116,-0.3199862539768219,-0.9017195701599121
-0.37653785943984985,0.22915025055408478,0.33823713660240173
0.0102338632568717,0.22915025055408478,-0.6061752438545227
-0.30643734335899353,-0.01613514870405197,0.7510616779327393
-0.02750563435256481,-0.23907184600830078,-0.714124321937561
0.2088644653558731,0.2212471067905426,-0.3730425536632538
-0.4409117102622986,0.12028768658638,-0.07549816370010376
-0.45081213116645813,-0.36504408717155457,0.6529779434204102
-0.4215008318424225,0.1396985948085785,-0.46227461099624634
-0.1972849816083908,-0.0599043183028698,0.7431585788726807
0.17212429642677307,-0.08702297508716583,-0.7950387597084045
-0.16965125501155853,0.23095256090164185,-0.039527785032987595
0.19014745950698853,-0.2661065459251404,-0.6002939939498901
0.2620503008365631,0.06675230711698532,0.39097851514816284
0.03723536431789398,-0.43258339166641235,0.5180889964103699
-0.34058645367622375,0.22915025055408478,0.014437278732657433
-0.16965125501155853,0.22915025055408478,-0.33630239963531494
0.028938548639416695,0.2212471067905426,-0.1751675307750702
0.4514477849006653,-0.21213199198246002,-0.5805037021636963
0.03720690682530403,-0.23907184600830078,0.7538126111030579
-0.09765356779098511,-0.12263289093971252,-0.8490132689476013
-0.3315748870372772,-0.43258339166641235,0.70843505859375
-0.27760031819343567,0.1637926697731018,0.03244144096970558
-0.05909496918320656,-0.20802320539951324,0.7413562536239624
0.27106183767318726,0.12964357435703278,-0.6355814337730408
-0.10666513442993164,-0.19411833584308624,-0.6002939939498901
0.1617249697446823,0.21507605910301208,0.14789101481437683
0.08147743344306946,-0.07791655510663986,0.7510616779327393
-0.07071371376514435,0.19746747612953186,-0.34531399607658386
0.23179037868976593,-0.008574913255870342,0.7510616779327393
0.40519192814826965,0.05774073675274849,-0.3902769684791565
0.07319626957178116,0.1746065467596054,-0.6020962595939636
0.14587834477424622,0.2888813018798828,0.4648084044456482
-0.16965125501155853,0.25064805150032043,-0.8055328726768494
0.3880225419998169,-0.19411833584308624,0.3900299370288849
0.43867701292037964,0.15667825937271118,0.6260380744934082
0.13617289066314697,-0.3996674716472626,-0.7680988907814026
0.05521107092499733,-0.24808341264724731,-0.6002939939498901
-0.45081213116645813,-0.23006026446819305,0.6890241503715515
0.2530387341976166,-0.23907184600830078,0.3882276713848114
-0.08114150166511536,-0.45474520325660706,-0.8144496083259583
-0.11567669361829758,0.03971760720014572,0.3900299370288849
0.1541011780500412,0.03971760720014572,-0.6337790489196777
-0.3225633203983307,0.1396985948085785,0.2752510607242584
0.19014745950698853,0.22915025055408478,0.6080149412155151
0.4033896327018738,0.05774073675274849,0.2752510607242584
0.10016457736492157,0.2979227304458618,0.6710010170936584
-0.44249972701072693,-0.3829723298549652,0.7492594122886658
-0.07972529530525208,0.1396985948085785,-0.2283533215522766
-0.3855494558811188,-0.03364887088537216,0.3688167929649353
-0.3585147261619568,-0.13114172220230103,0.7528640627861023
0.22609885036945343,-0.35603249073028564,0.3882276713848114
-0.4676618278026581,0.012682897970080376,0.4537152051925659
0.2620503008365631,0.22915025055408478,0.473126083612442
0.30701327323913574,0.22915025055408478,-0.2553880214691162
0.14370183646678925,-0.023230569437146187,0.409440815448761
0.3519762456417084,0.22915025055408478,0.7407221794128418
-0.24164891242980957,0.12063200026750565,0.7538126111030579
0.22679273784160614,0.28850188851356506,0.5173951387405396
-0.2824978530406952,-0.09063995629549026,-0.8417689204216003
0.3519762456417084,0.2979227304458618,0.5990033745765686
-0.39307838678359985,0.24856114387512207,0.1299627423286438
0.4271692633628845,0.17539529502391815,-0.22013051807880402
-0.31355172395706177,-0.4000469148159027,-0.6780780553817749
-0.3855494558811188,0.06675230711698532,0.3882276713848114
-0.4685155749320984,-0.0592009574174881,0.5720635652542114
0.3880225419998169,-0.2840348184108734,0.7528640627861023
0.04474816471338272,0.2856859564781189,0.5762373208999634
-0.43705764412879944,0.1554451286792755,0.023420387879014015
0.19906415045261383,-0.45474520325660706,0.7623147964477539
-0.4506874680519104,-0.03151979669928551,0.7431585788726807
-0.3944661319255829,0.23095256090164185,0.5720635652542114
0.22815586626529694,0.14219479262828827,0.7413562536239624
0.0012365233851596713,0.002283566165715456,-0.5826854109764099
0.27106183767318726,-0.3996674716472626,-0.6602446436882019
-0.04372645542025566,-0.3470209240913391,-0.6020962595939636
0.40595078468322754,0.2979227304458618,0.6710010170936584
0.1451844722032547,0.1956651508808136,-0.714124321937561
0.16311274468898773,0.1956651508808136,-0.22844818234443665
-0.16965125501155853,-0.39720118045806885,-0.6489565372467041
0.16311274468898773,-0.36504408717155457,-0.6355814337730408
0.3616816997528076,-0.006034113932400942,0.40001997351646423
0.30701327323913574,0.22915025055408478,-0.6780780553817749
0.3325653672218323,0.31828221678733826,0.35616543889045715
-0.27760031819343567,0.16749216616153717,0.3903145492076874
-0.016758153215050697,-0.12249061465263367,-0.696101188659668
0.2336278110742569,0.24856114387512207,-0.1039111465215683
0.00880341324955225,-0.4100070595741272,0.7344017028808594
0.379010945558548,-0.11322291940450668,0.7534331679344177
-0.3675262928009033,-0.16714055836200714,0.3882276713848114
0.41426849365234375,0.13934902846813202,0.7441071271896362
-0.27760031819343567,0.14150089025497437,-0.3813602328300476
-0.0486714206635952,0.005182410124689341,-0.8758582472801208
0.33404797315597534,-0.10417626798152924,-0.6002939939498901
-0.27760031819343567,0.1956651508808136,-0.084500253200531
0.1811358779668808,0.1746065467596054,-0.6020962595939636
-0.15162812173366547,0.2314268797636032,-0.16546207666397095
0.2800734043121338,-0.43533432483673096,0.4371746778488159
-0.043735943734645844,0.22915025055408478,0.5990982055664062
-0.2955286204814911,-0.29304638504981995,-0.6337790489196777
0.1181497797369957,0.1386551409959793,0.3882276713848114
-0.43140125274658203,0.14627891778945923,0.5824628472328186
0.07319626957178116,0.03971760720014572,0.3882276713848114
-0.17866283655166626,-0.24808341264724731,0.3688167929649353
-0.043735943734645844,-0.43533432483673096,-0.7051127552986145
-0.21530812978744507,0.12999314069747925,-0.34462010860443115
-0.052719052881002426,0.1956651508808136,0.10441066324710846
0.4033896327018738,0.029318276792764664,0.14036206901073456
-0.07071371376514435,0.23152171075344086,-0.21042506396770477
-0.03947679325938225,0.0799376517534256,0.7510616779327393
0.19014745950698853,0.1956651508808136,-0.48020294308662415
0.3250364065170288,0.1956651508808136,0.18532505631446838
-0.2859180271625519,-0.4256288707256317,0.5173951387405396
0.379010945558548,0.22915025055408478,0.014437278732657433
-0.15162812173366547,0.16199034452438354,-0.09346438944339752
0.06418471038341522,0.12063200026750565,0.7538126111030579
-0.39304327964782715,-0.4300222098827362,-0.7214284539222717
0.43962562084198,0.1746065467596054,0.17631348967552185
-0.4394291043281555,0.23095256090164185,0.6696133017539978
-0.45574480295181274,-0.4352394640445709,0.6260380744934082
0.0642036721110344,-0.12263289093971252,-0.6870896220207214
0.3519762456417084,-0.4351445734500885,0.7493542432785034
-0.03998761624097824,-0.40494969487190247,0.7385105490684509
-0.41248926520347595,0.16199034452438354,0.21226491034030914
0.1979258507490158,0.23076282441616058,-0.8389582633972168
-0.07071371376514435,-0.12263289093971252,-0.7500756978988647
0.2530387341976166,0.22915025055408478,0.6710010170936584
0.4033896327018738,0.15667825937271118,0.33823713660240173
-0.3045401871204376,0.1399831473827362,-0.5880572199821472
-0.41248926520347595,0.1956651508808136,-0.5791405439376831
-0.38545459508895874,0.1637926697731018,-0.27331629395484924
-0.052006203681230545,0.2212471067905426,0.30297964811325073
-0.10666513442993164,-0.32899779081344604,0.7528640627861023
-0.45081213116645813,-0.07719562947750092,0.6800126433372498
-0.4491046965122223,-0.20312044024467468,0.5900866389274597
0.2441219985485077,0.23095256090164185,-0.21042506396770477
0.08217938244342804,-0.43533432483673096,0.6800126433372498
0.3609877824783325,0.19746747612953186,-0.10247595608234406
-0.16965125501155853,0.02169446274638176,0.7344017028808594
-0.010488000698387623,0.14804613590240479,-0.3723486661911011
-0.14271140098571777,0.16199034452438354,-0.5612122416496277
-0.21461424231529236,-0.08702297508716583,-0.7590872645378113
0.41496238112449646,0.22915025055408478,0.46411454677581787
-0.46200546622276306,0.23898042738437653,-0.32738569378852844
-0.27760031819343567,0.19746747612953186,0.2662394940853119
-0.06242449954152107,-0.049495499581098557,-0.609999418258667
-0.006968745496124029,-0.059219926595687866,-0.8220734596252441
0.1181497797369957,0.22915025055408478,-0.10247595608234406
0.379010945558548,0.19746747612953186,0.2662394940853119
0.08261573314666748,0.19168110191822052,0.7510616779327393
-0.45081213116645813,-0.19411833584308624,0.44618624448776245
0.40519192814826965,0.10270372033119202,0.21226491034030914
0.05508775636553764,-0.1223578080534935,-0.8748148083686829
-0.3045401871204376,0.1956651508808136,-0.2913393974304199
-0.03474334999918938,0.19746747612953186,-0.03053518943488598
-0.38476067781448364,0.031399913132190704,-0.609999418258667
-0.026727793738245964,-0.13129349052906036,-0.8220734596252441
-0.27760031819343567,0.19746747612953186,-0.4352399408817291
-0.43392735719680786,0.14301861822605133,0.3882276713848114
0.43962562084198,-0.36504408717155457,0.5451236963272095
0.16311274468898773,-0.21213199198246002,0.3905991315841675
-0.3944661319255829,-0.3380093574523926,-0.6337790489196777
-0.07972529530525208,-0.311069518327713,0.3882276713848114
0.4590364992618561,-0.32899779081344604,0.4925369620323181
-0.05275699868798256,0.09369216114282608,-0.6001042723655701
-0.4034776985645294,0.1637926697731018,-0.38126540184020996
-0.14192266762256622,0.21944479644298553,-0.5079315304756165
-0.03615956753492355,0.2097393423318863,-0.48168548941612244
0.43867701292037964,-0.25709497928619385,0.6080149412155151
-0.37653785943984985,-0.4383346438407898,0.75314861536026
-0.3225633203983307,0.14150089025497437,-0.1924019157886505
-0.00017779918562155217,-0.08476442098617554,0.409440815448761
-0.4491046965122223,-0.3829723298549652,0.4911492168903351
0.17212429642677307,0.22915025055408478,-0.6511382460594177
0.4393410384654999,0.2375926524400711,0.6350496411323547
-0.2866118848323822,0.23095256090164185,0.18532505631446838
-0.3944661319255829,-0.08618822693824768,0.3900299370288849
0.4289715588092804,-0.23837794363498688,0.48283150792121887
0.43867701292037964,0.1656898409128189,0.03242247551679611
0.17212429642677307,0.2979227304458618,0.6619895100593567
-0.02574126422405243,-0.023230569437146187,0.3900299370288849
0.2807672619819641,-0.10346056520938873,0.38032451272010803
-0.3419741988182068,0.12237456440925598,0.09537063539028168
-0.16202746331691742,0.10409148037433624,-0.6549922823905945
0.4033896327018738,0.06675230711698532,-0.12049910426139832
0.30701327323913574,-0.43533432483673096,0.6080149412155151
-0.27760031819343567,0.22915025055408478,0.4371746778488159
-0.08794812113046646,0.14940404891967773,-0.3190680146217346
-0.3585147261619568,-0.3020579516887665,0.3882276713848114
-0.007756072096526623,0.22915025055408478,0.45510298013687134
0.2890850007534027,0.18466156721115112,0.3863304853439331
0.3602939546108246,-0.4256288707256317,0.4648084044456482
0.19014745950698853,-0.02324005402624607,-0.6337790489196777
0.2620503008365631,0.23095256090164185,-0.6061752438545227
0.0925787091255188,0.2169732302427292,-0.2747988998889923
-0.259577214717865,0.09369216114282608,-0.6335893869400024
-0.4131831228733063,0.11102141439914703,0.7431585788726807
0.2247110903263092,-0.10674690455198288,-0.775627851486206
-0.20560267567634583,0.1637926697731018,-0.5162492394447327
0.4562855660915375,-0.1311606913805008,0.5630519986152649
0.3797048330307007,-0.30136409401893616,0.39793309569358826
-0.4111015498638153,-0.03223264962434769,-0.614368200302124
-0.21461424231529236,0.19746747612953186,0.15829035639762878
-0.2955286204814911,-0.04121575877070427,-0.6002939939498901
0.40519192814826965,0.06665744632482529,-0.47128617763519287
0.4199301600456238,-0.3574202358722687,0.7300382256507874
-0.3578208386898041,-0.4256288707256317,-0.6428205370903015
0.4033896327018738,0.10270372033119202,0.04142455384135246
-0.03296949341893196,-0.11133524775505066,0.7510616779327393
-0.007756072096526623,-0.1311606913805008,-0.6020962595939636
0.3962154984474182,0.19076761603355408,-0.6404543519020081
0.019535697996616364,0.2335137277841568,0.7159640192985535
0.4590364992618561,-0.023230569437146187,0.6696133017539978
-0.3944661319255829,0.1956651508808136,0.08639702200889587
-0.10666513442993164,0.19746747612953186,-0.7320526242256165
-0.160639688372612,0.1845667064189911,-0.6379528641700745
0.0642036721110344,0.1956651508808136,-0.38126540184020996
0.13617289066314697,-0.3380093574523926,0.39050424098968506
-0.12468826770782471,0.22915025055408478,0.48213765025138855
-0.19807374477386475,0.24856114387512207,0.06082596257328987
0.10017406195402145,0.22915025055408478,0.5900866389274597
-0.12468826770782471,0.23095256090164185,0.3741885721683502
0.33404797315597534,-0.23907184600830078,0.7528640627861023
0.4368746876716614,0.04120022431015968,0.5167012214660645
-0.06172112748026848,0.22915025055408478,-0.6151868104934692
-0.09774842113256454,-0.43533432483673096,0.473126083612442
-0.23402515053749084,-0.051634062081575394,-0.5808831453323364
-0.160639688372612,-0.43533432483673096,-0.7950387597084045
0.10653100162744522,-0.2087469846010208,0.7417356967926025
0.29809656739234924,0.23095256090164185,-0.5072377324104309
0.4178432524204254,0.21068790555000305,-0.4757094085216522
-0.0683232843875885,0.15904971957206726,0.7510616779327393
0.20807573199272156,0.23152171075344086,-0.7231358885765076
-0.01673918403685093,0.1956651508808136,0.21226491034030914
0.30701327323913574,0.01277775876224041,-0.6002939939498901
-0.31914839148521423,0.05214408412575722,0.7510616779327393
-0.1644340306520462,-0.11698882281780243,0.7510616779327393
0.15255355834960938,0.21840135753154755,0.7368030548095703
-0.04515216499567032,0.25064805150032043,-0.7037250399589539
-0.31355172395706177,0.14150089025497437,-0.021552078425884247
0.0282237958163023,0.23095256090164185,-0.32738569378852844
-0.21461424231529236,0.19746747612953186,0.2932741940021515
0.10018355399370193,-0.050208356231451035,-0.6355814337730408
-0.16965125501155853,-0.43533432483673096,0.6080149412155151
-0.21461424231529236,0.1637926697731018,0.005455116741359234
0.1976763755083084,-0.10418004542589188,-0.5826854109764099
0.27106183767318726,0.2979227304458618,0.5720635652542114
-0.4228885769844055,0.24856114387512207,0.3818123936653137
-0.08873685449361801,0.16199034452438354,-0.12951067090034485
0.33404797315597534,-0.23907184600830078,0.3900299370288849
-0.09913618862628937,0.12028768658638,-0.01253102533519268
-0.11498282104730606,0.21944479644298553,0.5893927812576294
-0.44231003522872925,-0.3470209240913391,0.3939191699028015
-0.05342242121696472,-0.4214550852775574,-0.623469352722168
-0.3855494558811188,0.19746747612953186,-0.084500253200531
-0.24155408143997192,-0.3739607632160187,0.3900299370288849
0.1541011780500412,0.19746747612953186,0.35616543889045715
-0.08873685449361801,0.1637926697731018,0.24831120669841766
0.36999937891960144,0.1386551409959793,-0.6337790489196777
-0.2866118848323822,0.23095256090164185,-0.5162492394447327
-0.20560267567634583,0.1956651508808136,-0.4173116385936737
0.06767409294843674,0.2810080647468567,0.5125222206115723
0.2530387341976166,-0.21213199198246002,-0.6355814337730408
-0.34950315952301025,-0.41592344641685486,0.4295508861541748
0.0372258797287941,0.1956651508808136,0.06840233504772186
-0.14261655509471893,-0.23907184600830078,-0.6355814337730408
0.0911719799041748,-0.43533432483673096,-0.6601497530937195
-0.005166431423276663,-0.3739607632160187,-0.8219786286354065
-0.029298460111021996,-0.21213199198246002,-0.8130618929862976
-0.005166431423276663,-0.3739607632160187,-0.6870896220207214
-0.12392940372228622,-0.21108855307102203,0.7510616779327393
-0.08113201707601547,0.13112619519233704,0.3882276713848114
-0.2866118848323822,-0.43116050958633423,-0.6137639284133911
0.1181497797369957,-0.12263289093971252,-0.7680988907814026
0.4174638092517853,-0.24055448174476624,0.6980357766151428
0.23372265696525574,-0.4323936700820923,-0.814674437046051
-0.15162812173366547,-0.12263289093971252,-0.7860271334648132
0.41879183053970337,0.265066534280777,0.7491645216941833
-0.4499233067035675,-0.3829723298549652,-0.6000093817710876
0.1257735639810562,-0.4273661971092224,0.369006484746933
-0.4034776985645294,0.16199034452438354,-0.1385222226381302
0.13617289066314697,0.1956651508808136,0.2662394940853119
0.11676198989152908,-0.20173266530036926,-0.5826854109764099
-0.38441112637519836,-0.06975871324539185,0.7513462901115417
-0.43952396512031555,-0.1837095320224762,0.7538126111030579
-0.3315748870372772,0.19746747612953186,-0.3902769684791565
-0.2866118848323822,0.19746747612953186,-0.1924019157886505
-0.45154115557670593,0.21621960401535034,0.5465764403343201
-0.2236258089542389,-0.13114172220230103,-0.6002939939498901
-0.23263736069202423,0.18361811339855194,-0.6337790489196777
0.3250364065170288,-0.12263289093971252,-0.669161319732666
-0.4600134491920471,-0.26601168513298035,0.40995028614997864
0.4368746876716614,0.048729173839092255,0.02342987433075905
0.2890850007534027,0.22915025055408478,0.07739493250846863
0.3519762456417084,0.17805656790733337,0.3651770055294037
-0.37653785943984985,0.19746747612953186,-0.1924019157886505
0.4388667345046997,0.09369216114282608,-0.5971636772155762
0.3076772689819336,0.21049819886684418,-0.7975647449493408
-0.3225633203983307,0.18361811339855194,-0.6531899571418762
-0.259577214717865,0.10270372033119202,0.3882276713848114
0.12646743655204773,0.20537060499191284,-0.3536316752433777
-0.018202831968665123,0.21211080253124237,-0.12188684940338135
-0.2250135838985443,0.25036346912384033,0.3562602996826172
-0.33226874470710754,0.2406580150127411,-0.05822582542896271
-0.07972529530525208,0.23095256090164185,-0.48020294308662415
0.1617249697446823,-0.08618822693824768,0.3688167929649353
-0.38545459508895874,-0.20312044024467468,-0.6355814337730408
-0.12468826770782471,-0.1311606913805008,-0.6002939939498901
0.07389964163303375,-0.4256288707256317,0.4558916687965393
-0.16965125501155853,-0.3996674716472626,-0.714124321937561
-0.4781911373138428,0.2391701489686966,-0.09490905702114105
0.37739837169647217,0.23854126036167145,0.5900866389274597
-0.24781472980976105,-0.20036953687667847,0.7510616779327393
0.1811358779668808,0.25036346912384033,-0.4068174958229065
-0.07069475203752518,-0.38306722044944763,0.39050424098968506
0.2530387341976166,0.1956651508808136,-0.3543255627155304
0.05521107092499733,0.1956651508808136,-0.7051127552986145
-0.27760031819343567,0.1637926697731018,0.14036206901073456
-0.3855494558811188,0.22915025055408478,-0.42632320523262024
-0.3855494558811188,-0.43533432483673096,0.6350496411323547
-0.09765356779098511,0.1396985948085785,0.31129729747772217
-0.4049603343009949,0.24856114387512207,0.5001606941223145
0.19014745950698853,0.23095256090164185,0.44618624448776245
0.43962562084198,-0.32899779081344604,0.5990982055664062
0.3880225419998169,-0.06820303201675415,-0.6020962595939636
0.08218886703252792,0.22915025055408478,-0.5612122416496277
-0.27760031819343567,-0.14914587140083313,0.3900299370288849
0.1181497797369957,0.23095256090164185,-0.4982260465621948
-0.18757952749729156,-0.43258339166641235,0.46411454677581787
0.03720690682530403,-0.43533432483673096,-0.696101188659668
0.1181497797369957,-0.11317549645900726,0.3905991315841675
-0.33034172654151917,0.1848512887954712,0.7510616779327393
0.41496238112449646,-0.00534023717045784,0.25722792744636536
-0.4531836211681366,-0.0951760783791542,0.43594154715538025
0.2530387341976166,0.22915025055408478,0.35616543889045715
-0.052719052881002426,0.1956651508808136,-0.2823278307914734
0.08173637092113495,-0.01613514870405197,0.7316508293151855
-0.2539207935333252,-0.4069715738296509,-0.7973504066467285
-0.3315748870372772,-0.08638743311166763,-0.7051127552986145
-0.10666513442993164,0.19746747612953186,-0.8219786286354065
0.3609877824783325,-0.22114357352256775,-0.6002939939498901
0.40519192814826965,0.16559499502182007,0.10441066324710846
0.0013693252112716436,0.16559499502182007,-0.5997248291969299
0.20807573199272156,-0.4000469148159027,-0.6870896220207214
0.001296265167184174,-0.3834466338157654,-0.8849647045135498
0.046218473464250565,0.18361811339855194,0.3903145492076874
-0.10666513442993164,0.16199034452438354,-0.4352399408817291
0.2441219985485077,0.29071351885795593,0.7537177801132202
0.20807573199272156,0.1956651508808136,-0.03053518943488598
0.09118147194385529,0.22915025055408478,-0.05893867835402489
-0.4034776985645294,-0.1402481347322464,-0.6355814337730408
-0.007756072096526623,0.22915025055408478,-0.5431891083717346
-0.006968745496124029,0.15667825937271118,-0.8490132689476013
-0.4034776985645294,0.22915025055408478,-0.525260865688324
-0.259577214717865,0.25064805150032043,-0.7784981727600098
0.379010945558548,0.2979227304458618,0.4371746778488159
0.29809656739234924,-0.08686172217130661,-0.7231358885765076
0.3880225419998169,0.23095256090164185,0.13135050237178802
-0.043716974556446075,-0.43258339166641235,0.6260380744934082
-0.25056564807891846,-0.43258339166641235,0.6439663767814636
-0.18005059659481049,0.2097393423318863,0.2496989369392395
0.4368746876716614,0.12964357435703278,0.46411454677581787
-0.28799962997436523,0.1396985948085785,-0.10108821094036102
0.4368746876716614,0.05774073675274849,0.41915157437324524
0.4289715588092804,0.12142074108123779,-0.38205409049987793
-0.16965125501155853,-0.35603249073028564,-0.6002939939498901
-0.2236258089542389,-0.10417531430721283,0.3900299370288849
0.19014745950698853,-0.29304638504981995,0.7538126111030579
-0.1329111009836197,0.2212471067905426,0.6972470283508301
0.04620898887515068,0.19746747612953186,0.20334818959236145
0.09118147194385529,-0.10418004542589188,-0.6020962595939636
0.07248342037200928,0.2406580150127411,0.25653403997421265
-0.37653785943984985,0.1396985948085785,-0.030525702983140945
-0.10735901445150375,-0.18583860993385315,0.39973539113998413
-0.20560267567634583,0.02169446274638176,0.3882276713848114
0.24402715265750885,0.23152171075344086,0.17631348967552185
-0.12468826770782471,-0.08702297508716583,-0.669161319732666
-0.20560267567634583,0.16199034452438354,0.3741885721683502
0.2696741223335266,0.31828221678733826,0.46559712290763855
0.1541011780500412,0.1956651508808136,0.0324319563806057
0.2441219985485077,0.23095256090164185,0.28426262736320496
0.15116055309772491,-0.12549762427806854,-0.6431701183319092
-0.2243196964263916,0.21944479644298553,0.7152701616287231
-0.3944661319255829,0.09369216114282608,-0.6002939939498901
0.19915901124477386,-0.12263289093971252,-0.7500756978988647
0.42963558435440063,0.21134670078754425,-0.5438830256462097
0.22970348596572876,-0.10054127871990204,0.7510616779327393
0.4590364992618561,0.030706031247973442,-0.19388456642627716
-0.31355172395706177,0.01277775876224041,-0.6337790489196777
0.3880225419998169,0.05774073675274849,-0.6355814337730408
-0.03480026125907898,0.14140604436397552,-0.5162492394447327
-0.3585147261619568,0.19746747612953186,0.17631348967552185
-0.4491046965122223,0.12964357435703278,0.7069525122642517
0.4368746876716614,-0.36504408717155457,0.6800126433372498
0.30701327323913574,0.2979227304458618,0.6440612077713013
0.30701327323913574,0.22915025055408478,0.23929961025714874
0.037929244339466095,0.2212471067905426,-0.04923323169350624
0.39842185378074646,0.2097393423318863,-0.029118964448571205
-0.31355172395706177,-0.08363652974367142,-0.6431701183319092
0.20876960456371307,0.28897619247436523,0.4648084044456482
-0.4415160119533539,0.1424494832754135,-0.5401536226272583
0.10021059960126877,-0.3768364191055298,0.7413562536239624
-0.01720399037003517,0.1554451286792755,-0.24040034413337708
0.4320369064807892,0.2909031808376312,0.33823713660240173
-0.07972529530525208,0.14150089025497437,-0.5702238082885742
0.046218473464250565,0.05774073675274849,-0.6355814337730408
-0.3315748870372772,0.22915025055408478,-0.696101188659668
0.11887210607528687,0.21944479644298553,0.049694810062646866
0.02823328599333763,-0.08702297508716583,-0.7231358885765076
0.4085119962692261,0.004809636622667313,-0.5222253799438477
0.1091761514544487,0.07566902786493301,-0.6002939939498901
-0.18463891744613647,0.09663276374340057,0.7510616779327393
0.43867701292037964,0.10270372033119202,-0.15645051002502441
-0.30523407459259033,-0.40030160546302795,0.4002096951007843
-0.005166431423276663,0.01277775876224041,-0.714124321937561
-0.006968745496124029,0.06665744632482529,-0.7680988907814026
0.36999937891960144,0.23095256090164185,-0.2913393974304199
-0.2243196964263916,-0.3912900388240814,0.7431585788726807
-0.23263736069202423,0.1956651508808136,-0.3093625605106354
0.18862970173358917,0.07415127754211426,0.7510616779327393
0.43545180559158325,0.2197592407464981,0.2752510607242584
0.4369695484638214,0.2105579525232315,-0.26439958810806274
0.4058910608291626,-0.41212907433509827,0.42964571714401245
0.4124363362789154,-0.02456141635775566,0.16878455877304077
0.08217938244342804,0.2443276196718216,0.693008303642273
0.443195104598999,-0.050208352506160736,0.37080880999565125
0.1746854931116104,0.27534639835357666,0.4042587876319885
-0.46058258414268494,0.02472994662821293,0.7203275561332703
0.4368746876716614,0.201641246676445,0.3651770055294037
0.3954865038394928,0.031399913132190704,-0.2831166088581085
-0.17866283655166626,0.1396985948085785,0.22127646207809448
0.037225883454084396,0.21154165267944336,-0.415829062461853
-0.4491046965122223,-0.15814796090126038,0.6619895100593567
0.4289715588092804,-0.16785341501235962,0.6807064414024353
-0.24164892733097076,-0.43533432483673096,0.500065803527832
0.13617289066314697,-0.014237972907721996,-0.6020962595939636
-0.07349973917007446,0.054859865456819534,0.7316508293151855
0.3887163996696472,-0.12145522981882095,0.39973539113998413
-0.41248926520347595,0.22915025055408478,0.2752510607242584
0.379010945558548,0.22915025055408478,0.6619895100593567
0.08217938244342804,-0.36504408717155457,-0.6337790489196777
-0.06932596117258072,-0.45474520325660706,0.5555229783058167
-0.4491046965122223,-0.03223264962434769,0.5180889964103699
-0.06242449954152107,0.2212471067905426,0.36596572399139404
-0.02750563435256481,-0.18513524532318115,-0.6870896220207214
-0.3225633203983307,0.22915025055408478,0.3922117054462433
0.20807573199272156,0.23095256090164185,-0.5791405439376831
-0.2866118848323822,-0.023230569437146187,0.3900299370288849
-0.45881012082099915,0.0584346242249012,0.5983095169067383
-0.016748668625950813,0.22915025055408478,0.6529779434204102
-0.02925102971494198,-0.38287749886512756,-0.7590872645378113
0.026817064732313156,0.3178078830242157,0.6350496411323547
-0.26858875155448914,0.16199034452438354,-0.23745974898338318
-0.12468826770782471,-0.43533432483673096,-0.6601497530937195
-0.33049631118774414,0.21065281331539154,-0.8107501268386841
0.3430595397949219,0.1956651508808136,-0.5431891083717346
-0.44259458780288696,0.21956951916217804,0.4101399779319763
-0.10666513442993164,-0.27502328157424927,-0.6002939939498901
0.22609885036945343,0.09369216114282608,-0.6002939939498901
0.09119095653295517,0.23095256090164185,-0.7590872645378113
-0.34058645367622375,0.19746747612953186,0.30228573083877563
-0.4486303925514221,0.1386551409959793,0.4460914134979248
-0.024264298379421234,0.05912850797176361,-0.8475306630134583
-0.08873685449361801,0.16749216616153717,0.3904094099998474
0.4055713713169098,0.12964357435703278,-0.24637643992900848
-0.041630085557699203,0.048729173839092255,-0.6378580331802368
-0.25056564807891846,-0.059191469103097916,0.7528640627861023
0.4390564560890198,0.18361811339855194,-0.36333712935447693
-0.38545459508895874,0.14766669273376465,-0.6355814337730408
-0.4407922625541687,-0.22850744426250458,0.40906140208244324
-0.004739569965749979,-0.2661065459251404,-0.882403552532196
-0.004853399004787207,0.12063200026750565,-0.696101188659668
-0.16965125501155853,0.19746747612953186,-0.23736488819122314
-0.08873685449361801,0.16199034452438354,-0.06652453541755676
0.1181497797369957,0.2979227304458618,0.7339872121810913
-0.3495980501174927,-0.3199862539768219,-0.6000093817710876
0.17143042385578156,0.20537060499191284,-0.290645569562912
-0.3225633203983307,-0.24808341264724731,-0.6020962595939636
-0.08725424110889435,0.21687838435173035,0.3098147213459015
0.3160248100757599,0.23095256090164185,-0.084500253200531
0.3519762456417084,0.1956651508808136,-0.6601497530937195
-0.4034776985645294,0.1956651508808136,-0.47128617763519287
-0.413877010345459,0.25036346912384033,-0.1280280351638794
-0.4228885769844055,0.25036346912384033,-0.2747988998889923
-0.20560267567634583,0.19746747612953186,-0.07550765573978424
-0.45211029052734375,-0.40978747606277466,0.4558916687965393
-0.10185721516609192,-0.25080445408821106,0.7413562536239624
0.30217546224594116,-0.18998251855373383,0.7510616779327393
0.2980017066001892,-0.39938288927078247,-0.714124321937561
-0.4034776985645294,0.16199034452438354,0.33823713660240173
-0.07072320580482483,-0.45474520325660706,0.7173517942428589
0.12716132402420044,0.1962343156337738,-0.6002939939498901
-0.11567669361829758,0.19262966513633728,0.7534331679344177
-0.12538215517997742,-0.4093729257583618,-0.7943448424339294
-0.31136998534202576,-0.16498726606369019,0.7510616779327393
-0.27760031819343567,0.23123714327812195,-0.6511382460594177
-0.06171165034174919,-0.08702297508716583,-0.7051127552986145
-0.24155408143997192,-0.3199862539768219,-0.6355814337730408
-0.3944661319255829,0.19746747612953186,0.0144277922809124
0.40519192814826965,0.15667825937271118,-0.048529863357543945
0.22540497779846191,-0.14842353761196136,0.7431585788726807
-0.31355172395706177,0.23095256090164185,-0.33630239963531494
0.19014745950698853,0.23095256090164185,0.21226491034030914
-0.12468826770782471,0.19746747612953186,-0.3183741569519043
-0.1584930419921875,-0.4510456621646881,-0.5838237404823303
0.29809656739234924,0.23095256090164185,0.5180889964103699
-0.24164892733097076,0.16199034452438354,-0.5612122416496277
-0.08873685449361801,0.19746747612953186,0.14937365055084229
0.4174638092517853,0.048729173839092255,0.7055647373199463
0.10916665941476822,0.22915025055408478,0.46411454677581787
-0.24155408143997192,-0.22114357352256775,0.3900299370288849
-0.26858875155448914,-0.3996674716472626,-0.714124321937561
-0.29701119661331177,0.22915025055408478,0.050407662987709045
-0.45081213116645813,-0.1581384688615799,0.554135262966156
0.3250364065170288,-0.0592009536921978,-0.6355814337730408
0.27106183767318726,0.1956651508808136,-0.714124321937561
0.001236522919498384,-0.1761331558227539,0.3882276713848114
0.03720690682530403,-0.43533432483673096,-0.8040502667427063
0.07319626957178116,0.23095256090164185,-0.13842737674713135
-0.45081213116645813,-0.27502328157424927,0.554135262966156
0.4033896327018738,0.1746065467596054,-0.5701289176940918
0.03719742223620415,0.17815141379833221,-0.1910141557455063
-0.17935670912265778,-0.08690107613801956,0.37852221727371216
-0.06172112748026848,-0.23006026446819305,-0.6020962595939636
-0.016748668625950813,0.22915025055408478,-0.8219786286354065
0.3880225419998169,-0.12263289093971252,-0.6601497530937195
0.3430595397949219,-0.2840348184108734,-0.6002939939498901
-0.160639688372612,0.1396985948085785,-0.3377850353717804
0.45808789134025574,-0.20312044024467468,0.4177637994289398
-0.13369984924793243,-0.2840348184108734,0.3882276713848114
-0.27760031819343567,0.22915025055408478,0.6080149412155151
-0.18757952749729156,0.1396985948085785,-0.20141348242759705
-0.17034514248371124,-0.004532523453235626,0.39793309569358826
0.10987002402544022,0.22172142565250397,-0.8122731447219849
-0.034733861684799194,0.1956651508808136,-0.12951067090034485
-0.21888287365436554,-0.2523520588874817,0.7510616779327393
-0.1965910941362381,0.22915025055408478,-0.6331151127815247
0.2531335651874542,0.1746065467596054,-0.5995351076126099
-0.20560267567634583,0.1956651508808136,-0.7590872645378113
0.4514477849006653,-0.16713108122348785,-0.6548025608062744
-0.44622907042503357,0.2055603265762329,-0.022255444899201393
0.2980017066001892,-0.39198392629623413,0.3882276713848114
0.20807573199272156,0.02169446274638176,-0.6002939939498901
0.1818297654390335,0.2212471067905426,-0.1557566225528717
-0.3225633203983307,0.1956651508808136,0.22127646207809448
0.19014745950698853,-0.32899779081344604,-0.6002939939498901
0.23511043190956116,-0.3739607632160187,-0.6002939939498901
-0.3149394989013672,-0.10322199761867523,-0.7964264750480652
0.2890850007534027,-0.3020579516887665,-0.6355814337730408
0.333354115486145,-0.11292744427919388,-0.7223471999168396
-0.3585147261619568,0.1956651508808136,-0.5431891083717346
-0.005166431423276663,-0.3020579516887665,-0.6870896220207214
-0.38545459508895874,-0.27502328157424927,0.7528640627861023
0.42992016673088074,-0.050921205431222916,0.49937206506729126
0.4174638092517853,-0.11316601186990738,0.7055647373199463
0.22609885036945343,0.22915025055408478,0.06839284300804138
0.36999937891960144,-0.4335319697856903,0.5990982055664062
0.0282237958163023,0.22915025055408478,0.581075131893158
0.4368746876716614,-0.1311606913805008,0.48213765025138855
0.05521107092499733,-0.3380093574523926,0.3900299370288849
-0.1081477552652359,0.25036346912384033,-0.15645051002502441
0.423973947763443,-0.3020579516887665,-0.5998197197914124
0.1181497797369957,-0.3996674716472626,-0.714124321937561
-0.07001984864473343,0.12999314069747925,0.12312769889831543
0.36999937891960144,0.22915025055408478,-0.16546207666397095
0.3519762456417084,0.3173336088657379,0.5271005630493164
0.17212429642677307,-0.43533432483673096,-0.741064190864563
0.046218473464250565,0.23095256090164185,0.4371746778488159
-0.3585147261619568,0.1396985948085785,-0.4892144501209259
0.10916665941476822,-0.005245376378297806,0.3882276713848114
0.3250364065170288,0.22915025055408478,0.03242247551679611
0.08217938244342804,-0.43533432483673096,0.5540404319763184
-0.041630085557699203,0.1386551409959793,-0.6378580331802368
0.20807573199272156,0.08468058705329895,0.3900299370288849
-0.37653785943984985,-0.0861787423491478,-0.63349449634552
-0.07903140783309937,-0.06750915199518204,0.7625694870948792
-0.21461424231529236,-0.20163780450820923,-0.6161705255508423
0.4368746876716614,-0.23907184600830078,0.554135262966156
0.0282237958163023,0.19746747612953186,0.33823713660240173
-0.45081213116645813,-0.3829723298549652,0.5990982055664062
-0.26858875155448914,-0.14016276597976685,-0.6337790489196777
0.27175572514533997,0.004460072610527277,-0.6240736246109009
-0.27760031819343567,-0.3740556538105011,-0.6337790489196777
0.4562855660915375,0.048729173839092255,0.33962491154670715
0.0642036721110344,0.12964357435703278,-0.6355814337730408
0.42539680004119873,-0.019818488508462906,-0.36185452342033386
0.38109782338142395,0.2467939555644989,0.3922117054462433
0.4056960940361023,0.20129169523715973,-0.44659310579299927
-0.16965125501155853,0.14150089025497437,0.15829035639762878
-0.07214890420436859,-0.41592344641685486,0.4206341505050659
0.1181497797369957,0.09369216114282608,0.7538126111030579
0.36999937891960144,-0.3829723298549652,-0.63349449634552
-0.08873685449361801,0.16199034452438354,-0.4982260465621948
-0.45220518112182617,-0.1678629219532013,-0.6209433078765869
0.001236522919498384,-0.27502328157424927,-0.6020962595939636
0.2890850007534027,0.22915025055408478,-0.399288535118103
-0.005106691736727953,0.12427173554897308,-0.0035564510617405176
-0.08873685449361801,0.1956651508808136,-0.003547914093360305
0.10018355399370193,-0.24808341264724731,-0.6355814337730408
-0.31355172395706177,0.1956651508808136,0.07739493250846863
-0.16965125501155853,0.1762542426586151,0.11480051279067993
0.45808789134025574,-0.006633138284087181,-0.04710416495800018
0.3160248100757599,0.22915025055408478,0.6980357766151428
0.001236522919498384,-0.3829723298549652,-0.6020962595939636
0.4368746876716614,0.11171528697013855,-0.48020294308662415
0.4390564560890198,0.25561580061912537,0.5180889964103699
0.41967543959617615,0.19882537424564362,0.7414511442184448
0.4547678530216217,-0.3199862539768219,0.38133811950683594
-0.3944661319255829,-0.4000469148159027,-0.669161319732666
-0.2236258089542389,0.19746747612953186,-0.183485209941864
0.1541011780500412,0.19746747612953186,-0.06651505827903748
-0.4566933810710907,-0.3410448431968689,0.7140668630599976
0.2800734043121338,0.19746747612953186,-0.2913393974304199
0.012806443497538567,0.2957409918308258,0.7339872121810913
