-0.12964683771133423,0.14774838089942932,0.2085464894771576
0.3476007878780365,-0.6018588542938232,-0.7074369192123413
0.3503027558326721,-0.6047409772872925,0.7152457237243652
-0.3802226185798645,0.12278800457715988,-0.735357403755188
0.3913728594779968,0.1568329632282257,-0.40094223618507385
-0.3618370592594147,-0.36157485842704773,0.7054406404495239
0.38912123441696167,0.15566211938858032,0.7480297684669495
-0.3496001660823822,-0.5832394361495972,-0.6697651743888855
-0.2042335718870163,0.1561124473810196,0.7484800219535828
0.3884127736091614,0.11280275881290436,0.11902088671922684
-0.39418283104896545,0.1169578805565834,-0.24096086621284485
0.07392032444477081,0.1268530637025833,-0.7455227375030518
0.02682172879576683,0.13785320520401,-0.18046067655086517
0.35435572266578674,-0.1732778549194336,-0.6388967037200928
-0.05810434743762016,-0.6048310995101929,0.6324091553688049
0.16342793405056,0.05651150643825531,0.4365035593509674
0.3534550666809082,-0.23242615163326263,0.6488670110702515
-0.31940385699272156,-0.22145327925682068,-0.6543638706207275
-0.41172149777412415,0.09966520965099335,0.4294004440307617
-0.0074993399903178215,-0.5369333624839783,-0.6544660329818726
-0.16216067969799042,0.14774838089942932,-0.49973264336586
0.37914809584617615,0.12506383657455444,-0.7456907629966736
-0.3913007378578186,0.15530183911323547,0.08073974400758743
0.07216712832450867,0.10299767553806305,0.7489303946495056
0.3046393096446991,0.043554097414016724,-0.1514352411031723
-0.3619271218776703,-0.07669611275196075,0.6482487320899963
0.10471698641777039,0.13785320520401,0.06028291955590248
-0.10514890402555466,0.10902000963687897,0.48540937900543213
0.11704393476247787,0.10667826980352402,-0.47532469034194946
-0.19476458430290222,0.10902000963687897,-0.06821733713150024
0.3985781669616699,0.12506383657455444,0.3894769847393036
-0.28365975618362427,-0.5926842093467712,0.7112048268318176
-0.39418283104896545,0.1169578805565834,-0.4898374676704407
-0.14847064018249512,0.07353398203849792,-0.7192234992980957
0.2878090441226959,-0.39417874813079834,-0.6485216617584229
-0.17846262454986572,0.1481986939907074,-0.27988147735595703
0.22043971717357635,0.05651150643825531,0.23304446041584015
-0.4139731526374817,0.14485417306423187,0.6662498116493225
0.1472160518169403,-0.5372936725616455,0.6644605398178101
0.2865481376647949,-0.027790267020463943,0.680762529373169
-0.29979366064071655,0.06343451142311096,0.24293963611125946
0.05935356765985489,0.13785320520401,0.28826704621315
0.1960318386554718,0.14774838089942932,-0.2880774438381195
0.22557346522808075,0.14612717926502228,0.6048368811607361
0.28663820028305054,-0.4022846817970276,0.7054406404495239
0.22863569855690002,0.06182539835572243,-0.644378662109375
-0.3064464330673218,-0.4149840176105499,-0.7205744981765747
-0.3168940842151642,-0.0359862819314003,-0.644198477268219
-0.1827857941389084,-0.5926842093467712,-0.7103070020675659
0.17341317236423492,-0.5851308703422546,-0.680573046207428
-0.03367844596505165,0.13785320520401,-0.3596019744873047
0.0494944266974926,0.14774838089942932,0.5668290257453918
-0.08078604191541672,0.05344926193356514,0.6644605398178101
-0.015634100884199142,0.10902000963687897,-0.5892582535743713
-0.05639617517590523,0.1481986939907074,0.03762822970747948
-0.26798826456069946,0.14774838089942932,0.5424211621284485
0.37851762771606445,0.10290759056806564,0.5604222416877747
-0.32121726870536804,0.056241314858198166,-0.366795152425766
0.12929292023181915,0.06281612813472748,-0.09266125410795212
0.27114686369895935,0.14801859855651855,-0.003087908262386918
-0.21917244791984558,0.10902000963687897,0.36327990889549255
-0.2842901945114136,0.14774838089942932,-0.6218621134757996
0.3867915868759155,0.10956037789583206,-0.5730463862419128
0.3334846496582031,-0.045341044664382935,-0.7077972292900085
0.37517309188842773,0.14774838089942932,-0.24736763536930084
-0.3041047155857086,-0.21507351100444794,0.6970644593238831
0.25304359197616577,0.05651150643825531,-0.4183128774166107
-0.35581475496292114,0.15764355659484863,-0.07461510598659515
-0.2290676236152649,0.13785320520401,0.07656686007976532
-0.36039596796035767,-0.48919838666915894,0.6388818621635437
-0.30617624521255493,0.03669699653983116,0.7144472002983093
0.28734663128852844,0.15791375935077667,0.4592122435569763
0.008793600834906101,0.10902000963687897,0.16792671382427216
0.2448475956916809,0.14774838089942932,-0.524140477180481
0.3979476988315582,0.15106874704360962,-0.09508994221687317
0.22043971717357635,0.14801859855651855,0.3388720154762268
-0.09067220985889435,0.13785320520401,0.356873095035553
0.3425692021846771,0.14774838089942932,0.24925634264945984
0.22863569855690002,0.10965046286582947,0.7384948134422302
0.25484490394592285,0.14801859855651855,0.13532282412052155
-0.4064076244831085,0.1568329632282257,0.31688380241394043
0.12280816584825516,0.14801859855651855,-0.6055602431297302
-0.3151707351207733,0.0662265345454216,-0.17584314942359924
-0.3162636160850525,0.05353934317827225,-0.003098716028034687
-0.16216067969799042,-0.5372936725616455,0.680762529373169
0.03145729377865791,0.09912484139204025,0.44648876786231995
0.23674164712429047,0.14621727168560028,-0.7448922991752625
-0.10514890402555466,0.10902000963687897,-0.16594797372817993
-0.0011015674099326134,0.09912484139204025,-0.058322180062532425
-0.2616715431213379,0.1561124473810196,-0.7547875046730042
-0.33482933044433594,-0.12573111057281494,-0.7104991674423218
-0.14594878256320953,0.14774838089942932,0.5993428826332092
0.29653334617614746,0.044544823467731476,-0.30607855319976807
-0.30968883633613586,0.05353934317827225,-0.5404424667358398
0.12929292023181915,0.06281612813472748,-0.2229597568511963
0.18792589008808136,0.05651150643825531,0.021326284855604172
0.13361608982086182,0.056331370025873184,0.6388818621635437
0.2122437208890915,0.14801859855651855,-0.13334408402442932
0.3548060655593872,-0.2865619659423828,-0.7130869030952454
-0.038314007222652435,0.15764355659484863,-0.7177945375442505
0.13902004063129425,0.14774838089942932,0.1923345923423767
0.28663820028305054,0.05443999171257019,0.3876877725124359
-0.030838528648018837,0.13758301734924316,0.7450575232505798
0.15711122751235962,0.06640667468309402,-0.3630903363227844
-0.39418283104896545,0.12506383657455444,-0.6119669675827026
0.31005537509918213,-0.5000063180923462,0.637981116771698
-0.3005921542644501,0.14774838089942932,-0.2880774438381195
-0.3267892599105835,0.15764355659484863,0.1696258783340454
0.2833178639411926,-0.1523214429616928,0.7208297848701477
-0.13954201340675354,0.15764355659484863,-0.6235613226890564
-0.20287051796913147,0.05353934317827225,0.6423043608665466
-0.41298243403434753,0.15106874704360962,-0.3786717355251312
-0.2843802571296692,0.14846891164779663,-0.47532469034194946
-0.32121726870536804,0.056241314858198166,0.5939388275146484
0.06576035171747208,0.05344926193356514,-0.6544660329818726
0.09194844961166382,0.15764355659484863,-0.30259016156196594
-0.21917244791984558,0.10902000963687897,-0.3857090175151825
0.31744077801704407,0.07803728431463242,0.6358195543289185
-0.24358037114143372,0.14774838089942932,0.2574523389339447
-0.05634213611483574,0.10902000963687897,-0.47532469034194946
0.3158074617385864,0.0662265345454216,0.052140943706035614
0.3548060655593872,-0.46047940850257874,-0.7229941487312317
0.2349524199962616,-0.585040807723999,0.6521995067596436
-0.3464478552341461,-0.31481850147247314,-0.7270471453666687
-0.2598823308944702,-0.5372035503387451,-0.6484315395355225
-0.32373911142349243,0.06984128057956696,0.34697794914245605
0.16521717607975006,0.1580938696861267,0.5116064548492432
0.04097418487071991,-0.5883611440658569,0.7109346389770508
0.12911279499530792,0.06984128057956696,0.31437405943870544
-0.2986106872558594,0.05092742666602135,-0.7116579413414001
-0.24358037114143372,0.14774838089942932,-0.17405389249324799
0.16342793405056,0.05651150643825531,0.13532282412052155
0.3449109196662903,0.06173534318804741,-0.6625719666481018
-0.07262606918811798,0.10902000963687897,-0.27988147735595703
0.025059519335627556,0.06182539835572243,0.638161301612854
-0.2924862205982208,0.14774838089942932,0.6482487320899963
-0.305275559425354,0.056331370025873184,0.4528054893016815
0.3012288808822632,0.05353934317827225,0.5261191725730896
0.16342793405056,0.14774838089942932,-0.03565847873687744
0.26925545930862427,-0.5375638604164124,-0.6544660329818726
0.3012288808822632,0.05353934317827225,-0.5404424667358398
-0.40407800674438477,0.11874713748693466,0.5505270957946777
0.3018593490123749,-0.32086503505706787,0.637981116771698
-0.3593030869960785,-0.48549357056617737,-0.6343033313751221
-0.29979366064071655,0.04364417493343353,0.10101976990699768
-0.04006720706820488,0.14774838089942932,0.6238407492637634
-0.09706097841262817,-0.5931345820426941,-0.6450992226600647
0.17803071439266205,0.13785320520401,-0.38400986790657043
0.2878090441226959,-0.09295302629470825,-0.6485216617584229
-0.21917244791984558,0.06182539835572243,-0.644378662109375
-0.3618370592594147,-0.28024524450302124,0.6423043608665466
0.08540066331624985,-0.5633348822593689,-0.7087879180908203
0.3787878453731537,0.12269791960716248,0.023079486563801765
0.13261327147483826,0.13830353319644928,0.3894769847393036
0.2850170433521271,0.14648745954036713,-0.6396051645278931
0.29366335272789,0.14801859855651855,-0.36130112409591675
-0.39418283104896545,0.13674822449684143,0.2184416651725769
0.1146121546626091,0.14774838089942932,-0.15775196254253387
-0.10514890402555466,0.10902000963687897,0.11902088671922684
-0.19476458430290222,0.14774838089942932,0.4528054893016815
-0.26798826456069946,0.14774838089942932,-0.011234378442168236
-0.3260028660297394,0.13659228384494781,0.7285096049308777
-0.08078604191541672,0.05353934317827225,-0.6485216617584229
-0.37155207991600037,-0.5985264778137207,0.6383535861968994
0.2883373498916626,0.06541594862937927,-0.033905282616615295
-0.11155568063259125,0.13785320520401,-0.3956041634082794
0.16081602871418,0.06515785306692123,-0.715800940990448
0.3018593490123749,0.14801859855651855,-0.17405389249324799
-0.15405473113059998,0.10902000963687897,0.021335290744900703
-0.3050954341888428,-0.34806495904922485,-0.6451892256736755
-0.09706999361515045,0.14864905178546906,-0.07637730985879898
-0.30707690119743347,-0.45290178060531616,0.7122856378555298
0.1960318386554718,0.06128501519560814,-0.5078386068344116
0.03321049362421036,0.14774838089942932,-0.4509168267250061
-0.33111244440078735,0.06613647937774658,-0.25917837023735046
-0.3243695795536041,-0.527656614780426,-0.7203043103218079
-0.25105583667755127,-0.5393652319908142,0.6390619874000549
0.051247626543045044,0.11891517043113708,0.031230458989739418
-0.038314007222652435,0.13785320520401,0.2673474848270416
-0.30554577708244324,-0.11790131032466888,0.7121955752372742
0.3012288808822632,0.05353934317827225,0.18413859605789185
0.3012288808822632,0.05353934317827225,0.28186020255088806
0.29321300983428955,-0.2564047873020172,0.7109346389770508
0.22863569855690002,0.06128501519560814,-0.2229597568511963
0.23674164712429047,0.14801859855651855,0.2411503940820694
0.35453587770462036,-0.08304885774850845,0.6383535861968994
0.22863569855690002,0.05353934317827225,0.6423043608665466
-0.11975168436765671,0.1190052181482315,0.7253573536872864
0.12280816584825516,0.14774838089942932,0.6319467425346375
-0.08820439875125885,-0.5274885892868042,-0.7254258990287781
-0.22727839648723602,0.10902000963687897,0.1760326474905014
0.26790446043014526,-0.5377439856529236,0.7095836400985718
-0.07067164033651352,-0.5377439856529236,0.7096737027168274
0.3985781669616699,0.14485417306423187,0.6581438779830933
0.28555741906166077,0.14801859855651855,-0.26357951760292053
-0.3005921542644501,0.14774838089942932,0.3876877725124359
0.12992338836193085,0.05840291082859039,0.21944446861743927
-0.21106649935245514,0.10902000963687897,-0.5648503303527832
-0.015634100884199142,0.10902000963687897,0.5180132389068604
0.31744077801704407,0.10667826980352402,-0.45902279019355774
0.33940476179122925,-0.14000943303108215,-0.7292087078094482
0.31005537509918213,0.14801859855651855,0.5749349594116211
-0.16216067969799042,0.10902000963687897,0.28186020255088806
-0.19297534227371216,0.15764355659484863,-0.680573046207428
0.17803071439266205,0.15764355659484863,-0.6607826948165894
-0.35589268803596497,0.06173534318804741,-0.6447389125823975
-0.3873378336429596,0.11891517043113708,-0.021122340112924576
-0.31013911962509155,-0.3860727846622467,0.637981116771698
0.02574402093887329,-0.5393652319908142,0.6390619874000549
0.20413777232170105,0.05840291082859039,0.5144106149673462
-0.3314068019390106,0.13785320520401,-0.1839490681886673
0.2123337686061859,0.06128501519560814,0.3388720154762268
0.2897905111312866,-0.0033823822159320116,-0.6450992226600647
0.2877190113067627,-0.23135744035243988,-0.6950857639312744
0.3529146611690521,-0.39175906777381897,0.6292569041252136
0.34994250535964966,-0.37401607632637024,-0.7277676463127136
0.32626721262931824,0.1481986939907074,0.07016907632350922
0.05762739107012749,0.1481986939907074,-0.6625719666481018
0.37517309188842773,0.10902000963687897,0.461001455783844
-0.28420013189315796,0.10902000963687897,-0.10074017196893692
0.33231377601623535,0.03661901503801346,0.721460223197937
-0.32373911142349243,0.06984128057956696,-0.4509168267250061
0.22936831414699554,-0.5786460638046265,-0.7059057950973511
0.3376155495643616,-0.4705547094345093,0.7130061388015747
0.3541755974292755,-0.3300638794898987,0.720109224319458
0.1960318386554718,0.10902000963687897,-0.5811523199081421
0.000648931716568768,0.10902000963687897,0.3551739454269409
0.18577639758586884,-0.5982562899589539,0.7208297848701477
0.31005537509918213,0.10667826980352402,-0.7278698682785034
0.3762659728527069,0.15530183911323547,-0.5048543214797974
0.09661104530096054,-0.5273084044456482,-0.6385363936424255
-0.3619271218776703,0.012919572181999683,0.6563546657562256
0.20592699944972992,0.15764355659484863,0.43018680810928345
0.3787878453731537,0.12864230573177338,-0.15605279803276062
0.09020425379276276,0.14774838089942932,-0.0763683095574379
-0.30959874391555786,-0.13365383446216583,-0.644378662109375
0.3099652826786041,0.14801859855651855,0.3551739454269409
-0.3464478552341461,-0.05065494775772095,-0.7075270414352417
0.31005537509918213,0.14774838089942932,0.680762529373169
0.04135246202349663,0.10902000963687897,-0.524140477180481
0.3886829912662506,0.13495899736881256,-0.32878729701042175
-0.3168940842151642,0.14774838089942932,-0.369497150182724
0.0006408254848793149,0.14774838089942932,-0.2717755138874054
-0.3005921542644501,0.14774838089942932,0.0701780915260315
0.2772713005542755,0.12766365706920624,-0.08451928198337555
0.1733231097459793,0.15764355659484863,0.6953652501106262
-0.0889190062880516,0.14774838089942932,-0.5404424667358398
-0.36614808440208435,-0.14818455278873444,0.6282661557197571
-0.29393935203552246,-0.30644237995147705,0.7173172235488892
0.003777440870180726,0.07946626096963882,0.7037414312362671
0.13270333409309387,0.13785320520401,-0.2490667700767517
-0.030163032934069633,0.11891517043113708,0.41850244998931885
-0.3250000476837158,0.14774838089942932,0.26555827260017395
-0.04578331112861633,0.05337131395936012,-0.7260563969612122
0.20413777232170105,0.06173534318804741,-0.12523813545703888
-0.3442862927913666,-0.2333087921142578,-0.7075270414352417
0.16521717607975006,0.15187934041023254,-0.7553278803825378
0.2897905111312866,-0.3127591013908386,-0.6450992226600647
-0.0011105728335678577,0.13785320520401,0.09635718911886215
0.15532200038433075,0.14774838089942932,0.2899661660194397
0.1960318386554718,0.14774838089942932,0.0701780915260315
-0.34130197763442993,0.14774838089942932,-0.5648503303527832
0.3880525529384613,0.14135369658470154,-0.6469905972480774
0.015173361636698246,0.15764355659484863,0.6988536715507507
-0.3331960439682007,0.14774838089942932,0.461001455783844
-0.2941853702068329,-0.6049211621284485,-0.7132669687271118
-0.13134600222110748,0.15791375935077667,-0.7050710320472717
-0.24358037114143372,0.10902000963687897,-0.24736763536930084
-0.18656855821609497,0.10902000963687897,0.5424211621284485
0.30816397070884705,0.07803728431463242,-0.2229597568511963
0.08480029553174973,-0.5931345820426941,0.6388818621635437
0.047750234603881836,0.1580938696861267,0.22663767635822296
0.39209339022636414,0.09912484139204025,0.2963729500770569
-0.001382957212626934,-0.5851187109947205,-0.7179625630378723
0.15514186024665833,0.0707419365644455,0.7125558257102966
0.25304359197616577,0.05651150643825531,0.11902088671922684
-0.15405473113059998,0.14774838089942932,0.37958183884620667
0.13902004063129425,0.10902000963687897,0.5668290257453918
0.33042240142822266,-0.5187279582023621,-0.6346636414527893
0.31816133856773376,0.14774838089942932,-0.5485484004020691
-0.17035669088363647,0.14774838089942932,0.6726565957069397
-0.07437926530838013,0.11891517043113708,0.20222976803779602
0.07391132414340973,0.14774838089942932,0.13532282412052155
0.18792589008808136,0.05651150643825531,-0.2880774438381195
-0.1848694086074829,-0.585040807723999,0.6324091553688049
0.2362913191318512,0.12712326645851135,-0.4509168267250061
0.18270206451416016,-0.5374737977981567,-0.7169718146324158
0.39668673276901245,0.09966520965099335,0.19054536521434784
0.03145729377865791,-0.5851308703422546,-0.6643611788749695
0.1472160518169403,0.08614322543144226,-0.644198477268219
-0.022030074149370193,0.13785320520401,-0.14323924481868744
-0.0889190062880516,0.14774838089942932,0.5505270957946777
-0.16216067969799042,0.10902000963687897,-0.21476374566555023
0.2942037582397461,-0.16621269285678864,0.638161301612854
-0.11155568063259125,-0.6049211621284485,0.7153357863426208
-0.3717322051525116,-0.5506113767623901,0.7153357863426208
-0.2950201630592346,-0.05326685309410095,0.7231715321540833
-0.24358037114143372,0.10902000963687897,0.6075388193130493
0.05763639509677887,0.10902000963687897,-0.23917163908481598
-0.35967546701431274,-0.4022846817970276,-0.6451892256736755
0.08206229656934738,0.10902000963687897,-0.41020694375038147
-0.37390586733818054,0.10902000963687897,-0.29618340730667114
0.15532200038433075,0.06173534318804741,-0.42650890350341797
-0.37390586733818054,0.14774838089942932,0.37958183884620667
0.1960318386554718,0.06128501519560814,-0.051951419562101364
0.3541755974292755,0.007233313284814358,0.6324992179870605
-0.27429288625717163,0.10694848746061325,0.7220127582550049
0.05763639509677887,0.10902000963687897,-0.5974542498588562
-0.23140934109687805,0.09252582490444183,-0.7109494805335999
0.13902004063129425,0.14774838089942932,-0.5323364734649658
-0.14594878256320953,-0.5372936725616455,-0.6788739562034607
0.2693455219268799,0.05353934317827225,0.7047200798988342
-0.2004508078098297,-0.5980761051177979,0.7041918039321899
-0.18835780024528503,0.13208898901939392,-0.7355375289916992
-0.34130197763442993,0.14774838089942932,0.5749349594116211
-0.391210675239563,0.1228780597448349,0.7284194827079773
-0.09706999361515045,0.14801859855651855,0.6726565957069397
-0.007509246468544006,0.05353934317827225,-0.6485216617584229
-0.04006720706820488,0.14801859855651855,-0.6462700366973877
-0.25177639722824097,0.10902000963687897,0.4773034155368805
0.33366477489471436,-0.5548686981201172,0.6488670110702515
-0.1979168802499771,0.07317371666431427,0.7122856378555298
-0.3168940842151642,0.11289284378290176,-0.7452525496482849
-0.16216067969799042,0.14774838089942932,0.1434287577867508
-0.41172149777412415,0.11945554614067078,0.12812963128089905
0.3344632685184479,0.10902000963687897,-0.04379144310951233
0.26925545930862427,0.05651150643825531,0.461001455783844
0.3343731760978699,-0.2557743191719055,-0.644198477268219
-0.35581475496292114,0.13785320520401,-0.6968749761581421
-0.3619271218776703,0.07803728431463242,0.6889585256576538
0.3059123158454895,0.056241314858198166,-0.369497150182724
0.32626721262931824,0.14801859855651855,0.1434287577867508
0.12336064130067825,0.06658680737018585,0.08007325977087021
0.3280564844608307,-0.5985264778137207,-0.6347537040710449
-0.3266212046146393,0.10181470960378647,0.5152212381362915
-0.09066320210695267,0.09912484139204025,-0.009470369666814804
-0.22096167504787445,-0.5832394361495972,-0.6549943685531616
-0.17205585539340973,0.11891517043113708,-0.3467883765697479
-0.393822580575943,0.12269791960716248,-0.14323924481868744
-0.3619271218776703,-0.42678266763687134,0.6726565957069397
-0.17846262454986572,0.14774838089942932,-0.12523813545703888
0.10641614347696304,0.10902000963687897,-0.01936553791165352
-0.0889190062880516,0.14774838089942932,-0.22286969423294067
-0.3576039671897888,0.14774838089942932,-0.4509168267250061
0.015182366594672203,0.11891517043113708,-0.3269980549812317
0.3078037202358246,0.09415911883115768,-0.5974542498588562
0.1797298938035965,0.10902000963687897,-0.2066577970981598
0.2200794667005539,0.10902000963687897,-0.34499916434288025
0.10009942203760147,-0.528479278087616,0.7216403484344482
0.12938298285007477,0.09415911883115768,-0.29618340730667114
0.24663682281970978,0.13812342286109924,0.5162239670753479
0.3534550666809082,-0.19795504212379456,0.7195688486099243
-0.22727839648723602,0.10902000963687897,-0.4834306240081787
0.0983101949095726,0.10902000963687897,0.26555827260017395
-0.35967546701431274,-0.3046531677246094,-0.6451892256736755
0.23674164712429047,0.14774838089942932,0.680762529373169
0.30826616287231445,0.11954563111066818,0.7285996675491333
-0.12145084887742996,0.10902000963687897,-0.4508267343044281
0.0983101949095726,0.10902000963687897,0.5017113089561462
-0.34139207005500793,0.10902000963687897,0.029477259144186974
0.10009942203760147,0.043554097414016724,0.7069596648216248
-0.09706097841262817,0.14774838089942932,0.42839762568473816
-0.0400582030415535,0.10902000963687897,-0.19035585224628448
0.3444605767726898,-0.04472268000245094,-0.6487918496131897
-0.10523897409439087,-0.5570181012153625,0.637981116771698
0.19433267414569855,0.11891517043113708,0.14983554184436798
0.3344632685184479,0.10902000963687897,-0.29618340730667114
-0.36084631085395813,-0.17434926331043243,-0.6625719666481018
0.2877190113067627,-0.4674925208091736,-0.6544660329818726
-0.30365440249443054,0.07803728431463242,-0.6055602431297302
0.1960318386554718,-0.5425175428390503,-0.644198477268219
0.07392032444477081,0.10902000963687897,0.3551739454269409
-0.22727839648723602,0.10902000963687897,-0.31248530745506287
-0.26798826456069946,0.14774838089942932,-0.556744396686554
-0.13605360686779022,0.15764355659484863,0.06842488795518875
-0.3143601417541504,-0.35723960399627686,-0.7104091048240662
0.28681832551956177,0.11901732534170151,0.28186020255088806
0.2877190113067627,0.004723561927676201,-0.7115678787231445
-0.19476458430290222,0.14774838089942932,-0.4346148371696472
0.25502505898475647,0.12757359445095062,0.39579373598098755
0.07567352801561356,0.11891517043113708,-0.14323924481868744
0.1797298938035965,0.10902000963687897,0.2411503940820694
-0.26798826456069946,0.10902000963687897,0.3062681257724762
0.26322102546691895,0.12757359445095062,0.06203611195087433
0.2448475956916809,0.12757359445095062,-0.21476374566555023
0.3343852758407593,-0.21210727095603943,-0.7052753567695618
-0.31013911962509155,-0.0359862819314003,0.637981116771698
-0.3032941222190857,-0.07669611275196075,-0.6951758861541748
-0.37074145674705505,-0.07490687817335129,-0.6445708870887756
0.33294424414634705,-0.07587342709302902,0.6990579962730408
-0.15405473113059998,0.05344926193356514,-0.6544660329818726
0.2877190113067627,-0.1662217080593109,-0.6788739562034607
-0.3324755132198334,0.10667826980352402,-0.5078386068344116
0.12921494245529175,0.0466163344681263,0.4918161630630493
-0.21917244791984558,-0.5378340482711792,-0.7161612510681152
0.32635730504989624,0.10902000963687897,-0.12523813545703888
-0.3494079113006592,0.10667826980352402,0.6258222460746765
-0.3470783233642578,-0.26159849762916565,0.7013096809387207
0.2865481376647949,-0.4348886013031006,0.6482487320899963
0.17162394523620605,0.14774838089942932,-0.47532469034194946
-0.03367844596505165,0.13785320520401,-0.029269712045788765
-0.03367844596505165,0.15764355659484863,-0.5224413275718689
-0.2924862205982208,0.14774838089942932,-0.6869798302650452
-0.3331960439682007,0.14774838089942932,-0.02751651033759117
-0.3058159649372101,-0.10922795534133911,0.6387016773223877
0.3458116054534912,-0.34536299109458923,-0.6544660329818726
-0.30968883633613586,0.05353934317827225,-0.0682353526353836
-0.29960140585899353,0.10172465443611145,-0.21476374566555023
-0.31013911962509155,-0.32086503505706787,0.637981116771698
-0.3032941222190857,0.08614322543144226,0.1760326474905014
0.2123337686061859,-0.5369333624839783,0.6644605398178101
0.24314843118190765,0.0466163344681263,0.031221449375152588
-0.07262606918811798,0.10902000963687897,-0.34499916434288025
-0.0970519632101059,0.10902000963687897,0.28186020255088806
0.2976141571998596,-0.05860493704676628,-0.7214630246162415
0.16983471810817719,-0.6049211621284485,0.6383535861968994
-0.28420013189315796,0.10902000963687897,-0.41020694375038147
-0.36084631085395813,-0.4511905312538147,-0.703281819820404
0.008793600834906101,0.10902000963687897,0.26555827260017395
0.30427905917167664,-0.3248400390148163,-0.7072568535804749
0.12579242885112762,0.05985603854060173,0.3894769847393036
0.22809530794620514,0.11856699734926224,-0.04379144310951233
-0.05810434743762016,0.13785320520401,0.1533239334821701
-0.20287051796913147,0.14774838089942932,0.00504865450784564
0.025068528950214386,0.14774838089942932,0.48540937900543213
-0.352031946182251,-0.19240351021289825,0.6871693134307861
0.28357595205307007,-0.5426076054573059,-0.7203943729400635
-0.030172038823366165,-0.6048310995101929,0.6955454349517822
-0.11604689061641693,0.10181470960378647,0.6332076191902161
0.28555741906166077,0.1482887715101242,0.1923345923423767
-0.015634100884199142,0.10902000963687897,-0.42641884088516235
0.14080926775932312,0.15764355659484863,-0.3433000147342682
0.022060321643948555,0.09965314716100693,-0.7207546234130859
0.2877190113067627,-0.42678266763687134,-0.703281819820404
-0.3038345277309418,-0.5163082480430603,0.6970644593238831
0.13325580954551697,0.05687177553772926,-0.5155842304229736
0.2123337686061859,0.10902000963687897,0.4773034155368805
0.261149525642395,0.05651150643825531,-0.49162667989730835
0.32635730504989624,0.10902000963687897,0.5098172426223755
0.2865481376647949,-0.24763236939907074,0.6482487320899963
0.11640138179063797,0.15764355659484863,0.46270063519477844
-0.3039246201515198,-0.2701578438282013,-0.7172420620918274
-0.08076803386211395,0.10902000963687897,-0.6055602431297302
0.06577835977077484,0.10902000963687897,0.08647102862596512
-0.14594878256320953,0.14774838089942932,-0.02751651033759117
-0.17846262454986572,0.10902000963687897,0.21674250066280365
-0.11297255754470825,-0.6048310995101929,-0.7205623984336853
-0.21106649935245514,0.14774838089942932,0.31446412205696106
-0.3250000476837158,-0.21506451070308685,0.637981116771698
0.3451811373233795,-0.4193071722984314,-0.6487017273902893
0.31158646941185,0.10172465443611145,0.4202916622161865
-0.26528626680374146,0.056331370025873184,0.6388818621635437
0.12002821266651154,0.04850774258375168,-0.14515480399131775
-0.10694713145494461,0.12278800457715988,-0.735357403755188
0.3541755974292755,0.020497208461165428,-0.727677583694458
0.17162394523620605,0.10902000963687897,0.34697794914245605
0.21558824181556702,0.11945554614067078,0.2998613119125366
0.1797298938035965,0.10902000963687897,-0.09264323115348816
0.3449109196662903,-0.1173609122633934,-0.6544660329818726
-0.3913007378578186,0.13551150262355804,0.48434072732925415
-0.3607562482357025,0.053629398345947266,-0.7115678787231445
0.3326740562915802,0.13830353319644928,-0.6852807402610779
0.0494944266974926,0.14774838089942932,0.6319467425346375
-0.3250000476837158,0.14774838089942932,0.33067598938941956
-0.030163032934069633,0.11891517043113708,0.2963729500770569
-0.24448101222515106,-0.5369333624839783,0.7072418928146362
0.3425692021846771,0.14774838089942932,-0.6055602431297302
0.2448475956916809,0.05344926193356514,-0.703281819820404
-0.18656855821609497,0.10902000963687897,-0.6217721104621887
0.1797298938035965,0.05651150643825531,0.28186020255088806
-0.3033842146396637,-0.4348886013031006,-0.6486117243766785
-0.3576039671897888,0.10902000963687897,0.09461299329996109
0.3399572968482971,-0.5319797992706299,0.711114764213562
-0.30365440249443054,-0.47559839487075806,-0.6951758861541748
-0.3901177644729614,0.10902000963687897,-0.556744396686554
-0.302753746509552,0.029131446033716202,-0.6544660329818726
0.22684647142887115,-0.5985264778137207,-0.6347537040710449
-0.05635114386677742,0.14774838089942932,0.4935153126716614
-0.2761842608451843,0.10902000963687897,0.1109149381518364
-0.1346004754304886,0.05669163912534714,0.7039095163345337
-0.3717322051525116,-0.34357374906539917,0.6324091553688049
-0.23547442257404327,0.14774838089942932,-0.09265224635601044
-0.12145084887742996,0.14774838089942932,-0.31248530745506287
0.006289765704423189,-0.5379241108894348,0.7087730765342712
-0.28420013189315796,0.10902000963687897,0.23304446041584015
-0.31345948576927185,-0.019492104649543762,-0.7073469161987305
-0.3509511351585388,-0.37147000432014465,-0.7049809098243713
-0.03367844596505165,-0.6048310995101929,-0.6386265158653259
0.22863569855690002,0.05651150643825531,0.4039897322654724
0.2877190113067627,0.08614322543144226,0.5749349594116211
-0.007493035402148962,0.10902000963687897,0.5912368893623352
0.33420515060424805,-0.29005035758018494,0.6662498116493225
-0.37390586733818054,0.10902000963687897,0.2574523389339447
-0.15405473113059998,0.14774838089942932,0.5098172426223755
0.03321049362421036,0.14774838089942932,0.3876877725124359
0.1635179966688156,0.10902000963687897,0.037619221955537796
-0.393822580575943,0.10290759056806564,-0.44451001286506653
-0.37074145674705505,-0.005171605851501226,-0.6526768207550049
-0.3038345277309418,-0.3534688949584961,0.6888684630393982
0.3425692021846771,0.10902000963687897,-0.3857090175151825
0.09793784469366074,0.08505034446716309,-0.7090581655502319
-0.352031946182251,-0.026091111823916435,0.6871693134307861
0.12002821266651154,0.04850774258375168,-0.00214183097705245
0.3078037202358246,0.07803728431463242,0.12712682783603668
-0.24358037114143372,0.14774838089942932,0.4039897322654724
-0.04820017144083977,0.10902000963687897,-0.08450127393007278
0.21403293311595917,0.06640667468309402,0.06842488795518875
0.26313096284866333,0.14189408719539642,-0.5847548842430115
0.10650621354579926,0.14774838089942932,0.6889585256576538
-0.35194188356399536,-0.48549357056617737,0.6955454349517822
-0.3331960439682007,0.14774838089942932,-0.23917163908481598
-0.302753746509552,-0.198789581656456,-0.703281819820404
-0.07535507529973984,-0.5385546088218689,-0.6450091004371643
0.13902004063129425,0.14774838089942932,-0.42641884088516235
0.2766529619693756,-0.08659128099679947,0.6383535861968994
0.1733231097459793,0.15764355659484863,0.10912571847438812
0.3546259105205536,-0.4204659163951874,0.6974368095397949
0.10650621354579926,0.14774838089942932,-0.6950857639312744
0.000644428189843893,0.14774838089942932,-0.6951758861541748
-0.22727839648723602,0.14774838089942932,0.6482487320899963
0.0349636971950531,0.13785320520401,-0.10714694857597351
-0.13775278627872467,0.10902000963687897,-0.10893618315458298
-0.03191623464226723,0.10902000963687897,0.10271893441677094
-0.3146303594112396,-0.15630853176116943,0.6744458079338074
0.2865481376647949,-0.19878056645393372,0.6970644593238831
0.2448475956916809,0.05651150643825531,-0.336893230676651
0.2200794667005539,0.10902000963687897,0.013193325139582157
-0.3576039671897888,0.10902000963687897,0.1760326474905014
-0.309328556060791,-0.5407162308692932,0.6380712389945984
-0.3250000476837158,-0.5489121675491333,-0.644198477268219
0.2877190113067627,0.08614322543144226,0.3388720154762268
0.22548341751098633,0.10956037789583206,0.10271893441677094
0.28420642018318176,0.13225704431533813,0.6310461163520813
0.11640138179063797,-0.5851308703422546,-0.6643611788749695
-0.04006720706820488,-0.5378340482711792,0.6482487320899963
-0.18656855821609497,0.10667826980352402,0.6258222460746765
0.1960318386554718,0.05651150643825531,-0.3857090175151825
0.2512543499469757,-0.6049211621284485,0.7153357863426208
0.29366335272789,0.14801859855651855,-0.42641884088516235
0.18792589008808136,0.05651150643825531,-0.18224991858005524
-0.32373911142349243,0.09415911883115768,-0.3205912709236145
0.2693455219268799,0.14774838089942932,-0.6950857639312744
-0.14594878256320953,0.14774838089942932,0.3225700855255127
0.17162394523620605,0.10902000963687897,-0.14964601397514343
0.016917552798986435,0.14801859855651855,-0.6218621134757996
0.14891521632671356,-0.5851308703422546,0.6790633797645569
-0.04006720706820488,0.14774838089942932,-0.31248530745506287
-0.08076803386211395,0.10902000963687897,-0.41020694375038147
-0.3033842146396637,-0.2883512079715729,-0.6486117243766785
0.28663820028305054,0.05353934317827225,-0.6394249796867371
0.35887113213539124,0.10902000963687897,0.5994329452514648
0.32635730504989624,0.10902000963687897,0.20044054090976715
-0.15405473113059998,-0.588631272315979,-0.644378662109375
-0.08717482537031174,0.06334442645311356,-0.6933866739273071
0.26322102546691895,0.12757359445095062,-0.31248530745506287
-0.26798826456069946,-0.594935953617096,-0.6485216617584229
-0.10694713145494461,0.11891517043113708,0.05565635859966278
0.2865481376647949,-0.37787681818008423,0.6482487320899963
0.1960318386554718,0.10902000963687897,0.5668290257453918
0.0006408254848793149,0.14774838089942932,0.21674250066280365
-0.0011195802362635732,-0.6048310995101929,0.6324091553688049
-0.31013911962509155,-0.4429945647716522,0.637981116771698
-0.3494079113006592,0.10902000963687897,-0.41020694375038147
0.08206229656934738,0.10902000963687897,0.1760326474905014
-0.14764796197414398,0.11891517043113708,0.44648876786231995
-0.22727839648723602,0.10902000963687897,-0.13334408402442932
0.1797298938035965,0.05651150643825531,0.1923345923423767
0.33950695395469666,-0.5335109233856201,-0.7194036245346069
-0.025529269129037857,0.09912484139204025,0.04751439020037651
0.0983101949095726,0.10902000963687897,0.41209569573402405
0.2877190113067627,0.10244517028331757,-0.5160346031188965
0.039599258452653885,0.13785320520401,-0.3758138418197632
0.09020425379276276,0.10902000963687897,-0.19035585224628448
-0.21917244791984558,0.14774838089942932,0.5749349594116211
0.0983101949095726,0.10902000963687897,-0.5322464108467102
0.055874187499284744,0.13785320520401,-0.0013392108958214521
-0.03192524239420891,0.14774838089942932,0.37958183884620667
-0.11334491521120071,0.10902000963687897,0.3713858425617218
0.2877190113067627,0.09433922916650772,-0.0030978152062743902
-0.2598823308944702,0.14774838089942932,-0.37760305404663086
-0.12145084887742996,0.10902000963687897,-0.5648503303527832
-0.03193424642086029,0.06182539835572243,0.638161301612854
-0.3113221228122711,0.06613647937774658,0.04670996591448784
0.15541204810142517,0.10902000963687897,0.4202916622161865
-0.2948400378227234,0.022814739495515823,0.6545653939247131
-0.266289085149765,-0.5985264778137207,0.6282661557197571
0.3425692021846771,0.10902000963687897,-0.5160346031188965
-0.40712812542915344,0.09912484139204025,0.33708277344703674
0.2865481376647949,-0.4837043881416321,0.6970644593238831
0.25872984528541565,0.15728330612182617,0.7450575232505798
0.04499705135822296,-0.54682856798172,-0.6996011734008789
0.3768964111804962,0.11945554614067078,0.6871693134307861
0.2448475956916809,0.06173534318804741,0.18413859605789185
-0.3266212046146393,0.10181470960378647,-0.144242063164711
-0.24358037114143372,0.05344926193356514,0.6889585256576538
0.1635179966688156,0.10902000963687897,0.6156447529792786
-0.20287051796913147,0.10902000963687897,0.045761190354824066
0.32626721262931824,0.14774838089942932,-0.22286969423294067
-0.40001294016838074,0.13785320520401,0.5894476771354675
-0.12785761058330536,0.09912484139204025,-0.2536843419075012
-0.34130197763442993,0.14774838089942932,-0.6381640434265137
0.14891521632671356,0.15764355659484863,-0.09904101490974426
-0.30238136649131775,0.15764355659484863,-0.15954118967056274
0.35381531715393066,-0.00021797281806357205,-0.6352940797805786
0.39605629444122314,0.15530183911323547,-0.04081617295742035
0.34202879667282104,-0.28303733468055725,0.7104842662811279
-0.36479708552360535,-0.5820443630218506,-0.7257862091064453
-0.41361290216445923,0.12269791960716248,-0.05834019184112549
0.10072989761829376,-0.5294700860977173,0.629166841506958
0.11614327877759933,-0.5375638604164124,-0.7167016267776489
-0.055207300931215286,0.09965314716100693,0.7145373225212097
0.3344632685184479,0.14774838089942932,0.436593621969223
0.2865481376647949,-0.3127591013908386,0.6889585256576538
0.2865481376647949,0.03732745721936226,0.6563546657562256
-0.0011105728335678577,0.1169578805565834,0.729140043258667
-0.14594878256320953,0.14864905178546906,-0.18224991858005524
-0.3266212046146393,0.10181470960378647,0.4338015615940094
-0.13775278627872467,0.05353934317827225,0.6423043608665466
0.34473076462745667,-0.1662217080593109,0.6563546657562256
0.2877190113067627,-0.49190035462379456,-0.703281819820404
0.17009282112121582,-0.5412566065788269,0.7132763862609863
0.3438301086425781,-0.45866602659225464,0.6424844861030579
0.3059123158454895,0.056241314858198166,-0.42641884088516235
-0.3324755132198334,0.10667826980352402,-0.07635930180549622
0.27104467153549194,0.05138985067605972,-0.11072540283203125
-0.32373911142349243,0.06984128057956696,0.28186020255088806
0.29321300983428955,-0.0854325145483017,0.7109346389770508
0.12938298285007477,0.09415911883115768,0.11902088671922684
-0.28420013189315796,0.10902000963687897,0.037619221955537796
-0.3576039671897888,0.14774838089942932,-0.32878729701042175
0.025068528950214386,0.14774838089942932,-0.556744396686554
-0.05634213611483574,0.10902000963687897,0.5668290257453918
0.000648931716568768,0.10902000963687897,-0.14964601397514343
-0.20287051796913147,0.10902000963687897,0.11902088671922684
0.3985781669616699,0.10290759056806564,-0.4410216808319092
-0.12964683771133423,0.10902000963687897,0.5668290257453918
-0.20287051796913147,0.14774838089942932,-0.3531951904296875
0.29968568682670593,-0.21682672202587128,-0.6549943685531616
-0.36084631085395813,-0.2639072835445404,-0.6788739562034607
-0.37211665511131287,0.13785320520401,0.011440123431384563
0.1797298938035965,0.05344926193356514,0.6644605398178101
0.22818537056446075,0.11874713748693466,-0.6218621134757996
0.1146121546626091,0.05344926193356514,-0.6788739562034607
0.1888386458158493,0.11954563111066818,-0.7546073794364929
-0.12964683771133423,0.10181470960378647,-0.6394249796867371
-0.3919311761856079,0.11945554614067078,-0.6743826866149902
0.3344632685184479,0.14774838089942932,0.6319467425346375
0.2362913191318512,0.12712326645851135,-0.39390501379966736
-0.1940440535545349,-0.5393652319908142,0.6390619874000549
-0.30446499586105347,-0.27204927802085876,0.6563546657562256
0.25936031341552734,0.0466163344681263,-0.2002510279417038
0.29187411069869995,-0.5851308703422546,0.6571531295776367
0.2285456508398056,0.1482887715101242,0.18413859605789185
0.12938298285007477,0.09415911883115768,-0.39390501379966736
-0.20287051796913147,0.14774838089942932,-0.2066577970981598
-0.24188119173049927,0.09912484139204025,-0.5875591039657593
-0.1458587348461151,0.10902000963687897,0.1760326474905014
0.27745145559310913,0.14774838089942932,-0.4834306240081787
0.3541755974292755,-0.11562572419643402,0.6988536715507507
-0.24358037114143372,0.14774838089942932,0.037619221955537796
0.2877190113067627,0.10244517028331757,-0.402010977268219
0.22863569855690002,-0.5372936725616455,-0.6869798302650452
-0.3162636160850525,0.05353934317827225,0.39579373598098755
0.350765198469162,0.14774838089942932,0.5424211621284485
-0.3165338337421417,-0.4018343687057495,0.7129160761833191
-0.34536707401275635,-0.1229390799999237,0.7010394930839539
-0.13134600222110748,0.09912484139204025,-0.042038243263959885
0.0983101949095726,0.10902000963687897,0.6075388193130493
-0.25177639722824097,0.14774838089942932,0.20044054090976715
-0.09706097841262817,0.14774838089942932,-0.47532469034194946
-0.10523897409439087,0.14774838089942932,0.00504865450784564
0.06577835977077484,0.10902000963687897,-0.0519334077835083
0.07566452026367188,0.13785320520401,0.03585701063275337
-0.05635114386677742,0.14774838089942932,-0.4346148371696472
-0.015642207115888596,0.14774838089942932,0.4528054893016815
-0.2761842608451843,0.10902000963687897,0.36327990889549255
0.2877190113067627,-0.2883512079715729,-0.6950857639312744
0.3821982443332672,0.10902000963687897,-0.6869798302650452
0.2200794667005539,0.10902000963687897,-0.26357951760292053
-0.3913007378578186,0.13551150262355804,-0.16352827847003937
-0.0824013277888298,0.15584222972393036,0.7285096049308777
0.13379621505737305,0.08614322543144226,0.1760326474905014
-0.27439504861831665,0.15764355659484863,0.4545947313308716
-0.20287051796913147,0.10902000963687897,0.4935153126716614
0.14891521632671356,0.13785320520401,-0.2781822979450226
-0.2740226686000824,-0.5383744239807129,-0.7185930013656616
-0.04820917546749115,0.14774838089942932,-0.2554735541343689
0.07392032444477081,0.10902000963687897,-0.3531951904296875
0.3425692021846771,0.14801859855651855,0.021335290744900703
0.3269098103046417,-0.02480599284172058,0.7012196183204651
0.17162394523620605,0.1481986939907074,0.6482487320899963
-0.19476458430290222,-0.5369333624839783,-0.6625719666481018
0.11640138179063797,0.13785320520401,0.3161632716655731
-0.12324007600545883,0.13785320520401,0.14983554184436798
0.23674164712429047,0.05651150643825531,0.28186020255088806
-0.34130197763442993,0.14774838089942932,0.21674250066280365
-0.1802518665790558,0.09912484139204025,0.356873095035553
0.0820532813668251,0.14774838089942932,-0.467128723859787
0.016926560550928116,0.14774838089942932,-0.49973264336586
-0.26798826456069946,0.07803728431463242,-0.644198477268219
0.12280816584825516,0.14774838089942932,0.2411503940820694
0.1635179966688156,0.10902000963687897,-0.34499916434288025
-0.15405473113059998,0.10902000963687897,-0.39390501379966736
-0.16216067969799042,0.14774838089942932,-0.0763683095574379
-0.01739540882408619,0.13785320520401,0.3324652314186096
-0.3494079113006592,0.14774838089942932,0.6889585256576538
-0.26798826456069946,0.10902000963687897,-0.34499916434288025
0.18792589008808136,0.14774838089942932,-0.5485484004020691
-0.3494079113006592,0.10902000963687897,-0.5974542498588562
-0.3576039671897888,0.10902000963687897,0.31446412205696106
0.10641614347696304,0.10902000963687897,0.037619221955537796
-0.2761842608451843,0.10902000963687897,-0.04379144310951233
0.1797298938035965,0.10902000963687897,-0.42641884088516235
0.10650621354579926,0.14774838089942932,0.558633029460907
0.2200794667005539,0.10902000963687897,-0.17405389249324799
0.2954525649547577,-0.5851308703422546,-0.7049809098243713
-0.2746531665325165,0.09785182029008865,-0.7207546234130859
-0.16216067969799042,0.14801859855651855,0.7295782566070557
-0.28420013189315796,0.10902000963687897,-0.524140477180481
-0.30302393436431885,-0.3860727846622467,-0.6788739562034607
-0.3497803211212158,-0.23310163617134094,-0.6550843715667725
0.2630409002304077,0.14801859855651855,-0.14145003259181976
-0.36084631085395813,-0.5163082480430603,-0.6869798302650452
-0.29960140585899353,0.10172465443611145,0.5993428826332092
0.04308764636516571,0.043554097414016724,-0.713176965713501
-0.22727839648723602,0.14774838089942932,0.1434287577867508
-0.12964683771133423,0.10902000963687897,0.2411503940820694
-0.17846262454986572,0.14774838089942932,-0.5648503303527832
0.000648931716568768,0.10902000963687897,-0.23917163908481598
-0.04820917546749115,0.14774838089942932,-0.5892582535743713
-0.05634213611483574,0.10902000963687897,-0.5322464108467102
-0.305275559425354,0.056331370025873184,0.5098172426223755
0.3425692021846771,0.14774838089942932,-0.34499916434288025
0.2123337686061859,0.06128501519560814,0.461001455783844
0.3723030686378479,0.11891517043113708,-0.2699863016605377
0.137320876121521,0.12278800457715988,0.729140043258667
0.18792589008808136,0.14774838089942932,0.013193325139582157
0.12921494245529175,0.0466163344681263,-0.03391428291797638
0.04134345427155495,-0.5425175428390503,-0.644198477268219
0.378157377243042,0.131278395652771,0.5189918279647827
0.36876627802848816,0.15764355659484863,0.19403377175331116
-0.32330089807510376,-0.5851308703422546,0.6955454349517822
0.3408700227737427,0.13785320520401,0.2963729500770569
0.2448475956916809,0.10244517028331757,0.637981116771698
0.1797298938035965,0.06155520677566528,-0.23917163908481598
0.20413777232170105,0.05651150643825531,-0.45902279019355774
0.37851762771606445,0.12864230573177338,0.23936115205287933
0.39605629444122314,0.15530183911323547,0.06039383262395859
-0.3086980879306793,0.14774838089942932,0.5098172426223755
0.3437400460243225,-0.34536299109458923,0.6482487320899963
0.0494944266974926,0.10902000963687897,-0.2880774438381195
-0.27439504861831665,0.15764355659484863,-0.24096086621284485
-0.3266212046146393,0.10181470960378647,0.13262084126472473
-0.009254341945052147,0.15764355659484863,0.5685282349586487
-0.23717357218265533,0.15764355659484863,-0.053695615381002426
-0.10514890402555466,0.1481986939907074,-0.12523813545703888
0.06576935201883316,0.14774838089942932,-0.16594797372817993
0.010523384436964989,0.15854422748088837,0.12542764842510223
-0.06449311226606369,0.14774838089942932,0.08646202832460403
-0.11334491521120071,0.10902000963687897,-0.5160346031188965
0.31805911660194397,0.06805206090211868,-0.06648214906454086
0.11704393476247787,0.10667826980352402,-0.12523813545703888
-0.16216067969799042,0.10902000963687897,-0.15775196254253387
0.02682172879576683,0.15187934041023254,-0.7553278803825378
0.25304359197616577,0.056781720370054245,0.5093669295310974
-0.007497538346797228,0.10181470960378647,-0.6394249796867371
0.2630409002304077,0.14774838089942932,0.31446412205696106
0.25304359197616577,0.06128501519560814,0.0701780915260315
0.31744077801704407,0.10667826980352402,0.045761190354824066
0.27566224336624146,0.13785320520401,-0.731754720211029
0.2877190113067627,-0.37787681818008423,-0.6950857639312744
-0.0011015674099326134,0.11891517043113708,-0.009470369666814804
-0.09881417453289032,0.15764355659484863,0.6139456033706665
0.1635179966688156,0.10902000963687897,0.08647102862596512
-0.3194938898086548,-0.17260687053203583,-0.6542738080024719
0.03321049362421036,0.10902000963687897,0.5180132389068604
-0.023774268105626106,0.14774838089942932,0.6889585256576538
-0.29312875866889954,-0.11561672389507294,-0.7050710320472717
0.28555741906166077,0.1482887715101242,0.5261191725730896
0.24663682281970978,0.0466163344681263,-0.2979726195335388
-0.22727839648723602,0.10902000963687897,0.2248484343290329
0.08480029553174973,0.056331370025873184,0.6388818621635437
0.16172876954078674,0.13785320520401,-0.2490667700767517
-0.22727839648723602,0.10902000963687897,-0.4346148371696472
0.28681832551956177,0.11901732534170151,0.1109149381518364
0.10650621354579926,0.10902000963687897,-0.5811523199081421
0.26322102546691895,0.12757359445095062,0.5668290257453918
0.3425692021846771,0.10902000963687897,0.10271893441677094
-0.3594052493572235,0.031833432614803314,0.7041797041893005
0.35887113213539124,0.10902000963687897,-0.22286969423294067
0.1635179966688156,0.10902000963687897,-0.5160346031188965
-0.36570990085601807,0.10902000963687897,-0.19035585224628448
-0.21106649935245514,0.10902000963687897,0.42839762568473816
-0.19476458430290222,0.14774838089942932,0.1923345923423767
-0.23547442257404327,0.14774838089942932,0.5017113089561462
0.16342793405056,0.14774838089942932,0.583130955696106
-0.21917244791984558,0.10902000963687897,0.2737542986869812
-0.37390586733818054,0.14774838089942932,0.11902088671922684
-0.17846262454986572,0.14774838089942932,0.2574523389339447
-0.23547442257404327,0.10902000963687897,0.5505270957946777
-0.17035669088363647,0.10902000963687897,-0.4508267343044281
-0.29069700837135315,0.15791375935077667,0.715065598487854
0.2877190113067627,0.10244517028331757,-0.18224991858005524
0.30834412574768066,0.06173534318804741,-0.4834306240081787
0.378157377243042,0.15106874704360962,0.41778191924095154
0.35067516565322876,0.14801859855651855,-0.16594797372817993
0.31005537509918213,-0.0359862819314003,0.637981116771698
0.21917881071567535,-0.5377439856529236,0.7119253873825073
-0.3234689235687256,0.09415911883115768,-0.027525516226887703
-0.33951276540756226,0.13803334534168243,-0.7318447828292847
-0.3802226185798645,0.13785320520401,0.15794147551059723
-0.3324755132198334,0.10667826980352402,-0.26357951760292053
0.2877190113067627,0.08614322543144226,0.21674250066280365
0.12911279499530792,0.08614322543144226,0.4528054893016815
-0.2336851954460144,-0.6049211621284485,0.6906576752662659
0.13981854915618896,0.06829807907342911,0.25836509466171265
-0.3168940842151642,0.14774838089942932,-0.42641884088516235
-0.31859323382377625,0.13785320520401,0.0032981568947434425
0.00878459494560957,0.14774838089942932,-0.41020694375038147
0.2123337686061859,0.10902000963687897,0.3713858425617218
0.18792589008808136,0.05651150643825531,0.37958183884620667
0.18792589008808136,0.10902000963687897,0.5180132389068604
-0.26798826456069946,0.10902000963687897,-0.2880774438381195
0.2693455219268799,0.06128501519560814,-0.24736763536930084
-0.3619271218776703,-0.2232154756784439,0.6726565957069397
-0.17846262454986572,0.10902000963687897,-0.01936553791165352
-0.3086980879306793,0.14774838089942932,-0.0763683095574379
0.3548060655593872,-0.5750192403793335,-0.668978750705719
0.10641614347696304,0.10902000963687897,0.21674250066280365
0.0983101949095726,0.10902000963687897,-0.26357951760292053
-0.31273895502090454,-0.09469721466302872,-0.6584168672561646
0.1146121546626091,-0.5950260162353516,-0.703281819820404
0.33176127076148987,-0.2540901005268097,-0.7194937467575073
-0.3168940842151642,0.1481986939907074,-0.524140477180481
0.2877190113067627,0.10244517028331757,0.461001455783844
-0.3619271218776703,-0.29645711183547974,0.6970644593238831
-0.20465974509716034,0.043554097414016724,-0.7050710320472717
0.1237209215760231,-0.5832394361495972,0.6487770080566406
0.14577500522136688,0.10667826980352402,-0.23917163908481598
0.2200794667005539,0.10902000963687897,0.2086365520954132
-0.3562529385089874,-0.5407162308692932,0.638161301612854
0.2956448197364807,0.06317639350891113,-0.7177824378013611
-0.41172149777412415,0.09966520965099335,-0.32429608702659607
-0.12640446424484253,-0.5530552268028259,-0.7184128761291504
0.10408653318881989,0.1573733687400818,0.7450575232505798
0.350765198469162,0.10902000963687897,0.15162478387355804
0.3326740562915802,0.13812342286109924,-0.07812151312828064
0.350765198469162,0.10902000963687897,0.3713858425617218
-0.29960140585899353,0.10172465443611145,0.4772133529186249
0.3546259105205536,-0.5064131021499634,0.6744458079338074
-0.34139207005500793,0.10902000963687897,-0.36130112409591675
-0.21106649935245514,0.10902000963687897,-0.18215984106063843
-0.26798826456069946,0.10902000963687897,-0.15775196254253387
0.3344632685184479,0.10902000963687897,0.2737542986869812
-0.06448410451412201,0.10902000963687897,-0.23106569051742554
-0.3593030869960785,0.15764355659484863,0.08007325977087021
-0.02553737536072731,0.13785320520401,-0.08626347780227661
0.06576935201883316,0.14774838089942932,0.42839762568473816
0.04135246202349663,0.14774838089942932,-0.06008438020944595
0.20413777232170105,0.14774838089942932,-0.19846180081367493
-0.17035669088363647,0.10902000963687897,-0.524140477180481
-0.14594878256320953,0.14774838089942932,0.461001455783844
-0.10523897409439087,0.14774838089942932,0.2574523389339447
0.01054409984499216,0.11891517043113708,-0.36770790815353394
-0.29960140585899353,0.10172465443611145,-0.47532469034194946
0.13325580954551697,0.05669163912534714,-0.467128723859787
0.055874187499284744,0.15764355659484863,-0.22465892136096954
0.12812206149101257,0.09866240620613098,-0.7205744981765747
-0.21917244791984558,0.14774838089942932,-0.5078386068344116
-0.2598823308944702,0.14774838089942932,-0.3205912709236145
-0.3576039671897888,0.14774838089942932,0.5098172426223755
-0.3913007378578186,0.13551150262355804,-0.2972521185874939
0.1960318386554718,0.14774838089942932,-0.336893230676651
-0.30365440249443054,0.07803728431463242,0.5505270957946777
0.27772167325019836,-0.5353122353553772,0.6645506024360657
-0.3607562482357025,0.004723561927676201,-0.7115678787231445
-0.05635114386677742,0.14774838089942932,-0.05194241181015968
-0.36570990085601807,0.14774838089942932,0.42839762568473816
0.03321950137615204,0.1481986939907074,0.16783665120601654
0.1210189238190651,0.13785320520401,0.0068027563393116
0.36876627802848816,0.15764355659484863,0.6906576752662659
0.3579704761505127,0.1078491359949112,-0.6380739808082581
0.05762739107012749,0.09415911883115768,0.637981116771698
-0.07263507694005966,0.14774838089942932,-0.369497150182724
0.22548341751098633,0.10956037789583206,-0.5404424667358398
0.1635179966688156,0.10902000963687897,-0.011226273141801357
0.051247626543045044,0.11891517043113708,-0.2002510279417038
0.05763639509677887,0.10902000963687897,-0.467128723859787
0.06576935201883316,0.14774838089942932,-0.524140477180481
-0.023774268105626106,0.10902000963687897,0.21674250066280365
-0.15405473113059998,0.10902000963687897,0.48540937900543213
-0.36570990085601807,0.10902000963687897,0.5749349594116211
0.18792589008808136,0.14774838089942932,0.3713858425617218
0.000648931716568768,0.10902000963687897,-0.29618340730667114
-0.2761842608451843,0.14774838089942932,0.3388720154762268
-0.24358037114143372,0.10902000963687897,-0.011226273141801357
-0.13351969420909882,-0.5514340400695801,0.7135465741157532
-0.37074145674705505,-0.11560771614313126,-0.668978750705719
0.3425692021846771,0.14774838089942932,-0.4346148371696472
0.3018593490123749,0.14801859855651855,-0.11704211682081223
0.22548341751098633,0.10956037789583206,-0.49153658747673035
0.13433662056922913,0.09415911883115768,-0.19035585224628448
0.21340249478816986,0.13749295473098755,0.725267231464386
0.04135246202349663,0.10902000963687897,0.20044054090976715
-0.08890999853610992,0.10902000963687897,-0.10893618315458298
0.2897905111312866,-0.2639162838459015,-0.6450992226600647
0.04762697592377663,0.07111430168151855,0.7241622805595398
0.349414199590683,0.10181470960378647,0.6726565957069397
0.34994250535964966,-0.07625787705183029,-0.7291186451911926
-0.37390586733818054,0.10902000963687897,0.4935153126716614
-0.2842901945114136,0.14774838089942932,0.2899661660194397
-0.007493035402148962,0.10902000963687897,-0.5160346031188965
-0.10523897409439087,-0.5372936725616455,0.680762529373169
-0.3324755132198334,0.10667826980352402,0.23304446041584015
0.3425692021846771,0.14774838089942932,0.4935153126716614
-0.22727839648723602,0.14774838089942932,-0.26357951760292053
-0.30968883633613586,0.05353934317827225,-0.41020694375038147
0.2877190113067627,-0.12551188468933105,-0.703281819820404
0.3425692021846771,0.10902000963687897,-0.5648503303527832
-0.030181048437952995,0.043554097414016724,0.6988536715507507
0.39668673276901245,0.09966520965099335,-0.38749822974205017
0.3880525529384613,0.1411735713481903,-0.5411630272865295
-0.3802226185798645,0.13785320520401,-0.591047465801239
-0.3494079113006592,0.10902000963687897,0.39588379859924316
0.39605629444122314,0.15530183911323547,-0.19198912382125854
0.22809530794620514,0.11280275881290436,0.42839762568473816
-0.3866173028945923,0.13704261183738708,-0.025096822530031204
0.3606603443622589,0.10299767553806305,-0.735357403755188
0.0060646007768809795,0.10181470960378647,0.6332076191902161
-0.3235589861869812,0.06173534318804741,-0.12523813545703888
-0.36039596796035767,-0.03328429535031319,0.6388818621635437
-0.36570990085601807,0.14774838089942932,-0.5078386068344116
0.33752548694610596,-0.16281720995903015,0.7121054530143738
-0.2526891231536865,0.15638263523578644,0.7285096049308777
-0.17080701887607574,-0.5374737977981567,-0.7156208753585815
-0.3576039671897888,0.14774838089942932,-0.27988147735595703
-0.1978268027305603,-0.5375638604164124,0.7069717049598694
-0.310589462518692,0.08272071182727814,0.7146273255348206
-0.07262606918811798,0.10667826980352402,0.6258222460746765
0.29375341534614563,0.14801859855651855,0.24925634264945984
-0.3802226185798645,0.13785320520401,0.7034712433815002
-0.30699893832206726,-0.585040807723999,-0.6584168672561646
0.35708191990852356,0.13785320520401,0.11261410266160965
0.20413777232170105,0.06128501519560814,0.15162478387355804
0.3059123158454895,0.056331370025873184,0.4365035593509674
-0.06449311226606369,0.09415911883115768,-0.644198477268219
0.11704393476247787,0.10667826980352402,0.36327990889549255
-0.03191623464226723,0.10694848746061325,-0.7282301187515259
0.14739619195461273,0.06119493395090103,-0.2717755138874054
0.18180139362812042,-0.5946657061576843,-0.7105771899223328
-0.33951276540756226,0.13785320520401,-0.1351333111524582
-0.12964683771133423,0.14774838089942932,-0.23917163908481598
-0.10523897409439087,0.14774838089942932,0.5098172426223755
-0.3032040596008301,-0.49190035462379456,-0.6544660329818726
0.1960318386554718,0.14774838089942932,0.2574523389339447
0.10650621354579926,0.14774838089942932,-0.6462700366973877
-0.37390586733818054,0.14774838089942932,-0.41020694375038147
-0.2598823308944702,0.14774838089942932,0.5912368893623352
0.2865481376647949,0.012919572181999683,0.6970644593238831
-0.10523897409439087,0.14774838089942932,0.3062681257724762
0.1797298938035965,0.14774838089942932,0.1760326474905014
-0.24358037114143372,0.14774838089942932,-0.6381640434265137
-0.07087286561727524,0.09912484139204025,0.40220052003860474
-0.3619271218776703,0.06173534318804741,0.6482487320899963
0.2877190113067627,0.10244517028331757,0.37958183884620667
-0.0970519632101059,0.10902000963687897,0.33067598938941956
-0.06449311226606369,0.14801859855651855,-0.6869798302650452
-0.03191623464226723,0.10902000963687897,0.4773034155368805
-0.030163032934069633,0.11891517043113708,0.006809961050748825
0.08206229656934738,0.10902000963687897,0.461001455783844
0.08206229656934738,0.10902000963687897,0.5668290257453918
0.20413777232170105,0.14774838089942932,-0.7113878130912781
0.12280816584825516,0.14774838089942932,-0.49162667989730835
-0.06448410451412201,0.10902000963687897,-0.14964601397514343
0.05763639509677887,0.10902000963687897,0.24934640526771545
0.16342793405056,0.1481986939907074,-0.5892582535743713
-0.15405473113059998,-0.5570181012153625,0.637981116771698
0.23674164712429047,0.14801859855651855,0.4528054893016815
0.31005537509918213,-0.12551188468933105,0.637981116771698
0.3979476988315582,0.15106874704360962,0.5888172388076782
0.04135246202349663,-0.5950260162353516,-0.703281819820404
0.04948542267084122,-0.5378340482711792,0.6970644593238831
-0.2923060655593872,0.05353934317827225,0.6726565957069397
0.3450009822845459,0.09415911883115768,-0.703281819820404
0.09020425379276276,0.1481986939907074,0.34697794914245605
-0.17667338252067566,0.11891517043113708,-0.30607855319976807
0.3913728594779968,0.1568329632282257,-0.12416943162679672
0.31726065278053284,0.09415911883115768,-0.6422170400619507
-0.2154017686843872,-0.5978059768676758,-0.7257862091064453
0.20413777232170105,0.05344926193356514,-0.6788739562034607
-0.28420013189315796,0.10902000963687897,0.5180132389068604
0.13902004063129425,-0.5652141571044922,-0.6444687247276306
0.3344632685184479,0.10902000963687897,0.005056760273873806
-0.34139207005500793,0.10181470960378647,-0.6394249796867371
0.07218514382839203,0.15773361921310425,0.2673474848270416
0.06617465615272522,0.10172465443611145,-0.6387945413589478
-0.3041047155857086,-0.4185866415500641,0.6726565957069397
-0.3901177644729614,0.10902000963687897,-0.39390501379966736
0.3425692021846771,0.10902000963687897,0.3225700855255127
-0.23547442257404327,0.14774838089942932,-0.4183128774166107
-0.2598823308944702,0.14774838089942932,0.10271893441677094
0.0983101949095726,0.14774838089942932,-0.5648503303527832
0.016926560550928116,0.14774838089942932,-0.3531951904296875
0.20422784984111786,0.10902000963687897,0.05390315502882004
-0.06448410451412201,0.10902000963687897,0.5098172426223755
0.1797298938035965,0.10902000963687897,-0.29618340730667114
-0.253475546836853,0.11891517043113708,-0.0664641335606575
-0.12964683771133423,0.14774838089942932,-0.4346148371696472
-0.22727839648723602,0.14774838089942932,-0.5730463862419128
-0.16216067969799042,0.10902000963687897,0.08647102862596512
0.08030909299850464,0.15764355659484863,0.5278183221817017
0.08030909299850464,0.11891517043113708,0.1371120661497116
0.29465407133102417,0.05353934317827225,-0.5974542498588562
-0.32201579213142395,-0.2647688090801239,0.7012196183204651
0.13721872866153717,0.10172465443611145,0.5175629258155823
-0.07153936475515366,-0.5932125449180603,0.7242522835731506
0.2877190113067627,0.10244517028331757,0.5261191725730896
0.3451811373233795,-0.4674024283885956,-0.6707679629325867
0.10776714235544205,0.08956573903560638,0.7146273255348206
0.13856971263885498,0.10172465443611145,-0.4346148371696472
0.3142763674259186,-0.15438111126422882,-0.7099587917327881
-0.36749911308288574,0.15764355659484863,0.6220515370368958
-0.29465991258621216,-0.15021105110645294,-0.7301994562149048
-0.1685674488544464,0.11891517043113708,0.7197731733322144
