0.11524283140897751,0.07641258835792542,-0.7163559794425964
-0.24124808609485626,-0.677018940448761,0.651290774345398
0.28291457891464233,0.12358323484659195,0.31129658222198486
-0.21664242446422577,-0.6594664454460144,-0.6272169947624207
-0.3179835081100464,0.10991012305021286,0.6430099010467529
-0.2205694019794464,0.11120924353599548,-0.12436765432357788
0.26376035809516907,-0.3372977077960968,0.640328586101532
0.2685178518295288,0.09235759824514389,-0.24824990332126617
0.24745352566242218,-0.41090691089630127,-0.6471778154373169
-0.18062379956245422,-0.24067452549934387,-0.6581400036811829
0.08908304572105408,0.11187362670898438,0.6764244437217712
-0.16719985008239746,0.12383238971233368,0.2741450071334839
-0.2622886002063751,-0.2771100103855133,0.568297266960144
-0.2326408475637436,0.12457980215549469,-0.5190363526344299
0.037796832621097565,0.05703301727771759,0.038163527846336365
0.18480652570724487,-0.6601307988166809,0.5836609601974487
0.05328980088233948,0.12449675053358078,-0.4184665083885193
0.22638632357120514,-0.1355167031288147,-0.6364380717277527
0.2619333267211914,-0.08586116135120392,0.5679355263710022
0.04943642020225525,0.09579215198755264,0.41341474652290344
0.28474161028862,0.11976308375597,-0.5293341875076294
0.19662883877754211,-0.6406682133674622,-0.6735867857933044
-0.1343695968389511,0.10595059394836426,-0.7230263948440552
0.2745535671710968,0.11214946955442429,0.0474618636071682
-0.34334245324134827,0.08862048387527466,0.42894452810287476
-0.14402973651885986,0.07641258835792542,0.5411409735679626
-0.029901515692472458,0.11414261162281036,-0.20758362114429474
-0.13746903836727142,-0.4379802644252777,-0.6702648401260376
0.25060930848121643,0.12408152222633362,0.5139846205711365
-0.2406400442123413,0.10213042050600052,0.0832764133810997
0.06488674879074097,0.1432119756937027,0.2160952091217041
-0.22297777235507965,-0.07813779264688492,0.6401625275611877
-0.17110304534435272,0.07641258835792542,-0.3371635675430298
-0.28119662404060364,-0.4514605700969696,0.6233841180801392
-0.05889831855893135,0.07641258835792542,-0.5615564584732056
-0.17758069932460785,-0.03561774641275406,-0.626748263835907
-0.35757309198379517,0.07347629964351654,0.22893783450126648
0.13841292262077332,0.07641258835792542,-0.13984401524066925
-0.09568632394075394,0.1143917441368103,0.1096557155251503
0.3018788993358612,0.11120924353599548,-0.7348219752311707
-0.08790010958909988,0.08610236644744873,-0.06054899841547012
0.21581265330314636,0.07641258835792542,-0.37968361377716064
0.2848542630672455,0.09609471261501312,0.6751787066459656
0.11906299740076065,0.12383238971233368,-0.565459668636322
0.21805493533611298,-0.5112276077270508,0.637890636920929
-0.08730508387088776,0.1403053104877472,0.6924821138381958
0.2119925171136856,0.01470868568867445,-0.6201045513153076
-0.09371989965438843,0.12383238971233368,0.4017881751060486
0.19330695271492004,-0.27675285935401917,-0.6765764355659485
0.1853344589471817,-0.21742163598537445,0.6185407042503357
0.003004874801263213,0.12383238971233368,0.544961154460907
0.13265597820281982,0.11414261162281036,-0.26560384035110474
0.28100448846817017,0.07666172087192535,-0.06630123406648636
0.20612286031246185,0.08610236644744873,0.18326495587825775
-0.024075904861092567,0.07641258835792542,0.2895917296409607
-0.24847611784934998,0.09465618431568146,-0.6640927195549011
0.2041861116886139,0.07641258835792542,0.3940648138523102
0.19961853325366974,-0.5343976616859436,-0.6237585544586182
-0.10145987570285797,0.12383238971233368,-0.4416366517543793
-0.21176934242248535,0.10866148769855499,0.684037983417511
-0.020168812945485115,0.09579215198755264,-0.30233731865882874
0.1306895613670349,0.07641258835792542,0.5411409735679626
-0.2910228669643402,0.12441371381282806,0.5411409735679626
-0.22524964809417725,0.07641258835792542,0.378618061542511
0.014606534503400326,0.12383238971233368,-0.6505827307701111
0.17711280286312103,0.12383238971233368,-0.004427663050591946
-0.147849902510643,0.12383238971233368,-0.22106391191482544
-0.16362881660461426,-0.546273410320282,-0.6252533793449402
-0.18887509405612946,-0.3367459774017334,-0.632976770401001
-0.28163859248161316,-0.5608066916465759,0.5707056522369385
0.1866631954908371,0.01470868568867445,0.6212812662124634
0.018484823405742645,0.07641258835792542,-0.08954247832298279
0.17711280286312103,0.07641258835792542,0.2818683683872223
-0.24061337113380432,0.030155431479215622,0.5825813412666321
-0.2999088764190674,-0.17487087845802307,0.6062497496604919
0.11524283140897751,0.07641258835792542,0.11552534997463226
-0.2523230016231537,0.14379329979419708,0.18129853904247284
-0.19432656466960907,0.1432119756937027,-0.035387564450502396
0.14231613278388977,0.07641258835792542,-0.4648067355155945
-0.1401265412569046,0.1432119756937027,-0.623509407043457
-0.1180894523859024,-0.1478438377380371,-0.6895614266395569
0.20808930695056915,0.12383238971233368,-0.6312327980995178
-0.22295106947422028,0.11489003151655197,-0.4203498959541321
-0.0008651121752336621,0.07641258835792542,0.16194859147071838
0.06873653084039688,0.12383238971233368,0.3205682337284088
-0.14402973651885986,0.07641258835792542,0.045873869210481644
-0.20980294048786163,0.12383238971233368,0.4753677546977997
-0.03567839041352272,0.12383238971233368,0.02265394851565361
0.030086485669016838,0.07641258835792542,-0.5074098110198975
-0.28628918528556824,-0.37635940313339233,0.5733631253242493
-0.22295106947422028,0.08626846969127655,-0.2656334340572357
-0.15947647392749786,0.07641258835792542,0.16967196762561798
0.13450972735881805,0.12383238971233368,0.45211461186408997
-0.30264943838119507,0.124662846326828,0.3360149562358856
0.1964627355337143,0.12383238971233368,0.5991077423095703
-0.08211824297904968,0.12383238971233368,0.2238185703754425
0.19754235446453094,-0.06269105523824692,-0.6797322630882263
0.2999688386917114,0.14362719655036926,-0.34142857789993286
-0.051158346235752106,0.07641258835792542,0.4753677546977997
-0.14402973651885986,0.07641258835792542,-0.1359408050775528
0.28291457891464233,0.14296281337738037,0.4234634041786194
-0.0260215625166893,0.09141736477613449,-0.7199536561965942
0.1839226484298706,-0.43316352367401123,0.5965332388877869
-0.15175311267375946,0.07641258835792542,-0.5112299919128418
0.19255952537059784,0.07641258835792542,-0.23269051313400269
0.20036594569683075,0.07641258835792542,-0.5499298572540283
0.033926840871572495,0.05703301727771759,-0.31778401136398315
0.2708995044231415,0.11455783247947693,-0.4167492985725403
0.061046380549669266,0.07641258835792542,-0.2249671220779419
0.1964627355337143,0.12383238971233368,0.09617540240287781
0.11712620407342911,0.11414261162281036,-0.07602895051240921
0.0107448510825634,0.07641258835792542,0.6417107582092285
0.22353601455688477,0.12383238971233368,-0.13984401524066925
0.13841292262077332,0.12383238971233368,-0.3681400716304779
-0.024075904861092567,0.07641258835792542,-0.4145633280277252
-0.1673659235239029,0.04953500255942345,-0.6708996295928955
0.2834128737449646,0.07807353138923645,-0.6079796552658081
-0.10532985627651215,0.07641258835792542,0.3282916247844696
0.012656724080443382,0.11414261162281036,0.09814182668924332
0.27386245131492615,0.07641258835792542,0.5836609601974487
-0.2095537930727005,0.1403883844614029,-0.7286468744277954
0.23142550885677338,-0.5772499442100525,0.5768511295318604
-0.20980294048786163,0.12383238971233368,0.5875641703605652
0.2231207937002182,-0.2870672941207886,0.5736123323440552
-0.0666382908821106,0.12383238971233368,-0.11667393147945404
0.20036594569683075,0.07641258835792542,-0.7047293782234192
-0.07436995953321457,0.07641258835792542,-0.6660295128822327
-0.14940108358860016,-0.2696458399295807,-0.6653087735176086
-0.08985821902751923,0.12383238971233368,0.5913843512535095
-0.012474244460463524,0.12383238971233368,0.378618061542511
0.23399995267391205,-0.3296039402484894,-0.6249212622642517
0.09589289128780365,0.07641258835792542,-0.6312327980995178
0.2665247321128845,0.11727168411016464,0.19549956917762756
0.23751461505889893,-0.5830068588256836,-0.669905960559845
-0.07436995953321457,0.07641258835792542,-0.2404138594865799
0.25060930848121643,0.07641258835792542,-0.004427663050591946
0.20235906541347504,-0.4715311825275421,-0.6823897957801819
-0.2291528582572937,0.07641258835792542,0.24707171320915222
0.21581265330314636,0.12383238971233368,-0.48415663838386536
0.20224931836128235,0.08610236644744873,-0.06825104355812073
0.18483616411685944,0.07865485548973083,0.672853410243988
0.08808647096157074,0.12383238971233368,0.595287561416626
-0.03568669781088829,0.12383238971233368,-0.4957832098007202
0.07263974100351334,0.12383238971233368,-0.1514705866575241
0.014606534503400326,0.12383238971233368,-0.28301694989204407
0.13841292262077332,0.12383238971233368,0.3630882799625397
-0.11501964181661606,0.11414261162281036,-0.3391299843788147
0.21572962403297424,-0.1980907917022705,-0.6850472092628479
0.06103808060288429,0.12383238971233368,0.48691123723983765
-0.12858299911022186,0.12383238971233368,0.4753677546977997
-0.1324031800031662,0.07641258835792542,0.6417107582092285
-0.006684910040348768,0.11414261162281036,0.21803198754787445
-0.15562668442726135,0.1432119756937027,0.10389877110719681
-0.1463550478219986,-0.6005030274391174,-0.6828880310058594
-0.2952582538127899,-0.030385803431272507,0.582664430141449
0.20028288662433624,0.12383238971233368,-0.3139934539794922
0.24521127343177795,-0.1710008978843689,0.592380940914154
0.11524283140897751,0.1432119756937027,0.026485994458198547
0.27131471037864685,0.08635150641202927,0.3689579367637634
0.1887393742799759,0.07641258835792542,0.48691123723983765
-0.19045299291610718,0.07641258835792542,-0.5848095417022705
-0.25229334831237793,0.1432119756937027,0.42113810777664185
0.033926840871572495,0.1424645483493805,-0.7475281357765198
0.27488574385643005,0.08975642174482346,0.11355892568826675
0.03395647183060646,0.12383238971233368,-0.5692797899246216
0.16728360950946808,-0.10908468812704086,0.6019017100334167
0.2119094431400299,0.12383238971233368,0.33219483494758606
-0.18389227986335754,-0.5024246573448181,-0.6857116222381592
-0.24116507172584534,-0.3141275942325592,0.6322434544563293
-0.17110304534435272,0.12383238971233368,0.40569138526916504
0.16166606545448303,0.12383238971233368,0.2238185703754425
-0.24061337113380432,0.10747212916612625,-0.3294402062892914
-0.34334245324134827,0.08862048387527466,0.5836609601974487
-0.28720271587371826,0.07641258835792542,0.47918790578842163
-0.03568669781088829,0.07641258835792542,0.0807286724448204
0.2196328341960907,-0.2329040765762329,-0.6196062564849854
0.1936391443014145,-0.3696325719356537,-0.6769086718559265
-0.17500625550746918,0.12383238971233368,-0.4570833444595337
-0.03764481469988823,0.11414261162281036,-0.041169423609972
0.12678635120391846,0.12383238971233368,-0.20171397924423218
-0.267852783203125,0.12383238971233368,0.6417107582092285
-0.2677696943283081,-0.24451403319835663,0.633323073387146
-0.24061337113380432,-0.5256778001785278,0.6189559698104858
-0.13630639016628265,0.12383238971233368,-0.012167638167738914
-0.010554896667599678,0.11414261162281036,-0.3701064884662628
0.061046380549669266,0.07641258835792542,0.2664216160774231
-0.1092330664396286,0.07641258835792542,-0.3835868239402771
-0.26536136865615845,-0.12123914808034897,0.568297266960144
-0.1910906583070755,-0.06454481184482574,-0.6967301368713379
0.13841292262077332,0.07641258835792542,0.6184576749801636
-0.03568669781088829,0.07641258835792542,0.5875641703605652
-0.20327186584472656,-0.3864080607891083,-0.7050911784172058
0.23125940561294556,0.12383238971233368,0.24316850304603577
-0.1092330664396286,0.12383238971233368,-0.5461097359657288
0.255123496055603,-0.0159356240183115,0.5602121353149414
-0.0008651121752336621,0.12383238971233368,0.4482114017009735
-0.1691366285085678,0.08610236644744873,-0.08376062661409378
0.15003950893878937,0.12383238971233368,0.15422523021697998
0.19322390854358673,-0.6043232679367065,0.6294198632240295
0.27903807163238525,0.09014204144477844,-0.1417807936668396
-0.2136230766773224,0.12383238971233368,0.3282916247844696
-0.07050827890634537,0.07641258835792542,0.16967196762561798
0.004925052635371685,0.08610236644744873,-0.16888374090194702
0.17783057689666748,-0.05845566466450691,0.6520382761955261
-0.27947932481765747,0.124662846326828,0.27024179697036743
-0.07823995500802994,0.07641258835792542,-0.17082051932811737
0.10361625254154205,0.07641258835792542,-0.4068399667739868
0.23948106169700623,-0.472776859998703,0.5830796957015991
-0.21752630174160004,0.07641258835792542,0.525611162185669
-0.27873191237449646,-0.488223671913147,0.5695429444313049
-0.2514657974243164,-0.1922627091407776,0.5898627638816833
-0.21738983690738678,-0.1516592651605606,-0.6265525817871094
-0.2700119614601135,-0.6289881467819214,0.5683803558349609
-0.26754727959632874,0.08776330947875977,0.14622601866722107
0.1810160130262375,0.12383238971233368,-0.42228665947914124
-0.13688771426677704,-0.1967952698469162,-0.645932137966156
-0.23712539672851562,-0.40575799345970154,0.6116477847099304
0.041696447879076004,0.07641258835792542,0.5759376287460327
0.022354813292622566,0.07641258835792542,0.3399181663990021
-0.19045299291610718,0.07641258835792542,-0.18626725673675537
0.21960318088531494,0.05703301727771759,-0.26363739371299744
-0.2893619239330292,0.053740765899419785,0.6243539452552795
-0.1536898910999298,0.08610236644744873,-0.27717697620391846
-0.043426673859357834,0.12383238971233368,-0.6079796552658081
0.20025324821472168,0.1432119756937027,0.46759095788002014
0.27386245131492615,0.07641258835792542,0.4714645445346832
0.19530008733272552,-0.3102540075778961,0.6309147477149963
-0.33066296577453613,0.11239860951900482,0.5044074654579163
0.08426631987094879,0.12383238971233368,-0.5074098110198975
0.23898276686668396,0.12383238971233368,-0.05085920915007591
-0.2600463628768921,0.07641258835792542,0.31666502356529236
0.19992400705814362,-0.12002015858888626,-0.6635648012161255
0.3041211664676666,0.06110229715704918,-0.3758634328842163
-0.2485324591398239,0.05703301727771759,-0.43770381808280945
-0.19427314400672913,-0.45342695713043213,-0.6386239528656006
0.2622359097003937,0.07641258835792542,-0.47643330693244934
-0.08210993558168411,0.07641258835792542,-0.4880598783493042
0.16166606545448303,0.07641258835792542,-0.6428593993186951
0.11906299740076065,0.07641258835792542,-0.3255369961261749
-0.06276830285787582,0.12383238971233368,-0.38749003410339355
0.2462908774614334,-0.03819221258163452,-0.6420289278030396
0.03782646358013153,0.12383238971233368,-0.04311923310160637
0.16645315289497375,-0.3647328019142151,0.572087824344635
0.18442092835903168,-0.6039910316467285,-0.6413645148277283
0.03391853719949722,0.1432119756937027,0.17742496728897095
-0.18272961676120758,0.07641258835792542,-0.41066011786460876
0.23624220490455627,-0.4779258370399475,-0.6265822052955627
-0.2194630652666092,0.08610236644744873,0.016872087493538857
-0.23953373730182648,-0.596932053565979,0.6167136430740356
0.0919896811246872,0.07641258835792542,0.3592681586742401
-0.12077659368515015,0.07641258835792542,0.24707171320915222
-0.16719985008239746,0.030155431479215622,-0.6247551441192627
-0.16005781292915344,-0.39537712931632996,-0.6255856156349182
-0.23504920303821564,0.1239984780550003,-0.5848095417022705
-0.29539474844932556,0.11314895004034042,0.18752706050872803
0.2001168131828308,0.05988622084259987,0.5765188932418823
-0.29492607712745667,0.07641258835792542,0.378618061542511
0.13459277153015137,0.07641258835792542,-0.03151010349392891
-0.05116664990782738,0.12383238971233368,0.32447144389152527
-0.05117495357990265,0.12383238971233368,-0.2791137397289276
0.18483616411685944,0.07641258835792542,0.053605541586875916
0.2427198737859726,0.04178200289607048,-0.6702648401260376
-0.1788560450077057,0.07641258835792542,0.34379178285598755
0.2195497751235962,-0.538550078868866,-0.6847981214523315
0.12296620011329651,0.12383238971233368,-0.6737529039382935
-0.0898878425359726,0.1432119756937027,0.5333641767501831
-0.043388739228248596,0.1432119756937027,-0.7357355356216431
-0.1208394467830658,0.1432119756937027,0.0419955812394619
-0.19045299291610718,0.12383238971233368,0.0419955812394619
0.19770845770835876,-0.5231033563613892,0.5780138373374939
0.018484823405742645,0.07641258835792542,0.48691123723983765
0.12296620011329651,0.12383238971233368,0.2741450071334839
0.23399995267391205,0.06113193556666374,0.6325756311416626
-0.11601328104734421,-0.6787629723548889,-0.681422770023346
-0.33686476945877075,0.07666172087192535,0.3128448724746704
0.22743922472000122,0.12383238971233368,-0.2095203995704651
-0.0008651121752336621,0.07641258835792542,-0.5925329327583313
-0.03568669781088829,0.05703301727771759,0.41341474652290344
-0.0047267950139939785,0.07641258835792542,-0.23659369349479675
-0.12858299911022186,0.12383238971233368,-0.0972907692193985
-0.24792152643203735,-0.1452064961194992,0.6259318590164185
-0.22685426473617554,0.11289689689874649,-0.22303034365177155
0.18367350101470947,-0.4222012758255005,-0.6440219879150391
0.2343321293592453,-0.4253571033477783,0.6327417492866516
0.20914220809936523,-0.1030251532793045,-0.6138196587562561
-0.17110304534435272,0.12383238971233368,0.2083718329668045
-0.12077659368515015,0.07641258835792542,-0.5848095417022705
-0.15089593827724457,-0.037501122802495956,-0.6674679517745972
0.24867254495620728,0.0667228028178215,0.29546135663986206
-0.17110304534435272,0.12383238971233368,-0.5499298572540283
0.13841292262077332,0.07641258835792542,-0.5305799245834351
-0.2606276571750641,-0.016267819330096245,0.6319943070411682
-0.1373029351234436,-0.34895390272140503,-0.6702648401260376
0.26641783118247986,-0.2651807963848114,0.5934308767318726
0.0919896811246872,0.07641258835792542,0.17739532887935638
-0.17110304534435272,0.07641258835792542,0.4830911159515381
0.07073616981506348,0.0667228028178215,0.09423860907554626
0.045566435903310776,0.07641258835792542,-0.6892826557159424
0.1674526482820511,0.11414261162281036,-0.09147096425294876
0.2564493417739868,0.11497306823730469,-0.6408929228782654
-0.15175311267375946,0.12383238971233368,0.6069141626358032
-0.147849902510643,0.12383238971233368,-0.3835868239402771
-0.19045299291610718,0.12383238971233368,-0.2946435213088989
-0.23297303915023804,0.07649562507867813,0.6223608255386353
-0.13605724275112152,-0.49727576971054077,-0.6485065817832947
0.0997130423784256,0.07641258835792542,0.4675613343715668
0.09777625650167465,0.11414261162281036,0.0013921356294304132
0.235162615776062,0.07641258835792542,0.0884520411491394
0.19255952537059784,0.07641258835792542,-0.16691730916500092
-0.17882642149925232,0.12383238971233368,-0.6699326634407043
0.22353601455688477,0.12383238971233368,0.03425560146570206
-0.12077659368515015,0.07641258835792542,0.10780197381973267
-0.2368762493133545,0.12383238971233368,0.12324871122837067
-0.10532985627651215,0.07641258835792542,0.43666788935661316
-0.11305322498083115,0.124662846326828,-0.16309715807437897
-0.1092330664396286,0.12383238971233368,0.2895917296409607
0.22093193233013153,-0.6401699185371399,-0.6518580913543701
0.06881958246231079,0.07641258835792542,-0.5577362775802612
0.012656724080443382,0.1335221827030182,0.6166039109230042
-0.010521944612264633,0.1335221827030182,0.12128227949142456
0.06870689988136292,0.05703301727771759,-0.11666203290224075
-0.06273037195205688,0.05703301727771759,0.011052288115024567
-0.17716547846794128,-0.6043232679367065,-0.6266652345657349
-0.21741361916065216,0.09861574321985245,-0.0679040402173996
-0.28664809465408325,-0.1149008721113205,0.6067747473716736
-0.21752630174160004,0.07641258835792542,0.4404880404472351
0.08426631987094879,0.12383238971233368,0.3940648138523102
0.20808930695056915,0.07641258835792542,-0.4493600130081177
0.17711280286312103,0.12383238971233368,-0.5809063911437988
0.07263974100351334,0.07641258835792542,0.525611162185669
0.01269466057419777,0.11414261162281036,-0.43967023491859436
0.12678635120391846,0.07641258835792542,0.22772178053855896
0.16548623144626617,0.12383238971233368,0.5372377634048462
0.13841292262077332,0.07641258835792542,0.4173179566860199
-0.19023054838180542,-0.2928870916366577,-0.6450453400611877
0.18998506665229797,0.001836426556110382,-0.6730884313583374
0.2575318217277527,-0.6649771332740784,0.6486333012580872
0.08426631987094879,0.07641258835792542,-0.4726131558418274
-0.21752630174160004,0.07641258835792542,0.16194859147071838
-0.1323201209306717,0.07649562507867813,-0.6738358736038208
0.013357242569327354,0.14346110820770264,0.6708602905273438
-0.2965039610862732,-0.22903409600257874,0.5849066972732544
-0.2112443745136261,-0.5643777251243591,-0.6985304951667786
0.17320959270000458,0.07641258835792542,0.3399181663990021
0.20141886174678802,-0.1729210466146469,-0.6397599577903748
-0.17500625550746918,0.12383238971233368,0.5217909812927246
-0.3324069678783417,0.10766493529081345,0.36892828345298767
-0.02025298774242401,0.10445283353328705,-0.09729436039924622
0.16938944160938263,0.11843433231115341,-0.7298925518989563
0.016526710242033005,0.11414261162281036,0.020704135298728943
0.003041150514036417,0.05703301727771759,-0.03928219899535179
-0.03954838216304779,0.07641258835792542,0.35536494851112366
0.17711280286312103,0.07641258835792542,-0.29074031114578247
0.0765429437160492,0.12383238971233368,-0.3139934539794922
0.1615830361843109,0.12408152222633362,-0.503506600856781
-0.03181670978665352,0.07641258835792542,0.5295143723487854
-0.26536136865615845,-0.4307551383972168,0.568297266960144
0.27613145112991333,0.09507144242525101,0.2528582811355591
0.28355222940444946,0.1343526393175125,0.6243272423744202
-0.15175311267375946,0.12383238971233368,0.33219483494758606
-0.32972273230552673,0.07641258835792542,0.5295143723487854
-0.12077659368515015,0.12383238971233368,0.18129853904247284
-0.318707138299942,-0.3180568218231201,0.6282867789268494
-0.051158346235752106,0.05703301727771759,0.25872790813446045
0.2583623230457306,0.1432119756937027,0.40181776881217957
0.2824993431568146,0.14279673993587494,-0.009908761829137802
-0.19435618817806244,0.12383238971233368,-0.10116074979305267
-0.11892285197973251,0.08610236644744873,-0.3081534802913666
-0.17882642149925232,0.07641258835792542,0.5913843512535095
-0.04341837018728256,0.07641258835792542,-0.07794082909822464
0.030086485669016838,0.07641258835792542,0.21227504312992096
0.26802247762680054,0.1343526393175125,0.13681206107139587
0.010706917382776737,0.1432119756937027,-0.24434669315814972
-0.16719985008239746,0.07641258835792542,-0.012167638167738914
-0.21016475558280945,-0.09325233846902847,-0.634803831577301
-0.08984991163015366,0.07641258835792542,0.5565876960754395
-0.287617951631546,-0.5691944360733032,0.6262640953063965
0.06685316562652588,0.08610236644744873,-0.2694239616394043
-0.025996912270784378,0.11414261162281036,0.17542889714241028
0.07263974100351334,0.12383238971233368,-0.6118828654289246
0.12296620011329651,0.12383238971233368,-0.430010050535202
0.15776285529136658,0.07641258835792542,-0.3913101851940155
-0.15410512685775757,-0.1651727855205536,-0.6804233193397522
0.2335847169160843,-0.39122480154037476,0.578096866607666
0.246872216463089,-0.27546563744544983,-0.6602161526679993
0.23125940561294556,0.14346110820770264,-0.716385543346405
0.13459277153015137,0.07641258835792542,-0.2481372207403183
0.19449631869792938,0.08610236644744873,0.2219351828098297
-0.15565630793571472,0.07641258835792542,0.30121833086013794
-0.19045299291610718,0.07641258835792542,0.07682546973228455
-0.14599616825580597,0.11414261162281036,-0.27332717180252075
0.018476519733667374,0.12383238971233368,0.3166946470737457
0.13450972735881805,0.12383238971233368,-0.6196062564849854
0.3038720488548279,0.060520973056554794,0.5295143723487854
-0.24709102511405945,-0.3374103605747223,0.574691891670227
-0.27167290449142456,0.07641258835792542,0.5604908466339111
-0.1569020301103592,-0.22513447701931,-0.6460447907447815
-0.039518751204013824,0.05703301727771759,0.6610903143882751
-0.2391185164451599,-0.03561774641275406,0.5849897861480713
0.20714612305164337,-0.32578378915786743,-0.7025997042655945
-0.21326127648353577,0.05719911679625511,-0.5267301797866821
0.10361625254154205,0.12383238971233368,0.5217909812927246
-0.0666382908821106,0.12383238971233368,0.45211461186408997
-0.2986631691455841,-0.4186302721500397,0.6111495494842529
0.17320959270000458,0.12383238971233368,0.40569138526916504
-0.16722947359085083,0.14371024072170258,0.6879145503044128
-0.27751293778419495,0.08610236644744873,0.24131476879119873
0.08808647096157074,0.12383238971233368,0.11162213981151581
-0.09371989965438843,0.07641258835792542,-0.11277071386575699
0.18286973237991333,0.08610236644744873,0.13293850421905518
-0.12849995493888855,0.07641258835792542,-0.4454568028450012
0.16548623144626617,0.1432119756937027,0.6688137054443359
0.18367350101470947,-0.32154837250709534,-0.6439390182495117
-0.1691366285085678,0.06680583953857422,-0.7142234444618225
-0.09373651444911957,0.12383238971233368,-0.21724377572536469
0.26085373759269714,-0.09358452260494232,-0.6918867230415344
0.17907923460006714,0.11414261162281036,-0.25400689244270325
-0.03568669781088829,0.12383238971233368,0.2858011722564697
0.1724325269460678,-0.17744532227516174,0.5634509325027466
0.09201931208372116,0.12383238971233368,-0.3487605154514313
0.03395647183060646,0.07641258835792542,-0.45326322317123413
0.2622359097003937,0.124662846326828,-0.2713904082775116
-0.12849995493888855,0.07641258835792542,-0.19017046689987183
-0.29484301805496216,-0.4881940186023712,0.6189559698104858
0.2591097354888916,-0.1413661539554596,0.6464740037918091
0.0010550656588748097,0.08610236644744873,0.06329532712697983
-0.03568669781088829,0.12383238971233368,-0.6699326634407043
0.08808647096157074,0.07641258835792542,-0.17854389548301697
0.24678915739059448,0.07641258835792542,-0.19399061799049377
0.23898276686668396,0.07641258835792542,-0.12049407511949539
-0.17500625550746918,0.12383238971233368,-0.16691730916500092
0.22353601455688477,0.07641258835792542,-0.6118828654289246
-0.26394957304000854,0.12383238971233368,0.48691123723983765
-0.29758358001708984,-0.623673141002655,0.594510555267334
-0.2326408475637436,0.05719911679625511,-0.38749003410339355
-0.1443619430065155,-0.538550078868866,-0.6810609698295593
-0.19850854575634003,-0.006219127215445042,-0.6675243377685547
-0.008596782572567463,0.07641258835792542,-0.6544029712677002
-0.19817635416984558,0.12383238971233368,-0.35651350021362305
0.2583326995372772,0.07641258835792542,-0.42228665947914124
0.22353601455688477,0.12383238971233368,-0.5461097359657288
0.2084214985370636,-0.2329040765762329,0.5736123323440552
0.24867254495620728,0.11414261162281036,-0.37007689476013184
0.23125940561294556,0.07641258835792542,0.525611162185669
0.19347304105758667,-0.04849003255367279,0.5810865163803101
-0.124679796397686,0.12383238971233368,-0.4957832098007202
0.02622479945421219,0.07641258835792542,-0.3990335166454315
-0.08598823100328445,0.12383238971233368,-0.6389561295509338
-0.01634257286787033,0.12383238971233368,-0.5538330674171448
0.25060930848121643,0.12408152222633362,-0.6002563238143921
0.28551867604255676,0.14404243230819702,-0.08177287876605988
0.16935980319976807,0.05703301727771759,-0.004392217379063368
-0.04729665815830231,0.12383238971233368,0.6223608255386353
0.23399995267391205,-0.004641246050596237,0.6325756311416626
-0.30655261874198914,0.124662846326828,0.6069141626358032
0.235162615776062,0.12383238971233368,0.5643110871315002
-0.2921024560928345,0.02376081980764866,0.5785951018333435
0.2834128737449646,0.07807353138923645,-0.6660295128822327
0.24678915739059448,0.07641258835792542,-0.5267597436904907
-0.17644476890563965,-0.3406224548816681,-0.6746100187301636
-0.16719985008239746,0.07641258835792542,0.42894452810287476
0.19181211292743683,-0.0317145511507988,-0.630153238773346
0.1887393742799759,0.07641258835792542,-0.49968644976615906
0.2265257090330124,-0.56562340259552,0.6360635757446289
-0.19817635416984558,0.12383238971233368,0.15804538130760193
-0.20980294048786163,0.12383238971233368,0.24316850304603577
0.05717639997601509,0.07641258835792542,0.13869544863700867
0.1907057911157608,0.11414261162281036,-0.1727573126554489
0.15003950893878937,0.07641258835792542,0.17357516288757324
0.13647614419460297,0.08610236644744873,0.04008370265364647
0.1858031004667282,-0.1207408756017685,0.5550632476806641
-0.0975898876786232,0.07641258835792542,0.5062612295150757
0.1306895613670349,0.07641258835792542,-0.5809063911437988
0.18483616411685944,0.12383238971233368,-0.054729197174310684
-0.05503663420677185,0.12383238971233368,-0.3371635675430298
-0.20207954943180084,0.12383238971233368,-0.623509407043457
-0.13121086359024048,-0.20578452944755554,-0.7051742076873779
0.02617855928838253,0.1432119756937027,0.6727169156074524
0.26799285411834717,0.11497306823730469,0.35351115465164185
0.22743922472000122,0.07641258835792542,0.3399181663990021
0.1887393742799759,0.1432119756937027,-0.3448573350906372
-0.20207954943180084,0.07641258835792542,-0.49968644976615906
-0.08597992360591888,0.07641258835792542,0.061378732323646545
0.006874863989651203,0.07641258835792542,-0.29846370220184326
0.22353601455688477,0.12383238971233368,0.18902190029621124
0.061046380549669266,0.07641258835792542,0.6455309987068176
0.05329810827970505,0.12383238971233368,0.5411409735679626
0.22328688204288483,-0.17064736783504486,0.6373093128204346
0.001046761404722929,0.1335221827030182,-0.7105159759521484
0.15003950893878937,0.12383238971233368,-0.3178136348724365
-0.10532985627651215,0.07641258835792542,0.3863414525985718
0.0939560979604721,0.08610236644744873,-0.021820317953824997
0.014614838175475597,0.07641258835792542,0.10389877110719681
0.03395647183060646,0.12383238971233368,0.3592681586742401
-0.10532985627651215,0.12383238971233368,0.35154473781585693
0.14613628387451172,0.12383238971233368,0.5836609601974487
-0.13547590374946594,-0.07041442394256592,-0.6510810256004333
0.19554921984672546,-0.37220704555511475,-0.626748263835907
0.12678635120391846,0.12383238971233368,-0.1514705866575241
0.05911789834499359,0.11414261162281036,0.2451053112745285
0.26613911986351013,0.05703301727771759,-0.3294402062892914
-0.12077659368515015,0.12383238971233368,-0.6853794455528259
0.014606534503400326,0.12383238971233368,-0.5113130211830139
0.03395647183060646,0.12383238971233368,0.4095945954322815
0.11906299740076065,0.07641258835792542,0.2895917296409607
-0.2291528582572937,0.12383238971233368,0.3940648138523102
0.23776374757289886,-0.2000323086977005,-0.6568676233291626
0.26575347781181335,-0.3012600243091583,0.61546790599823
-0.26752057671546936,0.08779000490903854,0.6760922074317932
0.19244979321956635,-0.23485390841960907,-0.664009690284729
0.25728270411491394,-0.14778925478458405,-0.6957899332046509
0.21207554638385773,-0.4224504232406616,-0.6848810911178589
-0.09179972112178802,0.08610236644744873,-0.7066661715507507
-0.1436975598335266,-0.3080117404460907,-0.6347208023071289
0.20028288662433624,0.12383238971233368,0.2818683683872223
-0.19817635416984558,0.07641258835792542,0.2083718329668045
-0.2700119614601135,-0.07190927118062973,0.5683803558349609
0.06102147325873375,0.12383238971233368,-0.2636670172214508
0.2084214985370636,-0.6120465993881226,-0.6842167973518372
-0.2736097276210785,0.11472393572330475,0.22968818247318268
-0.267852783203125,0.07641258835792542,0.1851186901330948
-0.124679796397686,0.12383238971233368,0.0884520411491394
0.17711280286312103,0.12383238971233368,0.47918790578842163
-0.2291528582572937,0.12383238971233368,0.533334493637085
0.23792985081672668,-0.5134135484695435,-0.6569505929946899
0.1810160130262375,0.07641258835792542,-0.3448869287967682
-0.18696501851081848,-0.5034211874008179,-0.6313989758491516
-0.08598823100328445,0.12383238971233368,-0.054729197174310684
-0.2601294219493866,0.12383238971233368,0.5913843512535095
0.045558132231235504,0.12383238971233368,-0.10116074979305267
-0.17882642149925232,0.07641258835792542,0.6571575403213501
-0.22560855746269226,0.1143917441368103,0.032352037727832794
-0.03568669781088829,0.07641258835792542,-0.5074098110198975
0.22743922472000122,0.07641258835792542,0.4404880404472351
-0.20589973032474518,0.07641258835792542,0.3205682337284088
0.2032458782196045,-0.5997823476791382,0.5907763242721558
0.19745929539203644,-0.2790117561817169,-0.6250042915344238
0.05330640822649002,0.07641258835792542,-0.6079796552658081
-0.027946723625063896,0.07641258835792542,-0.1359408050775528
-0.10145987570285797,0.07641258835792542,-0.5383862853050232
0.24811792373657227,-0.5269234776496887,0.6034261584281921
0.2529642581939697,-0.33707818388938904,0.5587173104286194
0.032027989625930786,0.1143917441368103,-0.16888374090194702
0.01457690168172121,0.07641258835792542,-0.03537926450371742
-0.22535941004753113,0.11430870741605759,-0.47067633271217346
-0.008596782572567463,0.07641258835792542,-0.3604167103767395
-0.1401265412569046,0.12383238971233368,0.560407817363739
-0.23679319024085999,0.07923617959022522,-0.6018341779708862
0.11133962124586105,0.12408152222633362,-0.720176100730896
0.12678635120391846,0.07641258835792542,0.6648809313774109
0.16548623144626617,0.12383238971233368,0.3205682337284088
0.11906299740076065,0.12383238971233368,0.6378076076507568
-0.05503663420677185,0.12383238971233368,-0.16309715807437897
0.14613628387451172,0.07641258835792542,-0.08954247832298279
-0.2854587137699127,-0.37577804923057556,0.6277589201927185
0.2331961691379547,0.08676673471927643,-0.7168809771537781
0.30229413509368896,0.12358323484659195,0.5859328508377075
0.21993830800056458,-0.27322158217430115,0.6279516816139221
0.2544828951358795,0.09579215198755264,0.189051553606987
0.27131471037864685,0.08635150641202927,0.03231409937143326
-0.24053029716014862,0.09601165354251862,-0.7008261680603027
0.2806723117828369,0.12433064728975296,0.47113236784935
0.19737625122070312,-0.4686245322227478,0.6324095726013184
-0.23654405772686005,0.1225866749882698,-0.26748719811439514
-0.27167290449142456,0.07641258835792542,0.4250413179397583
0.18990202248096466,-0.46895676851272583,-0.6318972110748291
-0.1934426724910736,0.06760960817337036,-0.6773238778114319
0.23898276686668396,0.07641258835792542,-0.05085920915007591
-0.23579663038253784,-0.2677256762981415,0.6064158082008362
-0.08210993558168411,0.07641258835792542,-0.3448869287967682
-0.053108152002096176,0.08610236644744873,0.12128227949142456
-0.30264943838119507,0.124662846326828,0.45983797311782837
0.235162615776062,0.12383238971233368,0.6417107582092285
-0.043426673859357834,0.12383238971233368,0.06910209357738495
-0.10145987570285797,0.12383238971233368,-0.5925329327583313
0.2622359097003937,0.124662846326828,-0.47643330693244934
-0.004735100548714399,0.1432119756937027,0.4985378682613373
0.12296620011329651,0.07641258835792542,-0.6699326634407043
0.14231613278388977,0.07641258835792542,-0.20171397924423218
-0.18881875276565552,-0.6040177345275879,-0.6772140860557556
0.21827442944049835,-0.6078646779060364,0.6006321907043457
0.24255377054214478,0.04178200289607048,0.5873150825500488
-0.1092330664396286,0.12383238971233368,0.6339873671531677
-0.012474244460463524,0.12383238971233368,-0.24431708455085754
-0.04341837018728256,0.07641258835792542,-0.6118828654289246
0.25057968497276306,0.124662846326828,-0.20955003798007965
0.1887393742799759,0.12383238971233368,-0.6776560544967651
-0.22148291766643524,-0.6794273257255554,0.5681846141815186
0.07457653433084488,0.11414261162281036,-0.21137411892414093
-0.12849995493888855,0.1239984780550003,0.24707171320915222
-0.27167290449142456,0.12441371381282806,0.3708947002887726
-0.1401265412569046,0.12383238971233368,0.13487528264522552
0.23568758368492126,-0.354793906211853,-0.6555922627449036
0.27621451020240784,0.10758189857006073,-0.06569790840148926
0.23709939420223236,0.08610236644744873,0.21806161105632782
0.17517602443695068,0.11414261162281036,0.05168895423412323
-0.20589973032474518,0.07641258835792542,-0.30618706345558167
0.17711280286312103,0.07641258835792542,0.5372377634048462
0.003004874801263213,0.07641258835792542,-0.5461097359657288
-0.07823995500802994,0.07641258835792542,-0.4416366517543793
-0.10532985627651215,0.07641258835792542,-0.6312327980995178
-0.12077659368515015,0.07641258835792542,0.5913843512535095
0.2315915822982788,-0.5681977868080139,-0.6237585544586182
0.28100448846817017,0.07666172087192535,-0.5615564584732056
-0.33354294300079346,0.124662846326828,0.2818683683872223
-0.1922266185283661,-0.6785968542098999,-0.7089112997055054
-0.23679319024085999,0.07923617959022522,-0.20722472667694092
0.1866631954908371,0.06113193556666374,0.6212812662124634
-0.3336259424686432,0.07641258835792542,0.47918790578842163
0.2776826024055481,0.05703301727771759,0.6494637727737427
0.1838396042585373,-0.5569034218788147,-0.6610466241836548
-0.20393329858779907,0.08610236644744873,-0.11852765828371048
-0.12437724322080612,0.07422371953725815,0.696219265460968
-0.23770672082901,-0.47668009996414185,0.5870659351348877
-0.2607641816139221,0.12374932318925858,0.16081558167934418
-0.22535941004753113,0.11430870741605759,-0.08763061463832855
-0.23493944108486176,0.08610236644744873,-0.03342944756150246
0.2834128737449646,0.07807353138923645,0.4405176639556885
0.19737625122070312,-0.39894813299179077,0.6324095726013184
-0.2617340087890625,-0.18839271366596222,0.623134970664978
0.02622479945421219,0.07641258835792542,0.533334493637085
-0.16337968409061432,0.07524990290403366,-0.6225959062576294
-0.14450132846832275,0.04374843090772629,-0.648533284664154
-0.03181670978665352,0.05703301727771759,0.02265394851565361
0.0862327292561531,0.1335221827030182,0.43470147252082825
-0.08984991163015366,0.07641258835792542,0.28577157855033875
-0.12661659717559814,0.08610236644744873,-0.07985270023345947
0.0919896811246872,0.12383238971233368,-0.10886750370264053
0.10940282791852951,0.11414261162281036,0.16388536989688873
-0.15175311267375946,0.12383238971233368,-0.3255369961261749
0.2150948941707611,-0.6352701187133789,-0.6463769674301147
-0.2814991772174835,-0.04137469828128815,0.6129202246665955
-0.18079283833503723,0.13377131521701813,-0.052771084010601044
0.20028288662433624,0.12383238971233368,0.15032202005386353
0.1074364185333252,0.07641258835792542,0.5797577500343323
-0.2136230766773224,0.12383238971233368,0.0807286724448204
0.18367350101470947,-0.546273410320282,0.6138901114463806
-0.1758367270231247,-0.4585758447647095,-0.6891164779663086
-0.17306946218013763,0.1087445467710495,-0.7202028036117554
0.2834128737449646,0.058693960309028625,-0.2674575746059418
0.18849024176597595,-0.31191495060920715,0.5867337584495544
0.1703563630580902,-0.6575563549995422,0.645062267780304
-0.14552459120750427,-0.15101148188114166,-0.6328938007354736
0.18699538707733154,0.045685216784477234,-0.6686039566993713
0.14613628387451172,0.07641258835792542,0.4985378682613373
-0.05889831855893135,0.12383238971233368,0.5565876960754395
-0.16337968409061432,0.07641258835792542,0.11934550106525421
0.01851445809006691,0.10445283353328705,0.003341114381328225
-0.05889831855893135,0.12383238971233368,-0.565459668636322
0.014614838175475597,0.07641258835792542,0.3863414525985718
-0.11305322498083115,0.07641258835792542,0.15804538130760193
-0.1381601095199585,0.11414261162281036,0.04008370265364647
-0.02408088929951191,0.12383238971233368,-0.4145633280277252
-0.03568669781088829,0.07641258835792542,-0.18236404657363892
-0.30068305134773254,0.11497306823730469,0.6436476111412048
0.15003950893878937,0.07641258835792542,0.0884520411491394
0.17711280286312103,0.07641258835792542,0.44439125061035156
-0.2214295119047165,0.07641258835792542,0.6684519052505493
0.07263974100351334,0.07641258835792542,0.30894166231155396
-0.15175311267375946,-0.4482779800891876,-0.628575325012207
-0.3587357699871063,0.058693960309028625,0.3760732114315033
0.20244210958480835,0.016037434339523315,0.5753563046455383
-0.21749666333198547,0.07641258835792542,0.11934550106525421
0.191646009683609,-0.1361876130104065,-0.62990403175354
0.23685023188591003,-0.5923911929130554,0.625656008720398
0.05717639997601509,0.07641258835792542,-0.1282174289226532
-0.30264943838119507,0.07641258835792542,0.28577157855033875
0.26483994722366333,-0.03558812662959099,0.6371728181838989
0.24147416651248932,-0.488223671913147,-0.6725071668624878
-0.1744249314069748,-0.18260253965854645,-0.6255856156349182
-0.19884072244167328,-0.40310049057006836,-0.6485065817832947
-0.240364208817482,-0.5540798306465149,0.5824152231216431
-0.14120614528656006,-0.391556978225708,-0.6771577596664429
0.20808930695056915,0.12383238971233368,-0.2713904082775116
0.010736547410488129,0.12383238971233368,0.1851186901330948
0.18707844614982605,-0.4756835401058197,0.589059054851532
-0.19045299291610718,0.12408152222633362,0.36699149012565613
0.235162615776062,0.07641258835792542,0.13487528264522552
0.2776826024055481,0.07641258835792542,0.3051215410232544
-0.18654978275299072,0.12383238971233368,-0.402936726808548
-0.23297303915023804,0.12383238971233368,0.2895917296409607
-0.08984991163015366,0.07641258835792542,0.2083718329668045
0.06491637974977493,0.07641258835792542,-0.37968361377716064
-0.05889831855893135,0.07641258835792542,-0.03151010349392891
-0.07824825495481491,0.12383238971233368,-0.503506600856781
0.07263974100351334,0.07641258835792542,0.21999838948249817
-0.12077659368515015,0.05703301727771759,-0.23269051313400269
-0.15175311267375946,0.07641258835792542,-0.3758634328842163
0.1810160130262375,0.07641258835792542,-0.6041594743728638
0.0765429437160492,0.07641258835792542,-0.5151332020759583
-0.13029736280441284,-0.12492286413908005,-0.6107736825942993
0.25304728746414185,-0.2561536431312561,-0.699028730392456
0.2709825336933136,0.11464086920022964,0.0900566354393959
-0.3142760396003723,0.124662846326828,0.4173179566860199
-0.19045299291610718,0.12383238971233368,-0.2249671220779419
0.14428256452083588,0.08610236644744873,0.35348156094551086
-0.091808021068573,0.11414261162281036,0.1716383844614029
-0.008605088107287884,0.12383238971233368,0.3360149562358856
0.08036311715841293,0.12383238971233368,-0.6699326634407043
-0.124679796397686,0.07641258835792542,0.007182301487773657
0.0919896811246872,0.07641258835792542,0.4095945954322815
-0.11305322498083115,0.12383238971233368,0.5178878307342529
0.303207665681839,0.1410527378320694,-0.3645690381526947
0.05717639997601509,0.07641258835792542,0.4637411832809448
0.2737230956554413,0.08776330947875977,-0.029559461399912834
-0.17500625550746918,0.12383238971233368,-0.5074098110198975
0.02622479945421219,0.06533770263195038,-0.7305569648742676
-0.18389227986335754,-0.23931889235973358,-0.6857116222381592
-0.21173971891403198,0.11497306823730469,-0.6602429151535034
-0.008596782572567463,0.07641258835792542,0.239348366856575
-0.21752630174160004,0.07641258835792542,0.4830911159515381
-0.10532985627651215,0.12383238971233368,-0.3835868239402771
0.2441316545009613,-0.004641246050596237,-0.6679395437240601
-0.3339017927646637,0.10135336220264435,0.6126710772514343
0.024590566754341125,0.0806746780872345,0.6669837236404419
-0.13921302556991577,-0.005886958912014961,-0.6411154270172119
0.24352359771728516,-0.6217363476753235,-0.6154806613922119
0.18267694115638733,-0.27159565687179565,0.6068310141563416
0.2119094431400299,0.13432593643665314,0.6756770014762878
0.2196328341960907,-0.4457331895828247,-0.6002267003059387
-0.28628918528556824,-0.3222127854824066,0.5733631253242493
-0.24501484632492065,-0.3838336169719696,0.5764358639717102
0.2780415415763855,0.12073292583227158,0.39212802052497864
-0.16185814142227173,-0.62818443775177,-0.6386803388595581
-0.14402973651885986,0.07641258835792542,0.21227504312992096
-0.19942204654216766,0.034058645367622375,-0.6511640548706055
0.15200592577457428,0.11414261162281036,-0.017956141382455826
-0.043426673859357834,0.12383238971233368,0.4173179566860199
-0.027946723625063896,0.07641258835792542,-0.27529361844062805
-0.17882642149925232,0.07641258835792542,0.2664216160774231
-0.05116664990782738,0.12383238971233368,-0.4570833444595337
-0.05116664990782738,0.12383238971233368,-0.016038455069065094
-0.25622621178627014,0.12383238971233368,0.33219483494758606
-0.21752630174160004,0.07641258835792542,0.5759376287460327
-0.026043156161904335,0.11455783247947693,-0.31202709674835205
0.16938944160938263,0.07641258835792542,0.014922275207936764
0.12296620011329651,0.12383238971233368,-0.4880598783493042
0.1632973551750183,-0.07038479298353195,0.6262105703353882
0.20255185663700104,0.10218384116888046,-0.7220298051834106
0.0862327292561531,0.09116823226213455,-0.71978759765625
0.2196328341960907,0.07641258835792542,0.02265394851565361
0.11909261345863342,0.12383238971233368,0.34764155745506287
0.23898276686668396,0.12383238971233368,0.30121833086013794
-0.15565630793571472,0.12383238971233368,0.44439125061035156
-0.147849902510643,0.07641258835792542,-0.5538330674171448
0.05329810827970505,0.12383238971233368,-0.4803364872932434
0.13459277153015137,0.11494635790586472,0.6756770014762878
-0.18915092945098877,-0.5482398867607117,-0.6581963300704956
-0.2840469181537628,-0.15713204443454742,0.5720344185829163
-0.23529835045337677,-0.10911430418491364,0.5956197381019592
0.235162615776062,0.12383238971233368,0.10780197381973267
0.235162615776062,0.07641258835792542,-0.23269051313400269
-0.004735100548714399,0.12383238971233368,-0.5925329327583313
-0.06276830285787582,0.07641258835792542,-0.402936726808548
-0.05116664990782738,0.12383238971233368,0.36699149012565613
-0.3239361643791199,0.11497306823730469,0.558524489402771
-0.08985821902751923,0.12383238971233368,-0.26748719811439514
0.16548623144626617,0.07641258835792542,0.24316850304603577
-0.19427314400672913,0.07641258835792542,-0.37196025252342224
-0.20000338554382324,-0.0471612848341465,-0.6581400036811829
0.18538784980773926,-0.3295743465423584,0.6557753682136536
-0.25592362880706787,0.1225866749882698,-0.3487605154514313
-0.24916718900203705,-0.5150477886199951,0.5731139779090881
-0.222645565867424,0.12092573940753937,0.6731025576591492
0.15394270420074463,0.07707694917917252,-0.7459502816200256
-0.29492607712745667,0.07641258835792542,0.3360149562358856
-0.03181670978665352,0.07641258835792542,0.20446862280368805
-0.13630639016628265,0.12383238971233368,-0.42228665947914124
-0.147849902510643,0.07641258835792542,-0.04698922485113144
-0.17882642149925232,0.07641258835792542,0.02652393840253353
0.15776285529136658,0.07641258835792542,0.5720344185829163
-0.016338421031832695,0.07641258835792542,0.4482114017009735
0.23948106169700623,-0.43025684356689453,0.5830796957015991
0.28449249267578125,0.07990054041147232,-0.5151332020759583
-0.027976352721452713,0.06533770263195038,0.6946412920951843
-0.23001006245613098,0.09822721034288406,-0.48999667167663574
-0.23820500075817108,-0.3064338266849518,0.613973081111908
0.2602694630622864,0.11497306823730469,0.2605816423892975
-0.04341837018728256,0.07641258835792542,-0.46870994567871094
-0.2291528582572937,0.12383238971233368,0.6339873671531677
0.17514637112617493,0.08610236644744873,-0.1379072219133377
0.1344800591468811,0.07641258835792542,0.13097207248210907
-0.20980294048786163,0.12383238971233368,0.2006484717130661
-0.17882642149925232,0.12383238971233368,-0.5886297821998596
-0.19045299291610718,0.07641258835792542,-0.4493600130081177
0.003004874801263213,0.07641258835792542,0.595287561416626
0.24094919860363007,0.11414261162281036,-0.42807328701019287
0.27571624517440796,0.09274611622095108,-0.19986024498939514
-0.304586261510849,0.13377131521701813,0.25676149129867554
-0.16099803149700165,-0.12649782001972198,-0.6803402304649353
0.22630329430103302,-0.069776751101017,-0.617058515548706
-0.2898038625717163,-0.5781901478767395,0.6023197770118713
-0.3259025812149048,0.07641258835792542,0.6262640953063965
0.2647569179534912,-0.6507761478424072,-0.6846615672111511
-0.18654978275299072,0.07641258835792542,-0.5461097359657288
0.041696447879076004,0.07641258835792542,-0.6505827307701111
0.15776285529136658,0.12383238971233368,-0.5422064661979675
-0.18272961676120758,0.07641258835792542,0.544961154460907
-0.03181670978665352,0.12383238971233368,-0.08955079317092896
-0.08406805992126465,0.11414261162281036,0.2605520188808441
-0.14402973651885986,0.12383238971233368,-0.13984401524066925
0.15776285529136658,0.12383238971233368,-0.45326322317123413
-0.1169564425945282,0.12383238971233368,0.4327646791934967
-0.07050827890634537,0.07641258835792542,-0.29846370220184326
0.05330640822649002,0.12383238971233368,-0.19399061799049377
0.06493770331144333,0.12383238971233368,0.2160952091217041
0.08426631987094879,0.12383238971233368,0.2741450071334839
0.014614838175475597,0.07641258835792542,-0.19789382815361023
0.08426631987094879,0.07641258835792542,-0.6892826557159424
0.235162615776062,0.12383238971233368,0.603010892868042
-0.2291528582572937,0.12383238971233368,0.4327646791934967
0.04942811653017998,0.12383238971233368,-0.0005659792805090547
0.05717639997601509,0.07641258835792542,-0.06633086502552032
-0.124679796397686,0.12383238971233368,-0.054729197174310684
0.23898276686668396,0.12383238971233368,-0.012167638167738914
-0.08211824297904968,0.12383238971233368,0.007173994556069374
0.018476519733667374,0.12383238971233368,0.1503516584634781
0.24670611321926117,0.12383238971233368,-0.5151332020759583
0.10361625254154205,0.07641258835792542,-0.2249671220779419
0.09589289128780365,0.07641258835792542,-0.35651350021362305
0.13841292262077332,0.12383238971233368,0.1929250955581665
-0.05889831855893135,0.07641258835792542,0.30894166231155396
0.11524283140897751,0.07641258835792542,-0.49968644976615906
-0.3597323000431061,0.10270882397890091,0.3282916247844696
0.24288594722747803,0.12383238971233368,-0.3139934539794922
0.24670611321926117,0.12383238971233368,0.06519889086484909
-0.2622886002063751,-0.2345484048128128,0.568297266960144
-0.297832727432251,0.060799747705459595,0.5875641703605652
-0.15565630793571472,0.07641258835792542,-0.4726131558418274
0.23510919511318207,-0.023991180583834648,-0.7044267654418945
-0.2987462282180786,-0.5324045419692993,0.5899725556373596
-0.13605724275112152,-0.559228777885437,-0.6485065817832947
0.03395647183060646,0.07641258835792542,-0.2713904082775116
0.18483616411685944,0.1432119756937027,0.37864771485328674
0.026199888437986374,0.12408152222633362,-0.38749003410339355
-0.24548642337322235,-0.23872387409210205,0.6161056160926819
0.030086485669016838,0.12383238971233368,-0.6157030463218689
0.16548623144626617,0.12383238971233368,0.11934550106525421
0.278872013092041,0.08640492707490921,-0.4473935663700104
0.2622359097003937,0.124662846326828,-0.13984401524066925
-0.13630639016628265,0.12383238971233368,-0.5770862102508545
0.0029752440750598907,0.05703301727771759,0.022691886872053146
-0.02408088929951191,0.12383238971233368,0.5720344185829163
-0.2136230766773224,0.07641258835792542,0.04200388491153717
-0.24850283563137054,0.12383238971233368,0.23544515669345856
0.2076740711927414,-0.10105875134468079,0.6373093128204346
0.11906299740076065,0.12383238971233368,0.2315419465303421
0.06881958246231079,0.07641258835792542,-0.42228665947914124
-0.18654978275299072,0.12383238971233368,0.6223608255386353
-0.3010181486606598,-0.2164987325668335,0.5513260960578918
0.2967299818992615,0.1439593881368637,0.6725507974624634
-0.23945067822933197,0.01346299797296524,0.6165475249290466
0.1839226484298706,-0.015271250158548355,0.5965332388877869
0.2622359097003937,0.124662846326828,0.02652393840253353
0.19770845770835876,-0.40318354964256287,0.5780138373374939
-0.2931820750236511,-0.0007380351889878511,0.6207830309867859
-0.298775851726532,-0.6795103549957275,0.5681846141815186
0.23607611656188965,-0.38125914335250854,-0.626748263835907
-0.23001006245613098,0.09822721034288406,-0.284953773021698
-0.3087414801120758,-0.14358708262443542,0.6437335014343262
-0.02407258190214634,0.13781391084194183,-0.7298925518989563
-0.25680750608444214,-0.5888765454292297,0.5693769454956055
-0.23637795448303223,-0.44312915205955505,0.6089903116226196
-0.3000749945640564,-0.34895390272140503,0.5957027673721313
-0.24758930504322052,-0.48955237865448,0.6260148882865906
-0.24617749452590942,-0.3670580983161926,0.6248522996902466
0.25886061787605286,-0.13228440284729004,0.5637001395225525
0.23765401542186737,-0.2054985910654068,0.5812526345252991
0.1853344589471817,-0.17099258303642273,0.6187068223953247
-0.20875002443790436,0.0929122120141983,-0.7178775072097778
-0.15042436122894287,-0.31806039810180664,-0.6857116222381592
0.18998506665229797,-0.5049991011619568,-0.6730884313583374
-0.1926952600479126,-0.2519218623638153,-0.6366308331489563
-0.30655261874198914,0.07641258835792542,0.43666788935661316
-0.03954838216304779,0.07641258835792542,-0.2249671220779419
0.0919896811246872,0.07641258835792542,-0.13984401524066925
-0.0975898876786232,0.07641258835792542,0.630084216594696
0.1055530458688736,0.08610236644744873,0.08651524782180786
-0.20980294048786163,0.12383238971233368,-0.17854389548301697
-0.13630639016628265,0.12383238971233368,0.3940648138523102
-0.020211732015013695,0.12383238971233368,0.30121833086013794
0.29742109775543213,0.12073292583227158,-0.602222740650177
-0.08597992360591888,0.07641258835792542,-0.5963530540466309
0.23399995267391205,-0.279335618019104,-0.6249212622642517
-0.1092330664396286,0.07641258835792542,-0.1514705866575241
-0.1436975598335266,-0.3544349670410156,-0.6347208023071289
-0.27167290449142456,0.07641258835792542,0.2664216160774231
-0.19817635416984558,0.07641258835792542,0.13097207248210907
0.1964627355337143,0.12383238971233368,0.5101644396781921
0.10361625254154205,0.07641258835792542,0.5062612295150757
-0.04341837018728256,0.07641258835792542,-0.37196025252342224
0.13841292262077332,0.07641258835792542,0.3205682337284088
0.1074364185333252,0.07641258835792542,-0.5499298572540283
0.1364465057849884,0.11414261162281036,0.48884809017181396
0.0939560979604721,0.11414261162281036,0.074888676404953
-0.23770672082901,-0.623673141002655,0.5870659351348877
0.21470637619495392,-0.15357112884521484,-0.6736965179443359
0.07067333161830902,0.08610236644744873,0.043915752321481705
0.0784263163805008,0.11414261162281036,-0.07215895503759384
0.27131471037864685,0.08635150641202927,-0.11470749974250793
0.12296620011329651,0.12383238971233368,0.5526844263076782
0.10361625254154205,0.1432119756937027,0.4520849883556366
-0.21855250000953674,-0.11202094703912735,-0.6648668050765991
0.25442948937416077,0.12441371381282806,0.21227504312992096
-0.2524060010910034,-0.5604743957519531,0.6288385391235352
-0.2993275821208954,-0.25612398982048035,0.6089072227478027
0.24670611321926117,0.12383238971233368,0.42113810777664185
0.27613145112991333,0.09523751586675644,0.06713568419218063
0.30769217014312744,0.12676866352558136,0.5256407856941223
0.2413080632686615,-0.45990464091300964,0.6253505349159241
-0.34118321537971497,0.11992917954921722,0.533334493637085
-0.1463550478219986,-0.49985021352767944,-0.6828880310058594
0.19380523264408112,0.05340857431292534,-0.6286584138870239
0.24745352566242218,0.06885530054569244,-0.6471778154373169
-0.22156596183776855,0.1036519780755043,-0.00438723573461175
-0.2600463628768921,0.07641258835792542,0.5024410486221313
0.23125940561294556,0.12383238971233368,-0.09342078119516373
0.17320959270000458,0.07641258835792542,-0.4416366517543793
0.1074364185333252,0.07641258835792542,-0.4454568028450012
-0.13497762382030487,-0.2483840137720108,-0.6545690298080444
-0.20207954943180084,0.12383238971233368,-0.4803364872932434
0.1964627355337143,0.12383238971233368,-0.5228565335273743
0.2041861116886139,0.07641258835792542,0.3128448724746704
0.15776285529136658,0.12383238971233368,-0.6466795206069946
-0.08598823100328445,0.12383238971233368,0.31666502356529236
-0.1897619068622589,-0.31222042441368103,-0.6376837491989136
0.026216495782136917,0.12383238971233368,0.47918790578842163
-0.07050827890634537,0.05703301727771759,0.378618061542511
0.03782646358013153,0.07641258835792542,0.29349493980407715
-0.008596782572567463,0.07641258835792542,0.5565876960754395
-0.026028206571936607,0.08610236644744873,-0.11084222793579102
-0.13630639016628265,0.07641258835792542,-0.41066011786460876
0.014614838175475597,0.07641258835792542,-0.6273295879364014
0.026216495782136917,0.12383238971233368,0.5178878307342529
0.05716809257864952,0.12383238971233368,-0.5422064661979675
-0.1169564425945282,0.12383238971233368,-0.24431708455085754
-0.17110304534435272,0.12383238971233368,-0.019907614216208458
-0.05116664990782738,0.12383238971233368,-0.5306628942489624
-0.3116452395915985,0.11173424869775772,0.2187260091304779
-0.2368762493133545,0.07641258835792542,0.21227504312992096
0.11906299740076065,0.12383238971233368,0.4017881751060486
0.1306895613670349,0.07641258835792542,-0.36423689126968384
0.1964627355337143,0.12383238971233368,0.2160952091217041
0.13841292262077332,0.07641258835792542,0.4637411832809448
0.1887393742799759,0.12383238971233368,0.5643110871315002
-0.03181670978665352,0.12383238971233368,0.4753677546977997
-0.07050827890634537,0.07641258835792542,0.6069141626358032
0.18286973237991333,0.1335221827030182,-0.09917771816253662
0.05329810827970505,0.12383238971233368,0.11934550106525421
0.11133962124586105,0.12383238971233368,-0.3913101851940155
0.06491637974977493,0.12383238971233368,0.6223608255386353
0.24811792373657227,-0.4457036256790161,-0.6540707349777222
-0.14801600575447083,-0.06269105523824692,-0.6842167973518372
0.2545125186443329,0.07641258835792542,-0.6931027770042419
0.26613911986351013,0.07641258835792542,-0.2559436559677124
-0.20589973032474518,0.12408152222633362,-0.5422064661979675
-0.256172776222229,0.07923617959022522,-0.3697475790977478
0.26508912444114685,-0.4147566854953766,0.5985798239707947
0.24537736177444458,-0.49503350257873535,0.6182915568351746
0.24280290305614471,0.02376081980764866,-0.6347208023071289
-0.18679891526699066,-0.3718748390674591,-0.6315649747848511
0.2469552457332611,-0.11426321417093277,-0.6446033120155334
-0.19817635416984558,0.07641258835792542,-0.6273295879364014
-0.09758158773183823,0.11843433231115341,-0.7298925518989563
0.20808930695056915,0.12383238971233368,0.4095945954322815
0.13450972735881805,0.12383238971233368,-0.2404138594865799
0.05330640822649002,0.07641258835792542,0.17357516288757324
0.2196328341960907,0.07641258835792542,-0.4145633280277252
-0.2987462282180786,0.07641258835792542,0.6494342088699341
-0.09371989965438843,0.12383238971233368,0.47918790578842163
0.041696447879076004,0.12383238971233368,-0.3100902736186981
-0.0047267950139939785,0.07641258835792542,-0.6970059871673584
-0.34259501099586487,0.0853816568851471,0.3940648138523102
0.21207554638385773,0.026335256174206734,-0.6848810911178589
-0.045376479625701904,0.08610236644744873,0.17554159462451935
-0.07823995500802994,0.07641258835792542,0.12715193629264832
-0.012474244460463524,0.12383238971233368,0.6107342839241028
-0.19045299291610718,0.12383238971233368,0.4404880404472351
-0.29492607712745667,0.07641258835792542,0.525611162185669
0.2061525285243988,0.08610236644744873,0.09814182668924332
-0.16337968409061432,0.12383238971233368,0.16194859147071838
0.03782646358013153,0.12383238971233368,0.44439125061035156
0.05716809257864952,0.12383238971233368,0.5759376287460327
-0.008605088107287884,0.12383238971233368,0.41341474652290344
0.1055530458688736,0.11414261162281036,-0.3236832320690155
-0.16337968409061432,0.12383238971233368,0.47918790578842163
-0.18851621448993683,0.08610236644744873,-0.11470749974250793
-0.11692680418491364,0.07641258835792542,0.5062907934188843
-0.19759501516819,-0.4576919674873352,-0.6700157523155212
-0.23133881390094757,0.09014204144477844,-0.4436030089855194
0.22743922472000122,0.12383238971233368,-0.1746406853199005
-0.23086722195148468,0.12383238971233368,0.08870117366313934
-0.2573888599872589,-0.279335618019104,0.6311638355255127
-0.16357247531414032,-0.012972645461559296,-0.680091142654419
0.2232038527727127,-0.02008798159658909,-0.620519757270813
0.018484823405742645,0.07641258835792542,0.4482114017009735
-0.05889831855893135,0.07641258835792542,-0.11277071386575699
0.0919896811246872,0.07641258835792542,0.01878396049141884
0.23125940561294556,0.12408152222633362,-0.6622093319892883
-0.053116463124752045,0.11414261162281036,0.11358855664730072
-0.07823995500802994,0.07641258835792542,-0.20561718940734863
-0.19817635416984558,0.07641258835792542,-0.26748719811439514
0.07261011749505997,0.05703301727771759,0.6842604875564575
0.20518267154693604,-0.4496067762374878,0.5744428038597107
0.2196328341960907,0.02666744962334633,0.6373923420906067
-0.16307714581489563,0.07140012830495834,0.6958039999008179
-0.14402973651885986,0.12383238971233368,-0.18244710564613342
-0.16337968409061432,0.12383238971233368,-0.25204044580459595
0.11906299740076065,0.12383238971233368,0.13869544863700867
0.11330603808164597,0.0667228028178215,0.3341612219810486
0.16166606545448303,0.12383238971233368,0.6146374344825745
0.18483616411685944,0.07641258835792542,0.15804538130760193
-0.2903852164745331,-0.4901899993419647,0.605392575263977
-0.02408088929951191,0.12383238971233368,-0.14756739139556885
-0.01829487457871437,0.11414261162281036,0.082612045109272
0.2789550721645355,0.11334176361560822,0.009102481417357922
0.05717639997601509,0.07641258835792542,0.3399181663990021
0.08426631987094879,0.12383238971233368,-0.4339132606983185
0.08036311715841293,0.12383238971233368,-0.7047293782234192
0.1964627355337143,0.12383238971233368,0.6339873671531677
0.23898276686668396,0.07641258835792542,-0.5809063911437988
-0.26394957304000854,0.07641258835792542,0.3631713390350342
0.26799285411834717,0.11497306823730469,-0.2501036822795868
0.1887393742799759,0.07641258835792542,0.2006484717130661
