0.03690061345696449,-0.6513820886611938,0.42537206411361694 
-0.3891962170600891,0.23934927582740784,-0.8219655156135559 
-0.6022511720657349,0.43576374650001526,0.6198171377182007 
0.18929314613342285,-0.43741992115974426,-0.4224904477596283 
0.5907907485961914,0.642107367515564,0.06276637315750122 
-0.2925712466239929,-0.8000429272651672,-0.5028161406517029 
0.1035432443022728,0.6405444741249084,-0.822149395942688 
0.2695268392562866,-0.029525475576519966,0.5236518383026123 
-0.06416293233633041,0.07836895436048508,-0.19880148768424988 
-0.18466472625732422,-0.045833997428417206,-0.545815646648407 
-0.5016729235649109,0.03365503251552582,0.45957234501838684 
0.19306254386901855,-0.5492675304412842,-0.16039139032363892 
-0.28466472029685974,-0.6126769781112671,-0.005646131932735443 
0.09843353182077408,0.4424751102924347,0.48007407784461975 
0.1421298384666443,-0.7026171684265137,-0.6119178533554077 
0.0642700344324112,0.4424751102924347,-0.2519221305847168 
0.4174909293651581,-0.13372792303562164,-0.451883465051651 
-0.11099540442228317,-0.712677001953125,-0.39982089400291443 
-0.4992825984954834,-0.7982962131500244,0.522640585899353 
0.2933383285999298,-0.39212194085121155,0.4530448615550995 
0.023220501840114594,0.4424751102924347,0.12437283247709274 
-0.3265610337257385,0.282571405172348,0.5501948595046997 
-0.03836757317185402,0.4025748074054718,-0.5803183317184448 
-0.40280279517173767,0.4353959858417511,-0.07931914180517197 
-0.3940688371658325,0.4419235289096832,0.2816757261753082 
0.3941923677921295,0.21517008543014526,-0.09982090443372726 
-0.41975775361061096,-0.6742210388183594,-0.32138729095458984 
-0.25046443939208984,0.1825713962316513,-0.4460914433002472 
0.19327303767204285,0.2386138141155243,0.8189897537231445 
-0.227020725607872,-0.47026771306991577,0.5221808552742004 
-0.09046880155801773,-0.5126769542694092,0.21747761964797974 
0.4940738081932068,-0.6316158175468445,0.4543706774711609 
0.08892541378736496,-0.801881730556488,0.7142744064331055 
0.18791410326957703,0.38526415824890137,0.40907272696495056 
-0.22996269166469574,-0.6513820886611938,0.27487245202064514 
-0.2982712984085083,-0.6210431456565857,-0.29025954008102417 
-0.13021185994148254,0.40818291902542114,0.6203687787055969 
0.25610417127609253,0.27846086025238037,-0.10142253339290619 
0.19462543725967407,-0.7184689044952393,-0.42041459679603577 
-0.12726990878582,0.4025748074054718,0.35697150230407715 
-0.15466690063476562,0.4025748074054718,-0.3614181876182556 
0.1779409497976303,-0.7183770537376404,-0.42267438769340515 
-0.23416513204574585,0.34155577421188354,-0.015121035277843475 
0.2233748733997345,0.20362478494644165,0.5231002569198608 
0.21749094128608704,0.2988707423210144,-0.4518834352493286 
-0.21626417338848114,0.4424751102924347,0.14487460255622864 
0.041121453046798706,-0.5513820648193359,-0.1877424269914627 
-0.6021592617034912,0.6399928331375122,-0.053542159497737885 
0.4943496286869049,-0.13214468955993652,-0.6640190482139587 
0.2763301134109497,-0.5905203223228455,0.5232841372489929 
0.2892931401729584,-0.563123345375061,-0.5224904417991638 
-0.25533708930015564,0.08075927942991257,-0.2246170938014984 
0.39364075660705566,0.4400847852230072,0.1957685947418213 
-0.12726990878582,-0.6513820886611938,-0.47091424465179443 
0.25610417127609253,0.27846086025238037,0.10377912223339081 
0.16012273728847504,0.4420154094696045,0.2816757261753082 
0.13272574543952942,0.4424751102924347,-0.060373011976480484 
-0.2777695059776306,0.2783689498901367,0.24747544527053833 
-0.03152751922607422,0.2782770097255707,0.5006677508354187 
-0.1409684121608734,-0.6511062383651733,0.5200663805007935 
-0.3015809953212738,0.3672713041305542,0.4539642333984375 
0.1258305162191391,-0.6513820886611938,-0.1630198210477829 
0.21868611872196198,-0.21422535181045532,0.48007407784461975 
-0.26416292786598206,0.011478078551590443,0.5232841372489929 
-0.25046443939208984,0.36046797037124634,-0.5226743817329407 
0.0847993940114975,0.4424751102924347,-0.43671396374702454 
0.35162588953971863,0.44155576825141907,-0.12192432582378387 
0.20958444476127625,0.206160306930542,0.8204607367515564 
-0.28953737020492554,0.01837330311536789,-0.5226743817329407 
0.2079295814037323,-0.6126769781112671,0.09697584062814713 
-0.2929389774799347,-0.31002289056777954,-0.5177097916603088 
0.11213202774524689,-0.6122172474861145,0.26806917786598206 
-0.2991906404495239,-0.6163544058799744,0.4481722414493561 
0.1284966766834259,0.44164764881134033,-0.6195751428604126 
0.29428431391716003,0.508826494216919,-0.3777175545692444 
-0.060773398727178574,0.3828738331794739,-0.5812110900878906 
-0.3873574733734131,0.4419235289096832,-0.4503205120563507 
0.35610416531562805,0.3784608542919159,-0.3861224055290222 
-0.06572779268026352,-0.6126769781112671,0.28857094049453735 
-0.2931228578090668,-0.624720573425293,-0.4982193410396576 
0.390882670879364,0.4029425382614136,0.22697366774082184 
-0.594160795211792,0.20275866985321045,0.31747761368751526 
0.21482479572296143,0.4424751102924347,-0.3272179067134857 
0.2284313440322876,0.44155576825141907,0.12437283247709274 
-0.075168676674366,-0.5513820648193359,0.21747761964797974 
-0.3249981105327606,-0.21691814064979553,0.3595723509788513 
0.2353265881538391,0.36046797037124634,0.4467012584209442 
0.1395290195941925,-0.6513820886611938,-0.35461488366127014 
-0.20936895906925201,-0.6513820886611938,-0.1425180286169052 
-0.35046443343162537,0.34155577421188354,-0.1314203441143036 
0.13063056766986847,0.3288685381412506,0.5236784219741821 
-0.10676812380552292,0.4025748074054718,0.03539695590734482 
-0.19730426371097565,0.4424751102924347,0.2816757261753082 
-0.22046661376953125,0.3782770037651062,-0.4051145613193512 
0.21482479572296143,-0.6126769781112671,0.3843684792518616 
-0.001566469669342041,-0.7513821125030518,-0.1124834343791008 
-0.2931228578090668,0.3330709934234619,-0.3614181876182556 
0.28322532773017883,0.1825713962316513,-0.5226743817329407 
-0.18206389248371124,0.30576595664024353,0.517308235168457 
0.33532658219337463,0.34247511625289917,-0.3777175545692444 
-0.2755364179611206,0.3376944065093994,-0.5221493244171143 
0.2216280698776245,0.4025748074054718,-0.1767183095216751 
-0.24356922507286072,0.4419235289096832,0.0011497902451083064 
-0.06571860611438751,0.4424751102924347,0.49377256631851196 
0.29251089692115784,0.09366907179355621,0.44881579279899597 
0.2284313440322876,-0.45371922850608826,-0.44756242632865906 
-0.14786361157894135,-0.6513820886611938,-0.2724239230155945 
0.14633230865001678,-0.6511062383651733,0.5200663805007935 
-0.25046443939208984,0.4424751102924347,0.29537421464920044 
-0.0923728495836258,0.08085121959447861,0.4790627956390381 
-0.07940790802240372,0.4424751102924347,-0.2519221305847168 
0.29407382011413574,-0.6863178610801697,-0.45721572637557983 
0.10954039543867111,0.34247511625289917,-0.021924324333667755 
-0.26416292786598206,0.4025748074054718,0.5895701050758362 
0.24920892715454102,0.38786497712135315,0.0011930002365261316 
-0.25450965762138367,0.36046797037124634,-0.1151210367679596 
0.32254743576049805,-0.1484256088733673,-0.5477463006973267 
0.0069027915596961975,0.3025748133659363,0.27907487750053406 
0.24902509152889252,-0.6126769781112671,-0.19041681289672852 
0.2892931401729584,-0.015826977789402008,-0.5224904417991638 
-0.07940790802240372,0.4424751102924347,-0.4640190303325653 
-0.6021592617034912,0.23999282717704773,0.41856876015663147 
-0.15466690063476562,-0.6124011278152466,0.39797505736351013 
0.2763301134109497,0.4419235289096832,0.34327298402786255 
0.21886998414993286,-0.49472275376319885,0.4530448615550995 
-0.19643256068229675,-0.7128608226776123,0.07429420202970505 
-0.01098896749317646,-0.6513820886611938,-0.42301544547080994 
-0.25441768765449524,0.28526416420936584,0.37066999077796936 
0.1874278038740158,-0.6124011278152466,-0.4640190303325653 
0.1492089331150055,0.2535727620124817,0.11327516287565231 
-0.2931228578090668,0.3330709934234619,0.13117609918117523 
-0.06836540251970291,-0.5513820648193359,0.08067651093006134 
0.00952200498431921,0.4025748074054718,0.39797505736351013 
-0.024687467142939568,0.4025748074054718,-0.35461488366127014 
0.13263380527496338,0.4025748074054718,0.25591713190078735 
0.29214316606521606,-0.6863178610801697,0.4489077031612396 
-0.4709662199020386,0.44219931960105896,-0.4161202609539032 
0.017936110496520996,0.4424751102924347,0.6595723628997803 
0.13272574543952942,0.3672713041305542,-0.5165145993232727 
-0.2305142879486084,-0.7342166304588318,0.44881579279899597 
-0.22306746244430542,-0.6126769781112671,-0.3819199800491333 
-0.35306528210639954,0.4027586579322815,-0.1767183095216751 
-0.3185625672340393,0.05680360645055771,-0.5509640574455261 
-0.09731529653072357,0.34247511625289917,-0.09197062253952026 
0.009540393017232418,-0.6513820886611938,-0.19032487273216248 
0.2763301134109497,0.4419235289096832,0.5211695432662964 
0.19352221488952637,-0.025304637849330902,0.5595723390579224 
-0.22380295395851135,-0.7137148380279541,-0.44553983211517334 
0.21978934109210968,-0.32372137904167175,0.522640585899353 
-0.3015809953212738,-0.40582048892974854,0.4539642333984375 
0.2878221571445465,0.3741665184497833,-0.38881516456604004 
-0.22380295395851135,-0.04842560738325119,-0.44553983211517334 
0.29097461700439453,0.5030344724655151,0.6074711084365845 
-0.18953737616539001,-0.5195189714431763,-0.5455398559570312 
-0.22472229599952698,-0.09794257581233978,0.5142743587493896 
-0.30167293548583984,0.24416866898536682,0.5142743587493896 
-0.21856257319450378,0.07307535409927368,-0.4509640634059906 
-0.3015809953212738,0.09366907179355621,0.4539642333984375 
-0.05887854844331741,-0.6513820886611938,0.035406146198511124 
-0.024669073522090912,-0.6511062383651733,0.5200663805007935 
0.1874278038740158,-0.6126769781112671,-0.07406231760978699 
-0.5015810132026672,-0.2621241509914398,0.5196986198425293 
0.1395290195941925,0.4025748074054718,0.3842765688896179 
-0.07940790802240372,-0.6513820886611938,0.17227160930633545 
0.29361414909362793,0.2509719431400299,0.4530448615550995 
0.3121320307254791,-0.6513820886611938,-0.03462362289428711 
-0.28466472029685974,-0.5289230942726135,-0.44581565260887146 
0.29453352093696594,0.3467695116996765,-0.5119178295135498 
-0.18206389248371124,0.44238317012786865,-0.49831122159957886 
-0.09996484220027924,-0.6126769781112671,-0.3614181876182556 
0.2878221571445465,0.380969762802124,-0.27251583337783813 
-0.38466471433639526,0.35786715149879456,-0.42267438769340515 
0.09843353182077408,-0.6126769781112671,-0.2588173449039459 
-0.3818146884441376,0.3414638042449951,-0.5195751190185547 
0.04374067112803459,-0.6126769781112671,-0.0946192517876625 
-0.10676812380552292,-0.6126769781112671,-0.1835215985774994 
-0.29707610607147217,-0.6931211352348328,0.5237438082695007 
0.016362057998776436,0.380969762802124,0.5171244144439697 
-0.38726556301116943,0.4027586579322815,0.5211695432662964 
0.2763301134109497,0.07836895436048508,0.0011985152959823608 
0.21978934109210968,0.0799705758690834,0.5225486159324646 
-0.15466690063476562,0.4424751102924347,0.25437068939208984 
0.13272574543952942,0.44155576825141907,0.16537638008594513 
0.0026939010713249445,0.380969762802124,-0.47780948877334595 
-0.10156647115945816,0.4025748074054718,-0.34091639518737793 
0.1947173774242401,-0.5248125195503235,0.14223700761795044 
-0.4970760941505432,-0.06372574716806412,0.248999685049057 
0.2926947772502899,-0.476519376039505,0.522640585899353 
0.01637125387787819,-0.6126769781112671,0.22017037868499756 
-0.29505351185798645,0.3950360417366028,0.21327516436576843 
0.023220501840114594,-0.6513820886611938,0.32277122139930725 
0.20112629234790802,-0.6126769781112671,0.19957666099071503 
0.21988128125667572,-0.7593152523040771,0.44881579279899597 
-0.13151833415031433,-0.5384190678596497,-0.42267438769340515 
0.19434964656829834,-0.5384190678596497,0.04487460106611252 
-0.3269287943840027,0.011320821940898895,0.4228244125843048 
-0.20167294144630432,-0.41531649231910706,0.3595723509788513 
-0.05887854844331741,-0.6513820886611938,0.39117178320884705 
0.2935222089290619,-0.2826259136199951,0.4664675295352936 
0.2946254312992096,-0.23472711443901062,-0.3175259232521057 
0.29692384600639343,0.44155576825141907,0.22697366774082184 
0.11213202774524689,0.4424751102924347,-0.1630198210477829 
0.5789309740066528,0.6027587056159973,0.16696882247924805 
-0.22996269166469574,0.2988707423210144,-0.44581565260887146 
0.32254743576049805,0.0089048370718956,-0.4224904477596283 
-0.22536586225032806,-0.5705701112747192,0.5191469788551331 
-0.22996270656585693,-0.18003427982330322,-0.5226743817329407 
0.2079295814037323,0.4025748074054718,-0.5735151171684265 
-0.29900676012039185,-0.6131365895271301,0.3359180986881256 
-0.29900676012039185,-0.4131365716457367,-0.19087649881839752 
0.21886998414993286,-0.6977179646492004,-0.521203339099884 
-0.3051665127277374,0.44155576825141907,-0.10302416235208511 
0.27110087871551514,0.6415557861328125,-0.3393148183822632 
0.2881898880004883,0.32626771926879883,-0.19041681289672852 
-0.29238736629486084,0.11646926403045654,-0.5212953090667725 
0.11902724951505661,0.4419235289096832,0.5758716464042664 
-0.3393667936325073,0.4027586579322815,-0.5461180806159973 
0.2284313440322876,0.4424751102924347,-0.08774242550134659 
-0.24347731471061707,0.40266668796539307,0.3842765688896179 
0.2946254312992096,-0.44002074003219604,-0.5175259113311768 
0.3653244078159332,0.44155576825141907,-0.38881516456604004 
0.1874278038740158,-0.6513820886611938,-0.2588173449039459 
0.5942842960357666,0.6075394153594971,-0.6156218647956848 
0.11902724951505661,-0.6126769781112671,0.37066999077796936 
0.1532275229692459,0.4025748074054718,-0.24511884152889252 
0.1737293004989624,0.3877730667591095,0.5174002051353455 
0.22254744172096252,-0.024231895804405212,-0.2477463185787201 
0.05741158500313759,0.4025748074054718,0.21327516436576843 
0.21978935599327087,-0.31163281202316284,0.522640585899353 
0.2353265881538391,0.2988707423210144,0.5232841372489929 
-0.2931228578090668,0.3672713041305542,0.03539695590734482 
-0.17526061832904816,-0.6124011278152466,0.20647187530994415 
0.3941923677921295,0.4151701033115387,-0.2040233612060547 
-0.11366334557533264,0.36046797037124634,0.47851118445396423 
-0.27096623182296753,0.10890483856201172,-0.32267439365386963 
0.16692602634429932,0.4025748074054718,-0.4093169569969177 
0.5046464800834656,0.20349416136741638,0.8157719969749451 
-0.21865451335906982,-0.3647249639034271,-0.4777175486087799 
-0.22472229599952698,-0.20742207765579224,0.5074710845947266 
0.1942310780286789,-0.6513820886611938,0.29537421464920044 
0.5447306632995605,0.6419235467910767,0.3448745906352997 
0.0916302502155304,-0.6126769781112671,-0.4298187494277954 
-0.27096623182296753,0.44219931960105896,0.5006677508354187 
-0.36676377058029175,0.4027586579322815,-0.36831340193748474 
-0.19937452673912048,-0.7202157378196716,-0.19802090525627136 
0.1874278038740158,-0.6513820886611938,0.014885982498526573 
-0.27786144614219666,0.44219931960105896,-0.3203226923942566 
0.2626316249370575,-0.6126769781112671,-0.4093169569969177 
-0.11366334557533264,0.3741665184497833,-0.5165145993232727 
0.41988128423690796,-0.006725288927555084,0.44881579279899597 
0.46532440185546875,0.30275866389274597,0.2158760130405426 
-0.29836320877075195,0.44155576825141907,0.09168224781751633 
-0.16156212985515594,0.4025748074054718,-0.265620619058609 
-0.2931228578090668,0.3535727560520172,0.32277122139930725 
-0.1572677493095398,-0.5513820648193359,0.17645567655563354 
0.1984335333108902,-0.712677001953125,-0.016704276204109192 
-0.4931228458881378,0.3535727560520172,-0.265620619058609 
-0.05889694020152092,0.4025748074054718,-0.04670209810137749 
-0.3896292746067047,0.3784608542919159,-0.2356228232383728 
0.28920120000839233,-0.6512901782989502,0.34327298402786255 
0.1395290195941925,0.2782770097255707,-0.4982193410396576 
-0.035739168524742126,-0.5126769542694092,0.4142743647098541 
0.31749093532562256,-0.08688352257013321,-0.41761788725852966 
-0.2872655689716339,0.34155577421188354,-0.0646030455827713 
-0.21865451335906982,-0.5700185298919678,-0.49141600728034973 
0.2926947772502899,0.14607271552085876,0.522640585899353 
0.31749093532562256,0.0773145854473114,-0.5640190243721008 
-0.23676595091819763,-0.37842345237731934,0.5236518383026123 
-0.10415902733802795,0.3025748133659363,-0.3109185993671417 
0.2284313440322876,-0.33741992712020874,-0.44756242632865906 
0.1695268452167511,0.34219932556152344,0.33226728439331055 
0.2882818579673767,0.36046797037124634,0.09012658894062042 
-0.31886500120162964,0.44155576825141907,0.35697150230407715 
-0.2265610247850418,0.04577029496431351,0.4501948356628418 
0.29324641823768616,-0.12692464888095856,-0.521203339099884 
0.032689936459064484,0.4416476786136627,-0.6195751428604126 
-0.1409684121608734,-0.6513820886611938,0.3158760070800781 
0.25610417127609253,0.27846086025238037,-0.3751166760921478 
0.2878221571445465,0.36046797037124634,-0.10822582244873047 
-0.19576239585876465,0.4025748074054718,0.06960642337799072 
0.21914580464363098,-0.699464738368988,0.5191469788551331 
0.2968319058418274,0.4419235289096832,-0.1972201019525528 
-0.15466690063476562,0.44155576825141907,-0.026172736659646034 
0.2944415807723999,0.25786715745925903,-0.45169955492019653 
0.21886998414993286,-0.49931958317756653,-0.521203339099884 
0.1847994029521942,0.34247511625289917,0.22957450151443481 
0.2878221571445465,0.36046797037124634,0.37747326493263245 
-0.19576239585876465,0.4025748074054718,-0.1767183095216751 
-0.2931228578090668,-0.9137148857116699,-0.5051145553588867 
0.22254744172096252,-0.39212194085121155,-0.5224904417991638 
0.027441345155239105,0.34247511625289917,0.20377913117408752 
-0.22996269166469574,-0.6513820886611938,0.37066999077796936 
0.2558283507823944,-0.5358182787895203,-0.44820597767829895 
-0.09309720993041992,-0.6126769781112671,0.45957234501838684 
0.21868611872196198,-0.41951897740364075,0.49377256631851196 
0.03428139537572861,0.34247511625289917,0.5048702955245972 
0.21886998414993286,0.1551744043827057,0.4530448615550995 
0.29370608925819397,-0.20742207765579224,0.7196066975593567 
0.2933383285999298,-0.5358182787895203,0.4530448615550995 
0.21749094128608704,-0.7479150891304016,-0.4518834352493286 
-0.40280279517173767,0.2220652997493744,0.19957666099071503 
-0.22996269166469574,-0.6513820886611938,-0.2246170938014984 
0.3242289125919342,0.44155576825141907,-0.5119178295135498 
-0.2931228578090668,0.3535727560520172,-0.4503205120563507 
-0.06571860611438751,0.4424751102924347,-0.1630198210477829 
0.2935222089290619,0.36046797037124634,0.5142743587493896 
-0.045198436826467514,0.3125692307949066,-0.5165145993232727 
-0.14786361157894135,-0.6126769781112671,-0.10142253339290619 
0.030060552060604095,-0.6513820886611938,-0.16459384560585022 
-0.27096623182296753,0.44155576825141907,-0.5188130140304565 
0.28791409730911255,0.0852641686797142,0.185878187417984 
0.2926947772502899,-0.3944203853607178,-0.44838985800743103 
-0.20256568491458893,-0.6513820886611938,-0.5051145553588867 
-0.11100735515356064,-0.7121253609657288,0.06696882098913193 
-0.2896292805671692,0.27846086025238037,-0.2998208999633789 
-0.22306746244430542,-0.6513820886611938,-0.30671611428260803 
0.1532275229692459,0.4424751102924347,-0.4845207929611206 
-0.21975775063037872,0.1551744043827057,-0.5213872790336609 
-0.22481423616409302,0.2646704614162445,0.4537803530693054 
-0.12380295246839523,-0.6957219839096069,-0.5454478859901428 
0.2891092598438263,0.12786933779716492,-0.4476543664932251 
0.2558283507823944,0.2714737355709076,-0.5226743817329407 
-0.06573698669672012,0.4025748074054718,0.26117393374443054 
0.42254742980003357,0.12786933779716492,-0.5224904417991638 
-0.16836540400981903,0.4025748074054718,0.5484746694564819 
-0.1016729399561882,0.1551744043827057,0.3074710965156555 
0.3037271201610565,0.44155576825141907,-0.026172736659646034 
-0.24366118013858795,0.36046797037124634,0.5232841372489929 
-0.19312286376953125,-0.12112057954072952,-0.5777175426483154 
0.2946254312992096,-0.7410199046134949,-0.5176178812980652 
0.1368914246559143,0.5025748014450073,0.04644865170121193 
-0.27096623182296753,-0.40582048892974854,-0.32267439365386963 
0.09843353182077408,0.36046797037124634,0.47851118445396423 
-0.038358382880687714,0.44155576825141907,0.5690683126449585 
-0.33256348967552185,0.4027586579322815,-0.03987123444676399 
0.20112629234790802,0.44155576825141907,0.04223700612783432 
0.28837376832962036,-0.7897461652755737,-0.6480221152305603 
-0.22380295395851135,-0.26901936531066895,-0.5226743817329407 
-0.22306746244430542,-0.6126769781112671,-0.07406231760978699 
0.24920892715454102,0.29206743836402893,0.39117178320884705 
-0.11366334557533264,0.2782770097255707,0.4869692921638489 
0.20783764123916626,-0.6127688884735107,0.4869692921638489 
0.19352221488952637,0.14577029645442963,0.4142743647098541 
-0.19909873604774475,-0.5229737758636475,-0.5193380117416382 
-0.5016729235649109,-0.3305246829986572,0.2800740897655487 
-0.2298707365989685,-0.6515659689903259,0.5245712399482727 
0.2079295814037323,-0.6126769781112671,-0.3477196991443634 
0.13272574543952942,-0.6126769781112671,0.45276904106140137 
-0.052038490772247314,-0.6513820886611938,-0.24511884152889252 
0.24920892715454102,0.3535727560520172,0.30907273292541504 
-0.20936895906925201,0.4025748074054718,-0.06723145395517349 
0.2284313440322876,-0.5289230942726135,0.5236518383026123 
-0.3249981105327606,0.0636344701051712,0.36637556552886963 
0.002695739734917879,0.4424751102924347,-0.4298187494277954 
-0.2161722332239151,-0.6119414567947388,0.44587382674217224 
-0.28466472029685974,0.0320717990398407,-0.44581565260887146 
-0.21975775063037872,-0.7342166304588318,-0.5213872790336609 
0.20783764123916626,0.3467695116996765,-0.516422688961029 
0.050589919090270996,-0.6513820886611938,-0.3272179067134857 
-0.19576239585876465,-0.6126769781112671,0.04908625781536102 
0.2763301134109497,-0.6513820886611938,-0.2519221305847168 
-0.22490617632865906,-0.595721960067749,0.5006677508354187 
-0.3004777431488037,-0.18622350692749023,0.4503786861896515 
0.1942310780286789,0.4424751102924347,0.4664675295352936 
-0.0025656819343566895,0.6356719136238098,0.8236784934997559 
-0.3256682753562927,0.44155576825141907,0.44587382674217224 
0.2763301134109497,-0.6124011278152466,0.43217533826828003 
-0.32444649934768677,0.3167716860771179,0.41960665583610535 
-0.19576239585876465,0.29206743836402893,-0.5165145993232727 
0.4188699722290039,0.061006054282188416,-0.24857372045516968 
0.29407382011413574,-0.29632440209388733,-0.45721572637557983 
0.21988128125667572,-0.300921231508255,0.44881579279899597 
0.29434964060783386,0.025176575407385826,-0.45721572637557983 
-0.2249981164932251,-0.5084213018417358,0.4537803530693054 
0.2216280698776245,0.4025748074054718,0.3842765688896179 
-0.25533708930015564,0.2807592749595642,-0.10986422002315521 
-0.2931228578090668,0.3399662375450134,-0.19041681289672852 
0.3188699781894684,0.12747499346733093,-0.4212033450603485 
0.21988128125667572,0.23276858031749725,0.44881579279899597 
0.3242289125919342,0.44155576825141907,-0.3135194182395935 
0.2353265881538391,-0.6179172992706299,-0.5226743817329407 
0.00952200498431921,0.4025748074054718,-0.2861224114894867 
-0.017838215455412865,0.4025748074054718,0.06960642337799072 
3.5159289836883545e-05,0.34155577421188354,-0.500912070274353 
-0.21975775063037872,-0.4902178943157196,-0.4470108151435852 
-0.07940790802240372,-0.6126769781112671,0.09697584062814713 
-0.3256682753562927,0.44155576825141907,-0.2382236123085022 
-0.40280279517173767,0.23539599776268005,-0.32881954312324524 
0.04373147711157799,0.29206743836402893,0.5174921751022339 
-0.0041535091586411,0.44155576825141907,-0.5256163477897644 
-0.15466690063476562,0.4025748074054718,-0.43671396374702454 
0.19370609521865845,-0.43741992115974426,0.6196066737174988 
-0.15466690063476562,-0.6513820886611938,-0.3956184685230255 
-0.29707610607147217,-0.6179172992706299,0.5233760476112366 
-0.21975775063037872,-0.009023696184158325,-0.7213873267173767 
0.390790730714798,0.44210734963417053,-0.34611809253692627 
-0.2305142879486084,-0.14582480490207672,0.44881579279899597 
-0.19707611203193665,-0.6684168577194214,0.5489996671676636 
-0.19576239585876465,0.4025748074054718,0.20647187530994415 
0.160030797123909,0.4025748074054718,-0.12192432582378387 
-0.18886718153953552,0.4025748074054718,0.30907273292541504 
0.09361415356397629,0.17047452926635742,0.4530448615550995 
-0.32796669006347656,0.6401767134666443,0.6214720010757446 
-0.29707610607147217,-0.11162636429071426,0.5233760476112366 
-0.2305142879486084,-0.42632222175598145,0.44881579279899597 
0.1258305162191391,-0.6513820886611938,-0.08774242550134659 
0.3037271201610565,0.44155576825141907,-0.4298187494277954 
-0.35441768169403076,0.38526415824890137,0.27227160334587097 
0.3379274010658264,0.44155576825141907,0.4732707738876343 
0.2216280698776245,0.4025748074054718,0.26117393374443054 
0.016380447894334793,0.4424751102924347,0.45957234501838684 
0.0711100846529007,0.4424751102924347,0.40487027168273926 
-0.03150913491845131,0.4424751102924347,0.18587817251682281 
0.3188699781894684,-0.24583399295806885,0.553044855594635 
-0.20936895906925201,0.4025748074054718,-0.5667117834091187 
-0.18466472625732422,-0.38952112197875977,-0.545815646648407 
-0.28466472029685974,-0.5084213018417358,-0.5226743817329407 
-0.49165186285972595,-0.6125850081443787,0.24747544527053833 
-0.38726556301116943,0.4027586579322815,0.34327298402786255 
0.19251090288162231,-0.6684168577194214,0.5489076972007751 
0.18053258955478668,0.4025748074054718,-0.01934187486767769 
-0.13416512310504913,-0.6513820886611938,0.05593550577759743 
0.29205122590065,-0.6960631012916565,0.5221808552742004 
0.21988128125667572,0.08226898312568665,0.44881579279899597 
-0.28953737020492554,0.24416866898536682,-0.44553983211517334 
-0.33256348967552185,0.4027586579322815,0.2816757261753082 
-0.1914680004119873,-0.34842562675476074,0.5488157868385315 
-0.23042236268520355,-0.2826259136199951,0.5236518383026123 
0.17110088467597961,0.34155577421188354,-0.044073689728975296 
0.3191457986831665,-0.6815637350082397,0.41914698481559753 
-0.22996270656585693,-0.6513820886611938,0.36537638306617737 
-0.15450966358184814,0.20567399263381958,-0.16724064946174622 
0.24902509152889252,-0.6513820886611938,-0.128819540143013 
-0.06572779268026352,-0.6124011278152466,-0.4640190303325653 
-0.1409684121608734,0.4025748074054718,0.12437283247709274 
-0.18466472625732422,-0.8547184467315674,-0.545815646648407 
-0.30167293548583984,-0.45371922850608826,0.5074710845947266 
0.3105303943157196,0.4027586579322815,0.035387758165597916 
-0.40047773718833923,-0.026924647390842438,0.4226405918598175 
-0.2971680462360382,0.2714737355709076,0.4484480321407318 
0.19407382607460022,-0.10742207616567612,-0.351699560880661 
0.3831334114074707,0.0362650603055954,-0.5478382706642151 
0.09323187917470932,0.6424751281738281,-0.3272179067134857 
-0.18886718153953552,0.3672713041305542,0.47851118445396423 
0.020592093467712402,0.34247511625289917,0.4227712154388428 
0.1695268452167511,0.5415557622909546,-0.6598166227340698 
0.2922351062297821,-0.0074220746755599976,0.6488158106803894 
-0.21975775063037872,0.0799705758690834,-0.5213872790336609 
-0.15625013411045074,0.4424751102924347,-0.16141819953918457 
0.29168346524238586,0.4000924825668335,0.16537638008594513 
0.09423107653856277,0.5025748014450073,0.27227160334587097 
0.242129847407341,-0.07740586251020432,0.4467012584209442 
-0.18466472625732422,0.2209741175174713,-0.545815646648407 
-0.038358382880687714,-0.6126769781112671,-0.15612460672855377 
-0.03152751922607422,0.3467695116996765,0.47851118445396423 
-0.33256348967552185,0.4420154094696045,0.5416713356971741 
0.24920892715454102,0.3467695116996765,-0.3203226923942566 
0.05742078274488449,0.36046797037124634,-0.5165145993232727 
-0.6028028130531311,0.628868579864502,-0.7324196100234985 
0.21886998414993286,0.21217486262321472,-0.521203339099884 
-0.2093689739704132,0.24155578017234802,-0.13402119278907776 
-0.09996484220027924,-0.6126769781112671,-0.005649812985211611 
-0.08625715970993042,-0.6126769781112671,-0.2930176258087158 
-0.19308802485466003,0.34247511625289917,-0.49561846256256104 
0.2515992820262909,0.28066736459732056,0.24977384507656097 
0.28322532773017883,0.1825713962316513,0.4467012584209442 
-0.2914679944515228,-0.3937327563762665,0.3232841491699219 
0.21758288145065308,0.380969762802124,-0.4517914950847626 
0.2889254093170166,-0.46052250266075134,0.44679319858551025 
-0.13151833415031433,-0.712677001953125,-0.4682214558124542 
0.2284313440322876,0.4424751102924347,-0.4093169569969177 
0.09323187917470932,0.6419235467910767,-0.5325115323066711 
-0.20158100128173828,-0.6000162959098816,0.5539642572402954 
0.24920892715454102,0.3193724751472473,-0.04670209810137749 
0.18062452971935272,-0.6124011278152466,-0.1493213176727295 
-0.28953737020492554,0.12258495390415192,-0.44553983211517334 
-0.017838215455412865,-0.6124011278152466,0.43907055258750916 
0.1532275229692459,0.44155576825141907,-0.5530133247375488 
-0.12046661972999573,0.4025748074054718,-0.210918590426445 
-0.06993944197893143,-0.5513820648193359,-0.3777175545692444 
-0.3238029479980469,-0.28003427386283875,-0.5455398559570312 
0.242129847407341,0.4424751102924347,-0.2382236272096634 
0.2216280698776245,0.44155576825141907,0.5621731281280518 
-0.25450965762138367,0.380969762802124,0.09697584062814713 
-0.2777695059776306,-0.6513820886611938,-0.3477196991443634 
0.005328744649887085,0.3025748133659363,0.17487245798110962 
0.18283098936080933,0.28085121512413025,0.4790627956390381 
0.4892931282520294,-0.6589208841323853,-0.5224904417991638 
0.3447306752204895,0.44155576825141907,-0.24511884152889252 
0.1532275229692459,0.4025748074054718,0.22697366774082184 
0.29434964060783386,-0.08425510674715042,-0.5119178295135498 
0.2353265881538391,-0.6126769781112671,-0.02618192881345749 
0.29692384600639343,0.44155576825141907,0.09697584062814713 
-0.25046443939208984,0.44155576825141907,-0.15612460672855377 
-0.1614701896905899,-0.6513820886611938,0.45276904106140137 
-0.09309720993041992,0.4025748074054718,0.5621731281280518 
-0.3256682753562927,0.44155576825141907,-0.4777175486087799 
-0.21828676760196686,-0.12530463933944702,-0.48461276292800903 
-0.33256348967552185,0.4027586579322815,0.14487460255622864 
-0.10676812380552292,-0.6126769781112671,0.22017037868499756 
0.3037271201610565,0.4027586579322815,0.28857094049453735 
0.06426083296537399,-0.6126769781112671,-0.1835215985774994 
-0.04677248001098633,-0.4513820707798004,-0.10986422002315521 
-0.25450965762138367,0.380969762802124,-0.38881516456604004 
-0.1614701896905899,0.3467695116996765,-0.47780948877334595 
-0.25450965762138367,0.36046797037124634,-0.01934187486767769 
-0.017838215455412865,0.4025748074054718,0.33646970987319946 
0.2284313440322876,-0.665816068649292,0.4467012584209442 
0.29370608925819397,0.25786715745925903,0.5196066498756409 
0.3421298563480377,-0.37582263350486755,-0.42267438769340515 
-0.3249981105327606,-0.1484256088733673,0.5537803769111633 
0.3652324676513672,0.44155576825141907,0.5553698539733887 
-0.2931228578090668,0.3467695116996765,0.39117178320884705 
-0.21828676760196686,0.2304701805114746,-0.5051145553588867 
0.21749094128608704,-0.6795145869255066,-0.45721572637557983 
0.2626316249370575,-0.26901936531066895,0.5236518383026123 
-0.25450965762138367,0.3467695116996765,0.23377694189548492 
0.5938246250152588,0.2048732042312622,-0.08252239227294922 
0.1395290195941925,0.32626771926879883,0.5171244144439697 
-0.19576239585876465,-0.6126769781112671,0.3158760070800781 
-0.09996484220027924,-0.6126769781112671,0.350076287984848 
-0.30280280113220215,0.3288685381412506,-0.3109185993671417 
-0.11994161456823349,-0.6997671127319336,-0.41761788725852966 
-0.008369751274585724,0.3025748133659363,-0.015121035277843475 
0.028615228831768036,0.24137187004089355,-0.822149395942688 
-0.08624796569347382,-0.6513820886611938,-0.4161202311515808 
-0.25404998660087585,0.28526416420936584,-0.3819199800491333 
0.28322532773017883,0.4419235289096832,-0.3682214617729187 
-0.24626201391220093,0.5027586817741394,-0.2067161202430725 
0.1532275229692459,0.4424751102924347,-0.3477196991443634 
0.0642700344324112,-0.6513820886611938,0.24067218601703644 
0.11213202774524689,-0.6513820886611938,-0.4777175486087799 
-0.15466690063476562,-0.6513820886611938,-0.2040233612060547 
0.030060552060604095,-0.6124011278152466,-0.3887232542037964 
0.21482479572296143,0.44155576825141907,0.32277122139930725 
-0.27786144614219666,0.44219931960105896,0.17227160930633545 
-0.2931228578090668,-0.35111841559410095,-0.4640190303325653 
0.2878221571445465,0.3330709934234619,0.26117393374443054 
0.16692602634429932,0.4025748074054718,0.11067433655261993 
0.28901731967926025,-0.29111355543136597,0.7233760952949524 
0.24920892715454102,0.3330709934234619,0.035406146198511124 
-0.12726990878582,0.4424751102924347,0.42537206411361694 
0.04374067112803459,-0.6513820886611938,-0.24511884152889252 
-0.001566469669342041,0.34247511625289917,0.09435754269361496 
0.1737293004989624,-0.6513820886611938,-0.4093169569969177 
0.2627235949039459,-0.6513820886611938,0.19957666099071503 
-0.27786144614219666,0.1825713962316513,-0.5226743817329407 
-0.08853717148303986,-0.6143317818641663,0.5235599279403687 
0.2887415289878845,0.32626771926879883,0.4393463432788849 
0.29434964060783386,-0.49472275376319885,-0.48461276292800903 
-0.30256569385528564,0.34247511625289917,-0.3230154514312744 
-0.4970760941505432,0.15679441392421722,0.7233760952949524 
0.2942577004432678,0.32580801844596863,-0.45169955492019653 
-0.20167294144630432,-0.48531869053840637,0.4142743647098541 
-0.29567044973373413,0.34247511625289917,0.4706699848175049 
0.0916302502155304,0.4025748074054718,-0.210918590426445 
0.0806245282292366,0.5424751043319702,-0.3040233552455902 
-0.24366118013858795,0.29206743836402893,0.5232841372489929 
0.19453352689743042,-0.5110220909118652,-0.5640190243721008 
-0.2249981164932251,0.11417084187269211,0.45957234501838684 
-0.16156212985515594,-0.6124011278152466,-0.3203226923942566 
-0.20927703380584717,-0.6123092174530029,-0.4435172379016876 
-0.07257704436779022,0.4025748074054718,-0.10831775516271591 
-0.040968410670757294,0.34247511625289917,0.29277339577674866 
0.07372929900884628,-0.7513821125030518,0.25167790055274963 
-0.05204768851399422,0.3877730667591095,-0.5165145993232727 
-0.12726990878582,-0.6126769781112671,0.13807132840156555 
0.11213203519582748,0.6424751281738281,-0.09301763027906418 
-0.024678273126482964,-0.6126769781112671,0.17227160930633545 
-0.33676594495773315,-0.5513820648193359,0.07382726669311523 
0.2878221571445465,0.3741665184497833,-0.04669290408492088 
-0.2931228578090668,0.29206743836402893,0.30907273292541504 
0.2933383285999298,0.3877730667591095,0.4530448615550995 
-0.21764321625232697,0.3741665184497833,-0.47091424465179443 
-0.12726990878582,-0.6140559911727905,-0.5213872790336609 
-0.10676812380552292,-0.6513820886611938,-0.128819540143013 
0.03690061345696449,-0.6513820886611938,0.15857312083244324 
0.24920892715454102,0.3535727560520172,-0.2314203530550003 
-0.0041535091586411,-0.6126769781112671,0.36377477645874023 
0.3943496346473694,0.08937468379735947,-0.35730767250061035 
-0.2929389774799347,-0.17320340871810913,-0.7177098393440247 
-0.34096840023994446,0.24247512221336365,0.27645567059516907 
-0.26416292786598206,-0.5221197605133057,0.5232841372489929 
-0.30167293548583984,0.3399662375450134,0.5142743587493896 
0.14633230865001678,-0.6124011278152466,-0.5119178295135498 
-0.34626200795173645,0.4027586579322815,-0.10142253339290619 
-0.29505351185798645,0.3950360417366028,-0.1562165468931198 
0.21868611872196198,0.004674805328249931,0.5142743587493896 
0.1532275229692459,-0.6513820886611938,0.40487027168273926 
0.2284313440322876,-0.6126769781112671,0.26117393374443054 
0.1492089331150055,0.2193724811077118,0.25167790055274963 
-0.25450965762138367,0.3672713041305542,-0.3272179067134857 
0.21749094128608704,0.2372734546661377,-0.45721572637557983 
-0.21865451335906982,-0.43321746587753296,-0.47091424465179443 
0.3653244078159332,0.44155576825141907,0.267977237701416 
0.0916302502155304,-0.6126769781112671,-0.3682214617729187 
0.22300711274147034,0.14147590100765228,0.5233760476112366 
0.14633230865001678,-0.6126769781112671,-0.012492626905441284 
0.0847901925444603,-0.6513820886611938,0.32277122139930725 
0.444730669260025,0.30275866389274597,0.49797505140304565 
0.35610416531562805,0.3784608542919159,-0.32461708784103394 
-0.33256348967552185,0.44155576825141907,0.22697366774082184 
-0.23676595091819763,-0.6126769781112671,0.22017037868499756 
0.03690061345696449,0.4424751102924347,-0.1767183095216751 
-0.028899110853672028,0.5415557622909546,0.43486806750297546 
-0.00414707325398922,-0.6513820886611938,-0.1151210367679596 
0.2353265881538391,0.3950360417366028,0.5250309109687805 
0.21868611872196198,-0.556320071220398,0.46637555956840515 
0.2353265881538391,-0.6124011278152466,0.035406146198511124 
-0.05037444457411766,0.4045054614543915,0.6158639192581177 
0.08217097818851471,0.5424751043319702,0.032786935567855835 
0.0806245282292366,0.34247511625289917,0.5048702955245972 
0.04373147711157799,0.4025748074054718,0.3021775186061859 
-0.06573698669672012,0.4025748074054718,-0.30671611428260803 
-0.27786144614219666,-0.6863178610801697,-0.4456317722797394 
-0.3545096516609192,0.487773060798645,-0.10411529988050461 
-0.2931228578090668,-0.47422099113464355,-0.47091424465179443 
-0.28466472029685974,0.4025748074054718,-0.5735151171684265 
-0.04942847043275833,0.3025748133659363,-0.0851324051618576 
0.21749094128608704,-0.3305246829986572,-0.5176178812980652 
0.09337703883647919,0.21590551733970642,0.8236784934997559 
0.3242289125919342,0.4025748074054718,-0.5803183317184448 
0.16164162755012512,-0.6513820886611938,-0.08252239227294922 
-0.28953737020492554,-0.5700185298919678,-0.5226743817329407 
0.2353265881538391,0.4424751102924347,-0.01932348683476448 
0.2558283507823944,-0.15951412916183472,0.7239277362823486 
-0.35996049642562866,0.4027586579322815,0.39797505736351013 
-0.25046443939208984,-0.563123345375061,0.44881579279899597 
-0.35306528210639954,0.40266668796539307,0.5827668309211731 
0.09843353182077408,0.39935705065727234,-0.475235253572464 
0.2763301134109497,-0.41951897740364075,0.5232841372489929 
-0.19514545798301697,-0.5458658933639526,0.2251083254814148 
-0.22306746244430542,0.6424751281738281,0.24067217111587524 
0.05741158500313759,0.4025748074054718,0.15167789161205292 
-0.2572677433490753,-0.6513820886611938,0.42537206411361694 
0.2887415289878845,0.39512792229652405,-0.15612460672855377 
0.2353265881538391,-0.35792168974876404,0.4467012584209442 
0.3186861276626587,-0.15689489245414734,0.6006677746772766 
0.593364953994751,0.6400848031044006,-0.27634233236312866 
0.04893314093351364,0.24155578017234802,0.19277338683605194 
-0.13416512310504913,0.4025748074054718,-0.5667117834091187 
0.2930625379085541,-0.6492675542831421,-0.1767183095216751 
0.023220501840114594,0.4424751102924347,0.3501681983470917 
-0.024678273126482964,-0.6126769781112671,0.06960642337799072 
-0.25404998660087585,0.380969762802124,0.28857094049453735 
-0.3393667936325073,0.4027586579322815,0.042227815836668015 
-0.16836540400981903,0.44155576825141907,-0.210918590426445 
0.3310321867465973,0.4027586579322815,-0.3614181876182556 
-0.19836321473121643,0.34155577421188354,-0.0782831609249115 
-0.24936121702194214,0.3999086320400238,-0.27251583337783813 
0.11902724951505661,-0.6513820886611938,-0.2998208999633789 
0.00952200498431921,0.4025748074054718,0.5758716464042664 
0.09843353182077408,0.3399662375450134,-0.47780948877334595 
-0.060470983386039734,-0.6126769781112671,0.19957666099071503 
-0.2931228578090668,0.2988707423210144,-0.47091424465179443 
-0.22996269166469574,-0.6126769781112671,0.11067433655261993 
-0.17786145210266113,-0.5513820648193359,-0.24251803755760193 
-0.19576239585876465,-0.6126769781112671,-0.27251583337783813 
-0.21626417338848114,0.44155576825141907,0.5211695432662964 
-0.25404998660087585,0.3672713041305542,0.17907488346099854 
-0.01828676462173462,-0.5100228786468506,-0.2572157382965088 
-0.22996269166469574,0.2372734546661377,-0.44581565260887146 
0.24948476254940033,0.39448437094688416,0.06276637315750122 
-0.19900676608085632,-0.5131365656852722,0.1622239500284195 
0.2695268392562866,-0.6513820886611938,-0.3614181876182556 
-0.027269907295703888,0.34155577421188354,0.43486806750297546 
0.19324642419815063,-0.7452223896980286,0.39377257227897644 
0.23523463308811188,-0.46741771697998047,0.5236518383026123 
-0.27786144614219666,0.1551744043827057,0.44881579279899597 
0.24902509152889252,-0.6513820886611938,0.08329572528600693 
-0.12726990878582,-0.6513820886611938,-0.060373011976480484 
-0.02204986661672592,-0.5124011039733887,0.5116735696792603 
-0.25046443939208984,-0.15267404913902283,0.5236518383026123 
0.05058072507381439,-0.6126769781112671,0.2816757261753082 
0.1532275229692459,0.4419235289096832,0.5074710845947266 
-0.39921724796295166,0.24192354083061218,0.7621731758117676 
-0.12499811500310898,-0.641019880771637,0.4197905361652374 
-0.22205616533756256,0.3193724751472473,0.4726272225379944 
0.20112629234790802,0.2782770097255707,-0.5051145553588867 
0.06272359937429428,0.4424751102924347,-0.1356228142976761 
0.2216280698776245,0.4025748074054718,-0.2861224114894867 
-0.024687467142939568,0.4025748074054718,0.45276904106140137 
-0.18206389248371124,-0.6126769781112671,0.5074710845947266 
0.09843353182077408,0.4424751102924347,0.22017037868499756 
0.1532275229692459,0.4025748074054718,0.45957234501838684 
-0.23676595091819763,0.4424751102924347,0.07645568251609802 
0.3379274010658264,0.4027586579322815,0.19957666099071503 
0.187822163105011,0.39206743240356445,-0.044073689728975296 
0.24920892715454102,0.38786497712135315,0.12437283247709274 
0.2892931401729584,-0.6125850081443787,-0.1151210367679596 
0.39382463693618774,0.6219733357429504,-0.02772839367389679 
-0.31206172704696655,0.4027586579322815,-0.42301544547080994 
0.24920892715454102,0.3535727560520172,-0.15612460672855377 
0.2284313440322876,0.4025748074054718,-0.3682214617729187 
0.04373147711157799,0.4025748074054718,-0.4298187494277954 
-0.20256568491458893,0.4025748074054718,-0.005655329674482346 
-0.18206389248371124,0.4025748074054718,0.41856876015663147 
0.3379274010658264,0.4027586579322815,-0.47091424465179443 
0.46263161301612854,0.44210734963417053,0.8169671297073364 
0.31482478976249695,0.34155577421188354,-0.6324195861816406 
-0.25046443939208984,0.44155576825141907,-0.07407151162624359 
0.3379274010658264,0.4027586579322815,0.09012658894062042 
-0.07257704436779022,0.3672713041305542,0.5171244144439697 
0.3858261704444885,0.4027586579322815,-0.1493213176727295 
0.1737293004989624,0.4025748074054718,0.32277122139930725 
-0.13416512310504913,0.4025748074054718,-0.07407151162624359 
0.26943492889404297,-0.7479150891304016,0.5237438082695007 
0.18053258955478668,-0.6513820886611938,-0.19032487273216248 
0.1942310780286789,0.4424751102924347,-0.1425180286169052 
-0.03836757317185402,0.4025748074054718,0.12437283247709274 
-0.10156647115945816,-0.6126769781112671,-0.2535421550273895 
-0.05889694020152092,0.4025748074054718,-0.4298187494277954 
0.14633230865001678,0.4025748074054718,-0.1835215985774994 
0.35582834482192993,-0.24582481384277344,-0.42267438769340515 
-0.040968410670757294,0.34247511625289917,0.20907273888587952 
0.24920892715454102,0.3330709934234619,-0.38881516456604004 
0.0642700344324112,-0.6513820886611938,-0.1425180286169052 
0.2284313440322876,-0.6513820886611938,0.13807132840156555 
-0.2931228578090668,0.36046797037124634,-0.07407151162624359 
-0.3064536154270172,0.40000060200691223,0.5120679140090942 
-0.1186545118689537,0.11157001554965973,-0.5640190243721008 
0.2695268392562866,0.4025748074054718,0.5690683126449585 
-0.28466472029685974,0.2167716771364212,0.44881579279899597 
0.31749093532562256,0.022575758397579193,-0.5518834590911865 
0.390790730714798,0.40285059809684753,0.22170764207839966 
0.2831334173679352,0.2030731737613678,0.5239276885986328 
0.07790417224168777,-0.6122172474861145,0.18597011268138885 
-0.2572677433490753,-0.5837170481681824,-0.4460914433002472 
0.2887415289878845,-0.7360021471977234,0.7231922149658203 
0.16692602634429932,0.642107367515564,0.8169671297073364 
-0.26416292786598206,-0.6122172474861145,-0.24511884152889252 
-0.19309720396995544,0.34155577421188354,-0.1740715205669403 
0.2881898880004883,0.3193724751472473,-0.2519221305847168 
0.18929314613342285,-0.712677001953125,0.08750737458467484 
0.1695268452167511,0.5421993136405945,-0.0577537976205349 
0.28773021697998047,0.3999086320400238,-0.5269953608512878 
0.10691197961568832,0.6424751281738281,0.23377695679664612 
-0.03151833266019821,-0.6513820886611938,0.26806917786598206 
0.09843353182077408,0.4025748074054718,0.43217533826828003 
0.028431348502635956,-0.8023414015769958,-0.45197537541389465 
0.2878221571445465,0.3877730667591095,-0.210918590426445 
-0.18886718153953552,0.4025748074054718,-0.12192432582378387 
-0.23106592893600464,-0.043885909020900726,0.5235599279403687 
-0.24356922507286072,0.4424751102924347,-0.47091424465179443 
0.160030797123909,-0.6124011278152466,-0.3203226923942566 
-0.16836540400981903,-0.6124011278152466,0.267977237701416 
-0.13416512310504913,0.4424751102924347,-0.47091424465179443 
-0.3735670745372772,0.44155576825141907,0.4732707738876343 
0.1258305162191391,-0.6513820886611938,0.035406146198511124 
0.2968319058418274,0.44155576825141907,-0.0809115618467331 
-0.25450965762138367,0.3330709934234619,0.06959722936153412 
0.043749865144491196,0.4424751102924347,-0.49141600728034973 
-0.17677950859069824,0.4424751102924347,0.19277340173721313 
0.1395290195941925,-0.6513820886611938,0.32957449555397034 
-0.29155993461608887,0.44155576825141907,0.16698721051216125 
0.2937979996204376,0.03887508437037468,0.45957234501838684 
0.21482479572296143,-0.6126769781112671,-0.2930176258087158 
-0.22996269166469574,0.4424751102924347,0.43226727843284607 
-0.22996269166469574,0.12786933779716492,-0.44581565260887146 
0.242129847407341,-0.6126769781112671,-0.0809115618467331 
-0.2249981164932251,-0.09110435843467712,0.45957234501838684 
0.2516258955001831,0.5027586817741394,-0.18092074990272522 
0.2878221571445465,0.3877730667591095,-0.3272179067134857 
-0.28466472029685974,-0.6513820886611938,0.37747326493263245 
-0.25450965762138367,0.3672713041305542,0.42537206411361694 
-0.2929389774799347,-0.23636552691459656,-0.5177097916603088 
-0.3053503930568695,0.4027586579322815,0.40487027168273926 
0.22254744172096252,-0.39212194085121155,-0.447470486164093 
-0.2216719686985016,0.6344766616821289,-0.4222412407398224 
0.2922351062297821,-0.33741992712020874,0.44881579279899597 
-0.39921724796295166,0.4419235289096832,-0.38881516456604004 
-0.20936895906925201,0.4025748074054718,-0.2314203530550003 
0.16692602634429932,-0.6513820886611938,0.22697366774082184 
-0.25046443939208984,-0.3442232012748718,-0.5226743817329407 
-0.024678273126482964,-0.6126769781112671,-0.2177218794822693 
0.009531199000775814,0.3125692307949066,-0.5165145993232727 
-0.052038490772247314,0.44219931960105896,0.00799352303147316 
0.39336493611335754,0.6400848031044006,0.4504706561565399 
0.1832253336906433,0.22786933183670044,-0.42267438769340515 
-0.3269287943840027,-0.0433812253177166,0.4228244125843048 
0.03690061345696449,-0.6513820886611938,0.4869692921638489 
-0.2931228578090668,0.3193724751472473,0.20647187530994415 
0.07109169661998749,0.3877730667591095,0.5171244144439697 
-0.5993092060089111,0.4030344486236572,-0.5803183317184448 
-0.2249981164932251,0.16206961870193481,0.5006677508354187 
0.24222180247306824,0.2988707423210144,0.44633352756500244 
-0.18886718153953552,0.380969762802124,-0.5165145993232727 
0.0779501348733902,0.4424751102924347,-0.08090237528085709 
0.039529018104076385,0.34247511625289917,0.436469703912735 
0.2353265881538391,-0.6513820886611938,0.33646970987319946 
0.05741158500313759,0.4025748074054718,0.36377477645874023 
-0.2929389774799347,0.32626771926879883,-0.5177097916603088 
-0.27786144614219666,0.44219931960105896,0.23377694189548492 
-0.052038490772247314,-0.6513820886611938,0.4732707738876343 
-0.3393667936325073,0.44155576825141907,-0.6009120941162109 
0.2878221571445465,0.3125692307949066,-0.3477196991443634 
0.1863512098789215,0.38075926899909973,-0.153542160987854 
0.2353265881538391,-0.563123345375061,-0.5226743817329407 
-0.29505351185798645,0.3950360417366028,-0.48461276292800903 
0.390790730714798,0.40285059809684753,-0.4161202311515808 
-0.27105817198753357,-0.32372137904167175,0.5237438082695007 
0.1942310780286789,0.3467695116996765,0.47851118445396423 
-0.08625715970993042,0.4025748074054718,0.45957234501838684 
0.01637125387787819,-0.6124011278152466,-0.5119178295135498 
0.11902724951505661,0.44155576825141907,0.09013578295707703 
-0.24356922507286072,0.44155576825141907,-0.5803183317184448 
-0.18962928652763367,0.3784608542919159,0.14908626675605774 
0.3310321867465973,0.4027586579322815,0.5416713356971741 
-0.4641629159450531,-0.021120578050613403,-0.5226743817329407 
0.28791409730911255,0.28526416420936584,-0.15612460672855377 
-0.12046661972999573,-0.6513820886611938,0.25437068939208984 
0.2284313440322876,-0.6513820886611938,-0.3956184685230255 
-0.07256785035133362,-0.6513820886611938,-0.3272179067134857 
-0.07256785035133362,-0.6126769781112671,-0.05354215204715729 
-0.10676812380552292,-0.6513820886611938,0.42537206411361694 
-0.035739168524742126,-0.712677001953125,-0.09880883991718292 
0.35582834482192993,0.5419235229492188,0.18857094645500183 
-0.36676377058029175,0.4027586579322815,0.24067218601703644 
0.2284313440322876,-0.44682401418685913,-0.5226743817329407 
0.1942310780286789,-0.6513820886611938,-0.5119178295135498 
0.29434964060783386,-0.17319421470165253,-0.49831122159957886 
0.19444158673286438,-0.6956300139427185,-0.41761788725852966 
-0.20936895906925201,0.4025748074054718,0.5827668309211731 
-0.09996484220027924,0.4025748074054718,-0.1562165468931198 
0.0327257439494133,0.5424751043319702,-0.3024217486381531 
0.002695739269256592,0.24247512221336365,-0.04511883109807968 
-0.12466907501220703,0.5424751043319702,-0.1930176317691803 
0.050589919090270996,0.4424751102924347,0.24747544527053833 
-0.12736184895038605,0.3193724751472473,0.5174921751022339 
-0.39921724796295166,0.6029425859451294,0.001186564564704895 
-0.30167293548583984,-0.7410199046134949,0.49377256631851196 
0.2284313440322876,-0.5837170481681824,-0.4478382468223572 
0.01637125387787819,0.4419235289096832,0.5416713356971741 
0.18910926580429077,-0.546824038028717,-0.3476543724536896 
0.24948476254940033,0.39448437094688416,-0.08775161951780319 
-0.17516867816448212,0.44155576825141907,-0.5598165988922119 
-0.35726773738861084,0.5415557622909546,0.45536985993385315 
0.3584291934967041,0.44238317012786865,-0.5872135758399963 
-0.12046661972999573,-0.6124011278152466,-0.43671396374702454 
-0.33256348967552185,0.44155576825141907,-0.3614181876182556 
0.1737293004989624,0.4025748074054718,0.5827668309211731 
-0.10686006397008896,-0.6122172474861145,-0.24511884152889252 
-0.02466907724738121,0.4424751102924347,-0.4777175486087799 
-0.042570024728775024,-0.7513821125030518,0.010674335062503815 
0.1532275229692459,0.44155576825141907,0.02171684429049492 
0.14633230865001678,-0.6126769781112671,-0.1972201019525528 
0.1053287461400032,-0.6513820886611938,-0.2246170938014984 
-0.10676812380552292,0.3399662375450134,-0.47780948877334595 
0.2881898880004883,0.380969762802124,0.24067218601703644 
0.04374067112803459,-0.6126769781112671,-0.2930176258087158 
0.02321130968630314,-0.6126769781112671,-0.4435172379016876 
0.08217097818851471,-0.5513820648193359,0.10647187381982803 
-0.35306528210639954,0.44155576825141907,0.17907488346099854 
-0.1614701896905899,-0.6513820886611938,0.36377477645874023 
0.2558283507823944,-0.6513820886611938,-0.2998208999633789 
-0.23676595091819763,-0.5289230942726135,-0.5226743817329407 
-0.15466690063476562,-0.6126769781112671,-0.1630198210477829 
0.160030797123909,0.4025748074054718,-0.5940169095993042 
-0.46676376461982727,0.34155577421188354,0.18329572677612305 
-0.18886718153953552,-0.6513820886611938,-0.08090237528085709 
0.07372929900884628,-0.5513820648193359,-0.00822582095861435 
0.00952200498431921,0.4025748074054718,-0.5598165988922119 
-0.024687469005584717,0.4025748074054718,-0.32881954312324524 
0.16683408617973328,-0.6121253371238708,0.27487245202064514 
-0.21357141435146332,-0.5513820648193359,0.20377913117408752 
0.0642700344324112,0.4424751102924347,-0.3135194182395935 
0.009540393017232418,-0.6513820886611938,-0.060373011976480484 
0.18053258955478668,-0.6126769781112671,0.43217533826828003 
-0.2931228578090668,0.32626771926879883,-0.012492626905441284 
0.2763301134109497,0.07307535409927368,-0.44820597767829895 
-0.2931228578090668,-0.015836169943213463,-0.4640190303325653 
0.050589919090270996,-0.6513820886611938,-0.4161202311515808 
0.05057153105735779,0.4025748074054718,0.08328653872013092 
-0.20936895906925201,0.44155576825141907,-0.265620619058609 
0.2881898880004883,0.3535727560520172,0.008033054880797863 
0.37633010745048523,0.19366908073425293,0.4239276945590973 
0.3421298563480377,0.05680360645055771,-0.42267438769340515 
0.242129847407341,-0.20052684843540192,-0.44774630665779114 
0.3584291934967041,0.44155576825141907,-0.4435172379016876 
0.0916302502155304,0.08535607904195786,-0.7164227366447449 
0.1558283567428589,-0.712677001953125,0.0174776092171669 
-0.20936895906925201,-0.6126769781112671,-0.1972201019525528 
0.36692601442337036,-0.4513820707798004,-0.23985284566879272 
0.0916302502155304,-0.6126769781112671,-0.12192432582378387 
-0.05887854844331741,-0.4513820707798004,-0.1835215985774994 
0.005328744649887085,-0.5513820648193359,0.5322672724723816 
0.1532275229692459,-0.6126769781112671,0.05592631176114082 
0.0779501348733902,-0.6513820886611938,0.05593550577759743 
-0.24356922507286072,-0.6126769781112671,-0.3340211808681488 
-0.12726990878582,-0.6513820886611938,-0.34091639518737793 
0.24920892715454102,0.3330709934234619,0.35697150230407715 
0.2892931401729584,-0.6126769781112671,0.37747326493263245 
-0.25450965762138367,0.3535727560520172,0.35697150230407715 
0.39428430795669556,0.40882647037506104,-0.3614181876182556 
-0.25450965762138367,0.31946444511413574,-0.265620619058609 
-0.09308802336454391,-0.6513820886611938,-0.5119178295135498 
-0.02235228568315506,0.28287383913993835,-0.4812110960483551 
0.0026837880723178387,-0.6124011278152466,0.5006677508354187 
0.3653244078159332,0.4027586579322815,-0.5256163477897644 
-0.30215924978256226,0.33999282121658325,0.25167790055274963 
-0.25046443939208984,-0.6384190917015076,-0.5226743817329407 
0.00952200498431921,0.2988707423210144,0.47851118445396423 
0.3653244078159332,0.40266668796539307,0.596373438835144 
-0.25046443939208984,0.2988707423210144,-0.5226743817329407 
-0.38726556301116943,0.6415557861328125,-0.3272179067134857 
0.3653244078159332,0.44155576825141907,0.0011911614565178752 
0.21978934109210968,-0.24162235856056213,0.522640585899353 
0.2880060076713562,0.2988707423210144,-0.4093169569969177 
-0.24936121702194214,0.3999086320400238,0.028547706082463264 
0.20848119258880615,0.3950360417366028,0.47566112875938416 
-0.13416512310504913,0.4424751102924347,-0.2793191373348236 
0.050589919090270996,0.4424751102924347,-0.02616354078054428 
0.18053258955478668,0.4025748074054718,-0.3340211808681488 
-0.004159025382250547,0.4025748074054718,0.17227160930633545 
-0.2614701986312866,-0.5126769542694092,-0.5846127867698669 
0.21978934109210968,-0.37842345237731934,0.522640585899353 
-0.07326462119817734,0.6401767134666443,0.8214720487594604 
-0.2914679944515228,-0.46741771697998047,0.44881579279899597 
-0.024687467142939568,0.4025748074054718,-0.005655329674482346 
-0.30280280113220215,0.5090103149414062,-0.5845208168029785 
0.0916302502155304,0.4025748074054718,0.5621731281280518 
-0.20256568491458893,-0.6513820886611938,0.41856876015663147 
-0.29900676012039185,0.40000060200691223,-0.33631959557533264 
0.1053287461400032,0.20257481932640076,-0.06202061474323273 
0.2763301134109497,0.44219931960105896,-0.2998208999633789 
-0.29836320877075195,0.4419235289096832,0.2816757261753082 
0.2900286316871643,0.4419235289096832,-0.2519221305847168 
-0.25450965762138367,0.3330709934234619,-0.40251368284225464 
-0.27096623182296753,-0.46052250266075134,-0.5226743817329407 
0.24902509152889252,-0.6513820886611938,0.3843684792518616 
-0.20256568491458893,0.4025748074054718,-0.3751166760921478 
-0.25046443939208984,-0.2263222336769104,0.5236518383026123 
-0.1409684121608734,0.4025748074054718,-0.3135194182395935 
-0.27786144614219666,0.4424751102924347,0.41856876015663147 
-0.1435692310333252,-0.5513820648193359,-0.0714339092373848 
0.1942310780286789,0.4025748074054718,-0.06723145395517349 
-0.05204768851399422,0.4025748074054718,-0.2246170938014984 
-0.16156212985515594,-0.6124011278152466,-0.05354215204715729 
-0.038358382880687714,-0.6513820886611938,-0.01932348683476448 
0.2284313440322876,-0.6384190917015076,0.5242953896522522 
-0.07708191871643066,0.28287383913993835,-0.4812110960483551 
0.2079295814037323,0.44155576825141907,0.5143662691116333 
-0.19505351781845093,0.4950360357761383,-0.1383155882358551 
-0.024687467142939568,0.4025748074054718,0.534868061542511 
0.2763301134109497,-0.38531869649887085,-0.5226743817329407 
-0.25450965762138367,0.3125692307949066,0.27487245202064514 
0.29079073667526245,0.5028505921363831,-0.3519221246242523 
-0.24366118013858795,-0.6124011278152466,0.39797505736351013 
-0.18886718153953552,-0.6513820886611938,0.23377694189548492 
-0.28466472029685974,-0.5700185298919678,0.5236518383026123 
-0.23676595091819763,0.4025748074054718,0.32957449555397034 
-0.22453844547271729,0.39448437094688416,0.4537803530693054 
0.3379274010658264,0.44155576825141907,0.04908625781536102 
-0.08625715970993042,0.3193724751472473,0.47851118445396423 
0.29692384600639343,0.44155576825141907,0.39117178320884705 
0.13272574543952942,-0.6121253371238708,-0.3956184685230255 
0.21053040027618408,0.5419235229492188,-0.04932131618261337 
-0.23676595091819763,0.44155576825141907,-0.3751166760921478 
0.1874278038740158,0.4424751102924347,-0.2861224114894867 
-0.25046443939208984,-0.6513820886611938,-0.10142253339290619 
-0.15760885179042816,0.2959287464618683,-0.47780948877334595 
-0.14520762860774994,-0.712677001953125,0.34067219495773315 
0.07110089063644409,0.3193724751472473,0.47851118445396423 
-0.2931228578090668,0.1825713962316513,-0.47091424465179443 
-0.24786362051963806,-0.5126769542694092,-0.0714431032538414 
-0.040968410670757294,-0.5126769542694092,0.19013577699661255 
-0.28625714778900146,-0.6126769781112671,-0.10142253339290619 
-0.11782902479171753,-0.712677001953125,-0.1877516210079193 
-0.07257704436779022,0.4025748074054718,-0.3751166760921478 
0.03689141944050789,0.4025748074054718,0.43907055258750916 
-0.35306528210639954,0.4027586579322815,-0.45041245222091675 
0.2284313440322876,-0.6513820886611938,-0.2314203530550003 
0.18062452971935272,0.4424751102924347,-0.4435172379016876 
-0.1409684121608734,-0.6513820886611938,0.16537638008594513 
-0.02466907724738121,0.4424751102924347,-0.19032487273216248 
0.027441345155239105,0.34247511625289917,0.05857311934232712 
-0.01098988763988018,0.44219931960105896,0.5006677508354187 
-0.2931228578090668,0.3330709934234619,-0.128819540143013 
-0.31865450739860535,-0.15688569843769073,-0.5983112454414368 
-0.013663344085216522,0.3419235348701477,0.1011497899889946 
-0.08625715970993042,0.4025748074054718,0.3842765688896179 
0.31742560863494873,0.4027586579322815,0.35697150230407715 
-0.498363196849823,0.44155576825141907,0.0027799010276794434 
-0.2667637765407562,0.34155577421188354,-0.1193326860666275 
-0.30280280113220215,0.5090103149414062,0.16960641741752625 
0.11902724951505661,-0.6124011278152466,0.5074710845947266 
0.2831334173679352,-0.7410199046134949,-0.4478382468223572 
-0.2572677433490753,-0.38531869649887085,0.44881579279899597 
0.04373147711157799,0.4025748074054718,-0.1493213176727295 
-0.034165121614933014,0.3025748133659363,0.38167572021484375 
0.012132026255130768,0.3025748133659363,0.44327297806739807 
-0.09045960754156113,0.34247511625289917,0.16277557611465454 
-0.18886718153953552,0.4424751102924347,0.04224620386958122 
0.2763301134109497,0.4025748074054718,-0.6078072786331177 
0.21886998414993286,-0.501617968082428,-0.4485737085342407 
-0.047863610088825226,0.3025748133659363,0.32007846236228943 
-0.2931228578090668,0.0799705758690834,-0.47091424465179443 
0.24920892715454102,0.32626771926879883,0.09697584062814713 
0.160030797123909,-0.6513820886611938,0.4732707738876343 
0.0863366574048996,0.6415557861328125,0.5827668309211731 
0.24482262134552002,0.34247511625289917,0.5169670581817627 
-0.37776950001716614,-0.70252525806427,-0.35114794969558716 
-0.2951454520225525,-0.6453142762184143,0.21042513847351074 
0.24902509152889252,-0.2621241509914398,0.4467012584209442 
0.21749094128608704,-0.29632440209388733,-0.47091424465179443 
0.2353265881538391,0.07307535409927368,-0.5226743817329407 
-0.21856257319450378,-0.665816068649292,-0.4509640634059906 
0.3105303943157196,0.44155576825141907,0.5622650980949402 
0.14633230865001678,0.27846086025238037,0.5132630467414856 
0.31742560863494873,0.4027586579322815,0.49377256631851196 
-0.26416292786598206,-0.6513820886611938,-0.19032487273216248 
-0.045198436826467514,0.4424751102924347,0.05593550577759743 
-0.03152751922607422,0.4025748074054718,0.21327516436576843 
-0.05204768851399422,-0.6126769781112671,0.34327298402786255 
0.29434964060783386,-0.563123345375061,-0.47091424465179443 
0.21902725100517273,0.5424751043319702,-0.015121035277843475 
-0.06572779268026352,0.44155576825141907,-0.5667117834091187 
0.35162588953971863,0.44155576825141907,-0.1972201019525528 
0.2763301134109497,0.44238317012786865,-0.5051145553588867 
-0.15466690063476562,0.4025748074054718,0.02855690009891987 
0.00952200498431921,0.3330709934234619,0.5171244144439697 
0.18053258955478668,0.4025748074054718,0.06275717169046402 
-0.1409684121608734,0.44155576825141907,-0.1630198210477829 
0.0327257439494133,0.34247511625289917,0.3116735517978668 
