0.016248226165771484,0.2336498647928238,0.9265263080596924 
0.8795655369758606,0.2057705819606781,-1.5160751342773438 
-0.889263927936554,0.39639851450920105,-0.29812896251678467 
-0.32004082202911377,0.20557372272014618,-0.49466273188591003 
-0.019450217485427856,-0.09334355592727661,0.5812642574310303 
0.020185470581054688,0.22368872165679932,-0.6137127876281738 
0.27346280217170715,-0.20783402025699615,-0.486524760723114 
0.010539263486862183,-0.10791125893592834,-0.18058717250823975 
0.26676952838897705,-0.2101963460445404,0.49728721380233765 
-0.3315041661262512,-0.09078438580036163,-0.18701693415641785 
0.00826174020767212,-0.7888369560241699,0.07965679466724396 
0.6579790115356445,-0.7958255410194397,0.8939617872238159 
0.03808616101741791,0.20921562612056732,0.4773058295249939 
-0.03884100914001465,-0.020143121480941772,-0.6106614470481873 
-0.43423599004745483,-0.09314669668674469,0.59632408618927 
0.27671101689338684,0.10261551290750504,-0.2683045566082001 
-0.08122134208679199,-0.1888369470834732,-0.6162561178207397 
-0.28453922271728516,-0.3129577040672302,1.489434003829956 
-0.28926387429237366,-0.20360150933265686,0.27847638726234436 
0.010539263486862183,-0.10791125893592834,-0.5384801626205444 
-0.0712798684835434,0.20921562612056732,-0.8648913502693176 
0.2771047055721283,-0.8028140664100647,-0.12823808193206787 
0.28192782402038574,0.19986474514007568,-0.5873175859451294 
-0.28179678320884705,-0.09078438580036163,0.21064195036888123 
-0.2894607484340668,0.07279108464717865,-0.6261975765228271 
0.31053927540779114,0.1920887529850006,1.0375399589538574 
0.05797894671559334,-0.0763014554977417,-0.9140081405639648 
0.25854456424713135,0.11116306483745575,0.7773058414459229 
0.5654899477958679,-0.37630146741867065,-0.08117245137691498 
-0.28375178575515747,-0.08623308688402176,0.00013486284296959639 
0.008261746726930141,-0.1888369470834732,-0.2683045566082001 
0.8654899597167969,0.06284964084625244,0.6265262961387634 
0.27671101689338684,-0.04649180546402931,-0.7257106900215149 
0.008261746726930141,0.20921562612056732,0.19894461333751678 
-0.8700699210166931,-0.6265941262245178,0.8936664462089539 
0.30525583028793335,0.15517735481262207,-0.2221089005470276 
0.2771047055721283,-0.05724828317761421,0.865121603012085 
-0.1508706957101822,0.209510937333107,0.646409273147583 
-0.8798145651817322,-0.3227023482322693,-1.496192216873169 
0.8658836483955383,0.27749454975128174,0.8762442469596863 
0.0977645218372345,0.20921562612056732,0.7259410619735718 
-0.10110428184270859,-0.1888369470834732,0.7159995436668396 
-0.2619040012359619,-0.2669452726840973,0.5933711528778076 
-0.2894607484340668,0.14238139986991882,-0.8449099659919739 
0.26548993587493896,0.00324015854857862,0.00013486284296959639 
0.31053927540779114,-0.7958255410194397,-1.125995397567749 
0.0977645218372345,0.20921562612056732,-0.7156708240509033 
0.34971460700035095,0.209510937333107,0.1428075134754181 
0.07785207033157349,-0.188836932182312,0.28841787576675415 
0.12758894264698029,-0.1888369470834732,0.6662922501564026 
-0.28375178575515747,0.023123102262616158,0.25859346985816956 
-0.2894607484340668,0.013171788305044174,-0.35777780413627625 
0.27671101689338684,0.023103417828679085,-0.4671339690685272 
0.12758894264698029,-0.1888369470834732,-0.6560219526290894 
0.0977645218372345,-0.3907843828201294,0.29192957282066345 
-0.13088932633399963,-0.1888369470834732,-0.10924101620912552 
-0.11100638657808304,-0.191297709941864,-0.8763092160224915 
-0.14083079993724823,0.20921562612056732,-0.6659634113311768 
-0.2596363127231598,-0.1968097984790802,-0.7355537414550781 
0.8662773966789246,0.48408031463623047,-1.5139095783233643 
-0.04317194223403931,0.5092156529426575,0.20070046186447144 
0.010736137628555298,0.0963985025882721,0.17730581760406494 
-0.02289530634880066,0.20387467741966248,-0.6088578701019287 
0.0679105818271637,-0.1888369470834732,-0.4671339690685272 
0.21706219017505646,-0.1888369470834732,0.059773851186037064 
-0.28375178575515747,0.11255698651075363,0.7557654976844788 
-0.17075364291667938,0.209510937333107,-0.03965071216225624 
-0.1011338159441948,0.2097078114748001,-0.27824604511260986 
0.865588366985321,-0.02661377191543579,1.02759850025177 
0.0977645218372345,0.13243992626667023,-0.9140081405639648 
-0.12094786018133163,0.20921562612056732,0.34806668758392334 
-0.2894607484340668,0.003230316797271371,-0.1688898354768753 
-0.10109443962574005,0.02311326004564762,-0.9140081405639648 
-0.4308893382549286,-0.48883694410324097,-0.12736809253692627 
-0.18059667944908142,-0.1888369470834732,0.1293542981147766 
-0.12094786018133163,-0.13596013188362122,0.8933711647987366 
0.0977645218372345,-0.188836932182312,-0.6794166564941406 
-0.28375178575515747,-0.026584256440401077,0.43763837218284607 
0.17729629576206207,0.20921562612056732,0.25859346985816956 
0.20712070167064667,0.20921562612056732,0.5369545817375183 
0.010539263486862183,0.12405744194984436,1.0764358043670654 
0.37454479932785034,-0.09314669668674469,0.59632408618927 
0.24688658118247986,-0.3907843828201294,0.20245632529258728 
-0.09116280823945999,-0.1888369470834732,0.27847638726234436 
0.27671101689338684,0.15232287347316742,-0.7555351257324219 
0.2586982250213623,-0.20999948680400848,-0.7653781771659851 
-0.28375178575515747,0.11255698651075363,0.5867604613304138 
0.27740001678466797,-0.17180849611759186,0.7406071424484253 
0.25387516617774963,-0.20842459797859192,0.3215889036655426 
0.39776453375816345,-0.09078438580036163,0.3597738742828369 
0.12758894264698029,0.20921562612056732,-0.5267828702926636 
-0.020040810108184814,-0.09432785212993622,1.0019240379333496 
0.018203219398856163,-0.1888369470834732,-0.7754181027412415 
-0.28375178575515747,0.6827325820922852,0.0001348555088043213 
0.27671104669570923,0.6429864168167114,-1.4847743511199951 
0.5772031545639038,0.2676871120929718,0.14321711659431458 
-0.889263927936554,-0.8036015629768372,-0.7191824913024902 
0.010539263486862183,-0.10791125893592834,0.5784764289855957 
0.13753041625022888,-0.20999948680400848,-0.90436190366745 
0.18723776936531067,0.08273256570100784,0.8933711647987366 
-0.17065522074699402,-0.1888369470834732,0.5767205357551575 
0.2486129254102707,-0.09078438580036163,0.46570688486099243 
-0.8864094614982605,0.18362373113632202,1.4928789138793945 
0.41764748096466064,0.11116306483745575,0.16736435890197754 
-0.2894607484340668,-0.04647999629378319,-0.7454952001571655 
-0.15077225863933563,0.8092156648635864,0.7989446520805359 
0.010539263486862183,0.25352001190185547,-0.7969584465026855 
0.26548993587493896,-0.09618440270423889,0.5967018604278564 
0.15741336345672607,-0.1888369470834732,-0.2185972034931183 
0.8657852411270142,0.6628496646881104,0.7492372989654541 
-0.287885844707489,0.19996321201324463,-1.3049418926239014 
0.1889936327934265,0.32311326265335083,0.5933711528778076 
-0.15077225863933563,0.20921562612056732,0.4971887469291687 
-0.051387086510658264,0.20921562612056732,0.059773851186037064 
0.2771047055721283,0.053006574511528015,-0.6170435547828674 
0.2771047055721283,-0.16580422222614288,-0.6254101395606995 
-0.28375178575515747,-0.09618440270423889,0.1591787189245224 
0.17729629576206207,-0.1888369470834732,-0.37766072154045105 
-0.011623166501522064,0.20921562612056732,0.6265262961387634 
0.19717924296855927,-0.1759425699710846,0.8936665058135986 
0.26548993587493896,0.07279108464717865,1.3657069206237793 
0.018203219398856163,0.20921562612056732,0.33812522888183594 
-0.13088932633399963,-0.1888369470834732,-0.2881874740123749 
0.15741336345672607,0.20921562612056732,0.4077155292034149 
-0.16071374714374542,-0.1888369470834732,0.3977740406990051 
-0.2894607484340668,0.18214727938175201,-0.09928970038890839 
0.42758893966674805,0.5092156529426575,0.13111017644405365 
-0.0016826784703880548,-0.1888369470834732,0.6065449714660645 
-0.011623166501522064,0.20921562612056732,-0.6261975765228271 
0.13753041625022888,-0.1888369470834732,0.169120192527771 
-0.2894607484340668,-0.10613571107387543,-0.6261975765228271 
-0.2862125337123871,-0.20842459797859192,0.6397159695625305 
-0.28375178575515747,-0.036525726318359375,0.7557654976844788 
-0.2862125039100647,-0.20842459797859192,0.05314949154853821 
-0.02289530634880066,0.09630008041858673,-0.11011099815368652 
-0.7905381917953491,-0.3987572193145752,-0.31676411628723145 
0.26548993587493896,0.053006574511528015,0.30830079317092896 
0.016248226165771484,-0.2371503859758377,-0.17064571380615234 
-0.18069511651992798,0.20941250026226044,-0.1688898354768753 
0.1077059954404831,-0.0763309895992279,0.8936665058135986 
-0.251663476228714,-0.1968097984790802,-0.8826087713241577 
0.17729629576206207,0.20921562612056732,-0.8151839375495911 
0.02814469113945961,-0.1888369470834732,0.7458239793777466 
-0.13088932633399963,0.20921562612056732,-0.40748515725135803 
0.15741336345672607,0.013171792030334473,-0.9140080809593201 
-0.2104211002588272,0.20921564102172852,0.7955313324928284 
-0.2894607484340668,-0.11607719212770462,-0.38760221004486084 
-0.2894607484340668,-0.7160772085189819,0.391344279050827 
0.26548993587493896,0.08273256570100784,0.48734575510025024 
0.00826174020767212,-0.3907843828201294,0.3814028203487396 
0.27671101689338684,-0.08626261353492737,-0.5267828702926636 
0.17905214428901672,0.11116306483745575,-0.2799920439720154 
0.26548993587493896,-0.036525726318359375,0.7060580849647522 
0.008271588943898678,-0.20999948680400848,-0.90436190366745 
-0.2894607484340668,0.10261551290750504,-0.506899893283844 
-0.27016839385032654,0.209510937333107,0.67623370885849 
-0.041445616632699966,0.20921562612056732,-0.7454952001571655 
-0.2501870095729828,0.042996201664209366,-0.9140081405639648 
0.2720847725868225,0.0785984918475151,-0.10406357049942017 
-0.0829378217458725,-0.09078438580036163,0.03169545531272888 
0.03977310657501221,-0.09048907458782196,-0.8864316940307617 
-0.28375178575515747,-0.09618440270423889,0.33812522888183594 
-0.03150413930416107,0.14238139986991882,0.8933711647987366 
-0.2894607484340668,0.15232287347316742,-0.35777780413627625 
-0.2601284980773926,-0.16580422222614288,0.8933711647987366 
0.26548993587493896,-0.10612586885690689,-0.049572497606277466 
-0.13088932633399963,-0.1888369470834732,-0.7256122827529907 
-0.14083079993724823,0.20921562612056732,-0.536724328994751 
0.26548993587493896,-0.6663501858711243,0.6995298862457275 
-0.2004796266555786,-0.1888369470834732,-0.6261975765228271 
0.19717924296855927,0.20921562612056732,0.7955313324928284 
-0.4607137441635132,-0.3862527906894684,-0.6140081286430359 
0.8738565444946289,-0.20763716101646423,-0.24753576517105103 
-0.2894607484340668,0.07279108464717865,-0.7454952001571655 
-0.2004796266555786,0.20921562612056732,-0.7853595018386841 
0.25387516617774963,-0.20842459797859192,0.6297745108604431 
-0.18059667944908142,0.209510937333107,0.07965679466724396 
-0.3116251528263092,-0.48883694410324097,-0.41918250918388367 
0.0182130616158247,0.03305473178625107,-0.9140081405639648 
0.16735482215881348,-0.1888369470834732,0.7756483554840088 
-0.011615291237831116,-0.09619424492120743,0.8933711647987366 
-0.28375178575515747,0.08273256570100784,0.3978725075721741 
-0.021592197939753532,0.2097078114748001,-0.36771926283836365 
0.2771047055721283,0.1558663696050644,0.23309996724128723 
0.15741336345672607,0.20921562612056732,-0.03965071216225624 
0.14747187495231628,-0.1888369470834732,-0.7853595018386841 
0.2770062983036041,0.14208610355854034,0.01055864430963993 
0.11764746159315109,0.20921562612056732,0.6066433191299438 
-0.041455455124378204,-0.1888369470834732,-0.4969584047794342 
-0.3116251528263092,0.11116306483745575,0.49894464015960693 
0.17729629576206207,0.20921562612056732,-0.6361390352249146 
-0.49053817987442017,-0.19738450646400452,0.5933711528778076 
0.16735482215881348,-0.1888369470834732,-0.5168413519859314 
0.008261746726930141,-0.1888369470834732,0.3778911232948303 
-0.25028541684150696,0.209510937333107,0.5468961000442505 
0.10770601034164429,0.8092156648635864,-0.41742661595344543 
0.315263956785202,0.20567215979099274,0.010893315076828003 
-0.12270371615886688,-0.09078438580036163,-0.15076276659965515 
0.5771046876907349,-0.27619773149490356,-0.6579747200012207 
0.03808616101741791,0.20921562612056732,-0.8648913502693176 
0.276809424161911,0.4631441831588745,-0.1823430061340332 
0.8767110705375671,-0.6962041258811951,-1.0174267292022705 
0.27720317244529724,0.12328589707612991,-0.5073920488357544 
-0.2104211002588272,-0.1888369470834732,-0.1987142562866211 
-0.2203625738620758,-0.1888369470834732,-0.029709238559007645 
-0.16071374714374542,-0.1888369470834732,0.8054727911949158 
-0.041455455124378204,-0.1888369470834732,-0.36771926283836365 
0.02814469113945961,-0.1888369470834732,-0.6162561178207397 
-0.28375178575515747,0.033064574003219604,0.6662922501564026 
-0.6613187789916992,0.20921564102172852,0.4375399351119995 
-0.28375178575515747,0.013181629590690136,0.5469945073127747 
0.014378070831298828,0.3727911114692688,0.5567550659179688 
-0.0513969287276268,-0.1888369470834732,0.815414309501648 
-0.5894607305526733,-0.2172674536705017,0.021753966808319092 
-0.2104211002588272,0.20921562612056732,-0.31801190972328186 
-0.19229401648044586,0.11116306483745575,0.3498323857784271 
0.07785205543041229,-0.1888369470834732,-0.34783631563186646 
0.15741336345672607,-0.10613571107387543,-0.9140081405639648 
0.20712070167064667,0.13243992626667023,-0.9140081405639648 
-0.2104211002588272,-0.1888369470834732,0.7060580849647522 
-0.264065682888031,-0.20369993150234222,0.3778911232948303 
0.2455085664987564,-0.21511785686016083,-0.8987513780593872 
-0.39116281270980835,0.5092156529426575,-0.41918250918388367 
0.27671101689338684,-0.04649180546402931,-0.8350669145584106 
-0.28375178575515747,-0.10612586885690689,0.507228672504425 
-0.02289530634880066,0.10525724291801453,-0.05699032545089722 
-0.15077225863933563,-0.1888369470834732,-0.5267828702926636 
0.19717924296855927,-0.1888369470834732,-0.059533651918172836 
0.0977645218372345,-0.1888369470834732,0.5667790174484253 
0.02855202555656433,-0.5099995136260986,-0.7273681163787842 
0.2771047055721283,-0.20369993150234222,0.8360846638679504 
0.27690786123275757,0.1136397123336792,-0.40718984603881836 
0.26548993587493896,-0.0763014554977417,0.33812522888183594 
0.25682806968688965,0.20921562612056732,0.4474814236164093 
-0.020631372928619385,-0.12110093235969543,0.9050685167312622 
-0.3613285720348358,0.4224984645843506,-0.6140081286430359 
-0.2834565043449402,-0.006701312959194183,-0.06941606849431992 
0.16735482215881348,-0.1888369470834732,0.36794963479042053 
0.27671101689338684,0.05290814861655235,-0.765476644039154 
-0.32156267762184143,-0.48883694410324097,-0.3197677731513977 
0.27671101689338684,0.003220475045964122,-0.2583630681037903 
0.8769078850746155,0.04290762543678284,1.475358486175537 
0.27671101689338684,-0.04649180546402931,-0.6261975765228271 
-0.5837517976760864,-0.3265842795372009,-0.22032353281974792 
-0.041445616632699966,-0.056421466171741486,-0.9140081405639648 
-0.2894607484340668,0.11255698651075363,-0.1788313239812851 
-0.17065522074699402,0.10261551290750504,-0.9140081405639648 
0.4872377812862396,0.28334739804267883,1.1933711767196655 
-0.0712798684835434,0.20921562612056732,0.25859346985816956 
-0.8894607424736023,-0.12601865828037262,-0.8250269889831543 
0.276809424161911,0.17191052436828613,-0.19832053780555725 
-0.1905381679534912,-0.1888369470834732,-0.8052424788475037 
0.5654899477958679,-0.30670133233070374,0.2569360136985779 
-0.2894607186317444,-0.6265941262245178,-0.2683045566082001 
-0.09116280823945999,-0.1888369470834732,-0.1987142562866211 
0.03809601068496704,0.2095109224319458,0.8053743243217468 
0.016248226165771484,-0.18744301795959473,0.5188275575637817 
-0.18059667944908142,-0.1888369470834732,0.23871049284934998 
0.22700366377830505,0.20921562612056732,-0.506899893283844 
-0.20057806372642517,0.209510937333107,0.4077155292034149 
0.4872377812862396,0.5012428164482117,0.5970130562782288 
0.27720317244529724,-0.11145095527172089,-0.2088525891304016 
0.19717924296855927,-0.1888369470834732,0.24865199625492096 
-0.6812213659286499,-0.7888369560241699,0.10947136580944061 
-0.2894607484340668,-0.016652625054121017,-0.8349684476852417 
0.20712070167064667,0.20941250026226044,-0.7256122827529907 
-0.28375178575515747,0.11255698651075363,0.48734575510025024 
0.08780336380004883,0.11255698651075363,0.8933711647987366 
-0.20057806372642517,0.209510937333107,0.29835936427116394 
0.31073614954948425,-0.20360153913497925,-0.646080493927002 
-0.0712798684835434,0.8092156648635864,1.1568375825881958 
0.21706219017505646,0.20921562612056732,0.029949435964226723 
0.37785208225250244,0.11116306483745575,-0.46888983249664307 
0.016248226165771484,0.2237083911895752,0.5486519932746887 
-0.37299636006355286,0.8092156648635864,0.34806668758392334 
0.27671101689338684,0.13243992626667023,-0.845008373260498 
-0.14083079993724823,-0.1888369470834732,0.4872473180294037 
-0.37127989530563354,-0.09078438580036163,0.2702907621860504 
-0.37127989530563354,-0.09078438580036163,0.44923725724220276 
-0.2894607484340668,0.03305473178625107,-0.4472510516643524 
-0.8714479804039001,-0.20999948680400848,0.7890031337738037 
0.2771047055721283,-0.18568716943264008,-0.008970933966338634 
0.27690786123275757,0.15202757716178894,-0.6654713153839111 
0.1077059954404831,0.20921562612056732,0.32818377017974854 
-0.2871968150138855,0.6926740407943726,-0.689279317855835 
-0.2894607484340668,-0.10613571107387543,-0.11918248981237411 
0.18723776936531067,-0.1888369470834732,0.5568375587463379 
0.028115153312683105,-0.3904891014099121,-0.5998848676681519 
0.07784221321344376,0.20921562612056732,-0.6162561178207397 
-0.28375178575515747,-0.13589122891426086,0.6961166262626648 
0.27740001678466797,0.16935132443904877,0.7899208068847656 
-0.18059667944908142,-0.20862145721912384,0.8906151056289673 
-0.20223549008369446,-0.09078438580036163,0.49894464015960693 
0.27671101689338684,-0.15586276352405548,-0.8350669145584106 
-0.08122134208679199,-0.1888369470834732,0.5667790174484253 
-0.2894607484340668,-0.006711154710501432,-0.5864316821098328 
0.26578521728515625,-0.09619424492120743,0.785589873790741 
-0.46246960759162903,0.8092156648635864,-0.8947157263755798 
-0.2104211002588272,-0.1888369470834732,-0.36771926283836365 
-0.24034392833709717,0.20990467071533203,0.1890031397342682 
0.07785205543041229,-0.1888369470834732,-0.845008373260498 
0.27671104669570923,0.06284962594509125,0.4112272262573242 
0.26548993587493896,-0.10612586885690689,0.49728721380233765 
-0.08122134208679199,-0.1888369470834732,-0.7953010201454163 
-0.4408308267593384,-0.09078438580036163,0.44572556018829346 
0.028154531493782997,0.20921562612056732,0.10947136580944061 
-0.7706552743911743,-0.0663599967956543,0.8933711647987366 
0.17729629576206207,0.20921562612056732,-0.34783631563186646 
-0.03151398524641991,-0.1888369470834732,-0.6858463883399963 
0.8767110705375671,0.4441372752189636,0.11941283941268921 
0.11764746159315109,0.20921562612056732,0.5071302056312561 
0.010539263486862183,0.19386430084705353,-0.5981289744377136 
0.20712070167064667,-0.1888369470834732,-0.6858463883399963 
-0.28375178575515747,-0.006701312959194183,0.33812522888183594 
0.20712071657180786,0.4111630916595459,-0.8981289863586426 
0.023433655500411987,-0.11253748834133148,-0.6156814098358154 
0.2770062983036041,0.17191052436828613,-0.32775652408599854 
0.536945104598999,0.26346445083618164,-0.6140081286430359 
-0.28749212622642517,0.1635439395904541,0.35800817608833313 
0.08779352158308029,-0.1888369470834732,0.815414309501648 
-0.28375178575515747,-0.13589122891426086,0.42769691348075867 
-0.264065682888031,-0.20369993150234222,0.5569360256195068 
0.27671101689338684,-0.14591144025325775,-0.7157692313194275 
0.19717924296855927,0.20921562612056732,0.7060580849647522 
0.27740001678466797,0.16216591000556946,0.5124454498291016 
0.010539263486862183,-0.10791125893592834,0.47564834356307983 
0.26548993587493896,0.07279108464717865,0.3879310190677643 
0.26578521728515625,0.03302520513534546,0.22876903414726257 
-0.07128971070051193,-0.20369993150234222,0.8935680389404297 
-0.07127988338470459,-0.7888369560241699,0.3977740406990051 
-0.2894607484340668,-0.12601865828037262,-0.477075457572937 
-0.0712798684835434,0.20921562612056732,0.6861751079559326 
0.17729629576206207,-0.1888369470834732,-0.1390654295682907 
0.1077059954404831,-0.1888369470834732,-0.5764901638031006 
-0.11100638657808304,0.12249845266342163,0.8933711647987366 
0.26548993587493896,-0.006701312959194183,0.785589873790741 
0.2653915286064148,-0.11586064845323563,0.67623370885849 
-0.025454461574554443,-0.4367672801017761,0.5823469758033752 
0.21706219017505646,-0.1888369470834732,0.4375399351119995 
-0.2894607484340668,-0.1958255171775818,-0.2178097665309906 
0.27671101689338684,0.12249845266342163,0.865121603012085 
0.26923030614852905,-0.12338072061538696,0.043227698653936386 
0.047998104244470596,0.209510937333107,-0.5168413519859314 
-0.03150413930416107,0.20921562612056732,0.8452387452125549 
-0.28375178575515747,-0.10612586885690689,0.815414309501648 
-0.28375178575515747,0.12259688228368759,0.6662922501564026 
0.26548993587493896,0.013181629590690136,0.07967647910118103 
-0.08121149986982346,-0.056421466171741486,0.8933711647987366 
-0.051387086510658264,-0.13596013188362122,-0.9140081405639648 
-0.08123117685317993,0.2097078114748001,-0.1987142562866211 
0.048027630895376205,0.20921562612056732,-0.7853595018386841 
-0.2894607484340668,0.15232287347316742,-0.6361390352249146 
-0.28375178575515747,0.10261551290750504,0.29835936427116394 
0.20712070167064667,-0.1888369470834732,-0.5864316821098328 
-0.2894607484340668,0.06284962594509125,-0.8250269889831543 
0.26548993587493896,-0.006701312959194183,-0.07936737686395645 
-0.2862125337123871,-0.20842459797859192,-0.811837375164032 
0.03808616101741791,-0.1888369470834732,0.4673643708229065 
0.08779352158308029,-0.1888369470834732,0.36794963479042053 
-0.28375178575515747,-0.01664278469979763,0.1591787189245224 
-0.10282076895236969,-0.09078438580036163,0.9265263080596924 
0.26972243189811707,0.12889643013477325,0.6861751079559326 
0.27671101689338684,-0.10614555329084396,-0.12912395596504211 
0.2771047055721283,-0.15586276352405548,0.2677474915981293 
-0.2203625738620758,0.20921562612056732,-0.6659634113311768 
0.0216619074344635,0.508526623249054,-1.0944151878356934 
0.25682806968688965,0.209510937333107,-0.8051440715789795 
-0.12094786018133163,-0.1888369470834732,0.6364678144454956 
0.07785205543041229,-0.1888369470834732,-0.7256122827529907 
-0.28375178575515747,0.12259688228368759,0.07967647910118103 
0.35796910524368286,0.5092156529426575,0.5685349702835083 
-0.0613383986055851,0.20921562612056732,-0.5665487051010132 
0.08957891166210175,-0.2768867611885071,0.5933711528778076 
0.20712070167064667,0.20921562612056732,-0.1589483767747879 
-0.2004796266555786,-0.016652625054121017,-0.9140081405639648 
-0.2894607484340668,0.013171788305044174,-0.6957878470420837 
0.5660805702209473,0.42240002751350403,-0.20047011971473694 
-0.26022690534591675,0.209510937333107,-0.768889844417572 
0.010539263486862183,-0.4260186553001404,-0.4454951882362366 
0.06792042404413223,-0.15586276352405548,-0.9140081405639648 
-0.21042108535766602,0.19415578246116638,0.8966193795204163 
-0.777348518371582,0.391575425863266,-0.31075990200042725 
-0.2203625738620758,-0.1888369470834732,0.4474814236164093 
-0.2894607186317444,0.18214726448059082,-0.5168413519859314 
-0.27981454133987427,-0.23539453744888306,0.8690588474273682 
0.26972243189811707,0.12889643013477325,0.30830079317092896 
-0.03151398524641991,-0.1888369470834732,0.67623370885849 
0.31820324063301086,0.5092156529426575,0.8568375706672668 
-0.11100638657808304,0.20921562612056732,0.815414309501648 
-0.18059667944908142,0.209510937333107,0.5767205357551575 
0.27671101689338684,0.023103417828679085,-0.6957878470420837 
-0.13088932633399963,0.20921562612056732,-0.7554367184638977 
-0.19229401648044586,-0.48883694410324097,0.021753966808319092 
0.27671101689338684,-0.016662470996379852,-0.5566072463989258 
-0.6215627193450928,-0.188836932182312,0.30830079317092896 
0.17729629576206207,0.20921562612056732,-0.4472510516643524 
-0.8004796504974365,-0.7888369560241699,0.1428075134754181 
-0.28375178575515747,-0.1260088086128235,0.08958842605352402 
-0.6215528249740601,0.20941251516342163,0.31181254982948303 
-0.4823525547981262,0.04299619793891907,0.8933711647987366 
0.4790521562099457,0.8092156648635864,0.029949426651000977 
-0.4408308267593384,0.5092156529426575,-0.5350669026374817 
0.12758894264698029,0.20921562612056732,0.8252573013305664 
-0.17065522074699402,0.20921562612056732,-0.24842162430286407 
-0.12094786763191223,0.1720089316368103,-0.9136144518852234 
-0.02555292844772339,-0.09196554124355316,0.5876303911209106 
-0.2203625738620758,-0.13596013188362122,-0.9140081405639648 
0.26548993587493896,0.11255698651075363,0.5668774843215942 
0.27720317244529724,-0.17377708852291107,0.5688460469245911 
0.014476478099822998,0.1527203768491745,-0.07123097777366638 
-0.04140019416809082,0.054664015769958496,0.5936664938926697 
0.2785811722278595,0.18057239055633545,-0.4571925103664398 
-0.2203625738620758,-0.1888369470834732,-0.27824604511260986 
0.27444708347320557,0.2080344557762146,0.1782742142677307 
-0.17241106927394867,0.08980366587638855,1.176539659500122 
0.27444708347320557,0.2080344557762146,-0.02058473229408264 
-0.28926390409469604,0.432719349861145,-0.01975792646408081 
-0.8862125277519226,0.7059621810913086,-1.5105628967285156 
-0.28375178575515747,0.013181629590690136,0.815414309501648 
0.028154531493782997,0.15232287347316742,-0.9140081405639648 
0.08780336380004883,0.20921562612056732,-0.06947512179613113 
0.20712070167064667,-0.08625277131795883,0.8933711647987366 
-0.23040248453617096,0.8100031018257141,0.4773058295249939 
0.008261746726930141,0.20921562612056732,0.6961166262626648 
-0.2894607186317444,-0.12601865828037262,-0.5566072463989258 
-0.40110430121421814,0.11116306483745575,0.47906166315078735 
-0.28375178575515747,-0.1260088086128235,0.5768189430236816 
0.5654899477958679,0.2833572328090668,0.33646780252456665 
0.048027630895376205,-0.1888369470834732,0.67623370885849 
-0.2894607484340668,0.12249845266342163,-0.4373095631599426 
0.26548993587493896,0.0430060438811779,0.6961166262626648 
0.04065898060798645,-0.49680981040000916,0.41941285133361816 
-0.32653722167015076,-0.20862145721912384,0.3977740406990051 
0.048027630895376205,-0.1888369470834732,-0.536724328994751 
0.36791059374809265,0.11116306483745575,-0.3098223805427551 
0.26548993587493896,-0.036525726318359375,0.27847638726234436 
-0.0016826784703880548,-0.1888369470834732,-0.4273681044578552 
-0.22046101093292236,0.20921564102172852,-0.10924100875854492 
-0.041455455124378204,-0.1888369470834732,-0.8549498915672302 
0.5071207284927368,-0.48883694410324097,-0.7571924924850464 
0.07785205543041229,0.20921562612056732,0.4176570177078247 
-0.18059667944908142,0.20921562612056732,-0.6063145995140076 
-0.2004796266555786,-0.1888369470834732,0.33812522888183594 
0.21706219017505646,0.20921562612056732,-0.8748327493667603 
0.016248226165771484,0.34300604462623596,0.3597935438156128 
0.26548993587493896,0.07279108464717865,0.039900749921798706 
-0.041455455124378204,0.003200788050889969,0.8934695720672607 
-0.8402455449104309,0.8092156648635864,-1.4549498558044434 
0.018203219398856163,-0.1888369470834732,0.8352972269058228 
-0.28375178575515747,0.14238139986991882,0.8352972269058228 
-0.8860157132148743,-0.2519308626651764,-0.9107598662376404 
-0.28375178575515747,0.14238139986991882,-0.03963102400302887 
0.048027630895376205,0.20921562612056732,-0.37766072154045105 
-0.23208943009376526,0.11116306483745575,-0.12093834578990936 
0.0977645218372345,-0.1888369470834732,0.7358825206756592 
-0.2501870095729828,-0.09619424492120743,0.8933711647987366 
-0.2104211002588272,-0.1888369470834732,0.03989090770483017 
0.27671104669570923,-0.02660393714904785,-0.40748515725135803 
0.27671101689338684,-0.10614555329084396,-0.7853595018386841 
-0.8894607424736023,-0.046480000019073486,-0.397543728351593 
-0.09116280823945999,0.20921562612056732,-0.34783631563186646 
0.23866161704063416,-0.09078438580036163,-0.37590491771698 
0.08780336380004883,0.06284962594509125,-0.9140081405639648 
0.24862277507781982,-0.09058751165866852,0.06794962286949158 
0.16911068558692932,0.5092156529426575,0.11765700578689575 
0.1077059954404831,0.20921562612056732,-0.8251254558563232 
0.2784373462200165,-0.2272089272737503,1.1933711767196655 
0.13753041625022888,0.20921562612056732,-0.23848015069961548 
-0.2004796266555786,-0.1888369470834732,-0.12912395596504211 
-0.5004796385765076,0.5092156529426575,-0.6876022219657898 
0.27671101689338684,0.09267403185367584,-0.33789485692977905 
-0.03151398524641991,-0.1888369470834732,-0.5665487051010132 
-0.12094786018133163,-0.1888369470834732,-0.35777780413627625 
0.20712070167064667,-0.1888369470834732,0.1591787189245224 
0.008261746726930141,0.20921562612056732,-0.6957878470420837 
0.0579691044986248,0.20921562612056732,0.646409273147583 
0.15741336345672607,-0.1888369470834732,0.09952989965677261 
-0.2847360670566559,0.20567215979099274,0.2927170395851135 
0.16735482215881348,0.8092156648635864,-0.5203432440757751 
-0.2203625738620758,-0.1888369470834732,-0.536724328994751 
-0.28375178575515747,0.0430060438811779,0.47740426659584045 
0.2668679654598236,-0.2101963460445404,-0.5566072463989258 
0.27720317244529724,0.14710606634616852,-0.12341499328613281 
0.05794941633939743,0.20921562612056732,-0.1688898354768753 
-0.0016826784703880548,-0.1888369470834732,0.5369545817375183 
-0.2104211002588272,0.20921562612056732,-0.536724328994751 
0.010539263486862183,-0.15761861205101013,-0.4454951882362366 
-0.2004796266555786,-0.1888369470834732,-0.6957878470420837 
-0.5894607305526733,-0.2172674536705017,-0.0478363037109375 
-0.0613383986055851,-0.1888369470834732,-0.2881874740123749 
0.21706219017505646,0.06284962594509125,-0.9140081405639648 
-0.011615291237831116,-0.16580422222614288,0.8933711647987366 
0.21706219017505646,-0.1888369470834732,-0.8251254558563232 
0.21706219017505646,-0.1888369470834732,0.7159995436668396 
-0.2303040474653244,-0.1888369470834732,0.8054727911949158 
-0.03451007604598999,0.3032500147819519,0.7873457670211792 
-0.20057806372642517,0.209510937333107,0.7159995436668396 
0.31817370653152466,-0.09029220044612885,-0.13730955123901367 
0.26548993587493896,-0.05641260743141174,0.029969120398163795 
-0.2894607484340668,-0.04647999629378319,-0.6659634113311768 
-0.011623166501522064,0.20921562612056732,-0.8151839375495911 
0.11764746159315109,-0.1888369470834732,-0.40748515725135803 
0.48899364471435547,0.8092156648635864,-1.077075481414795 
-0.2894607484340668,0.03305473178625107,-0.22853867709636688 
0.18723776936531067,-0.1888369470834732,0.6364678144454956 
0.16735482215881348,-0.1888369470834732,0.00011517660459503531 
0.23694512248039246,0.20941250026226044,-0.6659634113311768 
-0.23208943009376526,0.11116306483745575,-0.19052864611148834 
0.24860307574272156,0.11116306483745575,-0.2501676380634308 
0.5654899477958679,-0.30673086643218994,0.03812521696090698 
-0.03451007604598999,0.3628496527671814,0.2603690028190613 
0.2735612094402313,0.1354912668466568,0.4474814236164093 
-0.28926387429237366,-0.20360150933265686,0.7060580849647522 
0.12758894264698029,-0.1459016054868698,0.8933711647987366 
0.5170621871948242,-0.09078438580036163,-0.8764901757240295 
-0.02817719243466854,0.18746252357959747,-0.9154845476150513 
0.27346280217170715,-0.20862145721912384,-0.6759049296379089 
0.015263944864273071,-0.09432785212993622,-0.6967562437057495 
-0.2601284980773926,0.12249845266342163,0.8933711647987366 
-0.5203626155853271,-0.09078438580036163,-0.2799920439720154 
-0.2894607484340668,0.1920887529850006,0.616584837436676 
-0.2894607484340668,-0.1759425699710846,-0.35699033737182617 
-0.2643609941005707,-0.20369993150234222,-0.5864316821098328 
0.2660805284976959,0.12240002304315567,0.1790616661310196 
-0.07127002626657486,0.19415578246116638,0.8966193795204163 
0.27671101689338684,0.09267403185367584,-0.5665487051010132 
0.2771047055721283,-0.18568716943264008,-0.42658066749572754 
0.5772031545639038,0.40300923585891724,-1.006615161895752 
-0.2104211002588272,-0.1888369470834732,0.6265262961387634 
0.1077059954404831,-0.03653557226061821,-0.9140081405639648 
0.12758894264698029,0.16226433217525482,0.8933711647987366 
0.27671101689338684,-0.09620409458875656,-0.6659634113311768 
0.05797894671559334,-0.11607719212770462,0.8933711647987366 
-0.22046101093292236,0.20921562612056732,0.6364678144454956 
-0.2894607484340668,0.11255698651075363,-0.5764901638031006 
0.20712070167064667,-0.1888369470834732,0.8253557682037354 
-0.2004796266555786,-0.13596013188362122,0.8933711647987366 
-0.12094786018133163,-0.1888369470834732,0.34806668758392334 
0.07786189764738083,-0.016652625054121017,0.8933711647987366 
0.35796910524368286,-0.09078438580036163,0.04163694381713867 
-0.18059667944908142,0.20921562612056732,-0.7156708240509033 
0.13753041625022888,0.20921562612056732,0.67623370885849 
0.13753041625022888,0.20921562612056732,-0.765476644039154 
-0.5894607305526733,0.342996209859848,-0.24666577577590942 
-0.4408308267593384,-0.09078438580036163,0.42935431003570557 
0.26548993587493896,-0.016642779111862183,0.1890031397342682 
-0.11100638657808304,0.20921562612056732,-0.6063145995140076 
-0.13088932633399963,-0.1888369470834732,-0.6560219526290894 
0.21706219017505646,-0.15586276352405548,-0.9140081405639648 
-0.3228953182697296,-0.13731849193572998,0.17994754016399384 
0.27671101689338684,-0.04642487317323685,-0.46752771735191345 
-0.28749212622642517,0.1635439395904541,0.7159995436668396 
0.2771047055721283,-0.03604342043399811,-0.32844555377960205 
-0.28375178575515747,-0.07629161328077316,0.3978725075721741 
-0.09116280823945999,0.20921562612056732,0.616584837436676 
-0.28375178575515747,-0.06635014712810516,0.5569360256195068 
-0.08122134208679199,-0.1888369470834732,-0.03965071216225624 
0.5684958696365356,0.20921564102172852,-0.1390654295682907 
-0.22046101093292236,0.2095109224319458,0.1293542981147766 
0.17729629576206207,0.20921562612056732,0.4673643708229065 
0.27671101689338684,0.04298635944724083,-0.5267828702926636 
-0.051387086510658264,0.20921562612056732,-0.4273681044578552 
-0.17065522074699402,0.20921564102172852,-1.0571925640106201 
0.4492277503013611,-0.7888369560241699,-0.6495922207832336 
0.27671101689338684,-0.14591144025325775,-0.506899893283844 
0.21706219017505646,-0.1888369470834732,-0.1987142562866211 
0.26848602294921875,-0.48883694410324097,0.08140280842781067 
-0.28375178575515747,-0.026584256440401077,0.6861751079559326 
0.7176474928855896,0.20921562612056732,0.11941283941268921 
-0.02555292844772339,-0.09196554124355316,-1.0264980792999268 
-0.28375178575515747,0.05290814861655235,0.7259410619735718 
-0.15077225863933563,-0.1888369470834732,-0.1788313239812851 
-0.13088932633399963,0.20921562612056732,0.27847638726234436 
-0.8862125277519226,0.4474838972091675,-0.9105629324913025 
0.004952516406774521,0.20685331523418427,0.89622563123703 
0.2771047055721283,-0.13686569035053253,0.32739630341529846 
0.2771047055721283,-0.8028140664100647,0.07056182622909546 
0.22700366377830505,0.20921562612056732,0.21882756054401398 
-0.2894607484340668,-0.15586276352405548,-0.1589483767747879 
-0.2893623113632202,0.17358383536338806,-0.39111393690109253 
0.27720317244529724,-0.1717100739479065,0.4051245450973511 
0.07786190509796143,0.20921564102172852,-1.5118427276611328 
0.24198855459690094,0.09157541394233704,-0.6107599139213562 
0.01063770055770874,0.28334739804267883,-0.6041650176048279 
0.01063770055770874,0.473583847284317,0.8171700835227966 
-0.28552353382110596,-0.1473485231399536,0.6364678144454956 
-0.28375178575515747,-0.13589122891426086,0.28841787576675415 
0.8668679594993591,0.7224984765052795,-1.5139095783233643 
0.018183531239628792,-0.026623627170920372,0.893863320350647 
0.0977645218372345,0.20921562612056732,-0.009820389561355114 
0.010539263486862183,-0.34648001194000244,-0.42912396788597107 
0.5287201404571533,-0.188836932182312,-0.12912395596504211 
0.008271588943898678,-0.1459016054868698,-0.9140081405639648 
0.16735482215881348,-0.04647999629378319,-0.9140081405639648 
0.13753041625022888,0.20941250026226044,-0.5864316821098328 
-0.08122134208679199,0.20921562612056732,-0.8052424788475037 
0.12758894264698029,-0.1888369470834732,0.22876903414726257 
0.20712070167064667,-0.1888369470834732,0.4971887469291687 
-0.5837517976760864,-0.2470918595790863,0.48900315165519714 
0.6679105758666992,-0.7888369560241699,-0.22853867709636688 
0.01820322871208191,-0.188836932182312,-0.7788313627243042 
0.19717924296855927,0.20921562612056732,-0.08935806900262833 
-0.32156267762184143,-0.09078438580036163,0.18724730610847473 
-0.28375178575515747,-0.00670132040977478,0.616584837436676 
-0.041455455124378204,-0.1888369470834732,0.7358825206756592 
0.16735482215881348,0.20921562612056732,0.31824228167533875 
0.33808618783950806,-0.09078438580036163,-0.6180119514465332 
0.27671101689338684,-0.10614555329084396,-0.6063145995140076 
0.18723776936531067,-0.1888369470834732,0.30830079317092896 
-0.8837518095970154,-0.026584267616271973,0.5901963710784912 
-0.46081218123435974,0.5094125270843506,-0.3993093967437744 
-0.08120165765285492,0.20921562612056732,0.4971887469291687 
-0.7110064029693604,-0.7260186672210693,-0.31400811672210693 
0.5654899477958679,-0.2470918595790863,0.2469944953918457 
-0.02614349126815796,0.4353928565979004,-0.3494051694869995 
0.25387516617774963,-0.20842459797859192,-0.06614817678928375 
0.03987151384353638,-0.09029220044612885,0.545238733291626 
-0.25028541684150696,0.20990467071533203,0.34806668758392334 
0.27671101689338684,-0.15586276352405548,-0.27824604511260986 
-0.2894607484340668,-0.185884028673172,0.8360846638679504 
0.2770062983036041,0.17191052436828613,-0.26751708984375 
-0.2873936891555786,-0.15724077820777893,0.34806668758392334 
0.13753041625022888,-0.1888369470834732,-0.7256122827529907 
0.0579691044986248,-0.1888369470834732,-0.40748515725135803 
0.41764748096466064,-0.09078438580036163,0.5685349702835083 
0.03808616101741791,-0.1888369470834732,-0.07941659539937973 
-0.6116123199462891,0.20921562612056732,0.25859346985816956 
-0.03451007604598999,-0.39618441462516785,0.5784764289855957 
0.5585544109344482,0.033054739236831665,-0.9140080809593201 
0.028154531493782997,0.14238139986991882,0.8933711647987366 
0.14747187495231628,-0.1888369470834732,-0.845008373260498 
0.028154531493782997,0.09267403185367584,-0.9140081405639648 
-0.4010944366455078,0.26346445083618164,-0.6140081286430359 
-0.2894607484340668,0.07279108464717865,-0.6858463883399963 
-0.16071374714374542,-0.1888369470834732,0.7458239793777466 
-0.10110428184270859,-0.1888369470834732,0.7756483554840088 
0.008261746726930141,-0.1888369470834732,-0.32795336842536926 
-0.020040810108184814,-0.09442628920078278,0.3456982970237732 
0.00826174020767212,-0.188836932182312,0.1392957866191864 
0.2660805284976959,0.07279108464717865,0.8252573013305664 
-0.033230483531951904,-0.09078438580036163,0.8468961119651794 
0.2771047055721283,-0.26472678780555725,-0.2966843247413635 
0.27671101689338684,-0.15586276352405548,-0.07941659539937973 
0.2771046757698059,-0.5777136087417603,-0.7291239500045776 
0.2269052267074585,-0.1888369470834732,-0.5168413519859314 
-0.2894607484340668,-0.16580422222614288,-0.6957878470420837 
-0.033230483531951904,0.08980366587638855,0.5486519932746887 
0.012507885694503784,0.1425623595714569,-0.13087981939315796 
0.27671101689338684,-0.0564342625439167,-0.22853867709636688 
0.06969596445560455,-0.17750155925750732,-0.6140081286430359 
0.2784827649593353,0.18086768686771393,-0.5168413519859314 
-0.2834565043449402,-0.1359010636806488,-0.06942591071128845 
-0.8837518095970154,-0.4576186239719391,0.1492372453212738 
0.2771046757698059,0.05359715223312378,-0.40797731280326843 
-0.3532118797302246,-0.016652613878250122,0.8936664462089539 
-0.28375178575515747,0.05290814861655235,0.34806668758392334 
0.22700366377830505,0.13243992626667023,0.8933711647987366 
0.31053927540779114,-0.5570038557052612,0.4808175265789032 
-0.2303040623664856,0.20921564102172852,-0.8185972571372986 
0.0679105818271637,-0.1888369470834732,0.6164864301681519 
0.049714595079422,-0.09048907458782196,0.24047619104385376 
-0.023288995027542114,-0.2967795431613922,-0.5052424669265747 
0.22700366377830505,0.20921562612056732,0.8452387452125549 
-0.0613383986055851,-0.1888369470834732,0.6265262961387634 
-0.15077225863933563,-0.1888369470834732,-0.5963731408119202 
0.14747187495231628,0.20921562612056732,0.7657068967819214 
-0.2303040474653244,-0.1888369470834732,0.28841787576675415 
-0.09116280823945999,-0.1888369470834732,-0.5267828702926636 
0.0679105818271637,-0.1888369470834732,0.5170717239379883 
0.04803747311234474,-0.016652625054121017,-0.9140081405639648 
-0.2894607484340668,0.02311326004564762,-0.29812896251678467 
0.14747187495231628,-0.1888369470834732,-0.4571925103664398 
-0.0712798684835434,-0.1888369470834732,-0.4472510516643524 
0.008261746726930141,-0.1888369470834732,0.25859346985816956 
-0.28375178575515747,0.5833572149276733,1.0972871780395508 
0.14747187495231628,0.8092156648635864,0.5568375587463379 
-0.2894607484340668,0.11255698651075363,-0.7952026128768921 
-0.03451007604598999,-0.36637967824935913,0.8469945192337036 
0.2983193099498749,0.5092156529426575,-0.24666577577590942 
0.2823215425014496,0.18933270871639252,-0.854457676410675 
-0.11100638657808304,0.09267403185367584,-0.9140081405639648 
-0.28375178575515747,0.06284962594509125,0.785589873790741 
-0.28375178575515747,-0.056410640478134155,0.845140278339386 
0.26548993587493896,0.09267403185367584,0.22876903414726257 
-0.10110428184270859,-0.1888369470834732,0.845140278339386 
0.2586982250213623,-0.20999948680400848,0.7293543219566345 
0.27671101689338684,0.12249845266342163,-0.6162561178207397 
-0.240245521068573,-0.1888369470834732,0.5071302056312561 
-0.32004082202911377,0.20557372272014618,0.3737570345401764 
0.11764746159315109,0.209510937333107,-0.6561204195022583 
0.07785205543041229,0.20921562612056732,0.5667790174484253 
-0.19063657522201538,0.209510937333107,0.23871049284934998 
-0.2894607484340668,-0.0763014554977417,-0.34783631563186646 
0.13753041625022888,0.09267403185367584,-0.9140081405639648 
-0.2894607484340668,0.15232287347316742,-0.27824604511260986 
-0.240245521068573,-0.1888369470834732,-0.08935806900262833 
-0.2894607186317444,-0.6862528324127197,-0.4373095631599426 
0.07785205543041229,-0.1888369470834732,0.4275984764099121 
-0.0513969287276268,-0.1888369470834732,0.23871049284934998 
0.8170621991157532,0.8092156648635864,0.4077155292034149 
0.12758894264698029,-0.1888369470834732,0.32818377017974854 
-0.16246959567070007,0.11116306483745575,-0.0378948450088501 
0.4591692090034485,-0.188836932182312,0.08958843350410461 
-0.2894607484340668,-0.08625277131795883,-0.7057293653488159 
-0.0712798684835434,-0.1888369470834732,-0.7256122827529907 
0.27671101689338684,0.09267403185367584,-0.8052424788475037 
0.0679105818271637,0.20921562612056732,0.1492372453212738 
0.2883768379688263,-0.09078438580036163,0.260349303483963 
-0.8894607424736023,0.07279108464717865,0.19251486659049988 
-0.28375178575515747,-0.5669354200363159,-0.029689550399780273 
-0.28375178575515747,0.07279108464717865,0.6265262961387634 
-0.11100638657808304,-0.1888369470834732,0.4375399351119995 
-0.2501870095729828,0.20921562612056732,-0.7455936670303345 
-0.28375178575515747,-0.09618440270423889,0.7358825206756592 
0.27671104669570923,-0.13596999645233154,0.25216370820999146 
-0.0531134307384491,-0.09078438580036163,1.0657069683074951 
0.23694512248039246,0.20921562612056732,-0.20865574479103088 
0.07787173986434937,-0.2101963460445404,-0.896192193031311 
0.014378070831298828,0.45360249280929565,0.3299691379070282 
0.2586982250213623,-0.20999948680400848,0.6861751079559326 
-0.2203625738620758,-0.1888369470834732,0.1890031397342682 
0.29610180854797363,0.15094484388828278,-0.5658596754074097 
-0.2862125337123871,-0.20842459797859192,-0.6562067270278931 
-0.17065522074699402,0.20921562612056732,0.8551801443099976 
0.27671104669570923,-0.5967795848846436,-0.1987142562866211 
-0.2004796266555786,-0.1888369470834732,-0.8647928833961487 
0.018203219398856163,-0.1888369470834732,-0.8549498915672302 
-0.8798145651817322,0.033054739236831665,0.8937649130821228 
0.15741336345672607,0.16226433217525482,-0.9140081405639648 
-0.02289530634880066,-0.45586276054382324,0.8162842392921448 
0.8586982488632202,-0.20999948680400848,-0.30807045102119446 
0.2269052267074585,-0.1888369470834732,0.3778911232948303 
0.2668679654598236,-0.2101963460445404,-0.8250269889831543 
0.27740001678466797,-0.1612764447927475,0.6417830586433411 
0.276809424161911,0.4280931055545807,-0.8903848528862 
0.27671101689338684,-0.09620409458875656,-0.8648913502693176 
-0.27016839385032654,0.209510937333107,-0.646080493927002 
0.31053927540779114,0.6429961919784546,-0.8748327493667603 
-0.18059667944908142,0.209510937333107,0.35800817608833313 
-0.28375178575515747,0.1325383484363556,0.43763837218284607 
0.0977645218372345,-0.1888369470834732,-0.5168413519859314 
0.6082322597503662,0.8097078204154968,0.05976399779319763 
-0.06132855638861656,-0.1459016054868698,0.8933711647987366 
0.588354229927063,0.8095109462738037,0.1492372453212738 
0.018203219398856163,-0.1888369470834732,-0.7057293653488159 
-0.2894607484340668,-0.0763014554977417,-0.5764901638031006 
0.010539263486862183,-0.36636000871658325,0.07146133482456207 
-0.5519723892211914,-0.7888369560241699,0.6398909091949463 
0.26548993587493896,-0.05641260743141174,1.077404260635376 
-0.28375178575515747,-0.08623308688402176,0.45752131938934326 
-0.051387086510658264,0.20921562612056732,-0.07941659539937973 
0.8654899597167969,-0.0862429141998291,0.1492372453212738 
-0.011625134386122227,-0.1888369470834732,0.4275984764099121 
0.15741336345672607,0.209510937333107,-0.39754369854927063 
0.14747187495231628,-0.1888369470834732,0.8253557682037354 
-0.14083079993724823,-0.1888369470834732,-0.8251254558563232 
-0.2894607484340668,-0.0663599893450737,-0.8150855302810669 
-0.03150413930416107,0.20921562612056732,0.010066491551697254 
0.11764746159315109,-0.1888369470834732,-0.12912395596504211 
0.016248226165771484,-0.33652573823928833,0.5088860988616943 
-0.16071374714374542,-0.1888369470834732,0.28841787576675415 
0.20883721113204956,-0.09078438580036163,0.5088860988616943 
0.14747187495231628,-0.1888369470834732,0.4176570177078247 
-0.2894607484340668,0.13243992626667023,-0.22853867709636688 
-0.15077225863933563,0.05290814861655235,-0.9140081405639648 
0.02814469113945961,-0.1888369470834732,0.32818377017974854 
0.14747187495231628,0.20921562612056732,0.029949435964226723 
0.21706219017505646,0.20921562612056732,-0.03965071216225624 
0.11764746159315109,-0.1888369470834732,-0.029709238559007645 
-0.16071374714374542,0.003230316797271371,0.8933711647987366 
-0.0513969287276268,-0.1888369470834732,0.1591787189245224 
-0.7507722973823547,0.4111630916595459,0.36151987314224243 
0.14747187495231628,0.20921562612056732,-0.11918248981237411 
0.19717924296855927,-0.1888369470834732,-0.765476644039154 
0.14747187495231628,-0.1888369470834732,0.7159995436668396 
0.18723776936531067,-0.1888369470834732,-0.6361390352249146 
0.21706219017505646,0.20921562612056732,0.09952989965677261 
0.0579691044986248,0.20921562612056732,-0.6659634113311768 
-0.24034392833709717,0.8099046945571899,0.07965677976608276 
0.20712070167064667,0.03305473178625107,0.8933711647987366 
0.6878033876419067,0.8092156648635864,0.18558984994888306 
-0.5837517976760864,-0.2371503859758377,0.8668774962425232 
-0.09116280823945999,-0.1888369470834732,0.5071302056312561 
-0.0911628007888794,0.6727911233901978,0.29386329650878906 
0.2653915286064148,-0.11589016765356064,0.7358825206756592 
-0.023288995027542114,0.3429863750934601,-0.008070439100265503 
0.27671101689338684,0.12249845266342163,-0.2185972034931183 
0.26598209142684937,-0.06636983156204224,0.6563507318496704 
0.2668679654598236,-0.2101963460445404,0.7756483554840088 
0.2269052267074585,-0.1888369470834732,-0.11918248981237411 
-0.2873936891555786,-0.15724077820777893,0.039900749921798706 
0.26548993587493896,-0.0862429291009903,0.42769691348075867 
-0.2596363127231598,-0.1968097984790802,-0.477075457572937 
0.18723776936531067,-0.20389679074287415,-0.8891052007675171 
0.26972243189811707,0.12889643013477325,0.616584837436676 
-0.02299371361732483,0.46059101819992065,1.0280081033706665 
0.2660805284976959,0.12240002304315567,0.36794963479042053 
0.27671101689338684,-0.14591144025325775,0.7955313324928284 
0.2683444321155548,0.013998604379594326,0.8335254788398743 
-0.2593410313129425,-0.1968097984790802,0.010066491551697254 
0.2303503006696701,-0.20862145721912384,0.8711258769035339 
0.8771046996116638,-0.6058745384216309,-1.5041649341583252 
-0.2894607484340668,0.1722058206796646,-0.1887727826833725 
-0.2894607186317444,-0.7858840227127075,0.41854289174079895 
0.2269052267074585,-0.1888369470834732,0.00011517660459503531 
0.020185470581054688,0.09000052511692047,-0.46888983249664307 
-0.13088932633399963,-0.185884028673172,0.8936665058135986 
-0.11276224255561829,-0.09314669668674469,-0.6159766912460327 
-0.4805966913700104,-0.14757870137691498,0.5933711528778076 
0.13753041625022888,-0.1888369470834732,0.6164864301681519 
0.2660805284976959,0.12240002304315567,0.8054727911949158 
0.048027630895376205,0.20921562612056732,0.7358825206756592 
-0.2894607484340668,-0.15586276352405548,-0.6162561178207397 
0.1275889277458191,-0.026594102382659912,0.8933711647987366 
-0.03151398524641991,-0.1888369470834732,-0.765476644039154 
0.5386419296264648,-0.3904891014099121,-0.28175774216651917 
0.26548993587493896,-0.05641260743141174,-0.05951397120952606 
0.27671101689338684,0.003220475045964122,-0.6361390352249146 
-0.22214795649051666,-0.09048907458782196,0.18081751465797424 
0.05794941633939743,0.20941250026226044,-0.5665487051010132 
0.27671101689338684,-0.15586276352405548,-0.765476644039154 
-0.2104211002588272,-0.0763014554977417,-0.9140081405639648 
0.008271588943898678,-0.08625277131795883,-0.9140081405639648 
-0.021562667563557625,-0.1888369470834732,-0.6361390352249146 
0.17729629576206207,0.209510937333107,-0.5168413519859314 
0.010539263486862183,0.32311326265335083,-0.9460805058479309 
0.0579691044986248,-0.1888369470834732,0.22876903414726257 
0.1077059954404831,-0.09619424492120743,-0.9140081405639648 
0.16735482215881348,0.20921562612056732,0.19894461333751678 
0.39776453375816345,-0.09078438580036163,-0.7671339511871338 
0.008261746726930141,0.20921562612056732,0.3878326117992401 
0.12758894264698029,-0.1888369470834732,0.5170717239379883 
-0.11100638657808304,0.20921562612056732,0.07965679466724396 
0.018203219398856163,-0.1888369470834732,-0.477075457572937 
0.0977645218372345,-0.1888369470834732,-0.7953010201454163 
-0.28375178575515747,-0.026584256440401077,0.26853492856025696 
-0.2894607484340668,0.16226433217525482,-0.5864316821098328 
0.43753042817115784,-0.2073259800672531,0.5933711528778076 
-0.16071374714374542,0.20921562612056732,0.8054727911949158 
0.4492277503013611,0.8092156648635864,-1.4847743511199951 
0.0679105818271637,-0.1888369470834732,-0.6759049296379089 
0.27671101689338684,-0.13596998155117035,-0.5566072463989258 
-0.08122134208679199,-0.1888369470834732,-0.6759049296379089 
-0.2004796266555786,-0.1888369470834732,-0.7555351257324219 
0.15741336345672607,0.2097078114748001,-0.7157692313194275 
-0.15077227354049683,-0.026594102382659912,-1.5140080451965332 
-0.4209478795528412,0.5095109343528748,0.8667790293693542 
-0.14083079993724823,0.20921562612056732,-0.33789485692977905 
-0.2714479863643646,-0.20999948680400848,0.32818377017974854 
-0.13088932633399963,0.209510937333107,-0.1887727826833725 
0.2269052267074585,-0.1888369470834732,-0.35777780413627625 
-0.2369973212480545,-0.20862145721912384,0.8711258769035339 
-0.28749212622642517,-0.15743765234947205,0.49728721380233765 
0.27740001678466797,0.1548820585012436,0.14234711229801178 
0.2771047055721283,-0.06630092859268188,-0.36850669980049133 
-0.28749212622642517,-0.11606734991073608,0.8666965365409851 
0.27690786123275757,0.16265806555747986,-0.8052424788475037 
0.02815452218055725,-0.39314669370651245,-0.9159767031669617 
-0.2894607484340668,-0.0663599893450737,-0.8648913502693176 
-0.13088932633399963,-0.1888369470834732,-0.7754181027412415 
0.26548993587493896,-0.04647015035152435,0.3779895305633545 
-0.25028541684150696,0.209510937333107,-0.34783631563186646 
0.018203219398856163,0.20921562612056732,-0.7454952001571655 
-0.1409292370080948,0.08273256570100784,0.893863320350647 
0.0679105818271637,0.8092156648635864,0.9580082297325134 
0.11764746159315109,0.20921562612056732,0.4474814236164093 
0.08779352158308029,-0.1888369470834732,-0.6261975765228271 
0.21706219017505646,-0.10613571107387543,-0.9140081405639648 
-0.14083079993724823,-0.16580422222614288,-0.9140081405639648 
-0.0513969361782074,0.20970779657363892,-0.8484216332435608 
-0.2894607484340668,-0.15586276352405548,-0.4373095631599426 
0.16735482215881348,-0.1888369470834732,0.049832381308078766 
-0.28375178575515747,-0.06635014712810516,0.11941283941268921 
-0.0513969287276268,-0.1888369470834732,0.34806668758392334 
-0.011616275645792484,-0.016652625054121017,-0.9140081405639648 
-0.011625134386122227,-0.1888369470834732,0.785589873790741 
0.27671101689338684,-0.0067209964618086815,-0.7555351257324219 
-0.011616275645792484,0.12249845266342163,-0.9140081405639648 
-0.2894607186317444,0.603230357170105,-0.14549517631530762 
0.0977645218372345,0.2097078114748001,-0.20865574479103088 
0.31053927540779114,0.5833474397659302,-0.4571925103664398 
-0.24034394323825836,0.20990467071533203,0.26853492856025696 
0.31624823808670044,-0.056410640478134155,0.30830079317092896 
0.45741337537765503,-0.3762916326522827,0.5933711528778076 
-0.240245521068573,0.209510937333107,-0.27824604511260986 
-0.2203625738620758,-0.026594098657369614,0.8933711647987366 
0.7772963047027588,0.20941251516342163,0.845140278339386 
0.27671101689338684,-0.04649180546402931,-0.7853595018386841 
0.23694512248039246,0.20921562612056732,0.5866619944572449 
-0.18059667944908142,-0.1888369470834732,-0.40748515725135803 
0.03808616101741791,-0.1888369470834732,0.5767205357551575 
0.26548993587493896,0.00324015854857862,0.7358825206756592 
-0.5894607305526733,0.30323031544685364,-0.8168413639068604 
-0.16071374714374542,-0.1888369470834732,0.6662922501564026 
0.5767110586166382,-0.36637967824935913,-0.27649015188217163 
0.10946184396743774,-0.48883694410324097,0.22058340907096863 
0.21706219017505646,-0.1888369470834732,-0.24842162430286407 
-0.2894607484340668,0.12249845266342163,-0.6858463883399963 
0.27346280217170715,-0.20862145721912384,0.4474814236164093 
0.14747187495231628,-0.188836932182312,0.5106419324874878 
-0.13088932633399963,-0.03653557226061821,0.8933711647987366 
-0.19063657522201538,0.209510937333107,0.169120192527771 
-0.17241106927394867,-0.09048907458782196,-0.05777779221534729 
0.2883748710155487,0.11116306483745575,0.23052489757537842 
0.010539263486862183,-0.43596014380455017,-0.5583630800247192 
0.41764748096466064,0.5092156529426575,0.07789111137390137 
0.20712070167064667,-0.1888369470834732,0.10947136580944061 
0.26848602294921875,0.11116306483745575,0.40947139263153076 
-0.15252813696861267,-0.09078438580036163,-0.008070439100265503 
0.21706219017505646,0.20921562612056732,-0.31801190972328186 
-0.240245521068573,-0.1888369470834732,-0.32795336842536926 
0.15741336345672607,-0.1888369470834732,-0.5864316821098328 
0.26548993587493896,0.11255698651075363,0.7358825206756592 
0.22700366377830505,0.20921562612056732,0.6662922501564026 
-0.8894607424736023,0.5236985683441162,-0.1688898354768753 
0.26548993587493896,0.033064574003219604,0.44757986068725586 
0.018203219398856163,0.20921562612056732,-0.1390654295682907 
0.27671101689338684,0.08273256570100784,-0.8549498915672302 
-0.2894607484340668,0.03305473178625107,-0.7852611541748047 
-0.34147515892982483,-0.09048907458782196,-0.09111392498016357 
-0.023288995027542114,-0.2470918595790863,0.04163694381713867 
-0.021582355722784996,0.20921562612056732,0.09952989965677261 
0.35796910524368286,-0.36638951301574707,0.5933711528778076 
-0.28375178575515747,-0.09618440270423889,0.04985206574201584 
0.26548993587493896,-0.01664278469979763,0.11941283941268921 
-0.28375178575515747,0.013181629590690136,0.7557654976844788 
-0.0911628007888794,0.8092156648635864,-0.7256122827529907 
-0.14083079993724823,-0.1888369470834732,0.20888608694076538 
0.48899364471435547,-0.7888369560241699,0.1229245662689209 
-0.5837517976760864,0.34300604462623596,0.1276969015598297 
-0.09116280823945999,-0.1888369470834732,-0.39754369854927063 
0.016248226165771484,0.3727911114692688,0.5585935115814209 
-0.034214794635772705,0.3131718039512634,0.697872519493103 
0.26548993587493896,-0.05641260743141174,0.815315842628479 
-0.2700698971748352,0.20970779657363892,0.7258426547050476 
0.24708344042301178,-0.1968097984790802,-0.7190174460411072 
-0.5917284488677979,-0.21019631624221802,0.8845123648643494 
0.15741336345672607,-0.16580422222614288,-0.9140081405639648 
0.3121141493320465,0.2000616043806076,-0.8640055060386658 
0.26873815059661865,-0.11540786921977997,0.8334270715713501 
0.23694512248039246,0.180670827627182,0.8943554759025574 
0.5774000287055969,0.4088166356086731,0.1456778645515442 
0.048027630895376205,0.20921562612056732,0.8551801443099976 
-0.2874920964241028,0.1635439395904541,-0.02318108081817627 
0.23871687054634094,-0.191297709941864,-0.646080493927002 
-0.5501869916915894,0.5095109343528748,-0.20689988136291504 
-0.32584822177886963,-0.7855887413024902,0.28352808952331543 
0.27720317244529724,-0.01624906249344349,-0.5077857971191406 
0.010539263486862183,-0.11785273253917694,-0.7671339511871338 
-0.019450217485427856,0.47023719549179077,0.031136661767959595 
0.22700366377830505,0.20921562612056732,0.169120192527771 
0.25387516617774963,-0.20842459797859192,-0.6030663847923279 
-0.020040810108184814,-0.09442628920078278,-0.5326727628707886 
-0.018072187900543213,-0.10013526678085327,-0.45973581075668335 
0.2711004614830017,-0.13070394098758698,-0.004068115726113319 
-0.32260000705718994,0.7690560817718506,0.6612722873687744 
0.8831090331077576,0.7940573692321777,0.8352972269058228 
0.5270036458969116,0.5092156529426575,0.5884178876876831 
-0.2303040474653244,-0.1888369470834732,-0.41742661595344543 
0.31053927540779114,-0.4079112708568573,-0.039640873670578 
-0.2203625738620758,-0.1888369470834732,0.5667790174484253 
0.2653915286064148,-0.11586064845323563,0.08958842605352402 
0.2770063281059265,-0.7527130246162415,-0.1361125111579895 
-0.2894607484340668,-0.1759425699710846,-0.864005446434021 
-0.6745773553848267,0.18086767196655273,-0.31450021266937256 
-0.02299371361732483,-0.12808948755264282,-0.379396915435791 
-0.020040810108184814,-0.09442628920078278,0.5246349573135376 
-0.2894607484340668,-0.1759425699710846,0.09047429263591766 
-0.2894607484340668,-0.1759425699710846,-0.7645907402038574 
-0.2660343050956726,-0.20842459797859192,0.23871049284934998 
0.27936863899230957,0.17830850183963776,0.42149579524993896 
0.27444708347320557,0.2080344557762146,-0.2990148365497589 
0.8467881679534912,-0.5272089242935181,1.493666410446167 
-0.022796839475631714,-0.16568991541862488,-0.148432195186615 
0.2771047055721283,0.16541412472724915,-0.3733298182487488 
0.23871687054634094,-0.191297709941864,0.5867604613304138 
0.25387516617774963,-0.20842459797859192,-0.3941970467567444 
0.26578521728515625,0.10261551290750504,-0.009813498705625534 
-0.28375178575515747,-0.10612586885690689,0.6563507318496704 
0.5470834374427795,0.10319021344184875,0.137704998254776 
-0.28375178575515747,-0.10612586885690689,0.20888608694076538 
-0.043270379304885864,0.21374723315238953,0.593961775302887 
-0.10110428184270859,0.20921562612056732,0.865121603012085 
0.26676952838897705,0.20921564102172852,0.6364678144454956 
0.2660805284976959,0.12240002304315567,0.04985206574201584 
0.020185470581054688,0.09000052511692047,-0.3957878351211548 
-0.4658162593841553,-0.39314669370651245,0.89622563123703 
-0.2660343050956726,-0.20842459797859192,0.7557654976844788 
0.27671101689338684,-0.14591144025325775,-0.4472510516643524 
-0.2856219410896301,-0.006701312959194183,0.8567550778388977 
-0.28532665967941284,-0.0862429291009903,-0.07936737686395645 
-0.2893623113632202,-0.16728068888187408,0.5967018604278564 
0.17729629576206207,-0.13598966598510742,0.893863320350647 
-0.022796839475631714,0.1445309817790985,0.0771036446094513 
0.22700366377830505,0.209510937333107,-0.765476644039154 
-0.28375178575515747,-0.026584256440401077,0.3779895305633545 
-0.28375178575515747,0.08273256570100784,0.6861751079559326 
0.26548993587493896,0.033084262162446976,0.35800817608833313 
0.0579691044986248,0.20921562612056732,0.03989090770483017 
0.11764746159315109,-0.1888369470834732,-0.1887727826833725 
0.07786189764738083,-0.15586276352405548,0.8933711647987366 
0.6480276584625244,0.2095109224319458,-0.03965070843696594 
-0.5894607305526733,0.46226435899734497,0.16093458235263824 
-0.28375178575515747,-0.06635014712810516,0.7955313324928284 
-0.5837517976760864,-0.19738450646400452,0.3399105966091156 
-0.2894607484340668,-0.15586276352405548,-0.29812896251678467 
0.3182130753993988,-0.2073259800672531,1.1933711767196655 
-0.3315041661262512,-0.35642147064208984,0.5933711528778076 
0.08780336380004883,0.20921562612056732,-0.765476644039154 
-0.0016777570126578212,0.20921562612056732,0.7854914665222168 
-0.06132855638861656,-0.09619424492120743,0.8933711647987366 
-0.28375178575515747,-0.07629161328077316,0.6961166262626648 
0.3778619170188904,-0.2371503859758377,1.1933711767196655 
0.12934479117393494,-0.48883694410324097,-0.3098223805427551 
-0.21051953732967377,0.209510937333107,0.5170717239379883 
-0.2104211002588272,-0.1888369470834732,0.7657068967819214 
0.0679105818271637,-0.1888369470834732,0.7756483554840088 
-0.2894607484340668,0.16226433217525482,-0.7852611541748047 
0.26548993587493896,0.08273256570100784,0.6662922501564026 
-0.17065522074699402,-0.1888369470834732,-0.30807045102119446 
0.18723776936531067,0.20921562612056732,0.36794963479042053 
0.16911068558692932,-0.48883694410324097,0.25683754682540894 
-0.2894607186317444,-0.016652613878250122,-0.20865574479103088 
0.18723776936531067,0.15232287347316742,0.8933711647987366 
