-0.6400402784347534,-0.35837820172309875,0.19993165135383606 
0.8565785884857178,0.4263477623462677,-0.44413498044013977 
0.8441091179847717,-0.6520881056785583,0.47616538405418396 
-0.2353496551513672,0.42852047085762024,-0.23884493112564087 
0.2060328722000122,-0.37723222374916077,-0.33667221665382385 
0.3277599811553955,0.18336591124534607,0.24536961317062378 
-0.8577054142951965,0.22738686203956604,0.44480279088020325 
-0.033106863498687744,-0.37864920496940613,0.34007951617240906 
-0.39594119787216187,-0.4663686752319336,-0.43771132826805115 
0.6326786875724792,0.111115962266922,0.0644679144024849 
0.6652693748474121,-0.4156244099140167,-0.19642984867095947 
0.21094508469104767,0.2507752478122711,-0.27319130301475525 
-0.45292022824287415,0.111115962266922,0.21392881870269775 
-0.6480699181556702,-0.0372113436460495,-0.20776572823524475 
0.31291261315345764,-0.4513486325740814,-0.0029049664735794067 
0.6064726710319519,-0.09706135094165802,-0.33355483412742615 
-0.217228502035141,0.0366014763712883,-0.23355484008789062 
-0.17515352368354797,0.2289927899837494,0.14664095640182495 
-0.2013973593711853,-0.3513486385345459,-0.03754681721329689 
0.5138963460922241,0.3294651210308075,-0.0038698201533406973 
-0.743913471698761,-0.12230728566646576,0.06345582753419876 
0.18572275340557098,0.011115959845483303,0.04662206023931503 
-0.622147262096405,0.3294651210308075,-0.03752792626619339 
-0.21919602155685425,0.4223801791667938,0.4469754993915558 
-0.41177234053611755,-0.28219980001449585,0.3389459550380707 
0.4045051336288452,-0.06340796500444412,0.3389459550380707 
0.7486043572425842,0.229087233543396,0.24017402529716492 
-0.1667649745941162,0.08711224794387817,0.4428190290927887 
0.745148241519928,-0.30742213129997253,-0.0038698201533406973 
-0.5144954919815063,0.10233066231012344,0.4427245855331421 
-0.4454965591430664,0.010171309113502502,-0.20583732426166534 
0.38670647144317627,-0.15498164296150208,-0.43355482816696167 
0.2183687686920166,-0.2513486444950104,-0.12913937866687775 
-0.5127560496330261,-0.3513486385345459,0.01294222753494978 
0.6738266944885254,-0.24016259610652924,0.3380012810230255 
-0.217228502035141,-0.27307575941085815,-0.43761685490608215 
-0.6600670218467712,-0.420347660779953,-0.1883058249950409 
0.505488932132721,0.011115959845483303,-0.04595425724983215 
0.4886740744113922,-0.3513486385345459,-0.20583732426166534 
-0.743913471698761,-0.2232532650232315,-0.22265221178531647 
-0.10041362047195435,0.010171309113502502,-0.03753736987709999 
0.15298226475715637,-0.4158295691013336,0.4389459490776062 
-0.3360109031200409,0.2507752478122711,-0.04595425724983215 
0.2277599722146988,0.3294651210308075,0.01296300906687975 
-0.7214860320091248,0.42181339859962463,-0.4462132453918457 
0.033253930509090424,0.429465115070343,-0.3394670784473419 
0.4802665710449219,0.3285204768180847,-0.29000619053840637 
-0.04993119090795517,0.27486398816108704,0.34395262598991394 
0.6613017916679382,0.3871445059776306,0.19710448384284973 
0.7459983825683594,0.008659854531288147,-0.14131730794906616 
-0.5379784107208252,0.2507752478122711,0.2317274510860443 
-0.3360109031200409,-0.17279917001724243,-0.33355483412742615 
-0.723225474357605,-0.21484580636024475,0.3428190350532532 
0.446636825799942,0.2507752478122711,0.2317274510860443 
-0.847975492477417,-0.4731701910495758,-0.03655362129211426 
0.17731532454490662,0.011115959845483303,0.30748888850212097 
0.07630322128534317,0.010171309113502502,-0.2142447680234909 
-0.3107885718345642,-0.046574193984270096,0.3389459550380707 
0.4802665710449219,-0.3732646703720093,0.33658429980278015 
0.744203507900238,-0.25697746872901917,-0.2394670844078064 
-0.2435290515422821,-0.3513486385345459,0.19809769093990326 
-0.5801100730895996,0.010171309113502502,-0.020713042467832565 
0.6990489959716797,0.2507752478122711,-0.13848333060741425 
0.10155388712882996,-0.17279917001724243,-0.33355483412742615 
-0.6548877358436584,-0.23072418570518494,-0.23355484008789062 
-0.7555327415466309,0.2842160761356354,0.13074369728565216 
0.07630322128534317,-0.18962348997592926,0.3386625349521637 
0.6408027410507202,-0.003487102687358856,-0.43761685490608215 
0.6148801445960999,-0.03134633228182793,0.34007951617240906 
0.0931464433670044,0.3294651210308075,0.1896902471780777 
-0.3361053764820099,-0.3513486385345459,-0.19742988049983978 
0.8446758985519409,-0.47751563787460327,0.0925242230296135 
0.3119288384914398,0.011115959845483303,-0.12166845053434372 
0.07631266862154007,0.2507752478122711,-0.1048535704612732 
-0.6602559685707092,0.18714451789855957,-0.08618847280740738 
-0.5801100730895996,-0.3513486385345459,0.22332000732421875 
0.4297274351119995,0.011115959845483303,0.14755858480930328 
-0.4791262745857239,0.2507752478122711,-0.2142447680234909 
-0.19397369027137756,0.4291817247867584,0.0392455980181694 
0.8425976634025574,0.03855010122060776,0.42411482334136963 
-0.18458248674869537,-0.21484580636024475,0.3380012810230255 
-0.14152374863624573,-0.4513486325740814,-0.0029049664735794067 
0.008938843384385109,0.01083256583660841,0.14755858480930328 
0.3119288384914398,-0.3513486385345459,-0.1048535704612732 
0.45406046509742737,0.35077524185180664,-0.2300758957862854 
0.3876902461051941,-0.23175516724586487,-0.33355483412742615 
-0.8439134955406189,-0.1466119885444641,-0.2300758957862854 
0.21935252845287323,-0.3513486385345459,0.14755858480930328 
-0.124689981341362,-0.4513486325740814,-0.0638001337647438 
-0.226619690656662,0.010171309113502502,-0.18902243673801422 
0.745148241519928,-0.1138903945684433,0.012960175052285194 
0.4718591272830963,0.010171309113502502,-0.24796898663043976 
-0.6053323745727539,-0.3513486385345459,-0.18061500787734985 
-0.6480699181556702,0.2385500967502594,0.215896338224411 
-0.5379784107208252,0.011115959845483303,0.164467915892601 
0.6279163360595703,-0.369769424200058,-0.33289358019828796 
-0.18458248674869537,0.010171309113502502,0.1896902471780777 
-0.226619690656662,0.2507752478122711,-0.19742988049983978 
-0.7467474341392517,-0.028191182762384415,0.22332000732421875 
-0.45390400290489197,0.3294651210308075,0.06345582753419876 
-0.4875337481498718,-0.12235452234745026,0.3384736180305481 
-0.5979086756706238,-0.4448305070400238,-0.2415844202041626 
0.2698916494846344,0.2507752478122711,0.164467915892601 
0.5728428959846497,-0.3513486385345459,0.18128280341625214 
0.5391187071800232,-0.3513486385345459,-0.020722487941384315 
0.6064726710319519,0.3294651210308075,0.17287535965442657 
-0.5117723345756531,-0.2513486444950104,0.0644679144024849 
-0.41078856587409973,-0.09672468900680542,-0.2376168668270111 
0.15946945548057556,0.19139549136161804,-0.4471578896045685 
-0.15936017036437988,0.2507752478122711,0.20650513470172882 
0.2529822587966919,-0.13917884230613708,0.3384736180305481 
0.744203507900238,-0.16439172625541687,0.17287535965442657 
0.5138963460922241,-0.19812540709972382,0.3380012810230255 
-0.2687513828277588,0.010171309113502502,-0.02912048064172268 
-0.8315384387969971,-0.005478233098983765,-0.43771132826805115 
-0.743913471698761,-0.28219980001449585,-0.07119547575712204 
-0.8439134955406189,-0.4158295691013336,0.11491256207227707 
0.623287558555603,0.2507752478122711,-0.2815987467765808 
0.05107145383954048,-0.3333057165145874,-0.3349718153476715 
0.135183647274971,-0.3513486385345459,-0.18902243673801422 
0.5138963460922241,0.2507752478122711,-0.1468907743692398 
-0.6053323745727539,0.010171309113502502,-0.2142447680234909 
-0.3529202342033386,-0.3513486385345459,0.01294222753494978 
-0.18458248674869537,-0.2232532650232315,-0.33355483412742615 
-0.10882106423377991,0.2507752478122711,-0.08803869783878326 
0.07629377394914627,-0.3513486385345459,0.2149125635623932 
-0.28174853324890137,0.1856330931186676,-0.24385160207748413 
0.3876902461051941,0.3294651210308075,0.08870649337768555 
0.6451482176780701,-0.19706040620803833,-0.1563764214515686 
0.7029220461845398,-0.396503210067749,0.3416854739189148 
0.6738266944885254,-0.3513486385345459,-0.13857780396938324 
0.7489268779754639,-0.10547823458909988,0.31589633226394653 
0.5896577835083008,0.011115959845483303,0.10553082078695297 
-0.8465585112571716,0.13112640380859375,-0.2418678104877472 
-0.29298993945121765,-0.2786492109298706,0.24007952213287354 
-0.4285871982574463,0.010171309113502502,-0.02912048064172268 
0.2698916494846344,0.011115959845483303,0.17287535965442657 
-0.513739824295044,0.429465115070343,-0.0890224352478981 
-0.04894743859767914,-0.08982869237661362,0.05403629690408707 
-0.596924901008606,0.3294651210308075,0.11392880976200104 
0.7613962888717651,0.2873334586620331,0.24854235351085663 
0.4483925700187683,0.3528535068035126,-0.23572757840156555 
-0.4959411919116974,0.2507752478122711,-0.06277858465909958 
-0.3735528290271759,0.22682008147239685,0.24489730596542358 
-0.185566246509552,-0.4730757474899292,-0.43761685490608215 
0.6486043334007263,0.2507752478122711,0.004543288145214319 
0.5392131805419922,-0.2485700249671936,-0.33355483412742615 
0.623287558555603,0.011115959845483303,-0.23105964064598083 
-0.3529202342033386,0.3294651210308075,-0.1722075641155243 
0.10155388712882996,0.2507752478122711,0.06345582753419876 
0.41640782356262207,-0.37723222374916077,-0.33667221665382385 
0.47928282618522644,0.21520081162452698,0.24697551131248474 
-0.3781425654888153,0.2507752478122711,0.2317274510860443 
-0.6810938119888306,0.011115959845483303,0.09711392968893051 
0.35406047105789185,0.011115959845483303,0.021371394395828247 
-0.16776761412620544,-0.3513486385345459,-0.19742988049983978 
-0.8453304767608643,0.15285351872444153,-0.11789796501398087 
-0.07517240196466446,0.010171309113502502,-0.2142447680234909 
0.058419570326805115,-0.09689734131097794,-0.2517867088317871 
0.2025376409292221,0.3285204768180847,-0.13007588684558868 
0.1446692943572998,-0.3064383864402771,-0.23355484008789062 
0.8451482653617859,-0.07282749563455582,-0.22166845202445984 
-0.6591777801513672,-0.34520837664604187,0.3444249629974365 
-0.31821224093437195,0.22946512699127197,-0.12070359289646149 
-0.743913471698761,-0.17279917001724243,0.19809769093990326 
-0.6438189148902893,-0.4773266911506653,-0.10583732277154922 
-0.5784650444984436,0.42181339859962463,-0.4462132453918457 
-0.006853558123111725,0.22946512699127197,0.23271122574806213 
-0.4285871982574463,0.010171309113502502,0.2822665870189667 
0.14359109103679657,-0.004470864310860634,-0.3377113342285156 
-0.5707188844680786,-0.4513486325740814,-0.0216684490442276 
-0.7137398719787598,0.42842596769332886,0.4400795102119446 
0.46345171332359314,-0.1138903945684433,-0.33355483412742615 
-0.6895012259483337,0.2507752478122711,0.24863681197166443 
0.22677621245384216,-0.4772322177886963,0.4417799115180969 
-0.5801100730895996,-0.23175516724586487,0.3389459550380707 
-0.5127560496330261,-0.37864920496940613,0.34007951617240906 
-0.10041362047195435,-0.3513486385345459,0.22332000732421875 
0.3876902461051941,-0.3513486385345459,0.2317274510860443 
-0.46231144666671753,-0.02835177257657051,-0.33619987964630127 
0.6570117473602295,0.011115959845483303,-0.03753736987709999 
-0.18458248674869537,0.25757676362991333,0.342157781124115 
-0.04150485619902611,0.3285204768180847,0.20650513470172882 
0.5138963460922241,0.3294651210308075,0.3243037760257721 
0.0931464433670044,0.3285204768180847,-0.2142447680234909 
0.661112904548645,0.22748133540153503,0.06806444376707077 
0.5138963460922241,0.2507752478122711,0.10553082078695297 
0.10898701846599579,-0.1044708639383316,-0.2377113401889801 
-0.5539039969444275,-0.34016260504722595,-0.23355484008789062 
0.361484169960022,-0.2513486444950104,-0.07863805443048477 
0.47928282618522644,-0.3737923502922058,0.23894596099853516 
-0.8232254981994629,0.019758261740207672,0.4428190290927887 
-0.0667649656534195,-0.1559748351573944,0.3389459550380707 
0.2277599722146988,0.010171309113502502,-0.22265221178531647 
-0.2845824956893921,0.019758261740207672,0.4389459490776062 
0.6485098600387573,-0.3513486385345459,0.07185382395982742 
0.32874372601509094,0.3285204768180847,-0.23105964064598083 
0.3119288384914398,-0.3513486385345459,-0.2647838890552521 
-0.18458248674869537,0.2507752478122711,0.08028015494346619 
0.4045051336288452,0.2507752478122711,-0.012286707758903503 
-0.5390565991401672,-0.2513486444950104,0.05403629690408707 
-0.6305546760559082,-0.012906642630696297,-0.3377113342285156 
-0.6389620900154114,-0.23175516724586487,-0.33355483412742615 
0.30352136492729187,0.011115959845483303,0.31589633226394653 
-0.04053054749965668,-0.11992543935775757,0.24291348457336426 
-0.10882106423377991,0.010171309113502502,0.08869704604148865 
0.6822341084480286,-0.19803091883659363,-0.33355483412742615 
0.31291261315345764,-0.2513486444950104,0.07086062431335449 
0.6517607569694519,-0.4915910065174103,-0.241301029920578 
-0.743913471698761,-0.2485700249671936,0.08028015494346619 
-0.4191960096359253,-0.4663686752319336,0.4424411654472351 
0.033235035836696625,-0.2513486444950104,0.05403629690408707 
0.6064726710319519,0.3294651210308075,-0.08803869783878326 
-0.36973512172698975,-0.16441060602664948,0.3389459550380707 
0.5476205945014954,0.011115959845483303,0.22332000732421875 
0.13421878218650818,0.2289927899837494,0.08767550438642502 
0.656578540802002,0.22937065362930298,-0.3142447769641876 
-0.06776761263608932,-0.4513486325740814,-0.019729286432266235 
-0.8453304767608643,-0.09152907133102417,-0.12071304023265839 
-0.8391901850700378,-0.6375404000282288,0.29298028349876404 
0.745148241519928,-0.2737923562526703,0.1223362535238266 
-0.6306491494178772,-0.3513486385345459,0.11392880976200104 
0.8326787352561951,0.111115962266922,0.19057956337928772 
-0.23502713441848755,0.3285204768180847,0.25704425573349 
-0.6726863384246826,0.2507752478122711,-0.11326102167367935 
-0.007842975668609142,0.2507752478122711,0.1223362535238266 
0.30352136492729187,0.3294651210308075,0.25704425573349 
0.0773153230547905,0.1110215038061142,-0.17122381925582886 
0.05007825791835785,0.15096420049667358,-0.43109872937202454 
0.5896577835083008,-0.3513486385345459,0.2990814447402954 
0.4297274351119995,0.011115959845483303,-0.13848333060741425 
0.505488932132721,0.011115959845483303,0.33271121978759766 
-0.007838252000510693,0.3294651210308075,-0.12166845053434372 
-0.5379784107208252,0.2507752478122711,0.04662206023931503 
0.6319230198860168,0.11383920162916183,-0.23147660493850708 
0.5644354820251465,0.010549170896410942,-0.331098735332489 
0.04265457019209862,0.2507752478122711,0.26545169949531555 
0.6451482176780701,-0.38219979405403137,0.3570442497730255 
0.49609771370887756,-0.11988765001296997,-0.23752239346504211 
-0.19397369027137756,0.11017131060361862,0.3233200013637543 
0.5980652570724487,0.2507752478122711,0.2738591134548187 
0.8074564933776855,-0.11290664225816727,-0.43771132826805115 
0.19413019716739655,0.3294651210308075,0.13074369728565216 
0.30352136492729187,0.2507752478122711,0.04662206023931503 
-0.23601090908050537,0.1507752537727356,-0.35637640953063965 
0.4297274351119995,0.2507752478122711,-0.22265221178531647 
-0.6211634874343872,-0.08982869237661362,-0.0216684490442276 
0.6326786875724792,-0.08888404071331024,-0.053377941250801086 
-0.6726863384246826,0.2507752478122711,-0.24796898663043976 
-0.3939736783504486,-0.15697747468948364,0.4389459490776062 
-0.2434345930814743,0.011115959845483303,0.08028015494346619 
0.10155388712882996,-0.3513486385345459,0.10551192611455917 
-0.6439134478569031,-0.27279916405677795,-0.14595425128936768 
0.4812503755092621,0.429465115070343,-0.3142447769641876 
-0.25085824728012085,0.22946512699127197,-0.05539269000291824 
-0.35390400886535645,-0.4513486325740814,-0.33115410804748535 
0.7484545111656189,-0.36636868119239807,-0.22274667024612427 
0.43715113401412964,-0.08982869237661362,-0.13946709036827087 
-0.3360109031200409,0.010171309113502502,-0.1722075641155243 
-0.6558714509010315,0.2507752478122711,0.06345582753419876 
0.30352136492729187,0.3294651210308075,-0.07119547575712204 
0.1089879646897316,0.35077524185180664,-0.12265221029520035 
-0.5127560496330261,0.3294651210308075,-0.13848333060741425 
0.15373802185058594,0.2217189371585846,-0.24621325731277466 
0.18572275340557098,0.2507752478122711,0.24863681197166443 
-0.362311452627182,0.4291817247867584,0.3149125576019287 
0.2605004608631134,0.35077524185180664,0.07087951898574829 
-0.4875337481498718,0.011115959845483303,0.06344638019800186 
-0.596924901008606,-0.1139092966914177,0.3380012810230255 
-0.12661969661712646,-0.1718154102563858,-0.23355484008789062 
0.5644354820251465,0.011115959845483303,-0.13848333060741425 
-0.8231310248374939,-0.07074664533138275,0.4363009035587311 
0.5382293462753296,0.429465115070343,-0.038483329117298126 
-0.596924901008606,-0.3513486385345459,-0.29841360449790955 
-0.2939736843109131,0.2507752478122711,0.0550389401614666 
-0.6478809714317322,-0.14857003092765808,-0.2310987412929535 
-0.4201797842979431,0.2507752478122711,0.13074369728565216 
-0.08358929306268692,-0.28219980001449585,0.3381902277469635 
-0.444418340921402,-0.18219980597496033,-0.23355484008789062 
0.135183647274971,-0.09709346294403076,0.3380012810230255 
0.7410861849784851,0.2479412853717804,0.34725892543792725 
-0.743913471698761,-0.06339852511882782,-0.2394670844078064 
0.5297274589538574,0.111115962266922,0.15704426169395447 
0.6654192209243774,0.2507752478122711,0.13074369728565216 
-0.6315383911132812,0.22946512699127197,-0.19000619649887085 
0.6401024460792542,-0.1391505002975464,0.3389459550380707 
-0.30238112807273865,-0.3513486385345459,-0.09644613415002823 
-0.5127560496330261,-0.3513486385345459,0.13074369728565216 
-0.08358929306268692,0.010171309113502502,0.22332000732421875 
0.37087535858154297,-0.16439172625541687,0.3389459550380707 
0.4624679386615753,-0.2786492109298706,0.24007952213287354 
-0.03404337912797928,0.2285204827785492,0.23915114998817444 
0.14359109103679657,-0.28219980001449585,-0.33355483412742615 
-0.403364896774292,0.3294651210308075,-0.0796123594045639 
-0.7221472859382629,0.429465115070343,0.1317274570465088 
-0.21821224689483643,0.010171309113502502,0.2990814447402954 
-0.4454965591430664,-0.3513486385345459,0.26545169949531555 
-0.04894743859767914,-0.1906072497367859,0.4389459490776062 
0.5138963460922241,-0.3513486385345459,-0.3068210780620575 
0.8489269018173218,-0.4733591377735138,0.18869704008102417 
-0.2434345930814743,0.3294651210308075,-0.27319130301475525 
-0.403364896774292,0.2510586380958557,0.3386625349521637 
-0.6642789244651794,0.010171309113502502,-0.09644613415002823 
-0.5717025995254517,0.2507752478122711,-0.29000619053840637 
-0.622147262096405,0.011115959845483303,0.24013489484786987 
0.533545196056366,0.25285351276397705,-0.3357275724411011 
0.11738501489162445,-0.2513486444950104,0.11294222623109818 
0.16789577901363373,-0.08888404071331024,-0.03655362129211426 
-0.32858720421791077,0.22946512699127197,-0.35637640953063965 
0.05847625061869621,-0.4513486325740814,-0.3647838830947876 
0.613896369934082,-0.2513486444950104,-0.019729286432266235 
-0.631255030632019,-0.3423190712928772,-0.24763020873069763 
0.26148417592048645,0.2507752478122711,-0.1722075641155243 
0.7009382843971252,-0.299014687538147,-0.3348773717880249 
0.4970814883708954,0.011115959845483303,0.06344638019800186 
-0.26132768392562866,0.22946512699127197,0.12138084322214127 
0.14359109103679657,0.011115959845483303,0.13915114104747772 
0.46345171332359314,0.3294651210308075,0.15606048703193665 
0.24457484483718872,-0.3513486385345459,-0.18902243673801422 
-0.007849588058888912,0.010171309113502502,-0.13848333060741425 
-0.11722850799560547,0.3285204768180847,0.2738591134548187 
0.5728428959846497,-0.3513486385345459,-0.13007588684558868 
-0.5464802980422974,0.2507752478122711,0.33271121978759766 
-0.6135118007659912,0.10969898104667664,0.4385680854320526 
0.025820793583989143,-0.10547634214162827,-0.33355483412742615 
0.745148241519928,-0.2737923562526703,-0.13007588684558868 
0.17731532454490662,-0.20643837749958038,0.3389459550380707 
0.613896369934082,0.0029292032122612,0.23894596099853516 
0.8605461120605469,-0.5757598876953125,0.4120232164859772 
0.6064726710319519,0.3294651210308075,0.07187271863222122 
-0.45390400290489197,-0.13072417676448822,-0.33355483412742615 
0.38670647144317627,-0.2513486444950104,0.33172744512557983 
-0.723131000995636,0.23112639784812927,0.34725892543792725 
-0.27617505192756653,-0.08982869237661362,-0.19841361045837402 
-0.40053093433380127,0.25285351276397705,-0.3357275724411011 
0.7478877305984497,-0.028191182762384415,-0.04594481363892555 
0.05107145383954048,0.3294651210308075,0.09711392968893051 
0.05947890132665634,0.011115959845483303,0.24863681197166443 
0.4550442397594452,0.2510586380958557,0.3386625349521637 
0.6576730012893677,0.3260643482208252,-0.34394606947898865 
-0.655438244342804,0.22937065362930298,-0.17961236834526062 
0.3792828321456909,0.2507752478122711,0.14765304327011108 
-0.5717025995254517,0.2507752478122711,-0.13007588684558868 
0.2025376409292221,0.2507752478122711,0.07186327129602432 
0.14359109103679657,0.2507752478122711,-0.18061500787734985 
0.6451482176780701,-0.3148458003997803,-0.07021172344684601 
0.3119288384914398,-0.3513486385345459,0.11392880976200104 
0.18572275340557098,-0.3513486385345459,0.24013489484786987 
-0.2855662405490875,0.2507752478122711,0.19809769093990326 
0.7483600378036499,0.0034642487298697233,-0.2394670844078064 
-0.16875138878822327,-0.2513486444950104,-0.03656306117773056 
0.05275426059961319,0.42171892523765564,-0.24621325731277466 
0.7483600378036499,-0.37335914373397827,-0.0796123594045639 
0.04359108954668045,0.1507752537727356,0.25606048107147217 
-0.08357984572649002,-0.28219980001449585,-0.33355483412742615 
-0.7480699419975281,-0.30742213129997253,0.33271121978759766 
-0.2939736843109131,0.3294651210308075,-0.09644613415002823 
-0.1603439450263977,-0.2391504943370819,0.4389459490776062 
0.4802665710449219,-0.3513486385345459,-0.1048535704612732 
-0.743913471698761,-0.1391410529613495,-0.15539269149303436 
0.6401969194412231,0.011115959845483303,0.1896902471780777 
0.6451482176780701,-0.16339853405952454,0.12332000583410263 
-0.36973512172698975,-0.07181540876626968,-0.33355483412742615 
-0.655438244342804,0.22937065362930298,0.3149125576019287 
-0.655438244342804,0.22937065362930298,0.14661261439323425 
-0.10882106423377991,0.2507752478122711,-0.18902243673801422 
-0.41177234053611755,0.2507752478122711,-0.1468907743692398 
-0.2013973593711853,0.010171309113502502,-0.09644613415002823 
-0.743913471698761,-0.05498163402080536,0.13074369728565216 
-0.43699464201927185,0.2507752478122711,0.012958286330103874 
-0.033087968826293945,0.2507752478122711,0.012958286330103874 
-0.8416463136672974,-0.4733591377735138,0.0035538673400878906 
0.11836876720190048,0.3285204768180847,-0.07121436297893524 
0.2951139509677887,-0.2233477085828781,0.3389459550380707 
-0.25193649530410767,-0.3513486385345459,-0.239561527967453 
0.11935252696275711,-0.2513486444950104,0.03720252215862274 
-0.2013973593711853,0.2507752478122711,-0.07119547575712204 
0.19511395692825317,0.22946512699127197,0.2055308222770691 
0.39609771966934204,-0.3513486385345459,-0.22265221178531647 
-0.2013973593711853,-0.3158295750617981,-0.33355483412742615 
0.4307112991809845,0.429465115070343,0.33172744512557983 
0.745148241519928,-0.09706039726734161,0.10553082078695297 
0.07629377394914627,-0.3513486385345459,-0.11326102167367935 
0.35406047105789185,0.2507752478122711,0.26545169949531555 
0.39609771966934204,0.3294651210308075,0.22332000732421875 
0.2530767619609833,0.2507752478122711,-0.0796123594045639 
-0.32760345935821533,0.3285204768180847,0.24863681197166443 
-0.5127560496330261,0.2507752478122711,0.13915114104747772 
-0.006853558123111725,0.1507752537727356,-0.3647838830947876 
-0.403364896774292,-0.3513486385345459,-0.31513404846191406 
-0.31919601559638977,0.2507752478122711,-0.13848333060741425 
-0.5379784107208252,0.3294651210308075,-0.2563764154911041 
-0.2687513828277588,0.25757676362991333,-0.33761686086654663 
-0.19975236058235168,0.4265366494655609,-0.44394606351852417 
-0.2687513828277588,0.2507752478122711,0.29067400097846985 
0.2435910999774933,0.1507752537727356,0.4327112138271332 
0.3371511399745941,-0.1559653878211975,-0.33355483412742615 
0.6738266944885254,0.2507752478122711,0.22332000732421875 
0.2530767619609833,0.011115959845483303,-0.020703593268990517 
0.04167081415653229,0.429465115070343,-0.14594481885433197 
0.10155388712882996,0.010171309113502502,-0.12166845053434372 
0.623287558555603,-0.3513486385345459,-0.2142447680234909 
-0.31919601559638977,-0.3513486385345459,0.13915114104747772 
-0.3529202342033386,0.011115959845483303,0.021371394395828247 
0.5644354820251465,0.2507752478122711,-0.07119547575712204 
0.2025376409292221,-0.08864918351173401,-0.33355483412742615 
0.623287558555603,-0.3513486385345459,-0.054380591958761215 
-0.5379784107208252,0.3294651210308075,-0.0038698201533406973 
0.6738266944885254,-0.3513486385345459,0.26545169949531555 
0.14263567328453064,-0.2513486444950104,-0.1311541199684143 
-0.33699464797973633,-0.08888404071331024,0.24755859375 
-0.5379784107208252,-0.2737923562526703,-0.33355483412742615 
-0.743913471698761,-0.08023229986429214,-0.03753736987709999 
0.3876902461051941,0.3285204768180847,-0.3068210780620575 
-0.7148180603981018,0.010549170896410942,-0.19742988049983978 
-0.10882106423377991,-0.3513486385345459,-0.13007588684558868 
0.2624679505825043,0.22946512699127197,0.09613018482923508 
-0.12563593685626984,0.2507752478122711,0.012958286330103874 
-0.12563593685626984,-0.1559653878211975,-0.33355483412742615 
0.5138963460922241,-0.3513486385345459,0.24854235351085663 
-0.5380728840827942,0.010171309113502502,-0.27319130301475525 
0.7407083511352539,-0.30742213129997253,0.34272459149360657 
0.5138963460922241,-0.2906072437763214,0.3389459550380707 
0.6738266944885254,0.3294651210308075,-0.1722075641155243 
-0.12661969661712646,0.22946512699127197,-0.019710399210453033 
0.6064726710319519,0.2507752478122711,-0.18061500787734985 
0.7015995383262634,-0.45148220658302307,-0.29860255122184753 
-0.3613276779651642,0.010171309113502502,-0.2647838890552521 
-0.04992174357175827,0.2507752478122711,0.24863681197166443 
0.3025376498699188,0.2285204827785492,-0.33105963468551636 
-0.5295709371566772,0.3285204768180847,0.2738591134548187 
-0.504348635673523,-0.2906072437763214,0.3389459550380707 
-0.3613276779651642,-0.3513486385345459,0.24013489484786987 
-0.5474640130996704,-0.0307241752743721,-0.23355484008789062 
0.27731531858444214,-0.4513486325740814,-0.053396839648485184 
-0.5801100730895996,0.2507752478122711,-0.03753736987709999 
-0.1340433806180954,0.2507752478122711,-0.27319130301475525 
-0.6642789244651794,-0.3513486385345459,0.19809769093990326 
0.09214001893997192,-0.4513486325740814,0.08969024568796158 
0.5728428959846497,0.3285204768180847,-0.31522849202156067 
-0.8232254981994629,0.046957530081272125,-0.43771132826805115 
0.5476205945014954,0.2507752478122711,0.19809769093990326 
-0.7459917068481445,-0.37732669711112976,0.1503925323486328 
0.446636825799942,0.25757676362991333,-0.33761686086654663 
0.320336252450943,-0.299014687538147,-0.33355483412742615 
0.745148241519928,-0.09706039726734161,-0.16380013525485992 
0.5560280084609985,0.2507752478122711,0.02978828176856041 
0.5392131805419922,-0.1559653878211975,-0.33355483412742615 
-0.08357984572649002,0.2507752478122711,0.164467915892601 
-0.39495745301246643,-0.3513486385345459,-0.0796312540769577 
0.43822935223579407,0.3294651210308075,-0.04594481363892555 
0.14359109103679657,-0.3513486385345459,-0.2815987467765808 
0.6738266944885254,0.3294651210308075,-0.020703593268990517 
0.034237682819366455,-0.2485700249671936,-0.33355483412742615 
0.11742280423641205,0.42852047085762024,-0.1815987527370453 
-0.8451415300369263,-0.1185179054737091,-0.4358220100402832 
0.5223037600517273,0.3294651210308075,-0.11326102167367935 
0.7326787114143372,0.2507752478122711,-0.2394670844078064 
-0.6726863384246826,0.2507752478122711,0.14765304327011108 
-0.596924901008606,0.011115959845483303,0.08028015494346619 
0.4802665710449219,0.2507752478122711,-0.054361701011657715 
-0.596924901008606,-0.3513486385345459,0.02976938709616661 
-0.5548877120018005,-0.3513486385345459,-0.1048535704612732 
0.6570117473602295,0.3294651210308075,-0.2563764154911041 
0.35406047105789185,0.011115959845483303,0.1896902471780777 
0.49609771370887756,-0.2513486444950104,-0.0216684490442276 
-0.01625419594347477,0.2507752478122711,-0.07119547575712204 
0.16890789568424225,-0.299014687538147,0.3389459550380707 
0.135183647274971,0.3294651210308075,0.06345582753419876 
0.4802665710449219,-0.004470864310860634,-0.3377113342285156 
-0.40903282165527344,-0.37751564383506775,0.3381902277469635 
0.008993633091449738,-0.08865863084793091,0.3386625349521637 
0.3277599811553955,0.10847093164920807,-0.4357275664806366 
0.6494936347007751,0.22946512699127197,0.4243037700653076 
-0.6979086995124817,0.3294651210308075,-0.1468907743692398 
-0.743913471698761,-0.2906072437763214,-0.15539269149303436 
0.3213200271129608,0.111115962266922,-0.1375373750925064 
-0.33699464797973633,-0.08982869237661362,-0.013261020183563232 
0.6486043334007263,0.011115959845483303,-0.12166845053434372 
-0.10980480164289474,-0.2513486444950104,-0.22166845202445984 
-0.4791262745857239,-0.20643837749958038,0.3389459550380707 
0.6009382605552673,-0.19706040620803833,-0.4348773658275604 
0.6990489959716797,0.3294651210308075,0.20650513470172882 
-0.41177234053611755,0.3285204768180847,0.2822665870189667 
0.7391968965530396,0.2514365017414093,-0.0031613281462341547 
-0.27715882658958435,0.010171309113502502,-0.2563764154911041 
0.22033625841140747,-0.18865862488746643,0.23894596099853516 
0.05947890132665634,0.2507752478122711,0.17287535965442657 
-0.6810938119888306,0.3294651210308075,0.11392880976200104 
-0.28655001521110535,0.429465115070343,0.21392881870269775 
-0.04254528135061264,-0.08982869237661362,-0.0638001337647438 
0.2540604770183563,-0.08888404071331024,0.005530819296836853 
0.2025376409292221,0.011115959845483303,0.22332000732421875 
-0.6642789244651794,-0.3513486385345459,-0.24796898663043976 
-0.4454965591430664,-0.3513486385345459,0.06343694031238556 
0.5392131805419922,0.2507752478122711,-0.23105964064598083 
0.6906415224075317,0.3294651210308075,0.11392880976200104 
0.18670648336410522,0.2285204827785492,-0.05539269000291824 
0.744203507900238,-0.16439172625541687,0.25704425573349 
0.46345171332359314,-0.2906072437763214,-0.33355483412742615 
-0.10785242170095444,-0.08916743844747543,0.1129450649023056 
0.34466928243637085,0.22946512699127197,0.2980976998806 
-0.2845824956893921,-0.2513486444950104,0.3569497764110565 
-0.2845824956893921,0.111115962266922,0.12137139588594437 
-0.7415518164634705,-0.3731701970100403,0.2821720838546753 
-0.6558714509010315,0.011115959845483303,0.01293372455984354 
0.5896577835083008,-0.23175516724586487,0.3380012810230255 
-0.6137398481369019,0.2507752478122711,0.2822665870189667 
-0.1340433806180954,0.3294651210308075,-0.012286707758903503 
-0.504348635673523,0.011115959845483303,0.24013489484786987 
0.6822341084480286,-0.3513486385345459,-0.27319130301475525 
0.6459038853645325,-0.30086490511894226,0.4423467218875885 
0.8532723188400269,-0.473925918340683,0.1739535927772522 
-0.007868480868637562,0.3285204768180847,0.2990814447402954 
0.1258019059896469,-0.2513486444950104,0.19067400693893433 
-0.46231144666671753,0.2507752478122711,0.2822665870189667 
-0.743913471698761,-0.13072417676448822,0.2822665870189667 
-0.2732303738594055,0.1076207384467125,0.24177992343902588 
-0.18358929455280304,-0.08945082873106003,-0.43109872937202454 
-0.7456138134002686,-0.3329278230667114,-0.27319130301475525 
0.7738267183303833,-0.2513486444950104,0.26446792483329773 
-0.05085825175046921,0.429465115070343,-0.37319129705429077 
0.15106201171875,0.35077524185180664,-0.12070359289646149 
-0.11722850799560547,-0.3513486385345459,0.31580185890197754 
0.3371511399745941,0.2507752478122711,-0.2142447680234909 
-0.5885174870491028,-0.3513486385345459,0.30748888850212097 
0.7391968965530396,0.2514365017414093,0.1651291847229004 
-0.3098047971725464,0.2285204827785492,0.26446792483329773 
-0.4191960096359253,0.429465115070343,-0.14787450432777405 
-0.14245082437992096,0.010549170896410942,0.33271121978759766 
-0.38655000925064087,-0.07182485610246658,0.3389459550380707 
0.2782990634441376,0.2507752478122711,0.29067400097846985 
0.6990489959716797,0.3294651210308075,-0.09644613415002823 
0.32874372601509094,0.2507752478122711,-0.054361701011657715 
0.3371511399745941,-0.3513486385345459,-0.003888714127242565 
-0.7147235870361328,-0.3513486385345459,-0.020722487941384315 
-0.2687513828277588,-0.25697746872901917,-0.33355483412742615 
-0.024671083316206932,0.3285204768180847,0.1223362535238266 
-0.6474640369415283,-0.18962348997592926,0.3386625349521637 
0.43822935223579407,0.3294651210308075,0.29067400097846985 
0.47284290194511414,-0.08888404071331024,0.09612073749303818 
0.5213200449943542,0.35077524185180664,0.1802801489830017 
0.35494980216026306,-0.4513486325740814,0.0644679144024849 
0.5560280084609985,0.2647561728954315,0.3428190350532532 
0.5392131805419922,0.3294651210308075,0.13074369728565216 
0.745148241519928,-0.23175516724586487,-0.06277858465909958 
0.4307112991809845,0.028184592723846436,-0.43355482816696167 
-0.5548877120018005,0.3294651210308075,0.1896902471780777 
0.18572275340557098,0.010171309113502502,-0.15539269149303436 
-0.5548877120018005,-0.03676865994930267,-0.3347828984260559 
-0.21821224689483643,0.3294651210308075,-0.19742988049983978 
0.6570117473602295,-0.3329278230667114,0.33989059925079346 
-0.6439134478569031,-0.24755793809890747,-0.17319130897521973 
0.3876902461051941,0.011115959845483303,0.3243037760257721 
0.025801900774240494,0.25757676362991333,0.342157781124115 
-0.743913471698761,-0.23175516724586487,0.24863681197166443 
-0.6642789244651794,0.010171309113502502,-0.2647838890552521 
-0.6305546760559082,0.011115959845483303,0.15606048703193665 
0.623287558555603,-0.2485700249671936,-0.33355483412742615 
0.623287558555603,0.011115959845483303,0.26545169949531555 
0.26890790462493896,0.429465115070343,0.215896338224411 
-0.31919601559638977,0.010171309113502502,-0.09644613415002823 
-0.5296654105186462,-0.3513486385345459,-0.24796898663043976 
0.6451482176780701,-0.013890393078327179,0.02880452573299408 
-0.28655001521110535,0.11054917424917221,0.1065051332116127 
0.744770348072052,-0.1812632828950882,-0.22265221178531647 
-0.10882106423377991,0.2507752478122711,0.2990814447402954 
-0.743913471698761,-0.299014687538147,0.13915114104747772 
-0.34441834688186646,0.2507752478122711,0.14765304327011108 
0.3372456133365631,0.3294651210308075,0.17287535965442657 
-0.16776761412620544,-0.3513486385345459,0.18128280341625214 
-0.04254528135061264,0.22238019108772278,0.24669212102890015 
0.8630967140197754,0.415295273065567,-0.23857781291007996 
-0.6810938119888306,-0.3513486385345459,-0.13857780396938324 
0.7489268779754639,-0.23175516724586487,-0.31532299518585205 
-0.7726863622665405,0.429465115070343,0.19067400693893433 
0.63178950548172,0.3294651210308075,0.26545169949531555 
0.34457483887672424,0.06865367293357849,0.4400795102119446 
-0.848069965839386,0.09552913904190063,0.16344638168811798 
-0.5100165605545044,0.25285351276397705,-0.3357275724411011 
0.06050045043230057,-0.08982869237661362,-0.3647838830947876 
-0.596924901008606,0.2507752478122711,0.13915114104747772 
0.5896577835083008,0.2507752478122711,0.1223362535238266 
0.505488932132721,0.3294651210308075,-0.20583732426166534 
-0.21821224689483643,0.2507752478122711,-0.27319130301475525 
-0.504348635673523,-0.3513486385345459,0.20650513470172882 
0.320336252450943,-0.3513486385345459,-0.18061500787734985 
-0.5211634635925293,0.3294651210308075,0.10553082078695297 
-0.743913471698761,-0.25697746872901917,0.004542343318462372 
-0.4201797842979431,0.2507752478122711,-0.07119547575712204 
-0.3266196846961975,0.2285204827785492,0.23271122574806213 
0.2371511459350586,-0.4730757474899292,-0.43761685490608215 
-0.6175575256347656,-0.6292273998260498,0.21485722064971924 
-0.5548877120018005,0.2507752478122711,-0.2142447680234909 
0.23616741597652435,-0.3513486385345459,-0.2647838890552521 
0.2698916494846344,0.011115959845483303,0.09711392968893051 
0.28670647740364075,0.2507752478122711,-0.27319130301475525 
0.2624679505825043,0.429465115070343,-0.038483329117298126 
0.6906415224075317,-0.03134633228182793,0.34007951617240906 
0.4045051336288452,0.3285204768180847,-0.20583732426166534 
0.16890789568424225,-0.3513486385345459,-0.12166845053434372 
-0.4454020857810974,0.3294651210308075,-0.1722075641155243 
0.17731532454490662,0.2507752478122711,-0.11326102167367935 
0.6822341084480286,-0.3513486385345459,0.004526284523308277 
-0.16776761412620544,0.3294651210308075,-0.0796123594045639 
-0.6558714509010315,0.3294651210308075,0.029797730967402458 
-0.20041361451148987,-0.4513486325740814,0.14660316705703735 
-0.2939736843109131,0.3294651210308075,-0.012286707758903503 
-0.21821224689483643,-0.28219980001449585,0.3389459550380707 
0.11836876720190048,0.011115959845483303,-0.012286707758903503 
-0.006853558123111725,-0.1718154102563858,-0.23355484008789062 
-0.2603439390659332,0.2507752478122711,-0.012286707758903503 
0.5391187071800232,0.011115959845483303,-0.2142447680234909 
-0.5707188844680786,0.22946512699127197,-0.1375279277563095 
-0.2687513828277588,-0.1391410529613495,-0.33355483412742615 
-0.31919601559638977,-0.3513486385345459,-0.27319130301475525 
-0.6642789244651794,0.3294651210308075,-0.2563764154911041 
-0.6559659242630005,0.2647561728954315,0.3453696072101593 
-0.12398148328065872,0.22653666138648987,-0.24394607543945312 
0.0005663546035066247,0.010171309113502502,-0.2647838890552521 
-0.7081109285354614,-0.4085948169231415,0.3452751338481903 
0.23518365621566772,0.15096420049667358,-0.43109872937202454 
-0.723225474357605,0.01083256583660841,0.164467915892601 
0.4035213589668274,0.19177332520484924,0.4470699727535248 
-0.12003282457590103,-0.26976943016052246,-0.23289358615875244 
-0.6726863384246826,0.2507752478122711,-0.02912048064172268 
0.6299391984939575,-0.573020339012146,0.27881044149398804 
0.6316949725151062,0.25757676362991333,0.3424411714076996 
-0.7480699419975281,0.2648506164550781,-0.11326102167367935 
-0.6570441126823425,0.38185444474220276,0.38784003257751465 
0.656578540802002,0.22937065362930298,0.25606048107147217 
-0.6305546760559082,0.2507752478122711,-0.18902243673801422 
-0.41177234053611755,-0.3513486385345459,-0.16380013525485992 
0.4550442397594452,-0.1559748351573944,0.3389459550380707 
0.09214001893997192,-0.4513486325740814,-0.18803870677947998 
-0.09199672937393188,0.3294651210308075,-0.11326102167367935 
-0.6305546760559082,0.2507752478122711,0.20650513470172882 
0.505488932132721,0.2507752478122711,0.2738591134548187 
-0.5801100730895996,0.3294651210308075,-0.09644613415002823 
-0.6726863384246826,-0.3513486385345459,0.0550200492143631 
0.41291260719299316,0.011115959845483303,0.06344638019800186 
-0.31177234649658203,0.111115962266922,-0.028136730194091797 
0.5559335350990295,-0.3513486385345459,-0.24796898663043976 
0.08472011238336563,0.010171309113502502,-0.29841360449790955 
0.3119288384914398,0.010171309113502502,-0.31522849202156067 
-0.6895012259483337,0.011115959845483303,0.26545169949531555 
0.16789577901363373,0.42852047085762024,-0.24689078330993652 
0.6570117473602295,0.011115959845483303,0.08028015494346619 
0.5812503695487976,-0.3513486385345459,0.10551192611455917 
0.4045051336288452,0.010171309113502502,-0.20583732426166534 
0.16890789568424225,-0.19803091883659363,-0.33355483412742615 
-0.2013973593711853,0.2507752478122711,0.26545169949531555 
-0.45390400290489197,0.2507752478122711,-0.2815987467765808 
-0.2687513828277588,-0.3513486385345459,0.26545169949531555 
-0.10041362047195435,-0.3513486385345459,-0.22265221178531647 
0.744770348072052,-0.18961404263973236,0.10553082078695297 
0.008959625847637653,-0.21484580636024475,0.3389459550380707 
-0.5295709371566772,-0.19803091883659363,-0.33355483412742615 
-0.07517240196466446,0.010171309113502502,-0.11326102167367935 
0.6158638596534729,0.22946512699127197,-0.053377941250801086 
0.008987965062260628,0.2507752478122711,-0.13848333060741425 
-0.1761750429868698,0.2507752478122711,-0.13848333060741425 
0.1605004519224167,0.3294651210308075,-0.012286707758903503 
-0.36973512172698975,0.2507752478122711,0.03820516914129257 
0.2951139509677887,0.011115959845483303,0.24013489484786987 
-0.403364896774292,0.010549170896410942,-0.3236359655857086 
0.4297274351119995,-0.3513486385345459,0.29067400097846985 
-0.6726863384246826,-0.2653849124908447,0.3389459550380707 
-0.5454965829849243,-0.13134633004665375,0.4400795102119446 
0.4802665710449219,0.011115959845483303,0.19809769093990326 
0.6623963713645935,0.2542704641819,-0.3413010239601135 
-0.36973512172698975,-0.3513486385345459,0.08867815136909485 
0.44654232263565063,-0.3513486385345459,-0.27319130301475525 
-0.6439134478569031,-0.27279916405677795,0.21392881870269775 
-0.7507149577140808,0.24605196714401245,-0.27224665880203247 
0.744675874710083,-0.37742114067077637,-0.15255871415138245 
0.01740390807390213,0.2507752478122711,-0.3068210780620575 
-0.1427733302116394,0.22653666138648987,-0.24394607543945312 
-0.05833863094449043,-0.13072417676448822,-0.33355483412742615 
-0.6895012259483337,0.3294651210308075,0.1896902471780777 
0.10155388712882996,0.3285204768180847,-0.29841360449790955 
0.8469430804252625,-0.47751563787460327,-0.08705493807792664 
-0.3360109031200409,0.010171309113502502,0.2822665870189667 
-0.6810938119888306,0.25634872913360596,-0.3418678045272827 
0.11935252696275711,-0.27723222970962524,0.4417799115180969 
0.21094508469104767,-0.30742213129997253,-0.33355483412742615 
0.749588131904602,-0.33878472447395325,-0.2960519790649414 
-0.007871314883232117,0.010171309113502502,0.2317274510860443 
0.4970814883708954,0.011115959845483303,-0.15539269149303436 
-0.723603367805481,-0.47028088569641113,0.3731425106525421 
-0.403364896774292,-0.18963293731212616,-0.33355483412742615 
-0.4959411919116974,0.2507752478122711,-0.1468907743692398 
0.30352136492729187,-0.3513486385345459,0.2990814447402954 
-0.16875138878822327,0.1507752537727356,0.03074369579553604 
-0.2687513828277588,-0.3513486385345459,-0.1722075641155243 
-0.07419809699058533,-0.2513486444950104,0.21392881870269775 
-0.2855662405490875,-0.3513486385345459,-0.003888714127242565 
0.5896577835083008,0.3294651210308075,0.004548011347651482 
-0.743913471698761,-0.20643837749958038,-0.13848333060741425 
-0.01626364327967167,-0.299014687538147,-0.33355483412742615 
-0.2013973593711853,-0.1559653878211975,-0.33355483412742615 
-0.6548877358436584,0.22946512699127197,-0.2236359715461731 
0.07631266862154007,0.2507752478122711,-0.19742988049983978 
-0.5117723345756531,0.22946512699127197,-0.2236359715461731 
0.6654192209243774,0.2507752478122711,-0.22265221178531647 
0.10893884301185608,0.1108325645327568,0.4074888825416565 
0.83315110206604,0.1712905764579773,0.4349783658981323 
0.6463762521743774,-0.25597482919692993,-0.19085639715194702 
-0.723131000995636,0.2507752478122711,0.04662206023931503 
-0.848069965839386,0.10327531397342682,-0.1563764214515686 
0.4210920035839081,0.22776472568511963,-0.23884493112564087 
-0.19397369027137756,0.1108325645327568,0.2476530373096466 
-0.3613276779651642,0.3285204768180847,0.1896902471780777 
0.21345655620098114,-0.27723222970962524,-0.4366722106933594 
-0.5211634635925293,-0.3513486385345459,-0.18061500787734985 
0.446636825799942,0.3294651210308075,0.0550389401614666 
-0.1499217450618744,0.35077524185180664,-0.1563764214515686 
-0.09099408984184265,0.42880383133888245,-0.11424476653337479 
-0.6895012259483337,0.3294651210308075,-0.04594481363892555 
-0.09298992902040482,0.35077524185180664,0.1045432910323143 
0.2951139509677887,0.3294651210308075,0.004548011347651482 
-0.6642789244651794,-0.12231672555208206,0.3380012810230255 
-0.16776761412620544,0.010171309113502502,-0.23105964064598083 
0.39609771966934204,0.010171309113502502,-0.27319130301475525 
-0.11722850799560547,0.2507752478122711,0.10553082078695297 
-0.04892854765057564,0.22946512699127197,0.3654516935348511 
0.3109450936317444,0.111115962266922,0.23074370622634888 
-0.12563593685626984,0.010171309113502502,0.15606048703193665 
-0.6474640369415283,-0.3513486385345459,0.2738591134548187 
0.4708753526210785,-0.08888404071331024,-0.18803870677947998 
0.05848569795489311,0.11017131060361862,-0.028136730194091797 
0.4802665710449219,0.2507752478122711,0.164467915892601 
0.13616740703582764,0.22946512699127197,-0.15436169505119324 
-0.5632951259613037,-0.05499108135700226,0.3389459550380707 
0.6401969194412231,0.2507752478122711,-0.06277858465909958 
0.745148241519928,-0.2232532650232315,0.22332000732421875 
0.4718591272830963,0.2507752478122711,0.012958286330103874 
-0.1499217450618744,0.04501836746931076,-0.23355484008789062 
0.1258208006620407,0.1507752537727356,0.16345582902431488 
-0.10041362047195435,-0.21484580636024475,0.3380012810230255 
-0.025635935366153717,-0.022316724061965942,0.4389459490776062 
-0.1434345841407776,0.09552913904190063,-0.2377113401889801 
-0.18458248674869537,0.010360236279666424,0.11392880976200104 
-0.15095272660255432,0.010171309113502502,0.26545169949531555 
-0.8439134955406189,-0.3317551612854004,0.047653041779994965 
0.5728428959846497,-0.14756739139556885,0.3389459550380707 
0.23616741597652435,0.01083256583660841,-0.1048535704612732 
0.42132002115249634,0.2507752478122711,-0.13848333060741425 
0.6990489959716797,0.011115959845483303,0.2317274510860443 
-0.7039545178413391,-0.45629996061325073,-0.28745561838150024 
-0.16776761412620544,-0.3513486385345459,-0.2647838890552521 
0.4708753526210785,0.429465115070343,0.02880452573299408 
-0.5380728840827942,0.010171309113502502,-0.20583732426166534 
-0.2855662405490875,0.3294651210308075,-0.1722075641155243 
-0.10784297436475754,0.35077524185180664,0.08969024568796158 
0.2530767619609833,0.2507752478122711,-0.012286707758903503 
0.46345171332359314,-0.1812160462141037,-0.33355483412742615 
0.20155388116836548,-0.2513486444950104,0.1381862759590149 
0.1294010430574417,-0.2861282527446747,-0.4582103490829468 
0.4970814883708954,0.011115959845483303,0.13074369728565216 
-0.05833863094449043,0.010171309113502502,0.15606048703193665 
0.12677621841430664,0.011115959845483303,0.24863681197166443 
-0.6726863384246826,-0.031365230679512024,0.34007951617240906 
0.6738266944885254,0.2507752478122711,0.29067400097846985 
-0.8231310248374939,0.429465115070343,-0.12265221029520035 
0.33616742491722107,0.35757675766944885,-0.2376168668270111 
-0.3361053764820099,0.2576712369918823,0.342157781124115 
0.10996133089065552,-0.3513486385345459,0.2822665870189667 
0.16989165544509888,-0.45796123147010803,-0.2377113401889801 
-0.839851438999176,0.11054917424917221,-0.19644613564014435 
0.7074564695358276,0.2507752478122711,0.0550389401614666 
-0.7972474098205566,0.2218134105205536,-0.4462132453918457 
-0.743913471698761,-0.06339852511882782,0.2822665870189667 
-0.2603439390659332,-0.3332112431526184,0.33979615569114685 
-0.11722850799560547,-0.05499108135700226,0.3389459550380707 
-0.41177234053611755,0.2507752478122711,-0.23105964064598083 
-0.622147262096405,0.010171309113502502,-0.1469852477312088 
-0.7316328883171082,0.2507752478122711,0.19809769093990326 
0.30352136492729187,0.2507752478122711,0.22332000732421875 
-0.6135899424552917,-0.40901175141334534,-0.23346039652824402 
-0.32760345935821533,-0.1138998493552208,0.3389459550380707 
-0.09947709739208221,0.2288038432598114,0.15503893792629242 
0.5896577835083008,-0.3513486385345459,0.021361948922276497 
0.745148241519928,-0.05498163402080536,-0.11326102167367935 
0.4876902401447296,-0.21389040350914001,-0.43355482816696167 
-0.504348635673523,-0.3513486385345459,-0.06279747933149338 
-0.12563593685626984,-0.3513486385345459,0.13074369728565216 
-0.04994063824415207,-0.3513486385345459,0.26545169949531555 
-0.34451279044151306,-0.299014687538147,0.3389459550380707 
0.6486043334007263,-0.046611979603767395,-0.33355483412742615 
-0.4454965591430664,0.010171309113502502,-0.27319130301475525 
0.17829906940460205,0.42852047085762024,-0.17319130897521973 
0.12677621841430664,-0.2485700249671936,0.3389459550380707 
0.3698916435241699,-0.08982869237661362,-0.2722075581550598 
0.04359108954668045,-0.4513486325740814,0.08969024568796158 
0.17731532454490662,-0.046574193984270096,0.3389459550380707 
0.14359109103679657,-0.12230728566646576,-0.33355483412742615 
-0.1761750429868698,0.3294651210308075,0.03820516914129257 
0.41291260719299316,-0.21484580636024475,0.3389459550380707 
-0.4707188904285431,0.2507752478122711,0.08869704604148865 
-0.36973512172698975,-0.23175516724586487,0.3389459550380707 
0.7074564695358276,0.3294651210308075,0.2738591134548187 
0.21770751476287842,-0.09001762419939041,0.23866254091262817 
0.8148247599601746,-0.622236967086792,0.21920263767242432 
0.8157694339752197,-0.4345174729824066,-0.3582657277584076 
-0.7063161134719849,0.2507752478122711,-0.18061500787734985 
0.5990489721298218,0.111115962266922,-0.2974298894405365 
-0.3360109031200409,0.2509641945362091,-0.331098735332489 
0.062275078147649765,-0.37751564383506775,0.3381902277469635 
0.7579955458641052,0.28175997734069824,-0.29000619053840637 
-0.45390400290489197,-0.3158295750617981,-0.33355483412742615 
0.703866720199585,-0.4476091265678406,0.2999316453933716 
0.21094508469104767,0.2507752478122711,0.13915114104747772 
-0.4191960096359253,0.22946512699127197,0.1802895963191986 
0.23616741597652435,-0.3513486385345459,0.08027071505784988 
0.15209300816059113,0.3285204768180847,-0.18902243673801422 
-0.2939736843109131,0.2507752478122711,-0.19742988049983978 
0.3371511399745941,-0.3513486385345459,0.17287535965442657 
0.6148801445960999,0.2507752478122711,0.19809769093990326 
-0.5380728840827942,-0.3513486385345459,0.07185382395982742 
-0.5717025995254517,-0.3513486385345459,-0.029139375314116478 
0.745148241519928,-0.28219980001449585,0.0550389401614666 
-0.2939736843109131,-0.08023229986429214,-0.33355483412742615 
-0.12563593685626984,-0.3513486385345459,-0.012305599637329578 
0.6316949725151062,-0.1559653878211975,-0.33355483412742615 
-0.6642789244651794,-0.2906072437763214,-0.33355483412742615 
0.2782990634441376,-0.13072417676448822,-0.33355483412742615 
0.5980652570724487,-0.30742213129997253,-0.33355483412742615 
0.11836876720190048,0.2507752478122711,0.2149125635623932 
0.3624679446220398,0.011115959845483303,0.26545169949531555 
0.1446692943572998,0.22946512699127197,0.18226659297943115 
0.6147302389144897,-0.4034382402896881,-0.23355484008789062 
-0.6137398481369019,0.25757676362991333,-0.33761686086654663 
0.41291260719299316,0.2507752478122711,0.29067400097846985 
0.7490212917327881,0.2729746699333191,-0.06277858465909958 
0.6906415224075317,0.011115959845483303,-0.2647838890552521 
-0.7501481771469116,-0.41001179814338684,-0.2969966530799866 
0.7620575428009033,-0.45148220658302307,-0.31522849202156067 
-0.08949469774961472,-0.4772322177886963,-0.4366722106933594 
-0.6895012259483337,-0.046611979603767395,-0.33355483412742615 
-0.743913471698761,-0.08023229986429214,0.1896902471780777 
-0.5117723345756531,0.22238019108772278,0.24697551131248474 
0.745148241519928,-0.3158295750617981,0.19809769093990326 
0.4886740744113922,0.30688783526420593,-0.34734681248664856 
0.7489268779754639,0.2647561728954315,-0.1722075641155243 
-0.2603439390659332,0.2507752478122711,-0.08803869783878326 
0.009961329400539398,-0.4158295691013336,0.23894596099853516 
0.47284290194511414,0.429465115070343,0.20748889446258545 
0.6316949725151062,0.2507752478122711,0.06345582753419876 
-0.04992174357175827,0.2507752478122711,-0.15539269149303436 
0.28670647740364075,0.2507752478122711,0.10553082078695297 
0.6401969194412231,0.011115959845483303,0.021371394395828247 
0.05848569795489311,-0.08982869237661362,-0.15437114238739014 
0.0678863376379013,-0.1054895669221878,0.3380012810230255 
-0.27715882658958435,-0.19803091883659363,0.3381902277469635 
0.22033625841140747,-0.11484580487012863,-0.43355482816696167 
-0.504348635673523,0.010171309113502502,-0.06278803199529648 
0.7158638834953308,0.3294651210308075,-0.27319130301475525 
0.23616741597652435,0.011115959845483303,0.29067400097846985 
-0.36034393310546875,-0.08982869237661362,-0.013261020183563232 
-0.839756965637207,-0.25598427653312683,0.24291348457336426 
0.7158638834953308,0.011115959845483303,-0.0796123594045639 
0.7440146207809448,0.020373594015836716,-0.30228671431541443 
0.46345171332359314,0.2507752478122711,-0.27319130301475525 
-0.32760345935821533,0.2507752478122711,0.26545169949531555 
0.3371511399745941,0.011115959845483303,-0.03753736987709999 
0.6906415224075317,-0.10548674315214157,0.3389459550380707 
-0.743913471698761,-0.10547823458909988,-0.1048535704612732 
-0.5717025995254517,0.3294651210308075,0.04662206023931503 
-0.5296654105186462,-0.17279917001724243,0.3380012810230255 
0.08572275191545486,-0.23074305057525635,0.43800127506256104 
0.744203507900238,-0.24016259610652924,-0.18061500787734985 
0.34555861353874207,0.010360236279666424,-0.1722075641155243 
-0.3529202342033386,-0.3513486385345459,-0.13007588684558868 
0.745148241519928,-0.2232532650232315,0.15606048703193665 
-0.8439134955406189,0.019767701625823975,-0.2806150019168854 
-0.06776761263608932,0.35077524185180664,0.0391511395573616 
-0.07516295462846756,0.2507752478122711,-0.03753736987709999 
0.1510525643825531,-0.4513486325740814,-0.1375468224287033 
0.745148241519928,-0.06339852511882782,0.04662206023931503 
0.5728428959846497,0.01083256583660841,-0.2647838890552521 
0.6906415224075317,0.28166550397872925,0.34725892543792725 
-0.37912628054618835,0.22946512699127197,-0.12265221029520035 
0.44654232263565063,-0.3513486385345459,-0.15539269149303436 
0.4802665710449219,-0.046574193984270096,0.3389459550380707 
0.20155388116836548,0.22946512699127197,-0.08703698962926865 
-0.5885174870491028,-0.1812160462141037,-0.33355483412742615 
0.745148241519928,-0.09708873927593231,0.17287535965442657 
-0.3529202342033386,0.3294651210308075,-0.04594481363892555 
-0.6043486595153809,-0.19706135988235474,-0.23355484008789062 
-0.5379784107208252,0.011115959845483303,0.02978828176856041 
0.0931464433670044,0.2507752478122711,0.2990814447402954 
-0.6137398481369019,-0.28219980001449585,0.3389459550380707 
-0.5380728840827942,-0.3513486385345459,0.2738591134548187 
-0.362311452627182,0.429465115070343,-0.20485356450080872 
0.7136911153793335,0.15054722130298615,-0.33657774329185486 
-0.06857739388942719,0.22710347175598145,0.2449917495250702 
0.5560280084609985,-0.019925439730286598,0.3429134786128998 
-0.3425290286540985,-0.35692211985588074,-0.3284536898136139 
-0.743913471698761,-0.3158295750617981,0.04662206023931503 
-0.46231144666671753,-0.3332112431526184,0.33979615569114685 
-0.8316329121589661,-0.011894546449184418,0.4431024193763733 
-0.27715882658958435,0.3285204768180847,0.2149125635623932 
-0.2434345930814743,0.3294651210308075,-0.13007588684558868 
0.53071129322052,-0.3513486385345459,0.13915114104747772 
0.0931464433670044,-0.23175516724586487,-0.33355483412742615 
0.0678768903017044,-0.3513486385345459,-0.1722075641155243 
0.6822341084480286,-0.3513486385345459,-0.06279747933149338 
-0.30238112807273865,0.011115959845483303,0.07186327129602432 
0.5297274589538574,0.21529528498649597,-0.4473468065261841 
0.47928282618522644,-0.2513486444950104,-0.061813727021217346 
-0.6053323745727539,-0.08864918351173401,-0.33355483412742615 
-0.226619690656662,0.010171309113502502,0.24013489484786987 
0.21935252845287323,0.2507752478122711,0.19809769093990326 
0.8476043343544006,0.053425807505846024,0.4073944389820099 
-0.04993119090795517,-0.09707079827785492,0.3389459550380707 
0.2277599722146988,-0.3513486385345459,0.2822665870189667 
-0.6726863384246826,0.011115959845483303,0.19809769093990326 
0.21935252845287323,-0.2485700249671936,0.3389459550380707 
-0.5801100730895996,0.010171309113502502,-0.1048535704612732 
-0.8439134955406189,-0.0307241752743721,0.10454234480857849 
0.41291260719299316,0.2507752478122711,-0.07119547575712204 
0.5812503695487976,-0.08865863084793091,0.3389459550380707 
-0.4295709431171417,0.429465115070343,0.03722141683101654 
-0.10041362047195435,0.3285204768180847,0.19809769093990326 
0.6242712736129761,-0.08888404071331024,0.005530819296836853 
0.15209300816059113,0.2507752478122711,0.02978828176856041 
0.01738501340150833,0.3294651210308075,0.19809769093990326 
0.4718591272830963,-0.3513486385345459,-0.04596370458602905 
-0.3098047971725464,-0.2513486444950104,0.1381862759590149 
-0.622147262096405,0.2507752478122711,0.004543288145214319 
0.745148241519928,-0.05498163402080536,-0.20583732426166534 
-0.839662492275238,-0.2643917202949524,-0.2376168668270111 
0.135183647274971,0.011115959845483303,0.08028015494346619 
0.01740390807390213,-0.1559842824935913,0.3382847011089325 
0.6738266944885254,0.011115959845483303,0.2990814447402954 
-0.22563594579696655,-0.34016260504722595,-0.43355482816696167 
0.08472955226898193,0.011115959845483303,0.13074369728565216 
0.5812503695487976,-0.2906072437763214,0.3389459550380707 
-0.32760345935821533,0.010171309113502502,-0.03753736987709999 
-0.743913471698761,-0.13072417676448822,-0.2142447680234909 
-0.35390400886535645,0.429465115070343,0.25606048107147217 
-0.6137398481369019,0.2507752478122711,-0.08803869783878326 
-0.46973511576652527,0.22946512699127197,-0.1815987527370453 
0.10253763943910599,-0.14857003092765808,-0.23355484008789062 
-0.6305546760559082,0.3294651210308075,0.17287535965442657 
0.4550442397594452,0.3294651210308075,0.2149125635623932 
0.39609771966934204,-0.2906072437763214,-0.33355483412742615 
-0.16776761412620544,0.2507752478122711,-0.20583732426166534 
0.2782990634441376,-0.3513486385345459,0.164467915892601 
0.4456530511379242,0.1507752537727356,0.4243037700653076 
0.5138963460922241,0.010171309113502502,-0.29000619053840637 
0.2698916494846344,0.010171309113502502,-0.27319130301475525 
-0.17517240345478058,0.42842596769332886,0.24007952213287354 
0.5391187071800232,-0.37732669711112976,0.342063307762146 
-0.659972608089447,0.22748133540153503,-0.23857781291007996 
-0.6182187795639038,-0.6124125719070435,-0.3473077416419983 
0.6064726710319519,0.2730691432952881,-0.33761686086654663 
0.6627188324928284,0.19148993492126465,-0.06180427968502045 
-0.6364115476608276,-0.3756263256072998,-0.3349718153476715 
-0.7063161134719849,0.29848039150238037,0.34659767150878906 
-0.505332350730896,0.22946512699127197,-0.3900061845779419 
0.34565305709838867,0.2507752478122711,-0.27319130301475525 
-0.008821062743663788,0.35077524185180664,0.14013490080833435 
-0.38655000925064087,0.010171309113502502,-0.20583732426166534 
-0.31919601559638977,-0.3513486385345459,0.19809769093990326 
-0.7459917068481445,-0.37732669711112976,0.20933908224105835 
-0.403364896774292,-0.28219980001449585,-0.33355483412742615 
-0.3529202342033386,0.2507752478122711,-0.19742988049983978 
-0.226619690656662,0.2507752478122711,0.19809769093990326 
-0.596924901008606,-0.2737923562526703,-0.33355483412742615 
-0.5379784107208252,0.011115959845483303,0.10553082078695297 
0.745148241519928,-0.30742213129997253,-0.06277858465909958 
0.5728428959846497,0.011115959845483303,-0.06278803199529648 
-0.743913471698761,-0.06339852511882782,0.06345582753419876 
-0.655438244342804,0.429370641708374,-0.11229615658521652 
-0.16875138878822327,-0.29803091287612915,-0.23355484008789062 
0.6401969194412231,0.2507752478122711,-0.12166845053434372 
0.13423767685890198,0.42852047085762024,-0.17119547724723816 
-0.4707188904285431,0.3285204768180847,0.2738591134548187 
0.1604059785604477,-0.3513486385345459,0.10551192611455917 
-0.24254527688026428,0.11017131060361862,0.0035538673400878906 
-0.6895012259483337,-0.3513486385345459,0.11392880976200104 
0.6865795254707336,-0.3714698255062103,-0.33308249711990356 
-0.1920061707496643,-0.08982869237661362,-0.37319129705429077 
-0.2610051929950714,0.009698979556560516,0.3385680913925171 
-0.7520374655723572,0.19749663770198822,0.3099450170993805 
-0.12563593685626984,0.2730691432952881,-0.33761686086654663 
-0.2435290515422821,0.2576712369918823,0.342157781124115 
0.7486433982849121,-0.25697746872901917,0.31589633226394653 
-0.6810938119888306,0.010549170896410942,-0.3236359655857086 
-0.6296654343605042,0.415200799703598,0.4469754993915558 
-0.46231144666671753,-0.3513486385345459,-0.29000619053840637 
-0.5801100730895996,0.010171309113502502,-0.31522849202156067 
-0.6480699181556702,0.08709336072206497,0.20748889446258545 
0.6081176996231079,-0.5481759309768677,-0.2547151446342468 
0.7074564695358276,0.29848039150238037,-0.34734681248664856 
0.47284290194511414,-0.45796123147010803,-0.2377113401889801 
0.22677621245384216,0.42852047085762024,-0.038483329117298126 
-0.743913471698761,-0.2485700249671936,-0.27319130301475525 
0.35406047105789185,0.2507752478122711,0.021371394395828247 
-0.4454965591430664,-0.3513486385345459,-0.054380591958761215 
0.04166137054562569,-0.08982869237661362,0.1738591194152832 
0.20352137088775635,-0.2644200623035431,0.438284695148468 
0.6906415224075317,-0.16439172625541687,0.3389459550380707 
0.6401024460792542,0.011021499522030354,-0.29000619053840637 
0.17731532454490662,0.3285204768180847,-0.2815987467765808 
0.33813491463661194,-0.16339853405952454,-0.23355484008789062 
0.24368557333946228,0.22946512699127197,0.0644679144024849 
0.2025376409292221,0.2507752478122711,-0.16380013525485992 
-0.5632951259613037,-0.3513486385345459,0.15596602857112885 
0.37087535858154297,0.3294651210308075,0.2738591134548187 
0.4297274351119995,0.3285204768180847,-0.2647838890552521 
0.10996133089065552,-0.046574193984270096,0.3389459550380707 
0.0005342362564988434,-0.3158295750617981,0.3386625349521637 
0.10155388712882996,0.2507752478122711,0.004543288145214319 
0.6486043334007263,0.3294651210308075,0.029797730967402458 
0.7074564695358276,-0.3513486385345459,0.0550200492143631 
0.2435910999774933,0.1507752537727356,-0.13946709036827087 
-0.07617504149675369,0.11017131060361862,0.054045744240283966 
-0.16875138878822327,0.429465115070343,-0.06179483234882355 
0.5381349325180054,-0.2513486444950104,-0.053396839648485184 
-0.5211634635925293,0.2507752478122711,-0.012286707758903503 
-0.11722850799560547,0.3294651210308075,-0.2142447680234909 
