-0.5997557044029236,-0.19688160717487335,-0.12179716676473618 
0.9387385249137878,0.226142019033432,0.21440893411636353 
0.2109810709953308,-0.33047232031822205,-0.15047848224639893 
-0.15641354024410248,0.12554395198822021,0.12268201261758804 
-0.839350700378418,0.12604233622550964,0.1225823238492012 
0.8390375375747681,-0.10096829384565353,-0.14728885889053345 
0.5176831483840942,-0.12897714972496033,0.12487488240003586 
0.6012367010116577,0.2267400622367859,-0.2524719834327698 
-0.11869550496339798,0.03892577439546585,-0.17579609155654907 
0.09543314576148987,-0.23575511574745178,0.23299917578697205 
-0.7180454134941101,0.12384945899248123,-0.352272629737854 
0.5422539710998535,0.327537477016449,0.11710017174482346 
-0.8374568819999695,-0.13535639643669128,0.11719983071088791 
-0.49659132957458496,0.08895837515592575,0.22417712211608887 
0.2842932641506195,0.3269394040107727,-0.273329496383667 
0.01529240608215332,0.10324263572692871,0.02417711913585663 
-0.8416432738304138,-0.13376161456108093,-0.1422053873538971 
0.9386388063430786,0.19015908241271973,-0.14153295755386353 
0.920896589756012,-0.0967773050069809,0.09489777684211731 
-0.5037932395935059,-0.13575512170791626,0.09806210547685623 
-0.5069575905799866,0.22793617844581604,-0.12179716676473618 
0.5836193561553955,0.10086499899625778,0.07109060883522034 
-0.27790287137031555,-0.41621866822242737,-0.45277097821235657 
-0.8577163219451904,0.0008739667828194797,-0.008275527507066727 
-0.06957608461380005,0.028460584580898285,-0.37001490592956543 
0.6245607733726501,-0.2008686363697052,-0.2523723244667053 
0.6795817613601685,0.22793617844581604,0.032999176532030106 
-0.04899691790342331,0.22793617844581604,-0.1876336932182312 
-0.08709832280874252,-0.14517520368099213,0.3244761824607849 
-0.6720205545425415,-0.12770667672157288,0.2220839560031891 
-0.6926533579826355,0.22793617844581604,0.09489777684211731 
0.7104812264442444,0.02705976739525795,0.2220839560031891 
0.34945589303970337,-0.23575511574745178,0.032999180257320404 
0.7414803504943848,0.0008739667828194797,-0.10113438963890076 
0.19465956091880798,0.22793617844581604,0.11553063988685608 
-0.45472756028175354,-0.014166097156703472,-0.2383180409669876 
0.7311140894889832,-0.23575511574745178,0.002039908664301038 
0.2493562400341034,-0.08328656852245331,-0.13861703872680664 
0.12239468097686768,-0.23575511574745178,-0.2598586976528168 
0.6009882688522339,0.4279361665248871,-0.05985868722200394 
-0.8060842752456665,-0.23575511574745178,0.012366310693323612 
-0.7312279343605042,-6.16949637333164e-06,-0.21768516302108765 
-0.46489447355270386,-0.05549163743853569,0.032979242503643036 
0.18832090497016907,0.027736805379390717,-0.018614888191223145 
-0.842440664768219,0.12105854600667953,0.07108063995838165 
0.4732531011104584,-0.003923424053937197,0.22497454285621643 
-0.8577163219451904,0.006426899693906307,0.22477519512176514 
0.029556743800640106,-0.22897717356681824,0.42447617650032043 
-0.44189465045928955,-0.13575512170791626,0.07109060883522034 
-0.2799960672855377,0.17072232067584991,0.2244761735200882 
0.07082248479127884,0.05797915905714035,0.4241771101951599 
0.8815246820449829,0.10962113738059998,0.04329567402601242 
-0.07359762489795685,-0.23575511574745178,-0.19396236538887024 
0.19860446453094482,0.16115346550941467,-0.23861706256866455 
0.5351516604423523,-0.19688160717487335,-0.05984872579574585 
0.6342783570289612,-0.43406063318252563,0.4226820170879364 
-0.24505901336669922,0.4279361665248871,0.07426490634679794 
0.4112548232078552,-0.39977219700813293,0.42427682876586914 
1.0962767601013184,0.01673337072134018,-0.23861706256866455 
-0.9242000579833984,0.0580090656876564,-0.19396236538887024 
-0.6515870094299316,-0.004949086811393499,-0.02819172665476799 
-0.5688561797142029,-0.23575511574745178,0.07426490634679794 
1.134751558303833,-0.23545607924461365,-0.049552228301763535 
0.164706289768219,0.21786892414093018,-0.05496387928724289 
0.8414803743362427,0.1207595244050026,0.12487488240003586 
-0.16646546125411987,-0.05549163371324539,-0.4386170506477356 
0.002635076642036438,-0.23575511574745178,0.2083287090063095 
-0.713286280632019,0.18806588649749756,-0.090798020362854 
0.5901727080345154,-2.112096262862906e-05,-0.21678808331489563 
0.4080904722213745,-0.011041626334190369,0.12417712062597275 
-0.7323243021965027,-0.2205047309398651,-0.25346872210502625 
0.8064435720443726,0.13736623525619507,0.32477518916130066 
-0.6822870969772339,0.07865189760923386,0.2220839560031891 
0.7856367230415344,0.20640622079372406,-0.2531697154045105 
0.3137229084968567,-0.4350574016571045,-0.44499632716178894 
-0.37279412150382996,-0.05549163743853569,0.22417712211608887 
0.26366040110588074,0.14768266677856445,-0.13861703872680664 
0.45919883251190186,-0.12770667672157288,-0.23283588886260986 
-0.7371340394020081,0.12773680686950684,-0.15037882328033447 
-0.37227046489715576,-0.13565543293952942,-0.3438998758792877 
-0.17438894510269165,0.02394913136959076,-0.25197362899780273 
0.7440972328186035,0.09505091607570648,0.14910677075386047 
0.7827460765838623,-0.23575511574745178,-0.16306288540363312 
-0.15609918534755707,0.4279361665248871,-0.14243003726005554 
0.19465956091880798,-0.23575511574745178,0.10526405274868011 
-0.9242000579833984,-0.11734039336442947,0.09489777684211731 
0.9203981757164001,-0.055481668561697006,-0.0701850950717926 
-0.9242000579833984,-0.13797326385974884,-0.08050152659416199 
0.5145187973976135,0.22793617844581604,0.06394847482442856 
0.5557845830917358,0.18806588649749756,-0.10112442821264267 
0.6041525602340698,-0.3357551097869873,-0.00510222464799881 
-0.5928780436515808,0.22554394602775574,0.22268202900886536 
-0.46489447355270386,0.08894840627908707,-0.03924575820565224 
0.5764174461364746,0.11988773941993713,0.2220839560031891 
0.7930126786231995,0.22793617844581604,-0.0804915577173233 
-0.8851271867752075,0.11988773941993713,0.09489777684211731 
-0.7854514718055725,-0.23575511574745178,0.17742925882339478 
-0.5275904536247253,-0.065788134932518,0.2220839560031891 
-0.740896463394165,-0.004949086811393499,0.09818707406520844 
-0.785551130771637,0.21268579363822937,0.22477519512176514 
0.23592528700828552,-0.09675736725330353,-0.23861704766750336 
0.34945589303970337,0.22793617844581604,0.08463118225336075 
0.5594978332519531,0.18896833062171936,0.19489777088165283 
-0.2077311873435974,-0.23575511574745178,-0.10112442821264267 
-0.0013845838839188218,-0.07610456645488739,0.22417712211608887 
-0.36489447951316833,-0.2277066707611084,-0.03206375986337662 
0.3907216489315033,-0.23575511574745178,-0.12179716676473618 
0.4594978392124176,0.10962113738059998,-0.19396236538887024 
-0.0839339941740036,-0.12135806679725647,0.4241771101951599 
0.7930126786231995,0.0008739667828194797,0.09489777684211731 
-1.1239010095596313,0.11356903612613678,-0.4328358769416809 
-0.5894890427589417,0.0008739667828194797,-0.16306288540363312 
-0.5121912956237793,-0.2587012052536011,-0.46652624011039734 
-0.5688561797142029,-0.2340606302022934,0.22268201410770416 
0.8240118622779846,-0.08644093573093414,0.22417712211608887 
-0.00854465365409851,0.1207595244050026,0.12487488240003586 
-0.3625275492668152,0.22793617844581604,-0.09080799669027328 
-0.5795214772224426,0.16364535689353943,0.015874894335865974 
-0.5894890427589417,0.0008739667828194797,0.10526405274868011 
-0.014833450317382812,0.12693941593170166,0.18463118374347687 
0.813645601272583,0.22793617844581604,0.09489777684211731 
-0.8426399827003479,0.10251887887716293,-0.07332948595285416 
-0.6140599250793457,0.4268397390842438,0.21710017323493958 
-0.7441856861114502,-0.19688160717487335,-0.11144085973501205 
0.13592529296875,0.12793618440628052,-0.1392258256673813 
0.050209544599056244,-0.4357551038265228,0.06394847482442856 
0.8652775287628174,-0.23575511574745178,0.07426490634679794 
0.586683988571167,-0.08644093573093414,0.22417712211608887 
0.16682475805282593,-0.12897714972496033,0.12487488240003586 
0.2565581500530243,-0.23575511574745178,-0.09080799669027328 
0.4594978392124176,-0.08642100542783737,0.07426490634679794 
0.9388382434844971,0.22604233026504517,-0.0013988986611366272 
-0.8060842752456665,0.22793617844581604,0.002039908664301038 
-0.46489447355270386,0.11988773941993713,-0.2145952433347702 
0.8815246820449829,0.0683155357837677,-0.11146079748868942 
-1.1417429447174072,-0.4337615966796875,0.015775218605995178 
-0.4759584665298462,-0.23575511574745178,-0.04954225569963455 
0.6589488983154297,-0.19688160717487335,-0.12179716676473618 
-0.14899691939353943,-0.13575512170791626,0.18463118374347687 
0.7311140894889832,-0.19688160717487335,0.14652977883815765 
-0.34189465641975403,0.0683155357837677,-0.23861704766750336 
0.26682475209236145,-0.0684502124786377,-0.28157728910446167 
0.17370235919952393,0.3258429765701294,0.12268201261758804 
0.6035292148590088,-0.004949086811393499,-0.08426926285028458 
-0.10456685721874237,0.07863196730613708,-0.23861704766750336 
0.6898483633995056,0.18806588649749756,-0.1526966094970703 
-0.8843297362327576,0.10962113738059998,-0.08051148802042007 
0.3493562340736389,-0.04516523703932762,0.22417712211608887 
-0.499157577753067,-0.09847640246152878,-0.35217297077178955 
-0.6926533579826355,-0.19688160717487335,0.06395844370126724 
-0.5648944973945618,-0.24833953380584717,0.025797240436077118 
-0.8679829835891724,-0.12770667672157288,0.2244761735200882 
0.18429327011108398,0.11988773941993713,0.22417712211608887 
0.6279497146606445,0.22793617844581604,0.16716265678405762 
-0.28316038846969604,-0.3357551097869873,-0.25269660353660583 
0.6279497146606445,-0.19688160717487335,0.07427488267421722 
-0.5648944973945618,-0.052317336201667786,0.0051643699407577515 
0.2398931086063385,0.4279361665248871,0.09489776939153671 
0.46438196301460266,-0.014714313670992851,-0.18040648102760315 
-0.12201546132564545,-0.13575512170791626,-0.18049156665802002 
0.8033789396286011,0.10962113738059998,0.22417712211608887 
-0.08787192404270172,0.4279361665248871,-0.008272536098957062 
-0.8679829835891724,-0.23575511574745178,-0.14243003726005554 
-0.3006289303302765,-0.1689724177122116,0.22417712211608887 
-0.37279412150382996,0.08895837515592575,0.22417712211608887 
0.08935292810201645,0.21976275742053986,-0.2566583752632141 
0.8815246820449829,-0.10707379877567291,-0.19396236538887024 
0.5591988563537598,0.21988773345947266,0.06078414246439934 
0.4594978392124176,-0.10707379877567291,-0.10112442821264267 
-0.30984818935394287,0.027936182916164398,-0.248185932636261 
-0.03233189135789871,0.22793617844581604,-0.14243003726005554 
1.1153148412704468,0.42524492740631104,-0.2548642158508301 
-0.06328119337558746,-0.23575511574745178,0.14652977883815765 
0.03987317159771919,0.047682665288448334,-0.23861704766750336 
-0.5788490772247314,-0.10425235331058502,-0.21601596474647522 
-0.7958177328109741,0.0008739667828194797,-0.11145082861185074 
0.49388596415519714,-0.23575511574745178,-0.18369576334953308 
-0.8370834589004517,0.22793617844581604,-0.12179716676473618 
0.4732531011104584,0.22693940997123718,-0.18369576334953308 
0.5992431640625,0.14570371806621552,0.06760657578706741 
-0.3934269845485687,-0.14833953976631165,-0.23861704766750336 
-0.42116212844848633,0.12693941593170166,0.20526406168937683 
-0.8887155055999756,0.11988773941993713,0.22477519512176514 
-0.8415435552597046,0.1261419951915741,0.0051643699407577515 
0.5080904960632324,0.22693940997123718,-0.35269659757614136 
-0.9242000579833984,-0.024532366544008255,-0.11145082861185074 
-0.2798963785171509,0.4279361665248871,-0.18369576334953308 
-0.7339191436767578,-0.024552304297685623,0.22417712211608887 
0.6857362985610962,0.09830433130264282,-0.3111065626144409 
-0.2077311873435974,0.0683155357837677,0.22417712211608887 
0.920896589756012,-0.14833953976631165,0.19806210696697235 
-0.4244261384010315,-0.23575511574745178,0.053632039576768875 
0.45939818024635315,0.10962113738059998,0.20822905004024506 
-0.9770534038543701,-0.09383226186037064,0.2086530327796936 
0.5351516604423523,0.0008739667828194797,0.0845315083861351 
-0.18709832429885864,0.4269393980503082,0.1877955198287964 
0.1934089958667755,0.12693941593170166,-0.14230507612228394 
0.7002146244049072,-0.09673742949962616,0.2220839560031891 
-0.04660618305206299,-0.22060441970825195,0.22477519512176514 
0.8240118622779846,-0.19688160717487335,-0.049532290548086166 
0.8446447253227234,0.0008739667828194797,-0.008275527507066727 
-0.07361755520105362,-0.11744006723165512,-0.23861704766750336 
-0.5482233762741089,0.4279361665248871,0.3155306279659271 
0.8203981518745422,0.04052058607339859,0.24643012881278992 
0.38429325819015503,0.009566687047481537,0.024276822805404663 
0.7787590622901917,0.16394437849521637,0.012147023342549801 
-0.10456685721874237,-0.11744006723165512,0.22417712211608887 
-0.8679829835891724,-0.23575511574745178,0.10526405274868011 
-0.6101219654083252,0.18806588649749756,-0.1526966094970703 
-0.6410214304924011,-0.23575511574745178,-0.028909390792250633 
-0.7810657024383545,0.1646421104669571,0.09758901596069336 
0.12239468097686768,-0.12770667672157288,-0.23861704766750336 
0.5145187973976135,-0.1689724177122116,0.2220839560031891 
-0.12915758788585663,0.4269393980503082,-0.11144085973501205 
-0.27394112944602966,-0.2903030216693878,-0.14419889450073242 
0.8815246820449829,0.11988773941993713,-0.2145952433347702 
-0.6822870969772339,-0.2340606302022934,0.22268201410770416 
-0.5384551286697388,-0.004949086811393499,-0.027454126626253128 
0.7355995178222656,-0.19598451256752014,-0.24988040328025818 
0.6073169112205505,0.0008739667828194797,0.16716265678405762 
-0.1180974617600441,0.13736623525619507,-0.3386170566082001 
0.5526202321052551,-0.13575512170791626,-0.09796009212732315 
-0.7235528826713562,0.18806588649749756,-0.20432862639427185 
0.9203981161117554,0.006426900625228882,0.3155306279659271 
0.004169344902038574,-0.3974796533584595,-0.25346872210502625 
0.785910427570343,-0.13575512170791626,-0.24243003129959106 
0.3597224950790405,-0.09675736725330353,-0.23861704766750336 
-0.49659132957458496,0.22793617844581604,-0.018589967861771584 
-0.6242758631706238,-0.0071120490320026875,0.2161034196615219 
0.050209544599056244,-0.23575511574745178,-0.16306288540363312 
0.20176181197166443,0.031549789011478424,-0.3815772831439972 
0.09146531671285629,-0.1380729377269745,0.22417712211608887 
0.17402668297290802,-0.23575511574745178,-0.1526966094970703 
0.11845674365758896,-0.4357551038265228,0.3361634910106659 
0.20841479301452637,0.0038161277770996094,-0.2514752447605133 
-0.8370834589004517,0.0008729702676646411,-0.20432862639427185 
-0.9242000579833984,-0.07611452788114548,0.002039908664301038 
0.5247853994369507,0.18806588649749756,0.1567963808774948 
-0.6203885078430176,0.22793617844581604,-0.059858690947294235 
-0.0013935565948486328,-0.05947941541671753,0.22417712211608887 
-0.8442601561546326,-0.20964010059833527,-0.2548642158508301 
0.7447696924209595,-0.004949086811393499,0.00536907697096467 
-0.6862741708755493,-0.004322126507759094,-0.12797705829143524 
-0.45532557368278503,-0.1380729377269745,0.22517390549182892 
0.9347515106201172,-0.4354560971260071,-0.05356988310813904 
0.9203981757164001,-0.1689724177122116,0.022672777995467186 
0.8400596380233765,-0.19598451256752014,-0.24868430197238922 
0.9168097972869873,0.22793617844581604,-0.10510222613811493 
-0.5894890427589417,0.11988773941993713,0.2220839560031891 
0.7411560416221619,0.12584298849105835,0.12268201261758804 
-0.6926533579826355,0.18178632855415344,0.2244761735200882 
0.9203981757164001,-0.14833953976631165,-0.10113438963890076 
0.6589488983154297,0.18806588649749756,-0.05984872579574585 
0.720847487449646,0.22793617844581604,0.1258969008922577 
0.40617135167121887,-0.20973975956439972,-0.25586095452308655 
0.20492614805698395,-0.23575511574745178,-0.2082725465297699 
-0.7545520067214966,0.0008739667828194797,0.002039908664301038 
-0.3006289303302765,0.009566683322191238,0.2242768257856369 
0.3688182532787323,0.12693941593170166,-0.14230507612228394 
-0.7990817427635193,0.04052058607339859,-0.13861703872680664 
0.9203981757164001,0.1405205875635147,-0.05986865982413292 
-0.9242000579833984,0.07864193618297577,0.002039908664301038 
0.259722501039505,0.27072232961654663,0.3242768347263336 
-0.9242000579833984,-0.04516523703932762,0.17742925882339478 
0.6176831722259521,-0.23575511574745178,-0.028909390792250633 
-0.5172241926193237,-0.23575511574745178,-0.1526966094970703 
0.7031052112579346,-0.004949086811393499,0.12878750264644623 
-0.49659132957458496,0.18806588649749756,0.1877955198287964 
0.3184567391872406,-0.14833953976631165,0.2244761735200882 
-0.49659132957458496,-0.23575511574745178,0.14652977883815765 
0.4589994549751282,-0.15870581567287445,0.13616350293159485 
-0.34189465641975403,-0.4357551038265228,-0.09473595023155212 
0.7104812264442444,0.13025400042533875,0.22417712211608887 
-0.2592635452747345,0.22793617844581604,-0.09080799669027328 
0.005769513547420502,0.32793617248535156,-0.17017513513565063 
0.45252054929733276,-0.09675736725330353,0.22517390549182892 
-0.12836405634880066,-0.13575512170791626,-0.10827253758907318 
-0.46489447355270386,-0.05549163743853569,0.1464301198720932 
-0.46489447355270386,-0.14833953976631165,0.012346373870968819 
0.2565581500530243,-0.0038825571537017822,-0.23841771483421326 
0.2842932641506195,0.05088687688112259,-0.3386170566082001 
0.8204978704452515,-0.15548166632652283,0.31719982624053955 
-0.04899691790342331,0.07229332625865936,-0.03861703723669052 
0.5764174461364746,0.22793617844581604,-0.018589967861771584 
-0.8577163219451904,0.22793617844581604,0.16716265678405762 
-0.7649182677268982,-0.11744006723165512,0.22417712211608887 
-0.34189465641975403,0.22793617844581604,0.2020399123430252 
-0.7751848697662354,0.06833547353744507,0.2220839560031891 
-0.7029200196266174,0.18806588649749756,0.002049876842647791 
-0.31062179803848267,0.12783649563789368,-0.14838528633117676 
0.586683988571167,-0.23575511574745178,-0.17332948744297028 
-0.6616542935371399,-0.23575511574745178,-0.19396236538887024 
0.31135448813438416,-0.13575512170791626,0.2155306339263916 
0.29146531224250793,0.15483476221561432,0.22417712211608887 
-0.11483345180749893,-0.23575511574745178,-0.10112442821264267 
0.7930126786231995,0.0008739667828194797,0.1877955198287964 
0.0263824462890625,0.07545766234397888,-0.13861703872680664 
-1.1426399946212769,-0.42867815494537354,-0.08051148802042007 
0.09147527813911438,-0.23575511574745178,0.14652977883815765 
-0.4244261384010315,0.22793617844581604,-0.16306288540363312 
0.39062193036079407,0.0477025993168354,0.22417712211608887 
-0.11170899122953415,0.11679317057132721,0.32407745718955994 
-0.46489447355270386,0.1405205875635147,0.11553063988685608 
-0.5482233762741089,-0.19688160717487335,-0.008263565599918365 
-0.82671719789505,-0.19688160717487335,-0.07016516476869583 
-0.8843297362327576,-0.1380729377269745,-0.16306288540363312 
0.5950314998626709,-0.10461617261171341,-0.2796090543270111 
-0.23556599020957947,0.06115346401929855,0.3241771161556244 
0.6861603856086731,0.19434545934200287,-0.24948172271251678 
-0.015706732869148254,0.4279361665248871,0.2083287239074707 
-0.400628924369812,0.05098653584718704,-0.13981318473815918 
0.6723797917366028,-0.06897241622209549,0.12417712062597275 
-0.5450590252876282,-0.10227877646684647,0.32477518916130066 
-0.6203885078430176,-0.19688160717487335,0.13616350293159485 
0.5764174461364746,-0.23575511574745178,0.14652977883815765 
0.9205975532531738,-0.04518517106771469,0.022642875090241432 
-0.46489447355270386,-0.07612449675798416,-0.0598786287009716 
0.4586007595062256,0.171320378780365,-0.11144085973501205 
-0.626169741153717,0.1635456681251526,0.09081107378005981 
-0.8843297362327576,-0.1689724177122116,0.032979242503643036 
0.3803553283214569,0.09925486892461777,-0.23861704766750336 
-0.46489447355270386,0.11988773941993713,-0.12179716676473618 
0.4668247401714325,0.4279361665248871,0.04331561177968979 
-0.4179977774620056,0.4269393980503082,-0.09473595023155212 
0.9203981757164001,-0.024532366544008255,-0.1526966094970703 
-0.17673206329345703,0.4279361665248871,0.16077417135238647 
0.8240118622779846,0.18806588649749756,-0.1526966094970703 
0.7311140894889832,-0.23575511574745178,-0.09080799669027328 
-0.7339191436767578,-0.19688160717487335,-0.018580995500087738 
-0.46489447355270386,0.1508868783712387,0.022662807255983353 
0.4588001072406769,-0.14833953976631165,0.012376278638839722 
0.4594978392124176,0.05801903456449509,-0.10112442821264267 
-0.07361755520105362,-0.19967252016067505,0.22477519512176514 
-0.8788475394248962,0.18029119074344635,0.03298921138048172 
0.5211970806121826,0.19384709000587463,-0.24958138167858124 
0.8254073262214661,-0.004950083326548338,-0.12040170282125473 
-0.5688561797142029,-0.14833953976631165,0.2220839560031891 
0.5321614146232605,-0.2012673318386078,-0.25197362899780273 
-0.0839340016245842,-0.23484879732131958,0.22417712211608887 
-0.1458325833082199,-0.23575511574745178,0.1258969008922577 
-0.5648944973945618,-0.007073797285556793,-0.11459524184465408 
-0.2799960672855377,-0.08644093573093414,0.4241771101951599 
-0.3625275492668152,-0.4357551038265228,-0.2352280616760254 
0.4660511314868927,0.1207595244050026,0.12487488240003586 
0.27719101309776306,-0.0007816464058123529,0.2242768257856369 
0.5970502495765686,0.22793617844581604,0.08463118225336075 
0.05339381843805313,0.03851785510778427,-0.17978310585021973 
0.6719067096710205,-0.004949086811393499,-0.03656448423862457 
-0.7751848697662354,-0.23575511574745178,-0.18369576334953308 
0.4422539472579956,0.22793617844581604,0.10526405274868011 
0.3184567391872406,-0.23575511574745178,-0.16306288540363312 
0.9203981757164001,0.037376198917627335,0.012356341816484928 
-0.46489447355270386,0.027049800381064415,0.022662807255983353 
0.7723798155784607,-0.23575511574745178,0.07426490634679794 
-0.3315283954143524,0.4269393980503082,0.1877955198287964 
0.33908963203430176,0.22793617844581604,0.16716265678405762 
-0.2902626395225525,-0.23575511574745178,-0.11144085973501205 
1.0961769819259644,0.11988773941993713,0.22477519512176514 
0.5041525363922119,0.18806588649749756,-0.008264563046395779 
0.1327609419822693,-0.23575511574745178,0.032999180257320404 
0.7002146244049072,-0.21023814380168915,0.22477519512176514 
0.5557845830917358,-0.19688160717487335,0.03300914540886879 
0.6176831722259521,0.22773681581020355,-0.16306288540363312 
-0.7958177328109741,-0.19688160717487335,0.08463118225336075 
0.8815246820449829,-0.11744006723165512,-0.028929326683282852 
0.8549112677574158,0.18806588649749756,0.03300914540886879 
-0.9242000579833984,0.037376198917627335,0.17742925882339478 
0.813645601272583,-0.19688160717487335,0.14652977883815765 
0.17798453569412231,-0.23575511574745178,0.2020399123430252 
0.3184567391872406,0.22793617844581604,0.16077417135238647 
-0.6307547688484192,0.22793617844581604,0.02268274314701557 
0.6589488983154297,-0.23575511574745178,0.14652977883815765 
0.7633092999458313,0.16364535689353943,0.09330296516418457 
-0.8426399827003479,-0.11033781617879868,0.025797240436077118 
-0.21809746325016022,-0.15870581567287445,0.22417712211608887 
0.1978238821029663,0.033803194761276245,-0.18157729506492615 
0.6383160352706909,0.17151972651481628,0.22417712211608887 
0.45919883251190186,0.0373363271355629,0.1567963808774948 
-0.6410214304924011,0.2276371419429779,0.1567963808774948 
-0.2902626395225525,-0.23575511574745178,0.16716265678405762 
0.6383160352706909,-0.14833953976631165,0.22417712211608887 
-0.5378570556640625,0.0008739667828194797,0.16716265678405762 
0.4594978392124176,-0.1689724177122116,-0.1526966094970703 
-0.37279412150382996,-0.014176065102219582,-0.23841769993305206 
-0.8699764609336853,0.1857733577489853,-0.059858690947294235 
-0.6533811688423157,-0.004949086811393499,0.051887717097997665 
-0.9412445425987244,0.22464688122272491,-0.05027913302183151 
0.13670885562896729,0.13154979050159454,-0.28157728910446167 
0.5300682783126831,-0.004950083326548338,-0.11469028145074844 
-0.7235528826713562,-0.23575511574745178,0.1258969008922577 
-0.6616542935371399,0.0008739667828194797,0.14652977883815765 
0.4732531011104584,-0.23575511574745178,-0.09080799669027328 
0.781524658203125,-0.03168446570634842,0.24643012881278992 
-0.9242000579833984,0.16115346550941467,0.16706295311450958 
-0.7474496960639954,-0.12050472944974899,0.12447617202997208 
-0.7339191436767578,0.18806588649749756,0.1567963808774948 
0.8859104514122009,0.22793617844581604,-0.059858690947294235 
0.5557845830917358,0.0167532991617918,0.2244761735200882 
0.7270764708518982,-0.028977148234844208,0.2244761884212494 
0.4633851945400238,0.008201126009225845,0.046754419803619385 
-0.5673119425773621,-0.06237000226974487,-0.47928473353385925 
0.36366039514541626,0.4271387755870819,-0.07020502537488937 
0.3184567391872406,-0.23575511574745178,-0.03922582417726517 
0.5041525363922119,-0.23575511574745178,0.17742925882339478 
-0.6720205545425415,-0.23575511574745178,-0.10112442821264267 
0.4435497224330902,0.18288275599479675,-0.24489662051200867 
0.5594978332519531,0.06115346401929855,-0.03605152666568756 
-0.9242000579833984,0.006426899693906307,0.03298921138048172 
0.6216211318969727,-0.045175205916166306,-0.4386170506477356 
0.7827460765838623,0.18806588649749756,0.16716265678405762 
-0.5175231695175171,-0.001863127457909286,-0.19206850230693817 
-0.49659132957458496,-0.19688160717487335,0.07427488267421722 
0.6485826373100281,-0.034838832914829254,0.2220839560031891 
0.057351674884557724,0.12693941593170166,0.24652978777885437 
0.6764174699783325,0.10087396949529648,-0.08764366060495377 
-0.4244261384010315,0.1508868783712387,0.2244761735200882 
-0.5337703824043274,-0.004949086811393499,0.049385860562324524 
-0.8990817666053772,-0.15870581567287445,-0.23861704766750336 
0.7517469525337219,0.4279361665248871,-0.17332950234413147 
-0.7751848697662354,0.18806588649749756,-0.14243003726005554 
-0.5584899187088013,0.18806588649749756,-0.08048158884048462 
0.720847487449646,0.22793617844581604,-0.03922582417726517 
-0.857616662979126,0.18806588649749756,-0.18369576334953308 
-0.8845290541648865,-0.1586061418056488,0.1567963808774948 
-0.8848281502723694,-0.055481668561697006,0.06393851339817047 
0.8668723702430725,-0.004932141862809658,0.16855810582637787 
-0.1561988741159439,0.16115346550941467,-0.23861704766750336 
-0.8196148872375488,0.12793618440628052,-0.2011244297027588 
0.6795817613601685,-0.23575511574745178,-0.18369576334953308 
-1.1224058866500854,-0.010775126516819,-0.23732128739356995 
-0.37999606132507324,-0.011041626334190369,0.3241771161556244 
-0.8164506554603577,0.1405205875635147,0.22467553615570068 
0.4594978392124176,-0.065788134932518,0.14652977883815765 
0.24619188904762268,-0.23575511574745178,-0.18369576334953308 
0.26682475209236145,0.22793617844581604,0.14652977883815765 
-0.19423049688339233,0.12763714790344238,-0.0876237228512764 
-0.82671719789505,0.22793617844581604,0.07426490634679794 
0.1327609419822693,0.22793617844581604,0.06394847482442856 
-0.22836405038833618,-0.23575511574745178,-0.17332948744297028 
-0.7441856861114502,-0.18960526585578918,0.2244761735200882 
0.050209544599056244,-0.23575511574745178,0.16077417135238647 
0.6383160352706909,0.0477025993168354,0.2220839560031891 
-0.5346927642822266,0.12793618440628052,-0.17017513513565063 
-0.5688561797142029,0.18806588649749756,-0.22496150434017181 
-0.03233189135789871,0.4279361665248871,-0.22496150434017181 
-0.12836405634880066,-0.1615319848060608,-0.17978310585021973 
-0.9843297600746155,-0.052317336201667786,-0.021797165274620056 
-0.6101219654083252,-0.08644093573093414,0.22417712211608887 
0.057351674884557724,-0.13575512170791626,0.17426490783691406 
0.029576677829027176,0.22693940997123718,-0.18369576334953308 
0.9389379024505615,-0.4337615966796875,0.06393852084875107 
-0.1458325833082199,-0.23575511574745178,-0.028909392654895782 
-0.9242000579833984,0.016743332147598267,-0.049552228301763535 
-0.49659132957458496,-0.19997155666351318,0.22477519512176514 
-0.35926353931427,0.12693941593170166,0.26716265082359314 
-0.46489447355270386,0.05799909681081772,-0.17332948744297028 
-0.9242000579833984,0.11988773941993713,-0.1526966094970703 
-0.49659132957458496,0.18806588649749756,-0.18369576334953308 
-0.6720205545425415,0.22793617844581604,-0.16306288540363312 
0.49388596415519714,0.22793617844581604,-0.07017512619495392 
-0.8843297362327576,-0.07612449675798416,-0.07019506394863129 
0.558700442314148,0.0342218354344368,0.09170354157686234 
-0.8233281970024109,-0.004949086811393499,0.057021018117666245 
0.8549112677574158,0.18806588649749756,-0.22496150434017181 
-0.5997557044029236,0.0008739667828194797,-0.08050152659416199 
0.813645601272583,-0.23575511574745178,0.012366310693323612 
0.8203981518745422,0.15800906717777252,-0.273329496383667 
0.8815246820449829,-0.07612449675798416,0.1567963808774948 
0.9203981757164001,-0.1689724177122116,-0.18369576334953308 
0.34945589303970337,-0.23575511574745178,0.2083287090063095 
-0.12203539162874222,0.18894840776920319,-0.13861703872680664 
0.8446447253227234,-0.1586061418056488,0.2220839560031891 
-0.3934269845485687,0.22693940997123718,0.1258969008922577 
0.5247853994369507,0.0008739667828194797,0.1567963808774948 
0.7002146244049072,-0.19688160717487335,0.06395844370126724 
0.308090478181839,0.08894840627908707,-0.23861704766750336 
0.9205975532531738,0.027029864490032196,-0.05988859385251999 
0.5588001012802124,-0.1348288655281067,-0.1908079981803894 
0.23592528700828552,0.0683155357837677,0.2244761735200882 
-0.5378570556640625,0.22793617844581604,0.04331561177968979 
0.4461918771266937,-0.4357551038265228,-0.14636796712875366 
0.5454183220863342,0.18806588649749756,-0.17332948744297028 
0.5970502495765686,-0.23575511574745178,-0.10112442821264267 
-0.049810394644737244,-0.23807293176651,-0.13861703872680664 
0.8815246820449829,0.1405205875635147,-0.12179716676473618 
0.2842932641506195,0.12793618440628052,-0.08763369172811508 
-0.4831603765487671,-0.027706675231456757,0.12417712062597275 
0.03276094049215317,0.12793618440628052,0.25679638981819153 
-0.09090132266283035,-0.19747965037822723,-0.25346872210502625 
-0.0013895705342292786,-0.014176063239574432,-0.03841768950223923 
0.4907216429710388,-0.13575512170791626,0.05045774579048157 
-0.27673205733299255,0.12763714790344238,0.1330091506242752 
-0.0013935547322034836,-0.14833953976631165,0.22417712211608887 
0.6589488983154297,0.18806588649749756,0.11553063988685608 
0.20098823308944702,0.22793617844581604,-0.1876336932182312 
0.01924031227827072,0.2207595407962799,0.22487488389015198 
0.21529240906238556,-0.1689724177122116,0.22417712211608887 
-0.46489447355270386,-0.14833953976631165,-0.0598786287009716 
0.40098822116851807,0.22693940997123718,-0.13206376135349274 
-0.9426400065422058,-0.2286781519651413,-0.1526966094970703 
-0.878349244594574,-0.23575511574745178,-0.018589967861771584 
0.9815247058868408,-0.048339538276195526,0.025797240436077118 
-0.8164506554603577,0.0008739667828194797,0.14652977883815765 
-0.5275904536247253,-0.19688160717487335,-0.08048158884048462 
-0.7771783471107483,0.16454243659973145,0.018556170165538788 
-0.5688561797142029,0.037356264889240265,0.42447617650032043 
-0.7286363244056702,-0.004950083326548338,-0.06418461352586746 
1.085910439491272,-0.23575511574745178,0.0020399093627929688 
-0.7545520067214966,0.22793617844581604,-0.04954225569963455 
-0.21144448220729828,0.028779543936252594,-0.18008214235305786 
0.8672710657119751,0.1857733577489853,0.13616350293159485 
-0.9242000579833984,-0.07611452788114548,-0.16306288540363312 
0.11529240757226944,-0.13575512170791626,0.2774292528629303 
-0.5275904536247253,-0.19688160717487335,-0.22486181557178497 
0.5041525363922119,0.16115346550941467,0.2244761735200882 
0.8203981518745422,0.2713203728199005,-0.04637792706489563 
-0.2077311873435974,0.17072232067584991,0.2242768257856369 
0.8240118622779846,-0.19688160717487335,-0.12179716676473618 
-0.6101219654083252,-0.19688160717487335,0.03300914540886879 
-0.6894890666007996,-0.13575512170791626,-0.09396236389875412 
0.07082248479127884,-0.02454233728349209,-0.23861704766750336 
0.7958036065101624,-0.004949086811393499,-0.05712757632136345 
0.8033789396286011,0.22793617844581604,0.002039908664301038 
-0.1458325833082199,-0.23575511574745178,-0.16306288540363312 
-0.18709832429885864,-0.23575511574745178,0.053632039576768875 
-0.4140598773956299,0.22793617844581604,0.012366310693323612 
0.7414803504943848,-0.034838832914829254,0.2220839560031891 
0.4594978392124176,-0.1689724177122116,-0.07017512619495392 
-0.8545520305633545,0.12793618440628052,-0.03605152666568756 
-0.5315284132957458,-0.2340606153011322,0.022682011127471924 
-0.6513876914978027,0.0008739667828194797,-0.19396236538887024 
0.24619188904762268,0.22693940997123718,-0.12179716676473618 
-0.8370834589004517,-0.06581803411245346,0.22417712211608887 
0.8602937459945679,-0.0049480898305773735,0.05876534432172775 
-0.6307547688484192,-0.18840916454792023,0.21749888360500336 
0.4594978392124176,0.1405205875635147,0.14652977883815765 
0.4907216429710388,-0.13575512170791626,-0.09396236389875412 
-0.32442614436149597,-0.052317336201667786,-0.13861703872680664 
-0.1458325833082199,-0.12770667672157288,-0.23861704766750336 
0.45102542638778687,0.0580090656876564,-0.2385173887014389 
0.2709605395793915,-0.43236613273620605,-0.45207327604293823 
-0.1458325982093811,-0.19045326113700867,0.22417712211608887 
-0.5662899017333984,-0.10390348732471466,-0.14870497584342957 
-0.12519972026348114,-0.23575511574745178,0.19806210696697235 
0.7002146244049072,0.18806588649749756,0.17742925882339478 
0.8755441904067993,0.22793617844581604,-0.17332948744297028 
-0.8846287727355957,0.05798913165926933,0.053642015904188156 
-0.19494742155075073,0.12793618440628052,-0.1499800980091095 
0.5332579016685486,0.16374503076076508,0.048030272126197815 
0.8815246820449829,-0.09675736725330353,-0.12179716676473618 
-0.5584899187088013,-0.19688160717487335,0.16716265678405762 
-0.8633978366851807,-0.00820748507976532,-0.08743895590305328 
0.057331740856170654,0.033803194761276245,-0.3815772831439972 
0.2223946750164032,0.06115346401929855,0.3241771161556244 
0.45919883251190186,0.05801903456449509,0.002059845020994544 
0.2565581500530243,-0.038846537470817566,0.22417712211608887 
0.7723798155784607,-0.23575511574745178,0.19806210696697235 
-0.5559980273246765,0.16344599425792694,0.07803265005350113 
-0.4140598773956299,0.16115346550941467,-0.23861704766750336 
-0.05936320871114731,-0.10074513405561447,-0.4386170506477356 
0.308090478181839,-0.1380729377269745,-0.23861704766750336 
-0.7854514718055725,0.22793617844581604,0.1258969008922577 
0.22555901110172272,0.09925486892461777,-0.23861704766750336 
-0.2902626395225525,-0.23575511574745178,0.032999176532030106 
0.6589488983154297,-0.19688160717487335,0.012366310693323612 
-0.5997557044029236,0.0008739667828194797,0.012356341816484928 
0.050189606845378876,0.11988773941993713,-0.23861704766750336 
-0.022015459835529327,-0.23575511574745178,-0.1526966094970703 
-0.46489447355270386,0.08894840627908707,0.053612109273672104 
-0.8577163219451904,0.1920529305934906,0.22477519512176514 
-0.36489447951316833,-0.1658080667257309,-0.26306289434432983 
0.8446447253227234,-0.23575511574745178,-0.19396236538887024 
0.5351516604423523,-0.23575511574745178,-0.13206376135349274 
-0.16962981224060059,0.09611744433641434,-0.3384177088737488 
-0.9242000579833984,-0.17913933098316193,-0.028919359669089317 
0.7311140894889832,0.18806588649749756,-0.090798020362854 
0.753466784954071,-0.10494908690452576,-0.027279309928417206 
-0.9242000579833984,-0.1689724177122116,0.2083287090063095 
-0.5894890427589417,0.18806588649749756,0.16716265678405762 
0.8391371965408325,-0.11033781617879868,-0.011460795998573303 
0.9206972718238831,0.171320378780365,-0.20432862639427185 
-0.4863247275352478,-0.23575511574745178,0.02268274314701557 
-0.8061839938163757,-0.1689724177122116,0.22417712211608887 
-0.34189465641975403,0.22793617844581604,-0.16306288540363312 
-0.46489447355270386,0.08894840627908707,0.16706295311450958 
0.6795817613601685,-0.19688160717487335,-0.05984872579574585 
0.1327609419822693,-0.12137800455093384,0.42467552423477173 
-0.004566855728626251,0.12693941593170166,0.26716265082359314 
-0.22519972920417786,0.11671343445777893,-0.13861703872680664 
0.15339381992816925,-0.11744006723165512,0.2244761735200882 
-0.8843297362327576,0.13025400042533875,-0.018606912344694138 
0.0986223965883255,-0.13575512170791626,0.2258968949317932 
-0.34505900740623474,0.12793618440628052,-0.1249615028500557 
0.27719101309776306,-0.07612449675798416,0.22417712211608887 
-0.45532557368278503,-0.23575511574745178,-0.11144085973501205 
-0.46489447355270386,-0.1689724177122116,-0.19396236538887024 
-0.37279412150382996,-0.08644093573093414,-0.23861704766750336 
-0.22836405038833618,-0.23575511574745178,0.14652977883815765 
-0.21799778938293457,0.22793617844581604,-0.16306288540363312 
-0.05296475812792778,0.22693940997123718,0.06394847482442856 
0.10895378142595291,0.12693941593170166,-0.18049156665802002 
-0.8060842752456665,0.22793617844581604,-0.18369576334953308 
0.927076518535614,-0.23575511574745178,-0.19396236538887024 
-1.0242000818252563,-0.011041626334190369,0.03616350144147873 
-0.5685824751853943,-0.09178891032934189,0.05679637938737869 
0.7311140894889832,-0.19688160717487335,-0.16306288540363312 
-0.255325585603714,0.4269393980503082,0.35679638385772705 
-0.6926533579826355,-0.19688160717487335,-0.1526966094970703 
0.8815246820449829,0.07863196730613708,-0.018606912344694138 
1.0203981399536133,0.17864194512367249,0.18453150987625122 
-0.6822870969772339,-0.19688160717487335,0.1567963808774948 
-0.6616542935371399,-0.23575511574745178,0.10526405274868011 
-0.8370834589004517,-0.19688160717487335,-0.18369576334953308 
-0.8853265047073364,-0.07612449675798416,0.12579724192619324 
-0.9242000579833984,-0.003894518129527569,-0.17332948744297028 
-0.7997050881385803,-0.004949086811393499,-0.04315304756164551 
-0.879545271396637,0.18029119074344635,0.11553063988685608 
0.5247853994369507,0.0008739667828194797,-0.19396236538887024 
0.881823718547821,-0.045175205916166306,-0.4328358769416809 
0.44696399569511414,0.23842740058898926,-0.1762944757938385 
-0.8298815488815308,0.12793618440628052,0.13299918174743652 
-0.44505900144577026,-0.06579810380935669,0.22477519512176514 
-0.7441856861114502,0.0008739667828194797,-0.1526966094970703 
-0.7783492207527161,0.12793618440628052,-0.10827253758907318 
-0.7242000102996826,0.16115346550941467,-0.28050151467323303 
0.8755441904067993,-0.23575511574745178,-0.0804915577173233 
0.7345030903816223,-0.004949086811393499,0.06730755418539047 
-0.6822870969772339,-0.065788134932518,0.2220839560031891 
-0.3315283954143524,-0.15870581567287445,-0.23861704766750336 
0.5764174461364746,-0.1586061418056488,0.2220839560031891 
0.7621132135391235,-0.10707379877567291,0.2220839560031891 
-0.3625275492668152,0.2270497977733612,0.22417712211608887 
-0.40379324555397034,-0.23575511574745178,-0.018589965999126434 
0.7621132135391235,-0.19688160717487335,-0.03921585902571678 
0.22957667708396912,0.4279361665248871,0.35679638385772705 
0.03989310935139656,-0.23575511574745178,-0.10112442821264267 
0.050209544599056244,0.22793617844581604,-0.16700083017349243 
0.18429327011108398,-0.23575511574745178,-0.07017512619495392 
0.36288681626319885,0.32793617248535156,-0.0773172602057457 
0.32872334122657776,-0.4357551038265228,-0.10112442821264267 
-0.06646545976400375,0.1992548704147339,-0.13861703872680664 
0.3907216489315033,0.22693940997123718,-0.19396236538887024 
-0.1561988741159439,-0.1689724177122116,0.22417712211608887 
0.10176181048154831,0.05799909681081772,-0.23861704766750336 
-0.8474497199058533,0.0683155357837677,0.22417712211608887 
-0.49342697858810425,-0.13575512170791626,0.009192004799842834 
0.5660511255264282,-0.19688160717487335,0.09489777684211731 
0.1914752721786499,-0.33565545082092285,0.11710017174482346 
-0.3347924053668976,0.1786319613456726,0.12447617202997208 
0.8446447253227234,0.02705976739525795,0.2242768257856369 
0.42162108421325684,0.16115346550941467,0.2244761735200882 
-0.7521597743034363,0.22793617844581604,-0.24310246109962463 
0.022394679486751556,0.11679317057132721,0.1240774616599083 
-0.41764822602272034,-0.20804527401924133,-0.25546225905418396 
0.5145187973976135,-0.09673742949962616,0.2220839560031891 
-0.5655922293663025,0.09275538474321365,0.17427489161491394 
-0.14981040358543396,0.42743778228759766,-0.22895923256874084 
-0.7545520067214966,0.1405205875635147,0.2220839560031891 
-0.8679829835891724,-0.23575511574745178,0.04331561177968979 
-0.6822870969772339,0.0167532991617918,0.2244761735200882 
0.012128077447414398,-0.13575512170791626,-0.063062883913517 
-0.08391405642032623,-0.23575511574745178,-0.028909390792250633 
0.2708224952220917,0.3198877274990082,0.4241771101951599 
-0.9242000579833984,-0.10707379877567291,0.17742925882339478 
-0.10140451788902283,0.17861203849315643,0.3241771161556244 
0.4906219244003296,-0.19675737619400024,0.12417712062597275 
-0.3625275492668152,0.15078718960285187,0.2242768257856369 
0.8961769938468933,0.18178632855415344,0.22497454285621643 
0.7041525840759277,0.4275374710559845,0.21710017323493958 
0.12239468097686768,0.22693940997123718,-0.17332948744297028 
0.7311140894889832,0.18806588649749756,0.043325576931238174 
0.18429327011108398,0.22693940997123718,-0.23512841761112213 
0.8816244006156921,-0.17913933098316193,-0.028919359669089317 
0.4594978392124176,-0.07610456645488739,-0.18369576334953308 
0.8446447253227234,0.0008739667828194797,-0.19396236538887024 
-0.5586639642715454,-0.31601932644844055,-0.35187390446662903 
0.8065432906150818,0.12793618440628052,0.25679638981819153 
-0.6822870969772339,0.22793617844581604,-0.03922582417726517 
-0.49659132957458496,0.18806588649749756,0.06395844370126724 
0.586683988571167,0.18806588649749756,0.14652977883815765 
-0.8060842752456665,0.18806588649749756,0.16716265678405762 
0.19465956091880798,-0.045175205916166306,-0.23861704766750336 
0.8739493489265442,-0.007126003969460726,-0.084319107234478 
1.1195011138916016,0.07864193618297577,-0.437321275472641 
0.7761927843093872,-0.1323661506175995,-0.1525716483592987 
-0.8197398781776428,0.1405205875635147,0.05784832313656807 
0.8134462237358093,0.14939172565937042,0.0627523735165596 
0.6073169112205505,-0.23575511574745178,0.032999176532030106 
-0.82671719789505,-0.19688160717487335,0.1567963808774948 
-0.713286280632019,-0.23575511574745178,0.02268274314701557 
-0.5997557044029236,-0.19688160717487335,-0.049532290548086166 
0.8815246820449829,-0.12770667672157288,0.04329567402601242 
-0.9810404777526855,0.12424816936254501,-0.1536681056022644 
0.42152139544487,-0.03484880179166794,0.2244761735200882 
-0.5378570556640625,0.1508868783712387,0.22417712211608887 
-0.28709831833839417,-0.007073797285556793,0.12417712062597275 
0.5970502495765686,0.18806588649749756,-0.20432862639427185 
-0.32126179337501526,-0.23575511574745178,-0.16306288540363312 
-0.6203885078430176,0.17151972651481628,0.22417712211608887 
-0.785551130771637,0.006406964268535376,0.22477519512176514 
-0.57912278175354,0.22793617844581604,-0.008272537030279636 
0.2223946750164032,-0.13575512170791626,-0.00510222464799881 
0.6485826373100281,0.22793617844581604,-0.11144085973501205 
-0.2346927523612976,-0.4357551038265228,-0.3836957514286041 
-0.6720205545425415,0.18806588649749756,0.053642015904188156 
-0.7648186087608337,-0.19688160717487335,0.03300914540886879 
0.016085945069789886,0.12793618440628052,-0.273329496383667 
-0.44822338223457336,0.10087396949529648,-0.21145083010196686 
-0.3934269845485687,0.09925486892461777,-0.23861704766750336 
-0.464794784784317,-0.17903964221477509,0.17742925882339478 
-0.464794784784317,0.171320378780365,-0.09082792699337006 
0.5898736715316772,-0.004949086811393499,0.108453668653965 
0.5216211080551147,-0.3357551097869873,0.07742925733327866 
0.6795817613601685,0.22753746807575226,0.21710017323493958 
0.7723798155784607,-0.23575511574745178,-0.22496150434017181 
0.9398349523544312,0.20251888036727905,-0.05986865982413292 
-0.40695759654045105,-0.09180884063243866,0.3174988925457001 
-0.0389549657702446,0.12554395198822021,0.12268201261758804 
-0.36489447951316833,-0.052317336201667786,-0.19082793593406677 
0.7827460765838623,0.17151972651481628,0.22417712211608887 
0.4717579483985901,0.002911337884142995,0.10526405274868011 
-0.10510584712028503,-0.07122045755386353,-0.48008212447166443 
-0.7886157631874084,0.12793618440628052,-0.25269660353660583 
-0.8242000341415405,-0.06897241622209549,-0.23206377029418945 
-0.7854514718055725,0.18806588649749756,-0.08048158884048462 
0.8345521688461304,0.12783649563789368,-0.09396236389875412 
0.9207968711853027,0.07229332625865936,-0.23283588886260986 
0.7517469525337219,0.0008739667828194797,-0.16306288540363312 
-0.7783492207527161,-0.13575512170791626,-0.11459524184465408 
-0.8298815488815308,-0.13575512170791626,-0.025735095143318176 
-0.6513876914978027,0.22683975100517273,0.21710017323493958 
0.4594978392124176,-0.14833953976631165,0.19806210696697235 
0.48361936211586,0.05801903456449509,0.2220839560031891 
0.4041525423526764,-0.13575512170791626,0.07109060883522034 
0.3633852005004883,0.08029118925333023,-0.14954225718975067 
-0.895817756652832,-0.3357551097869873,-0.0011244267225265503 
-0.23207736015319824,0.2270643711090088,-0.17958375811576843 
-0.1354663223028183,0.22793617844581604,-0.20432862639427185 
0.47315341234207153,-0.21023814380168915,0.22477519512176514 
1.0203981399536133,-0.0791393294930458,-0.00510222464799881 
0.8446447253227234,0.1508868783712387,0.2220839560031891 
-0.038970284163951874,-0.4356554448604584,-0.44389986991882324 
-0.1973649263381958,0.22793617844581604,-0.10112442821264267 
0.6383160352706909,0.22793617844581604,-0.008272537030279636 
-0.8843297362327576,-0.12770667672157288,-0.008290478959679604 
-0.6616542935371399,0.22793617844581604,-0.10112442821264267 
-0.37279412150382996,0.22793617844581604,0.053632039576768875 
0.14302754402160645,0.10962113738059998,-0.23861704766750336 
-0.34822338819503784,0.22793617844581604,-0.1630629003047943 
0.008943811058998108,-0.23575511574745178,-0.20432862639427185 
0.8240118622779846,0.22793617844581604,0.1567963808774948 
0.8446447253227234,0.18806588649749756,-0.07016516476869583 
0.6073169112205505,-0.19688160717487335,0.17742925882339478 
-1.1242001056671143,-0.162623792886734,-0.10510222613811493 
-0.8242000341415405,0.2611534595489502,0.1639385223388672 
-0.442119300365448,0.22554394602775574,0.22268201410770416 
-0.4140598773956299,-0.17893998324871063,0.2244761735200882 
-0.8473500609397888,0.0008739667828194797,-0.14243003726005554 
0.15339381992816925,-0.18133220076560974,-0.2411089390516281 
-0.9242000579833984,-0.024532366544008255,0.09489777684211731 
0.9207969307899475,0.13025400042533875,-0.16306288540363312 
0.8859104514122009,-0.23575511574745178,0.3774292469024658 
-0.8887661099433899,0.002319514751434326,-0.2538674473762512 
0.8240118622779846,-0.19688160717487335,0.053642015904188156 
-0.7545520067214966,-0.23575511574745178,0.07426490634679794 
0.49388596415519714,-0.19688160717487335,0.053642015904188156 
-0.029167555272579193,0.2735132575035095,-0.34110894799232483 
-0.8843297362327576,-0.15870581567287445,0.09489777684211731 
0.5556848645210266,0.18806588649749756,0.09499745070934296 
0.48351967334747314,0.22793617844581604,0.1567963808774948 
-0.4246760606765747,-0.0356554314494133,-0.2438998818397522 
0.5774141550064087,0.1646421104669571,0.011479197070002556 
-0.03233189135789871,-0.23575511574745178,0.2083287090063095 
0.6351516842842102,-0.12897714972496033,0.12487488240003586 
-0.713286280632019,0.0008739667828194797,0.17742925882339478 
0.21845674514770508,0.06517113745212555,-0.13861703872680664 
-0.9174220561981201,0.006416931748390198,0.22467553615570068 
-1.117422103881836,-0.07612449675798416,0.42467552423477173 
-0.5069575905799866,0.0008739667828194797,0.11553063988685608 
-1.1224058866500854,-0.0285799503326416,0.4228813648223877 
-0.02713417261838913,-0.29618388414382935,-0.350976824760437 
0.6280494332313538,0.18806588649749756,0.0433056466281414 
0.6279497146606445,-0.19688160717487335,-0.17332948744297028 
-0.6513876914978027,-0.23575511574745178,0.032999176532030106 
-0.6584899425506592,-0.3357551097869873,0.05045774579048157 
-0.6203885078430176,-0.23575511574745178,0.17742925882339478 
-0.7339191436767578,0.22693940997123718,0.19806210696697235 
0.5454183220863342,-0.19688160717487335,-0.17332948744297028 
-0.8853265047073364,0.08895837515592575,0.17742925882339478 
0.7650781869888306,-0.14515526592731476,0.3220839500427246 
-0.47643157839775085,-0.09997627139091492,-0.11768516153097153 
-1.0196149349212646,0.32793617248535156,0.05679637938737869 
0.6795817613601685,0.22693940997123718,-0.20432862639427185 
0.8739493489265442,-0.11046276986598969,0.21749888360500336 
0.3143700361251831,0.19474416971206665,-0.24958138167858124 
-0.8242000341415405,0.2713203728199005,0.10203991085290909 
-0.5069575905799866,-0.11744006723165512,0.22417712211608887 
0.9621132612228394,0.0477026030421257,0.42208394408226013 
0.29782387614250183,0.2274377942085266,-0.09085782617330551 
0.4660511314868927,-0.13575512170791626,-0.10827253758907318 
0.2565581500530243,-0.23575511574745178,-0.028909390792250633 
0.7723798155784607,0.18806588649749756,-0.13206376135349274 
-0.32442614436149597,0.03419193625450134,-0.13861703872680664 
0.3907216489315033,0.22793617844581604,0.14652977883815765 
-0.3625275492668152,-0.23575511574745178,0.053632039576768875 
-0.40379324555397034,-0.23575511574745178,0.10526405274868011 
-0.0839339941740036,0.1405205875635147,0.22417712211608887 
0.8815246820449829,-0.05549163743853569,0.10516437143087387 
-0.6307547688484192,0.18806588649749756,-0.20432862639427185 
0.3184567391872406,0.22793617844581604,0.02268274314701557 
0.29782387614250183,-0.23575511574745178,0.07426490634679794 
-0.31089553236961365,0.22793617844581604,-0.07017512619495392 
-0.4387303292751312,-0.02455230802297592,0.22417712211608887 
0.4526202380657196,-0.23575511574745178,-0.14243003726005554 
0.4594978392124176,0.10962113738059998,-0.12179716676473618 
0.7898483872413635,0.17862200736999512,0.3244761824607849 
-0.6307547688484192,0.057969193905591965,0.22467553615570068 
-0.36962980031967163,0.32743778824806213,0.16396841406822205 
0.18115884065628052,-0.13575512170791626,-0.08763369172811508 
0.05019957572221756,-0.09676733613014221,0.2244761735200882 
-0.001395548228174448,-0.11744006723165512,-0.23861704766750336 
-0.29423049092292786,-0.4357551038265228,0.09489777684211731 
0.3319873511791229,-0.13575512170791626,-0.03605152666568756 
-0.16962981224060059,-0.13575512170791626,-0.15985868871212006 
-0.5378570556640625,0.18806588649749756,-0.0288994237780571 
0.2874576151371002,0.22793617844581604,0.09489777684211731 
0.37248095870018005,-0.06328627467155457,-0.4810788929462433 
0.33908963203430176,0.027019893750548363,0.2244761735200882 
-0.5648944973945618,0.023875504732131958,-0.015468493103981018 
-0.23556599020957947,0.03418196737766266,0.12447617202997208 
0.7621132135391235,0.22793617844581604,0.07426490634679794 
0.8549112677574158,0.22793617844581604,-0.12179716676473618 
0.21529240906238556,0.22793617844581604,0.06394847482442856 
0.4594978392124176,0.10962113738059998,0.04331561177968979 
0.2565581500530243,-0.15870581567287445,-0.23861704766750336 
0.8652775287628174,0.22793617844581604,0.07426490634679794 
0.24619188904762268,-0.23575511574745178,0.1258969008922577 
-0.4655922055244446,-0.007071182131767273,-0.17332948744297028 
0.452096551656723,-0.10494908690452576,0.036453306674957275 
1.0203981399536133,0.106426902115345,0.07742925733327866 
-0.9355630278587341,-0.19379165768623352,-0.20432862639427185 
-0.9843297600746155,-0.011051595211029053,-0.3248618245124817 
-0.6047141551971436,-0.10494908690452576,-0.0687551200389862 
-0.5690808296203613,0.12554395198822021,0.12268201261758804 
-0.6081283688545227,-0.004950083326548338,0.15878990292549133 
-0.8796449899673462,-0.014734248630702496,0.15968698263168335 
0.8033789396286011,0.18806588649749756,-0.20432862639427185 
0.6787843704223633,-0.004950083326548338,0.18709780275821686 
-0.8224058747291565,0.1683255136013031,0.3228813707828522 
0.6485826373100281,0.0008739667828194797,0.1258969008922577 
-0.8846287727355957,0.027049800381064415,-0.22496150434017181 
-0.22836405038833618,0.11988773941993713,0.22417712211608887 
0.7958036065101624,-0.004949086811393499,0.025413857772946358 
0.7414803504943848,0.0008739667828194797,0.16716265678405762 
0.5215957760810852,-0.004949086811393499,0.009844514541327953 
-0.5172241926193237,0.18806588649749756,0.13616350293159485 
-0.7441856861114502,0.22793617844581604,-0.12179716676473618 
-0.8843297362327576,0.1508868783712387,-0.13206376135349274 
-0.6720205545425415,0.18806588649749756,0.1258969008922577 
-0.9242000579833984,0.06832550466060638,-0.09081795811653137 
-0.8843297362327576,-0.03485877066850662,-0.19396236538887024 
-0.24899694323539734,-0.22897714376449585,0.2244761735200882 
-0.9886158108711243,-0.13575512170791626,-0.18049156665802002 
0.5764174461364746,0.0008739667828194797,-0.14243003726005554 
0.6932373642921448,-0.004950083326548338,0.02602188102900982 
-1.0843297243118286,-0.045175205916166306,-0.01860690861940384 
-0.7688562273979187,0.1832323670387268,0.2220839560031891 
-0.05381200090050697,0.18268340826034546,-0.2455943524837494 
-0.5275904536247253,0.21268579363822937,0.22477519512176514 
0.40098822116851807,-0.15870581567287445,-0.23861704766750336 
0.8816244006156921,-0.17913933098316193,0.17742925882339478 
0.5454183220863342,0.22693940997123718,-0.2145952433347702 
-0.8473500609397888,-0.19688160717487335,0.002049876842647791 
0.7104812264442444,-0.23575511574745178,0.11553063988685608 
-0.6307547688484192,-0.23575511574745178,-0.14243003726005554 
-0.6894890666007996,-0.13575512170791626,0.10203991085290909 
0.7517469525337219,-0.19688160717487335,0.03300914540886879 
0.16366040706634521,-0.23575511574745178,-0.22496150434017181 
0.9203981757164001,-0.07611452788114548,-0.17332948744297028 
0.5970502495765686,-0.19688160717487335,-0.05984872579574585 
0.9203981757164001,0.13025400042533875,0.012356341816484928 
0.8815246820449829,-0.1689724177122116,-0.13206376135349274 
-0.7648186087608337,-0.23575511574745178,-0.03922582417726517 
-0.8060842752456665,-0.23575511574745178,0.1258969008922577 
0.5247853994369507,-0.19688160717487335,0.14652977883815765 
0.781524658203125,-0.07289039343595505,-0.05269660800695419 
0.126854807138443,0.2828827500343323,-0.14489662647247314 
0.43592527508735657,-0.23484879732131958,0.22417712211608887 
0.8815246820449829,-0.03485877066850662,-0.03924575820565224 
0.4720569849014282,-0.19429002702236176,-0.2145952433347702 
0.6970502734184265,0.08323237299919128,0.3220839500427246 
0.8859104514122009,0.22793617844581604,0.002039908664301038 
0.5041525363922119,0.18806588649749756,-0.13206376135349274 
0.7104812264442444,-0.1586061418056488,0.2220839560031891 
0.5247853994369507,0.10962113738059998,0.22417712211608887 
-0.7818631529808044,-0.23565544188022614,-0.2438998818397522 
-0.7339191436767578,-0.19688160717487335,0.16716265678405762 
-0.7854514718055725,0.0008739667828194797,-0.19396236538887024 
0.1390896439552307,0.4269393980503082,-0.20432862639427185 
0.23592528700828552,0.22693940997123718,-0.18369576334953308 
0.6589488983154297,-0.19688160717487335,0.1877955198287964 
-0.7029200196266174,0.18806588649749756,-0.14243003726005554 
0.7723798155784607,-0.19688160717487335,-0.11144085973501205 
0.40098822116851807,-0.23575511574745178,0.012366310693323612 
-0.13556599617004395,0.0683155357837677,0.22417712211608887 
-0.878349244594574,0.22793617844581604,0.06394847482442856 
0.4720569849014282,0.1857733577489853,0.11553063988685608 
-0.49659132957458496,0.22793617844581604,0.10526405274868011 
-0.10456685721874237,0.1508868783712387,-0.23861704766750336 
-0.2315284013748169,-0.017440065741539,0.3241771161556244 
-0.6410214304924011,0.22793617844581604,0.08463118225336075 
0.8760425448417664,-0.18840916454792023,-0.20432862639427185 
-0.042648326605558395,0.22793617844581604,-0.09080799669027328 
0.7311140894889832,0.0008739667828194797,-0.04954225569963455 
-0.46489447355270386,-0.05549163743853569,-0.11146079748868942 
0.5660511255264282,0.22793617844581604,0.032999176532030106 
-0.7751848697662354,-0.06583797186613083,0.2244761735200882 
0.4594978392124176,0.05801903456449509,-0.18369576334953308 
-0.8441857099533081,0.12793618440628052,0.11236631125211716 
0.0057495832443237305,0.12704980373382568,0.12417712062597275 
0.9203981757164001,0.016743332147598267,0.06393851339817047 
-0.46489447355270386,0.1405205875635147,0.17742925882339478 
-0.2799960672855377,0.047682665288448334,-0.23861704766750336 
-0.46489447355270386,0.1405205875635147,-0.028929326683282852 
-0.052974723279476166,-0.1380729377269745,0.22417712211608887 
0.456134170293808,-0.2958848476409912,-0.14748820662498474 
-0.6203885078430176,0.18806588649749756,-0.10112442821264267 
0.4594978392124176,0.06833547353744507,-0.04954225569963455 
0.5660511255264282,0.0683155357837677,0.22417712211608887 
0.4587004482746124,-0.1380729377269745,0.06392854452133179 
-0.1354663223028183,-0.23575511574745178,-0.41459524631500244 
-0.19746460020542145,-0.1380729377269745,-0.23861704766750336 
-0.7545520067214966,0.22793617844581604,-0.17332948744297028 
-0.8473500609397888,-0.19688160717487335,0.07427488267421722 
0.24085000157356262,0.22693940997123718,-0.042703770101070404 
-0.1458325833082199,0.22793617844581604,-0.09080799669027328 
0.6073169112205505,0.18806588649749756,-0.11144085973501205 
-0.5450590252876282,-0.13575512170791626,0.05679637938737869 
-0.16646546125411987,0.02693941444158554,0.11553063988685608 
0.24619188904762268,-0.05898028612136841,-0.27509835362434387 
0.431887686252594,0.10962113738059998,-0.23861704766750336 
0.4806290864944458,0.4269393980503082,-0.04888366907835007 
-0.3798963725566864,-0.13575512170791626,-0.10432862490415573 
0.008923875167965889,0.1251705437898636,-0.27509835362434387 
-0.46489447355270386,-0.09675736725330353,0.18769583106040955 
0.22872334718704224,0.11268579214811325,0.1251738965511322 
0.5764174461364746,-0.19688160717487335,-0.22486181557178497 
-0.15936321020126343,0.04450836405158043,-0.3386170566082001 
0.12239468097686768,-0.05549163743853569,-0.23861704766750336 
0.37402668595314026,-0.029277682304382324,0.42427682876586914 
-0.8699764609336853,-0.19429002702236176,-0.11145082861185074 
0.8650782108306885,0.07865189760923386,0.2220839560031891 
0.5247853994369507,-0.02454233728349209,0.2220839560031891 
-0.678997814655304,-0.004949086811393499,0.09818707406520844 
0.6383160352706909,0.11988773941993713,0.2220839560031891 
0.4594978392124176,0.08896833658218384,0.1567963808774948 
0.9065433144569397,0.22793617844581604,-0.12179716676473618 
-0.44505900144577026,-0.14833953976631165,-0.23861704766750336 
0.18429327011108398,-0.09675736725330353,-0.23861704766750336 
0.7723798155784607,-0.23575511574745178,0.1258969008922577 
0.7002146244049072,0.22793617844581604,-0.11144085973501205 
0.7930126786231995,-0.04516523703932762,0.22467553615570068 
0.9205975532531738,0.07865189760923386,-0.05986865982413292 
0.48351967334747314,-0.05549163743853569,0.22417712211608887 
-0.09736492484807968,-0.13575512170791626,-0.14954225718975067 
0.3533938229084015,-0.23575511574745178,-0.018589965999126434 
0.5216211080551147,-0.09356313198804855,-0.13841769099235535 
0.6176831722259521,-0.23575511574745178,-0.2145952433347702 
-0.8060842752456665,-0.19688160717487335,-0.14243003726005554 
0.30098822712898254,0.12793618440628052,-0.025735095143318176 
0.6898483633995056,0.22793617844581604,0.08463118225336075 
-0.6307547688484192,0.0008739667828194797,-0.13206376135349274 
0.08429326862096786,-0.1554916352033615,0.12417712062597275 
0.20176181197166443,0.12793618440628052,0.01553063839673996 
-0.31089553236961365,0.22793617844581604,-0.12179716676473618 
-0.437857061624527,-0.13575512170791626,0.13299918174743652 
-0.7843297123908997,0.019887737929821014,0.14329567551612854 
0.8549112677574158,0.18806588649749756,0.1877955198287964 
0.15655815601348877,0.15799909830093384,-0.13861703872680664 
-0.8843297362327576,-0.07612449675798416,-0.12179716676473618 
-0.464794784784317,0.171320378780365,-0.14243003726005554 
-0.6822870969772339,0.13025400042533875,0.2220839560031891 
-0.8843297362327576,-0.09675736725330353,-0.19396236538887024 
0.8816244006156921,-0.17913933098316193,-0.08051148802042007 
-0.9242000579833984,-0.11734039336442947,0.0433056466281414 
0.9207969307899475,-0.003927411045879126,-0.01861887238919735 
-0.03235182911157608,-0.15870581567287445,-0.23861704766750336 
0.029576677829027176,-0.23575511574745178,0.16716265678405762 
0.8815246820449829,0.10962113738059998,0.11553063988685608 
-0.6926533579826355,-0.19688160717487335,-0.049532290548086166 
-0.3934269845485687,0.22793617844581604,-0.03922582417726517 
0.8033789396286011,0.18806588649749756,-0.03921585902571678 
-0.5894890427589417,0.22793617844581604,0.053632039576768875 
0.12239468097686768,-0.23575511574745178,-0.11144085973501205 
0.3565581440925598,-0.027706675231456757,0.12417712062597275 
0.5594978332519531,-0.14515526592731476,-0.05668438971042633 
-0.7854514718055725,0.18806588649749756,-0.0288994237780571 
-0.2696298062801361,0.22793617844581604,-0.03922582417726517 
-0.8242000341415405,-0.017340391874313354,-0.23206377029418945 
0.8962767124176025,-0.03575512021780014,-0.03532778471708298 
0.029556743800640106,0.1651512086391449,0.4241771101951599 
0.16366040706634521,-0.0038825569208711386,-0.23841769993305206 
0.9203981757164001,-0.09674739837646484,0.022672777995467186 
0.9203981757164001,-0.03484880179166794,0.1464301198720932 
0.033534541726112366,0.11988773941993713,0.42447617650032043 
0.6898483633995056,0.18806588649749756,-0.018581993877887726 
-0.32126179337501526,0.11988773941993713,0.22417712211608887 
-0.3006289303302765,-0.11744006723165512,-0.23861704766750336 
0.7073169350624084,-0.13575512170791626,0.20526406168937683 
0.4594978392124176,0.1508868783712387,-0.16306288540363312 
0.22555901110172272,0.22793617844581604,0.17742925882339478 
-0.45532557368278503,-0.23575511574745178,0.09489777684211731 
0.3803553283214569,0.22793617844581604,0.19806210696697235 
0.3803553283214569,-0.03575512021780014,0.07426490634679794 
0.7002146244049072,-0.23575511574745178,-0.13206376135349274 
-0.8164506554603577,0.22793617844581604,-0.07017512619495392 
-0.7029200196266174,0.22793617844581604,0.14652977883815765 
0.6859104037284851,-0.4357551038265228,0.1258969008922577 
-0.32126179337501526,-0.05551157519221306,0.22417712211608887 
0.7723798155784607,0.22793617844581604,0.1258969008922577 
0.4112548232078552,-0.09675736725330353,-0.23861704766750336 
-0.6203885078430176,0.18806588649749756,-0.008264563046395779 
0.586683988571167,0.18806588649749756,-0.049532290548086166 
0.5557845830917358,0.22793617844581604,0.13616350293159485 
