0.2585572898387909,-0.3190818727016449,-0.35168319940567017
-0.5565695762634277,-0.4222448468208313,0.012842506170272827
0.7996708750724792,0.8291584253311157,0.6129369735717773
-0.0308210551738739,0.22727030515670776,0.2544933259487152
0.5428376793861389,-0.07081654667854309,0.6169019937515259
-0.26277726888656616,-0.07808578014373779,-0.09662055969238281
0.22176292538642883,-0.40390169620513916,0.017562836408615112
0.8491629362106323,-0.11977138370275497,-0.2580322027206421
0.18369311094284058,0.22989057004451752,-0.11056015640497208
-0.35690033435821533,-0.18877814710140228,0.14798606932163239
0.7550167441368103,0.2896265983581543,0.6166187524795532
-0.18118712306022644,-0.12259414047002792,-0.18005260825157166
-0.012746518477797508,0.4013323485851288,0.31756284832954407
-0.8488051891326904,0.5643488168716431,0.6128425598144531
-1.1544926166534424,-0.07412075996398926,0.23327268660068512
-0.7618569731712341,-0.01662731170654297,0.013125747442245483
0.6029513478279114,0.17636220157146454,-0.055351365357637405
-1.1553423404693604,0.18056848645210266,-0.09605416655540466
0.024075210094451904,0.17740586400032043,0.2789747714996338
0.5304242372512817,-0.021253228187561035,0.6153914928436279
0.31597936153411865,-0.6739319562911987,-0.6946380734443665
0.7176318764686584,0.8289696574211121,-0.3393457531929016
0.7263403534889221,-0.12259414047002792,0.09127101302146912
-0.3856574296951294,-0.6780858039855957,-0.6966205835342407
0.2111884355545044,0.24591651558876038,-0.613071084022522
-0.6308211088180542,0.22944164276123047,0.013031333684921265
-0.4712032079696655,-0.12259414047002792,0.016397399827837944
-0.24728617072105408,0.2286863923072815,-0.29298660159111023
-0.3214748501777649,0.1974148005247116,-0.13370856642723083
0.2865959703922272,0.27029645442962646,0.31756284832954407
1.1385893821716309,-0.6819565296173096,-0.36782246828079224
-0.38699281215667725,-0.010373400524258614,0.31756284832954407
-0.4524163603782654,-0.08646485209465027,-0.33610618114471436
0.4181751608848572,0.27905312180519104,-0.5893750786781311
0.5392271280288696,-0.30038946866989136,0.3128425180912018
-0.5485219359397888,0.3326045870780945,0.01949392817914486
-0.2659691572189331,0.17740586400032043,0.34446439146995544
-0.8078559637069702,-0.10314644128084183,0.01637852005660534
0.5533880591392517,0.248394176363945,0.2222125232219696
-0.49869853258132935,-0.6819565296173096,0.5222125053405762
0.22107799351215363,0.5296304821968079,0.24090497195720673
-0.12565313279628754,-0.2915865480899811,0.017562836408615112
-0.2653031051158905,0.2609502077102661,0.31756284832954407
-0.9608653783798218,0.40565192699432373,0.41930970549583435
-0.3782370984554291,-0.004685908555984497,0.23611432313919067
-0.5522269010543823,-0.081673264503479,-0.05781960487365723
0.40727025270462036,-0.2713836133480072,0.0032130777835845947
-0.6114909052848816,-0.12259414047002792,0.2502512037754059
-0.22791823744773865,-0.12259414047002792,0.08192480355501175
0.08454340696334839,-0.02049797773361206,0.6140698194503784
-0.3214748501777649,-0.3740263283252716,-0.32619351148605347
1.1497293710708618,-0.6772361993789673,-0.6118437647819519
-0.15314847230911255,0.5286864042282104,0.13800212740898132
-0.677008867263794,-0.12259414047002792,-0.21753188967704773
0.098844975233078,-0.1681031435728073,0.11956977844238281
-0.012807883322238922,0.16739360988140106,0.31699642539024353
-0.38760221004486084,0.3877147436141968,-0.5119619369506836
-0.07202515751123428,-0.13748200237751007,-0.38444218039512634
-0.7992419004440308,0.8296304941177368,0.4286559224128723
0.6514762043952942,-0.12259414047002792,-0.12393752485513687
0.4924016296863556,-0.12259414047002792,0.1193096861243248
0.3147290349006653,-0.12259414047002792,-0.24557055532932281
0.0153195234015584,-0.3096412718296051,0.31756284832954407
0.5080961585044861,-0.4602622389793396,0.006328493356704712
0.9708294868469238,0.3605257272720337,-0.5314096212387085
0.37080633640289307,0.3224087059497833,-0.073449045419693
0.2118261754512787,-0.12259414047002792,0.15669457614421844
0.6919764280319214,-0.12632319331169128,-0.3946380615234375
-0.40023279190063477,0.34872493147850037,0.016146749258041382
0.8460243940353394,0.6478040218353271,0.34443607926368713
0.006563812494277954,0.3333367109298706,0.04923710227012634
0.8045087456703186,-0.3097356855869293,0.1193096861243248
0.9726231694221497,0.37751883268356323,-0.19315195083618164
-0.2653975188732147,-0.17882061004638672,-0.35168319940567017
0.4643629491329193,-0.25360170006752014,-0.35168319940567017
-0.06948140263557434,0.17610213160514832,0.25125426054000854
0.37080633640289307,-0.18812435865402222,0.3128425180912018
-0.49053335189819336,-0.21681678295135498,0.6175628900527954
-0.47979414463043213,0.07166565954685211,-0.22338508069515228
0.08080915361642838,-0.2348809540271759,-0.3242109715938568
-0.16303801536560059,0.17740586400032043,-0.41458189487457275
1.149163007736206,-0.41985636949539185,0.24724481999874115
0.16563840210437775,0.8042352199554443,-0.34874576330184937
-0.6488758325576782,-0.30038946866989136,0.31756284832954407
-0.8113489747047424,-0.25359228253364563,-0.21753188967704773
-0.36830034852027893,-0.12259414047002792,-0.1707063764333725
-0.812269926071167,0.7761021852493286,0.006328493356704712
0.604745090007782,-0.12259414047002792,0.26903802156448364
0.8034471273422241,0.22623181343078613,-0.1752147674560547
-1.0839712619781494,-0.5068140029907227,0.46604079008102417
-0.5560513138771057,-0.44144707918167114,0.6128425598144531
0.16436293721199036,0.17740586400032043,0.16670683026313782
-0.24661068618297577,0.36404186487197876,-0.04867589846253395
0.13686759769916534,-0.16941019892692566,0.3128425180912018
0.14694595336914062,0.8218891620635986,0.617374062538147
0.5211724042892456,0.17993596196174622,-0.09633734822273254
-0.6395295858383179,-0.12259414047002792,-0.03973562642931938
-0.5179343223571777,0.22432057559490204,-0.1145535334944725
-0.4243776798248291,-0.12259414047002792,0.18482764065265656
-0.9302777647972107,-0.4178832769393921,-0.0858582854270935
0.04335818439722061,0.5286864042282104,0.21286629140377045
0.45501673221588135,0.35450682044029236,0.31756284832954407
-0.677008867263794,-0.27229416370391846,-0.3242109715938568
-0.7992419004440308,0.7947945594787598,-0.34874576330184937
0.5398648381233215,0.3827112019062042,0.08445064723491669
-0.14434556663036346,0.08254551887512207,0.017562836408615112
0.7771309018135071,-0.28169700503349304,-0.18939882516860962
-0.3214748501777649,0.5296304821968079,0.12865589559078217
0.023980826139450073,0.2291584014892578,0.4005228281021118
0.7118962407112122,0.0234240535646677,-0.06782244145870209
0.07144404947757721,0.3731992840766907,-0.048745762556791306
-0.46546757221221924,-0.34284916520118713,-0.1151723712682724
-0.3221031427383423,0.17740586400032043,-0.5268781185150146
-0.15251073241233826,0.03704261779785156,-0.6516832113265991
0.10828560590744019,0.45804738998413086,0.0166187584400177
-0.5179343223571777,0.1018756702542305,0.31756284832954407
-0.7142761945724487,0.6477096080780029,-0.3848344683647156
0.32465630769729614,-0.10815517604351044,0.1623358279466629
-0.5121755599975586,0.36404186487197876,0.1754814088344574
-0.3963390290737152,0.3638530671596527,0.31756284832954407
-0.7460198402404785,-0.015282525680959225,-0.10524507611989975
0.2766120433807373,-0.1793375015258789,0.0166187584400177
0.3807808458805084,-0.08195647597312927,-0.6858583092689514
0.14630822837352753,0.17673982679843903,0.31756284832954407
-0.41566920280456543,0.17740586400032043,-0.3303799629211426
-0.5272805094718933,-0.12259414047002792,-0.15201394259929657
0.07703712582588196,-0.43025994300842285,-0.09105059504508972
0.7824177145957947,-0.24424605071544647,-0.35168319940567017
-0.785198450088501,-0.32852253317832947,0.063137948513031
-1.0839712619781494,0.06511905789375305,-0.36781299114227295
0.6889554858207703,-0.25362059473991394,0.31661877036094666
-1.0142993927001953,-0.28290119767189026,0.037719547748565674
0.024075210094451904,0.1293710172176361,0.6169964075088501
-0.8757109045982361,0.5263975262641907,0.44734835624694824
-0.556663990020752,-0.421904981136322,-0.4613601863384247
-0.27532482147216797,-0.2822403311729431,0.6166187524795532
-0.8056846261024475,-0.2629479169845581,0.3171852231025696
-0.1624946892261505,-0.04332118481397629,-0.30542412400245667
0.6988450288772583,-0.6819565296173096,-0.6858583092689514
-0.08699280023574829,0.4767398238182068,0.6175628900527954
-0.3969484269618988,0.17740586400032043,0.44734835624694824
0.35274219512939453,0.17740586400032043,-0.09647993743419647
-0.14370784163475037,-0.25359228253364563,-0.3242109715938568
0.7771309018135071,-0.25359228253364563,-0.039743177592754364
-0.4805494248867035,-0.1600545346736908,0.3128425180912018
1.1497293710708618,0.17785903811454773,-0.13395923376083374
-0.6260294914245605,0.1550263911485672,-0.011688465252518654
0.5054296255111694,0.3918917179107666,0.1754814088344574
-0.15305405855178833,0.3731992840766907,0.31756284832954407
0.6147290468215942,0.2615879476070404,0.017562836408615112
0.6421299576759338,-0.24423660337924957,-0.3242109715938568
0.5953988432884216,-0.12259414047002792,0.007041738834232092
0.7830554246902466,0.5298905968666077,-0.41056016087532043
0.35211390256881714,-0.12259414047002792,0.1754814088344574
-0.4811871349811554,-0.11372514069080353,0.15827634930610657
-0.6301833987236023,-0.12259414047002792,0.10061723738908768
0.5306361317634583,0.06609569489955902,-0.2273501455783844
0.3622153699398041,0.006147695239633322,-0.2701162099838257
0.37080633640289307,0.5296304821968079,0.23155874013900757
0.025256246328353882,-0.4225941598415375,-0.3490912914276123
0.14630822837352753,0.5286864042282104,0.1193096861243248
0.5768008232116699,0.21516317129135132,0.07559957355260849
0.7621203064918518,-0.047947097569704056,-0.17693719267845154
-1.030159592628479,0.30718618631362915,0.3538106083869934
0.6140912771224976,-0.12259414047002792,-0.254916787147522
0.5292432308197021,-0.4183458685874939,-0.09265553951263428
-0.7237399816513062,-0.08514316380023956,0.31756284832954407
0.3620884120464325,0.17993596196174622,-0.6963373422622681
0.6988450288772583,-0.62049800157547,0.6167132258415222
-0.349607914686203,-0.24425548315048218,0.3128425180912018
-0.633865237236023,0.14388646185398102,0.2502512037754059
0.8498950004577637,0.6431781053543091,-0.3897719085216522
0.362097829580307,0.579642653465271,0.6175628900527954
-0.8566640019416809,-0.37808579206466675,-0.2070527970790863
-0.2927984595298767,0.27338874340057373,-0.5934345722198486
-0.7959607839584351,-0.0861816331744194,-0.28295543789863586
-0.4218518137931824,-0.07393193244934082,-0.09463804960250854
1.049281120300293,-0.08054035902023315,-0.09624296426773071
0.28801628947257996,-0.2995166778564453,0.02591875195503235
-0.12501540780067444,-0.22554416954517365,0.3128425180912018
-0.5272805094718933,-0.03841206058859825,0.31756284832954407
-0.7986041307449341,-0.2348904013633728,-0.35168319940567017
0.2304242104291916,0.3477095663547516,-0.06795460730791092
1.0344593524932861,0.2897210121154785,0.47850242257118225
-0.18182486295700073,0.41518694162368774,-0.49232542514801025
-0.013404041528701782,0.420662522315979,0.017562836408615112
-0.1911710798740387,0.8042352199554443,0.6175628900527954
-0.10696068406105042,-0.4225941598415375,-0.3023139238357544
0.8035646677017212,-0.27230358123779297,0.2502512037754059
0.5017478466033936,-0.17876963317394257,0.3128425180912018
0.0833161324262619,-0.6739319562911987,-0.6946380734443665
0.2111884355545044,-0.07402631640434265,-0.6261935234069824
0.4930393397808075,-0.4225941598415375,0.026390790939331055
-0.1343616098165512,0.19543227553367615,0.31661877036094666
0.7169941663742065,-0.04332118481397629,-0.30542412400245667
0.3052883744239807,0.1974148005247116,-0.13370856642723083
0.4456705152988434,-0.12259414047002792,-0.0023139212280511856
-0.7243776917457581,-0.6818621158599854,-0.692561149597168
-0.5279182195663452,0.2296304702758789,-0.2742752730846405
-0.012746518477797508,-0.12259414047002792,-0.09587053954601288
-0.022122006863355637,0.5286864042282104,0.10996346175670624
-0.2747437655925751,0.382545530796051,0.31756284832954407
0.5679035186767578,-0.4225941598415375,0.16670683026313782
0.8641504049301147,-0.4304204285144806,-0.09133380651473999
-0.1337238848209381,0.2296304702758789,-0.06844127178192139
0.2779063284397125,0.2217947244644165,0.017090797424316406
0.007319062948226929,-0.36503463983535767,-0.6208123564720154
-0.05017954856157303,0.41067859530448914,-0.048745762556791306
-0.33145880699157715,-0.00038945674896240234,-0.6242109537124634
1.0169942378997803,0.17740586400032043,-0.08713372051715851
0.45501673221588135,0.4013323485851288,-0.048745762556791306
0.7771309018135071,-0.17875075340270996,-0.13330261409282684
-0.36830034852027893,-0.12259414047002792,0.07248417288064957
0.35211390256881714,-0.2348809540271759,-0.3242109715938568
0.3306123614311218,-0.16121149063110352,0.4972892701625824
0.604745090007782,0.14822913706302643,-0.16881826519966125
-0.36830034852027893,-0.12259414047002792,0.28773045539855957
0.4918583035469055,-0.6819565296173096,-0.08713372051715851
-0.5741060376167297,-0.22553473711013794,-0.35168319940567017
0.5045087337493896,0.09317660331726074,0.36313796043395996
0.7621203064918518,-0.047947097569704056,0.010147706605494022
0.43632426857948303,-0.12259414047002792,-0.24557055532932281
-0.21226990222930908,0.1293710172176361,0.3724841773509979
-0.5522269010543823,-0.41860076785087585,-0.16199788451194763
-0.5279182195663452,0.17740586400032043,-0.09647993743419647
-0.5372644662857056,0.8286864161491394,0.5409049987792969
-0.05078895390033722,-0.48812437057495117,0.012842506170272827
0.04338650777935982,-0.09454602748155594,0.31756284832954407
-0.17174649238586426,-0.02906583435833454,0.31756284832954407
-0.35951635241508484,-0.0016649067401885986,0.017562836408615112
0.8054296374320984,0.7574096918106079,0.3351087272167206
-0.6027823686599731,-0.2355092465877533,0.017562836408615112
-0.3401672840118408,-0.2629384696483612,-0.3242109715938568
0.19303932785987854,-0.22552528977394104,-0.3242109715938568
-0.7143937349319458,-0.1600356549024582,-0.3242109715938568
-0.7143937349319458,-0.19745829701423645,0.31661877036094666
0.604745090007782,-0.12259414047002792,0.15669457614421844
-0.8438960313796997,0.040251463651657104,0.20833998918533325
0.6983017325401306,-0.08514316380023956,0.31661877036094666
-0.6589541435241699,0.18175800144672394,-0.6926555633544922
1.0790190696716309,-0.674026370048523,-0.2742658257484436
0.5585572719573975,0.26215440034866333,-0.6014590859413147
-0.7243776917457581,-0.1356274038553238,0.14269931614398956
-0.09558376669883728,0.3004833459854126,0.02591875195503235
-0.18118712306022644,-0.11788325756788254,-0.38585829734802246
0.8766120672225952,0.27093416452407837,0.6166187524795532
-0.7612192630767822,-0.12259414047002792,-0.10522620379924774
-0.5493003129959106,-0.068645179271698,0.016713201999664307
0.819896936416626,-0.3819564878940582,-0.20818567276000977
-0.7855760455131531,-0.32852253317832947,-0.1426677256822586
-0.19987957179546356,0.07704681158065796,-0.2196088433265686
0.3046506643295288,0.2897210121154785,-0.5818225741386414
-0.8113489747047424,-0.22553473711013794,0.03509928286075592
-1.1560975313186646,-0.6802572011947632,0.4320545196533203
-0.004057854413986206,0.17740586400032043,0.3819248080253601
0.37080633640289307,0.055144548416137695,0.31756284832954407
0.4643629491329193,-0.12259414047002792,0.2222125232219696
0.4737091660499573,0.24225778877735138,0.31661877036094666
-0.8459729552268982,0.17740586400032043,-0.6016478538513184
-0.3963390290737152,-0.12259414047002792,-0.05844788998365402
-0.5553191304206848,-0.2348620742559433,0.3169019818305969
-0.5366267561912537,-0.12259414047002792,0.1754814088344574
0.08080915361642838,-0.12259414047002792,-0.2923016846179962
-0.31212863326072693,0.2843629717826843,-0.0717591792345047
0.3531755208969116,0.4050855040550232,0.30390745401382446
-0.1337238848209381,0.8296304941177368,-0.2742752730846405
0.32465630769729614,-0.020734965801239014,0.22463451325893402
0.11826957017183304,-0.27229416370391846,0.31756284832954407
-0.5747437477111816,-0.4225941598415375,0.07312189042568207
0.7169941663742065,-0.12259414047002792,-0.23622435331344604
-0.7330861687660217,-0.12259414047002792,0.1193096861243248
0.11826957017183304,-0.12259414047002792,0.10996346175670624
0.4650006890296936,-0.6658130288124084,-0.026099085807800293
-0.9208371043205261,-0.24476104974746704,0.06490854918956757
-0.7860481142997742,-0.33786875009536743,-0.2736092209815979
-0.004057854413986206,0.8292528390884399,0.6132201552391052
-0.3401672840118408,0.41067859530448914,-0.048745762556791306
-0.08759275823831558,0.07383699715137482,0.31756284832954407
-0.6301833987236023,-0.02906583435833454,0.31756284832954407
0.8496118187904358,0.6443109512329102,0.560447096824646
0.1276157796382904,0.47610214352607727,-0.048745762556791306
0.0153195234015584,-0.2068045288324356,0.31756284832954407
0.2030327022075653,0.2286863923072815,-0.06844127178192139
0.35211390256881714,0.4200247824192047,-0.048745762556791306
0.5486677289009094,0.2534921169281006,-0.014813313260674477
0.6889554858207703,-0.33786875009536743,-0.32609909772872925
-0.7143937349319458,-0.12259414047002792,0.2222125232219696
-0.3918306231498718,0.36165860295295715,0.23217757046222687
-0.25541359186172485,0.4263268709182739,-0.4843953251838684
-0.3214748501777649,0.11518694460391998,-0.1923254132270813
0.3153100907802582,0.4101834297180176,-0.4960072636604309
0.18369311094284058,0.5286864042282104,0.0257247406989336
-0.6489701867103577,-0.3740263283252716,-0.32619351148605347
0.20614811778068542,-0.02049797773361206,0.6140698194503784
-0.09761446714401245,0.2054539918899536,0.017562836408615112
-0.7654675841331482,-0.042849160730838776,-0.19874505698680878
-0.4712032079696655,-0.12259414047002792,-0.23622435331344604
-0.4107118844985962,-0.2652472257614136,0.5128663182258606
0.7356865406036377,-0.12259414047002792,-0.04909128695726395
0.5579195618629456,-0.2910432517528534,-0.35168319940567017
0.42697808146476746,0.5286864042282104,0.063137948513031
0.7771309018135071,-0.18810641765594482,0.16604077816009521
1.1453866958618164,0.18182408809661865,0.353791743516922
-0.10632295906543732,-0.12259414047002792,-0.2923016846179962
-0.2372644543647766,0.46675586700439453,-0.048745762556791306
0.4176318645477295,0.45740967988967896,0.31661877036094666
-0.293436199426651,-0.03841206058859825,0.31756284832954407
0.7635363936424255,-0.14139042794704437,-0.32430538535118103
-0.512269914150238,0.45740967988967896,0.20352007448673248
-0.4601345360279083,0.6402515172958374,0.20830222964286804
-0.38760221004486084,0.5081771612167358,0.1739383488893509
-0.5272805094718933,-0.3191763162612915,-0.3251550495624542
0.3146345913410187,-0.27232247591018677,0.3128425180912018
-0.4250154197216034,0.2286863923072815,0.34443607926368713
0.272552490234375,-0.07936125993728638,0.012842506170272827
-0.4524163603782654,0.2609502077102661,0.31756284832954407
0.6687525510787964,0.08308880031108856,-0.13017778098583221
-0.5642877817153931,0.24272982776165009,-0.011688465252518654
0.3989394009113312,-0.12259414047002792,0.09127101302146912
-0.2379021793603897,-0.4225941598415375,-0.4800526201725006
-0.003391801379621029,-0.18809886276721954,-0.3242109715938568
-0.004057854413986206,0.8286864161491394,0.2976672053337097
-0.2372644543647766,-0.2910432517528534,-0.35168319940567017
0.5054296255111694,0.45740967988967896,0.2502512037754059
-0.0308210551738739,0.17740586400032043,0.46604079008102417
0.5579195618629456,-0.12259414047002792,-0.10522620379924774
0.7737091779708862,0.38318324089050293,0.0166187584400177
-0.7143937349319458,-0.12259414047002792,0.02575305849313736
0.3614601194858551,0.33581438660621643,0.31756284832954407
-0.11503145098686218,0.15740966796875,0.017562836408615112
-0.48989561200141907,-0.010278992354869843,-0.2818225622177124
-0.0034002980682998896,-0.08646485209465027,-0.33610618114471436
-0.5528646111488342,0.3473319411277771,0.25959739089012146
0.2772497236728668,-0.12259414047002792,0.2502512037754059
0.5023855566978455,0.45323270559310913,-0.4652308225631714
-0.12437766790390015,-0.05878068506717682,0.19748327136039734
0.1705937385559082,0.1607903689146042,-0.6825540661811829
0.7783582210540771,-0.32852253317832947,-0.2736092209815979
0.7542846202850342,-0.32125324010849,0.31539151072502136
0.04404309391975403,0.4673936367034912,0.0166187584400177
0.3614601194858551,-0.12259414047002792,-0.1426677256822586
0.5110940933227539,0.15323267877101898,-0.16523082554340363
0.3894988000392914,0.23555493354797363,-0.10655732452869415
-1.152132511138916,0.18123877048492432,0.23216813802719116
0.5953988432884216,-0.22555360198020935,0.31756284832954407
-0.8113489747047424,-0.2910432517528534,0.20352007448673248
-0.2379021793603897,-0.18877814710140228,0.6175628900527954
-0.013404041528701782,0.5736950635910034,-0.3793400228023529
0.7771309018135071,-0.2068139612674713,-0.24557055532932281
-0.36830034852027893,-0.12259414047002792,-0.26426300406455994
-0.3026167154312134,-0.11174261569976807,0.1674243062734604
0.4643629491329193,0.011434451676905155,-0.2663399577140808
0.4692007899284363,-0.35899263620376587,0.5627127885818481
0.5585572719573975,0.6638530492782593,0.6175628900527954
0.4176318645477295,-0.05408350005745888,-0.31307104229927063
0.32407522201538086,-0.38167327642440796,-0.33176347613334656
-0.8179343342781067,-0.41824203729629517,-0.09265553951263428
-0.09694841504096985,-0.12259414047002792,-0.1426677256822586
-0.43436163663864136,0.17740586400032043,-0.06844127178192139
0.4182695746421814,0.5953141450881958,-0.36388570070266724
-0.5559569597244263,0.7761021852493286,0.017562836408615112
-0.7839711904525757,-0.17875075340270996,0.25959739089012146
-0.08759275823831558,0.45740967988967896,0.31661877036094666
0.2865959703922272,-0.1600356549024582,-0.3242109715938568
0.4265291094779968,-0.2990446388721466,-0.22128504514694214
0.16436293721199036,0.2296304702758789,-0.08713372051715851
-0.6308211088180542,0.2296304702758789,-0.07778748869895935
0.1400774121284485,-0.1513880491256714,-0.36206790804862976
0.8205347061157227,-0.4880988597869873,-0.024210959672927856
-1.1544926166534424,-0.6741207838058472,0.32682931423187256
-0.8927984833717346,0.48608607053756714,0.6175628900527954
-0.19987957179546356,0.25736281275749207,-0.09098029136657715
-0.7071244716644287,0.03985074162483215,-0.1707063764333725
-0.310546875,0.4769286513328552,0.3818303942680359
-0.4618569612503052,-0.1787441521883011,-0.3242109715938568
0.8039191961288452,0.794888973236084,-0.3456454873085022
-1.0643346309661865,0.16969288885593414,-0.0914282500743866
-0.6488758325576782,-0.12259414047002792,-0.13329318165779114
0.5298808813095093,-0.12259414047002792,-0.2268781214952469
0.17498460412025452,0.3221967816352844,-0.5586930513381958
-0.19924184679985046,0.17740586400032043,0.23219645023345947
-0.6802186965942383,0.0780852809548378,0.03508984297513962
-0.46240031719207764,-0.43196868896484375,0.017562836408615112
0.2778874635696411,0.7947945594787598,-0.34874576330184937
-0.09761446714401245,-0.20747056603431702,0.6169964075088501
-0.6021446585655212,0.05505015701055527,0.31709080934524536
0.4176318645477295,-0.11323846876621246,0.3172796368598938
-0.4959607720375061,-0.38618165254592896,-0.040402621030807495
-0.7824606895446777,-0.1319686621427536,-0.20818567276000977
-0.4712032079696655,-0.12259414047002792,0.10996346175670624
-0.4243776798248291,0.4480634331703186,-0.048745762556791306
0.2023855447769165,0.45740967988967896,0.31756284832954407
0.9327837824821472,-0.021253228187561035,0.015391498804092407
0.5379054546356201,0.2703908681869507,0.13177131116390228
0.48369312286376953,0.3277667462825775,-0.5547279715538025
-0.7898956537246704,0.6919861435890198,0.6166187524795532
0.005948755424469709,-0.37940752506256104,-0.32742077112197876
0.1550167202949524,-0.553611159324646,0.012842506170272827
1.1453866958618164,-0.6816732883453369,-0.21816961467266083
0.37143462896347046,-0.24476104974746704,0.06490854918956757
0.6573293209075928,0.10036514699459076,0.2908458709716797
0.04404309391975403,0.05578228831291199,0.017279624938964844
-0.5119866728782654,0.4013323485851288,-0.03950905054807663
-0.19987957179546356,-0.12259414047002792,-0.3016478717327118
-0.1624002903699875,-0.33786875009536743,-0.326759934425354
0.4463082551956177,0.17740586400032043,0.5409049987792969
-0.5834522843360901,-0.12259414047002792,-0.21753188967704773
0.1562921702861786,-0.4225941598415375,-0.23686206340789795
-0.4811871349811554,-0.4225941598415375,0.21348513662815094
0.7790190577507019,-0.33786875009536743,-0.12394696474075317
-0.4530540704727173,0.579642653465271,0.017562836408615112
0.23977044224739075,0.5294416546821594,0.15669457614421844
-0.15305405855178833,0.4200247824192047,-0.048745762556791306
-0.7839711904525757,-0.3097356855869293,-0.021034685894846916
-0.35952579975128174,-0.3197196424007416,0.6175628900527954
0.07145348936319351,0.4199303686618805,0.31699642539024353
-0.002782374620437622,-0.01662731170654297,0.017279624938964844
0.19303932785987854,-0.12259414047002792,-0.18005260825157166
0.8205347061157227,0.20547285676002502,0.0166187584400177
-0.5448400378227234,0.2703908681869507,0.2222125232219696
-0.7425267696380615,-0.320497989654541,0.31671321392059326
0.3146345913410187,0.12066251039505005,-0.1884547621011734
0.6881058216094971,0.05552218109369278,0.2066354900598526
-0.7839711904525757,-0.2068139612674713,-0.15201394259929657
-0.5551303625106812,0.34081795811653137,0.1037326380610466
0.6795148253440857,-0.16941019892692566,0.3128425180912018
0.2023855447769165,0.27964267134666443,0.31756284832954407
-0.312746524810791,0.17740586400032043,0.4380021393299103
0.015910029411315918,-0.4225941598415375,-0.4332931935787201
-0.2372644543647766,0.5291584134101868,0.1473483443260193
0.7696728110313416,-0.058615006506443024,-0.09276457130908966
-0.6955838203430176,-0.22833435237407684,0.07661493122577667
-0.2379305064678192,0.2286863923072815,0.4099634885787964
-0.44307011365890503,-0.08514316380023956,0.31756284832954407
-0.6301833987236023,-0.16944795846939087,0.3172796368598938
-0.022750288248062134,0.3364521265029907,0.017562836408615112
0.39948272705078125,-0.32906585931777954,0.6175628900527954
-0.4243776798248291,0.06449077278375626,0.31756284832954407
-0.44307011365890503,-0.12259414047002792,-0.13329318165779114
0.6421299576759338,-0.12259414047002792,0.08192480355501175
0.6795148253440857,-0.1225186139345169,-0.3108997046947479
-0.3776465952396393,-0.18811586499214172,-0.35168319940567017
0.7815679907798767,-0.07560813426971436,0.13177131116390228
-0.7460198402404785,-0.015282525680959225,0.2689436078071594
0.6228711009025574,0.14917321503162384,0.09429202228784561
-1.049607276916504,-0.32038047909736633,0.2789653241634369
-0.7107118964195251,0.034752801060676575,0.12865589559078217
-0.7705655097961426,-0.3190818727016449,-0.35168319940567017
0.41586124897003174,-0.2822403311729431,-0.4488985538482666
0.10828560590744019,-0.628522515296936,-0.025532662868499756
0.5491629242897034,-0.4197714030742645,-0.05286423861980438
0.37145349383354187,-0.028522521257400513,-0.6255326867103577
-0.17238423228263855,-0.11929510533809662,-0.44559434056282043
-0.3213289976119995,0.04449978470802307,0.20699942111968994
-0.826926052570343,-0.14858417212963104,-0.32355013489723206
-0.6308211088180542,0.007775723934173584,0.017562836408615112
0.8292432427406311,-0.11788325756788254,-0.18005260825157166
-0.21919086575508118,-0.4225941598415375,-0.3210252523422241
0.604745090007782,-0.075796939432621,-0.3285536766052246
-0.2647598385810852,-0.4225941598415375,-0.2461799681186676
0.8111884593963623,0.4673936367034912,0.0166187584400177
-0.6301833987236023,-0.12259414047002792,-0.28295543789863586
-0.368900328874588,-0.5255347490310669,-0.6516832113265991
-0.7330861687660217,-0.08136691898107529,-0.33251872658729553
0.7456705570220947,0.5953141450881958,-0.36388570070266724
-0.5272805094718933,-0.12259414047002792,0.25959739089012146
0.07283702492713928,0.29500776529312134,-0.5780463218688965
-0.6768913269042969,-0.36503463983535767,-0.02081233263015747
-0.6401672959327698,0.7292766571044922,0.6172796487808228
-0.4805494248867035,0.18608605861663818,0.31756284832954407
0.6140912771224976,-0.16939131915569305,-0.3242109715938568
-0.3688814342021942,-0.4225941598415375,-0.26489129662513733
0.014729022979736328,-0.10456773638725281,0.6175628900527954
-0.8543038368225098,-0.12625709176063538,-0.24245516955852509
-0.022750288248062134,0.06510961055755615,-0.6516832113265991
0.7771309018135071,-0.14140930771827698,0.01638795994222164
-0.41503146290779114,-0.33786875009536743,-0.326759934425354
0.4176318645477295,-0.15067999064922333,-0.3242109715938568
-0.4765130281448364,0.24138501286506653,0.40061724185943604
-0.4056852161884308,-0.18814417719841003,0.3172796368598938
-0.04081444442272186,-0.12259414047002792,0.2502512037754059
0.7031163573265076,0.03428076207637787,0.010147706605494022
-0.7858593463897705,-0.34712058305740356,0.1473483443260193
0.860751748085022,0.5364990234375,0.20156162977218628
-0.8195623159408569,-0.1536349207162857,0.07559957355260849
0.8045087456703186,-0.30038946866989136,0.03509928286075592
0.8918114304542542,0.49392178654670715,-0.14953626692295074
0.14630822837352753,-0.28169700503349304,-0.35168319940567017
-0.8113489747047424,-0.2629479169845581,0.1193096861243248
-0.8109482526779175,0.8270815014839172,0.5409049987792969
-0.5466107130050659,0.4318968653678894,-0.4804302453994751
-0.48989561200141907,0.2898385524749756,-0.06783188134431839
0.014729022979736328,-0.43196868896484375,0.017562836408615112
-0.6220644116401672,0.1605963557958603,0.17538700997829437
0.3147290349006653,-0.08136691898107529,-0.33251872658729553
-0.4805494248867035,-0.3819564878940582,-0.33912715315818787
-0.5459729433059692,0.038906678557395935,-0.24670344591140747
-0.7839711904525757,-0.1600356549024582,-0.03038845956325531
-0.6021446585655212,-0.30038946866989136,-0.3242109715938568
0.16500066220760345,-0.08136691898107529,-0.33251872658729553
0.6895931959152222,0.5329115986824036,0.017562836408615112
-0.09633901715278625,0.8296304941177368,0.44734835624694824
-0.6488758325576782,-0.12259414047002792,0.1754814088344574
0.14630822837352753,0.3918917179107666,-0.048745762556791306
0.5953988432884216,-0.12259414047002792,-0.18005260825157166
-0.3027823865413666,0.5296304821968079,0.053791724145412445
0.22117240726947784,0.20487289130687714,0.31756284832954407
-0.15251073241233826,0.2296304702758789,0.006328493356704712
0.5792322754859924,-0.6780858039855957,-0.6966205835342407
0.78553307056427,-0.08108369261026382,-0.27672460675239563
-0.05017954856157303,0.14265917241573334,-0.17278333008289337
-0.7839711904525757,-0.19745829701423645,-0.28295543789863586
-0.4437078535556793,0.4318968653678894,-0.4804302453994751
-0.6489701867103577,-0.18811586499214172,-0.35168319940567017
0.7169941663742065,-0.21616962552070618,-0.3242109715938568
-0.6574667692184448,-0.0593702532351017,-0.3168472945690155
-0.5448400378227234,0.2703908681869507,0.063137948513031
1.0824177265167236,-0.5442271828651428,0.017562836408615112
0.9327837824821472,-0.27289411425590515,0.0166187584400177
-0.4712032079696655,-0.2348620742559433,0.3169019818305969
0.08142800629138947,0.17740586400032043,-0.29295825958251953
-0.05078895390033722,0.8286864161491394,0.3818303942680359
0.3146345913410187,0.5296304821968079,0.17538700997829437
0.5392271280288696,-0.12259414047002792,0.21286629140377045
0.7783582210540771,-0.32852253317832947,-0.04909978434443474
-0.6027823686599731,0.17740586400032043,-0.26489129662513733
0.7730714678764343,-0.3190818727016449,-0.35168319940567017
0.1276157796382904,-0.12259414047002792,-0.21753188967704773
0.8407376408576965,-0.6779913902282715,-0.09662055969238281
-0.012746518477797508,0.08318322151899338,0.31756284832954407
-0.5741060376167297,-0.12259414047002792,-0.07715921103954315
-0.09761446714401245,-0.4225941598415375,-0.2180752158164978
0.18369311094284058,-0.2349187135696411,0.3172796368598938
0.8498950004577637,0.6467655301094055,-0.16511330008506775
0.48449456691741943,-0.6816732883453369,0.4380021393299103
0.5104332566261292,0.3556397259235382,-0.027265500277280807
0.2778780162334442,0.8286864161491394,0.33508041501045227
0.670806348323822,0.22925281524658203,0.013220131397247314
0.06209782883524895,0.18608605861663818,0.31756284832954407
-0.09694841504096985,-0.12259414047002792,-0.21753188967704773
0.7263403534889221,-0.12259414047002792,-0.12393752485513687
-0.5367211103439331,-0.3166273236274719,0.31312575936317444
-0.5522269010543823,-0.4184402525424957,0.5222125053405762
0.7233193516731262,0.007186167873442173,-0.23310892283916473
-0.312746524810791,0.17740586400032043,0.2789747714996338
-0.5876061320304871,0.20968763530254364,0.23155874013900757
0.1462138146162033,0.5288752317428589,0.1940794587135315
0.5240508317947388,-0.08044594526290894,-0.6962429881095886
0.35211390256881714,-0.12259414047002792,0.2502512037754059
-0.5466107130050659,-0.07402631640434265,-0.6261935234069824
0.6248304843902588,-0.2394743114709854,0.06868478655815125
0.6521139144897461,0.19479456543922424,-0.34874576330184937
-0.5553191304206848,-0.1600356549024582,0.31756284832954407
-0.7824606895446777,-0.1319686621427536,0.19417384266853333
0.22175347805023193,-0.3266112804412842,0.006565481424331665
0.7643629312515259,-0.19557537138462067,0.10002768039703369
-0.8066055774688721,0.22934728860855103,-0.26491016149520874
0.4924016296863556,0.42937102913856506,0.3169019818305969
-0.7150315046310425,0.22698712348937988,0.25490400195121765
0.5959421396255493,0.1811915636062622,-0.6926555633544922
0.4175374209880829,0.5296304821968079,0.15669457614421844
0.23986484110355377,-0.12259414047002792,-0.05844788998365402
-0.17238423228263855,-0.4225941598415375,0.3351087272167206
-0.2185720056295395,0.33581438660621643,0.31756284832954407
0.6795148253440857,-0.12259414047002792,0.1473483443260193
0.8035646677017212,-0.2629479169845581,-0.12394696474075317
-0.3776465952396393,0.5296304821968079,0.07248417288064957
0.1276157796382904,0.06449077278375626,0.31661877036094666
-0.1194223016500473,0.22698712348937988,0.01690196990966797
-0.10632295906543732,0.36404186487197876,-0.04867589846253395
1.149163007736206,-0.07959631085395813,-0.29298660159111023
0.8957765102386475,0.48825740814208984,-0.062210455536842346
-0.3482149839401245,-0.18094241619110107,0.6169019937515259
0.5485733151435852,-0.1225186139345169,-0.3108997046947479
-0.4992418587207794,0.3171219825744629,0.31746843457221985
-0.3501984477043152,0.03703320026397705,0.6128425598144531
0.5342236161231995,0.27577200531959534,0.2868807911872864
0.4575425982475281,-0.07808578014373779,-0.09662055969238281
-0.4880306124687195,-0.678652286529541,0.29819589853286743
0.3427676558494568,-0.30038946866989136,-0.35168319940567017
-0.7884082794189453,-0.07560813426971436,-0.058466773480176926
-0.5279182195663452,-0.37579694390296936,0.017562836408615112
0.7927079200744629,-0.09212923049926758,0.20040467381477356
-0.31141069531440735,-0.0777081847190857,-0.09671500325202942
-0.9376415014266968,-0.6780858039855957,-0.6966205835342407
-0.6102405190467834,-0.07808578014373779,-0.09662055969238281
0.8298808932304382,-0.4225941598415375,-0.26489129662513733
-0.1905333548784256,-0.19747719168663025,0.3128425180912018
0.6701686382293701,-0.12259414047002792,-0.021025246009230614
-0.022122006863355637,0.5286864042282104,0.18473322689533234
0.1276157796382904,-0.09454602748155594,0.31756284832954407
-0.06888142973184586,0.22356534004211426,0.31661877036094666
-0.050170108675956726,-0.16939131915569305,0.31756284832954407
0.08959317207336426,0.25224173069000244,0.016996413469314575
-0.6021446585655212,-0.09454602748155594,0.31756284832954407
0.7924016714096069,0.8289696574211121,-0.26491960883140564
-0.47184091806411743,0.8291584253311157,-0.08713372051715851
0.7771309018135071,-0.2629479169845581,0.18482764065265656
-1.0862369537353516,-0.0733654797077179,-0.49798983335494995
-0.28408998250961304,-0.12259414047002792,0.2502512037754059
0.14567050337791443,0.47570139169692993,-0.4492761492729187
-0.0032081902027130127,0.6442165970802307,-0.39288729429244995
-0.4998795986175537,0.2295360565185547,-0.3393920063972473
-0.9684178829193115,0.39488962292671204,-0.08713372051715851
0.4643629491329193,-0.35693883895874023,-0.37764492630958557
0.10828560590744019,0.3496690094470978,-0.5390565395355225
0.0439487099647522,0.18211674690246582,-0.6858583092689514
0.12815910577774048,0.12117940187454224,-0.05168318748474121
0.8054296374320984,0.15740966796875,0.4099634885787964
0.6140912771224976,-0.35656121373176575,-0.32647672295570374
0.5342236161231995,0.27577200531959534,0.06238269805908203
-0.7274931073188782,0.16969288885593414,-0.6914283037185669
1.1497293710708618,-0.6772361993789673,-0.12536825239658356
-0.7330861687660217,-0.3740263283252716,-0.32619351148605347
-0.4992418587207794,0.16994257271289825,-0.15324123203754425
-0.12565313279628754,0.22698712348937988,0.2545405328273773
-0.7799116969108582,-0.14132432639598846,0.31756284832954407
0.6068220138549805,0.17088665068149567,0.013263113796710968
-0.6932235956192017,-0.02049797773361206,0.014069795608520508
0.32465630769729614,0.03704261779785156,-0.6516832113265991
-0.5085880756378174,-0.2348809540271759,-0.3242109715938568
-0.5927984714508057,-0.08646485209465027,-0.33610618114471436
0.22752070426940918,0.6210870742797852,-0.10582616925239563
0.43632426857948303,0.5296304821968079,0.28763607144355774
0.26790350675582886,0.4013323485851288,-0.048745762556791306
-0.013404041528701782,0.17740586400032043,0.4566946029663086
0.34336763620376587,0.6451606750488281,0.017090797424316406
0.05273272842168808,0.438717246055603,-0.048745762556791306
0.5579195618629456,-0.12259414047002792,0.10061723738908768
0.26726579666137695,0.3457983434200287,0.0166187584400177
-0.34951353073120117,0.24225778877735138,0.31756284832954407
-0.5459729433059692,-0.12259414047002792,-0.011669584549963474
0.7771309018135071,-0.15067999064922333,0.23155874013900757
0.6338222026824951,0.1325577050447464,-0.0989953801035881
0.42697808146476746,-0.12259414047002792,-0.06780355423688889
-0.3782370984554291,0.4487011730670929,0.6166187524795532
0.4176318645477295,-0.12259414047002792,0.15669457614421844
-0.8461849093437195,-0.3644913136959076,-0.2923016846179962
-0.3221220076084137,-0.24476104974746704,-0.5350914597511292
0.7543789744377136,-0.37950190901756287,-0.32751521468162537
-0.06820595264434814,-0.19802995026111603,0.016996413469314575
0.5491629242897034,-0.07959631085395813,0.5502512454986572
0.20458000898361206,0.07319927215576172,0.39127102494239807
-0.7237399816513062,-0.12259414047002792,-0.16136017441749573
-0.31212863326072693,-0.18812435865402222,0.3128425180912018
0.6421299576759338,-0.12259414047002792,0.21286629140377045
0.3059336543083191,0.5422577857971191,0.6175628900527954
-0.1911710798740387,0.8286864161491394,0.34443607926368713
-0.8113489747047424,-0.3097356855869293,0.2689436078071594
-0.1905333548784256,0.5286864042282104,0.08183039724826813
0.6801525354385376,-0.4225941598415375,-0.28360262513160706
-0.3401672840118408,-0.12259414047002792,-0.09587053954601288
-0.4712032079696655,-0.0010271761566400528,0.31756284832954407
-0.512269914150238,0.4200247824192047,0.25959739089012146
-0.23709875345230103,-0.01875242590904236,0.4294111728668213
-0.7858593463897705,-0.3659074008464813,-0.06781299412250519
0.6726231575012207,0.07751883566379547,-0.06158217787742615
-0.17174649238586426,0.45740967988967896,0.31709080934524536
-0.4548940062522888,-0.330198734998703,0.005054980516433716
-0.3300658166408539,0.3477095663547516,-0.08483444899320602
-0.9338652491569519,0.4438864588737488,-0.3771875500679016
0.4424837827682495,-0.33085957169532776,0.017185211181640625
0.6709238290786743,0.00048332157894037664,-0.2740812599658966
0.4306830167770386,-0.3046146333217621,0.5502512454986572
0.4737091660499573,-0.12259414047002792,-0.3016478717327118
0.4818512201309204,-0.3949519991874695,0.017374038696289062
-0.8461849093437195,-0.3644913136959076,-0.1426677256822586
-0.004057854413986206,-0.2885655462741852,-0.5663399696350098
0.3901459574699402,0.5462228655815125,-0.39891043305397034
-0.5865676403045654,-0.15863844752311707,-0.35687556862831116
0.22107799351215363,-0.3819564878940582,-0.3578196167945862
-1.0885026454925537,-0.06930601596832275,-0.6911450624465942
0.08078082650899887,-0.21618850529193878,0.3128425180912018
-0.18118712306022644,-0.2629384696483612,0.31756284832954407
-0.38699281215667725,0.2898385524749756,-0.06783188134431839
-0.28345227241516113,-0.081673264503479,-0.6317634582519531
0.35274219512939453,-0.4225941598415375,0.41930970549583435
0.7771309018135071,-0.1600356549024582,-0.19874505698680878
0.6421299576759338,-0.03841206058859825,0.31661877036094666
-0.6395295858383179,-0.12259414047002792,0.03510872274637222
-0.5559569597244263,0.3177596926689148,0.017562836408615112
-0.38761165738105774,0.2286863923072815,0.40061724185943604
0.38015255331993103,-0.25361114740371704,0.3128425180912018
-0.3408238887786865,0.5462228655815125,0.20108959078788757
1.0844945907592773,-0.081673264503479,-0.012269556522369385
-0.43372389674186707,-0.12259414047002792,0.2502512037754059
-0.6395295858383179,-0.2348620742559433,0.3169019818305969
0.8045087456703186,-0.2068234086036682,0.25959739089012146
-0.38699281215667725,0.5296304821968079,0.2782898247241974
0.745032787322998,-0.17876963317394257,0.3128425180912018
0.6614601612091064,0.2286863923072815,-0.29298660159111023
0.18369311094284058,-0.026611272245645523,-0.2934345304965973
-0.33082106709480286,-0.12572842836380005,-0.31835779547691345
-0.22716298699378967,-0.0593702532351017,-0.3168472945690155
0.29615408182144165,0.3716656565666199,-0.5233851075172424
0.3340025246143341,0.26215440034866333,-0.0014590620994567871
0.7363243103027344,-0.4880979359149933,0.6175628900527954
0.9814973473548889,-0.6780858039855957,-0.6966205835342407
-0.7330861687660217,-0.12259414047002792,-0.2736092209815979
-0.021474838256835938,-0.12326018512248993,0.6175628900527954
0.5118261575698853,-0.4225941598415375,0.5409049987792969
0.14883407950401306,-0.6739319562911987,-0.09463804960250854
0.052113890647888184,0.13996435701847076,-0.6242109537124634
1.089120626449585,-0.38618165254592896,-0.33663439750671387
0.8035646677017212,-0.24425548315048218,0.1193096861243248
0.7771309018135071,-0.18810641765594482,-0.039743177592754364
-0.46240031719207764,-0.4225941598415375,-0.15265166759490967
-0.5653975009918213,0.8272703289985657,-0.3455066978931427
-0.5653030872344971,0.17740586400032043,-0.001647859811782837
0.06207894906401634,0.14822913706302643,-0.16881826519966125
0.6982072591781616,-0.27231302857398987,-0.35168319940567017
0.23051860928535461,-0.17882061004638672,-0.35168319940567017
-0.8113489747047424,-0.1787535846233368,-0.08652431517839432
-0.28408998250961304,-0.24424605071544647,-0.35168319940567017
0.5018422603607178,-0.3097356855869293,-0.3242109715938568
-0.1343616098165512,0.2686915397644043,-0.08294632285833359
-0.9711557030677795,0.38809236884117126,-0.5110178589820862
0.4930393397808075,-0.004685908555984497,0.23611432313919067
-0.38761165738105774,0.2286863923072815,-0.31168848276138306
-0.8113489747047424,-0.3097356855869293,-0.08652431517839432
0.05272328853607178,-0.1673804670572281,-0.35385456681251526
-0.784443199634552,-0.06994375586509705,-0.13330261409282684
-0.1343616098165512,-0.09772752225399017,-0.3441306948661804
0.26726579666137695,0.1586379110813141,0.017279624938964844
-0.512269914150238,0.46675586700439453,0.007041738834232092
-0.645288348197937,0.1277429759502411,0.054575297981500626
-1.0858592987060547,-0.06590738892555237,0.006328493356704712
-0.21217554807662964,0.0640418529510498,-0.23686206340789795
-0.3674507141113281,-0.35089680552482605,-0.3665049970149994
0.24921105802059174,-0.09772752225399017,-0.3441306948661804
-0.7424324154853821,-0.24423660337924957,-0.3242109715938568
-0.08761163800954819,-0.2910432517528534,-0.35168319940567017
-0.8113489747047424,-0.2348904013633728,0.2502512037754059
0.5491629242897034,-0.4197714030742645,-0.032896339893341064
0.8298808932304382,-0.5349376201629639,0.6172796487808228
1.1198968887329102,-0.6819565296173096,-0.44266772270202637
0.6608223915100098,-0.12259414047002792,-0.20809125900268555
0.13696199655532837,0.4480634331703186,0.31756284832954407
0.4182695746421814,0.007775723934173584,0.6175628900527954
0.38015255331993103,0.18070490658283234,-0.14559432864189148
0.5679035186767578,-0.4225941598415375,0.3070417642593384
-0.06888142973184586,0.3731992840766907,0.31756284832954407
-0.16185694932937622,-0.1793375015258789,0.11154524981975555
-0.2940465211868286,0.68254554271698,-0.34874576330184937
0.26790350675582886,0.45740967988967896,0.31756284832954407
-0.7524163722991943,0.420662522315979,0.6175628900527954
0.40828561782836914,-0.12259414047002792,-0.18939882516860962
0.745032787322998,-0.12259414047002792,0.15669457614421844
0.8054296374320984,0.6918917298316956,-0.2742469608783722
0.5298808813095093,-0.12259414047002792,-0.04909128695726395
0.6234375238418579,-0.12259414047002792,-0.06780355423688889
0.3894988000392914,0.4013323485851288,0.31756284832954407
-0.24597293138504028,0.32710590958595276,0.017562836408615112
0.1550167202949524,-0.4225941598415375,0.36313796043395996
0.7771309018135071,-0.1600356549024582,0.10996346175670624
-0.07824653387069702,0.46675586700439453,-0.048745762556791306
0.4564096927642822,0.04610466957092285,0.20962391793727875
-0.44316452741622925,0.5296304821968079,0.10061723738908768
-0.36830034852027893,0.47610214352607727,-0.048745762556791306
0.37080633640289307,-0.12259414047002792,-0.2736092209815979
-0.20922578871250153,0.23291157186031342,0.31756284832954407
-0.8113489747047424,-0.27230358123779297,-0.15201394259929657
-1.1544926166534424,-0.6741207838058472,-0.10478769242763519
-0.5179343223571777,-0.17882061004638672,-0.35168319940567017
0.8035646677017212,-0.27230358123779297,-0.28295543789863586
-0.11630690097808838,0.40442466735839844,-0.4999723434448242
-0.7071244716644287,0.03985074162483215,-0.011697907000780106
0.0994827076792717,-0.075796939432621,-0.3285536766052246
-0.4805494248867035,0.3503530025482178,-0.058372367173433304
0.6701686382293701,-0.1673804670572281,-0.35385456681251526
-1.1056846380233765,0.1025322675704956,0.017562836408615112
0.5054296255111694,0.382545530796051,0.24090497195720673
0.05272328853607178,0.529252827167511,0.31322014331817627
-0.2747437655925751,0.22989057004451752,-0.11056015640497208
-0.5603227019309998,0.248394176363945,-0.07717809826135635
-0.3214748501777649,-0.02094689942896366,-0.28937506675720215
0.24921105802059174,-0.2629668116569519,0.3128425180912018
-0.31212863326072693,-0.3190818727016449,-0.35168319940567017
0.4737091660499573,0.3480871915817261,-0.07719697803258896
-0.20922578871250153,-0.12259414047002792,0.278384268283844
-0.09694841504096985,-0.1787441521883011,-0.3242109715938568
0.4176318645477295,-0.22552528977394104,-0.3242109715938568
-0.3963390290737152,-0.12572842836380005,-0.31835779547691345
0.806868851184845,-0.16084755957126617,-0.2736092209815979
-0.3408333361148834,0.2286863923072815,0.559597373008728
-0.6707780361175537,-0.12575674057006836,0.3052900433540344
-0.20051729679107666,0.8289696574211121,-0.3393457531929016
-1.0831215381622314,0.23081150650978088,0.6163356304168701
0.4456705152988434,0.47610214352607727,-0.048745762556791306
0.5766120553016663,0.19184483587741852,-0.13766418397426605
0.7263403534889221,-0.12259414047002792,0.278384268283844
-0.0320965051651001,0.45880264043807983,-0.46126577258110046
0.5212899446487427,-0.004992236383259296,-0.2780463397502899
-0.3963390290737152,0.12066251039505005,-0.1884547621011734
0.6421299576759338,-0.3097356855869293,-0.35168319940567017
0.9152241945266724,-0.13930924236774445,-0.00603872537612915
0.20184224843978882,-0.27289411425590515,0.6166187524795532
0.23986484110355377,-0.12259414047002792,-0.21753188967704773
0.6053828001022339,-0.4225941598415375,0.1199474036693573
-0.4056852161884308,-0.12259414047002792,0.1193096861243248
-0.21226990222930908,0.7667558789253235,-0.18069031834602356
0.5018422603607178,0.3171219825744629,0.31756284832954407
-0.34951353073120117,0.2462228387594223,-0.09891042858362198
-0.2940201163291931,0.25224173069000244,0.6169964075088501
0.3340308666229248,-0.4225941598415375,0.24155211448669434
0.03403084725141525,-0.12259414047002792,-0.254916787147522
0.45565444231033325,0.17740586400032043,-0.3490912914276123
-0.022103125229477882,-0.12259414047002792,0.07248417288064957
0.6995289921760559,0.039284296333789825,0.14423294365406036
0.7586272954940796,-0.042849160730838776,-0.23933973908424377
-0.15305405855178833,-0.12259414047002792,-0.254916787147522
-0.16185694932937622,0.2296304702758789,-0.12461300194263458
-0.4250154197216034,0.2335492968559265,0.6175628900527954
0.4650006890296936,-0.6096413135528564,0.6175628900527954
-0.2653975188732147,0.18070490658283234,-0.14559432864189148
0.3413746953010559,0.4098058044910431,-0.4961016774177551
-0.6489701867103577,-0.010278992354869843,-0.2818225622177124
0.3435375690460205,0.04459419846534729,-0.39299115538597107
-0.5279182195663452,-0.5161696672439575,-0.6242109537124634
0.2579195499420166,-0.5255347490310669,-0.05168318748474121
0.7512635588645935,-0.13034488260746002,-0.39133381843566895
0.3894988000392914,0.3731992840766907,-0.048745762556791306
-1.0999257564544678,-0.3918743431568146,0.1473483443260193
0.2304242104291916,0.5286864042282104,-0.021044127643108368
0.14694595336914062,-0.016532927751541138,0.017374038696289062
0.8441594243049622,-0.13050538301467896,-0.12394696474075317
-0.2379021793603897,-0.46003568172454834,0.6175628900527954
-0.21610376238822937,-0.02049797773361206,0.6140698194503784
-0.40504753589630127,-0.3103734254837036,0.0166187584400177
-0.7839711904525757,-0.28169700503349304,-0.2923016846179962
-0.3963390290737152,-0.28169700503349304,-0.35168319940567017
-0.7050475478172302,-0.12259414047002792,-0.08651487529277802
-0.43372389674186707,0.3171219825744629,0.31756284832954407
-0.1905333548784256,0.17673982679843903,0.31661877036094666
0.29594215750694275,0.5296304821968079,0.23155874013900757
0.5585572719573975,0.24289549887180328,0.017562836408615112
-0.24661068618297577,-0.12259414047002792,0.1473483443260193
-0.5366267561912537,0.1580473780632019,0.31756284832954407
-0.8553191423416138,-0.4225941598415375,-0.18069031834602356
0.09016481041908264,-0.12259414047002792,0.25959739089012146
0.7771309018135071,-0.2348809540271759,0.01638795994222164
-0.6776466369628906,-0.4225941598415375,0.2976861000061035
-0.04081444442272186,-0.12259414047002792,-0.16136017441749573
0.3427676558494568,-0.12259414047002792,-0.07715921103954315
-0.7330861687660217,-0.12259414047002792,-0.03037996217608452
0.4737091660499573,-0.3097356855869293,0.3128425180912018
-1.1113489866256714,0.09317660331726074,0.40061724185943604
-0.4712032079696655,-0.3190818727016449,-0.35168319940567017
0.2023855447769165,0.41067859530448914,-0.048745762556791306
0.20448559522628784,0.7761021852493286,0.46604079008102417
0.3052883744239807,-0.20683284103870392,0.3128425180912018
-0.5185720324516296,0.8218891620635986,0.617374062538147
0.2865959703922272,0.45740967988967896,-0.048745762556791306
-0.36830034852027893,-0.06645072251558304,0.31756284832954407
-0.012128621339797974,-0.4225941598415375,-0.19003655016422272
-0.4243776798248291,-0.12259414047002792,-0.18939882516860962
-0.2185720056295395,-0.12259414047002792,-0.24557055532932281
-0.27532482147216797,-0.4225941598415375,0.5690380334854126
0.8011100888252258,-0.3819564878940582,-0.26426300406455994
-0.49725934863090515,-0.3739319443702698,-0.3946380615234375
0.8292432427406311,-0.11788325756788254,0.10996346175670624
-0.7703766822814941,-0.12574729323387146,-0.3184521794319153
0.6615776419639587,-0.06503462791442871,-0.3208123445510864
0.0994827076792717,-0.37940752506256104,-0.32742077112197876
0.7456705570220947,-0.07940751314163208,-0.6274207830429077
-0.07825597375631332,-0.3819564878940582,-0.33912715315818787
0.216380774974823,0.005226790904998779,-0.36175212264060974
-0.07824653387069702,-0.08646485209465027,-0.33610618114471436
-0.5367211103439331,-0.03784562647342682,-0.30145907402038574
-0.6114909052848816,0.11518694460391998,-0.1923254132270813
-0.7460198402404785,-0.015282525680959225,0.13800212740898132
0.48156797885894775,-0.3756081461906433,0.3569071292877197
-0.7765130400657654,-0.058615006506443024,0.03508984297513962
-0.5079503059387207,-0.6819565296173096,0.40061724185943604
-0.12437766790390015,-0.5722941756248474,0.017562836408615112
0.24921105802059174,-0.12259414047002792,-0.2923016846179962
0.37080633640289307,-0.09772752225399017,-0.3441306948661804
-0.6301833987236023,-0.25360170006752014,-0.35168319940567017
0.23986484110355377,-0.27229416370391846,-0.3242109715938568
-0.7839711904525757,-0.30038946866989136,-0.19874505698680878
-0.5461848974227905,-0.06449130177497864,0.559597373008728
-0.6957013010978699,-0.22553473711013794,-0.35168319940567017
-0.8113489747047424,-0.25359228253364563,-0.021034685894846916
-0.7424324154853821,-0.12259414047002792,0.278384268283844
-1.0915236473083496,-0.08110681176185608,-0.010710865259170532
0.17498460412025452,0.18018141388893127,-0.6964317560195923
-0.7238343954086304,-0.25361114740371704,0.3128425180912018
0.1556544452905655,0.5296304821968079,0.2502512037754059
0.1269780695438385,0.3457983434200287,0.0166187584400177
0.19303932785987854,-0.17874225974082947,0.31756284832954407
-0.25605130195617676,0.27369508147239685,-0.07934000343084335
0.2023855447769165,-0.3097356855869293,-0.35168319940567017
-0.293436199426651,0.45740967988967896,-0.048745762556791306
-0.4805494248867035,0.055144548416137695,0.31756284832954407
0.3427676558494568,-0.12259414047002792,0.1193096861243248
0.8054296374320984,0.6731992959976196,0.5970766544342041
-0.43372389674186707,0.3918917179107666,-0.048745762556791306
0.8035646677017212,-0.22553473711013794,-0.19874505698680878
-0.3782370984554291,-0.4225941598415375,-0.20872899889945984
0.13696199655532837,-0.12259414047002792,-0.3016478717327118
-0.07825597375631332,0.5286864042282104,0.17538700997829437
0.7917639017105103,-0.18811491131782532,-0.35168319940567017
-0.36830034852027893,0.5296304821968079,0.016369078308343887
-0.31212863326072693,0.12066251039505005,0.31661877036094666
0.13696199655532837,-0.21616962552070618,-0.3242109715938568
-0.18118712306022644,0.027105890214443207,0.31756284832954407
-0.2372644543647766,-0.12259414047002792,-0.1707063764333725
-0.5747437477111816,0.017121970653533936,0.6175628900527954
-0.24661068618297577,0.11131628602743149,0.31661877036094666
0.10828560590744019,-0.4225941598415375,0.5315587520599365
-0.4243776798248291,-0.12259414047002792,0.063137948513031
0.6053828001022339,0.6264681816101074,0.017562836408615112
0.3989394009113312,0.28898885846138,0.31756284832954407
0.15704742074012756,0.36609572172164917,-0.5273501873016357
0.3334214389324188,0.36404186487197876,-0.04867589846253395
0.5054296255111694,0.4200247824192047,-0.03039506822824478
0.7790190577507019,-0.3658130168914795,0.08183039724826813
-0.7050475478172302,-0.11674094200134277,-0.3666938245296478
0.6327837705612183,-0.11323846876621246,0.3172796368598938
0.04404309391975403,0.3827112019062042,-0.51554936170578
-0.8143700361251831,-0.16084755957126617,-0.16447557508945465
-0.27549898624420166,0.3300555944442749,-0.08314456790685654
0.19367705285549164,-0.4694102108478546,0.6128425598144531
-0.5927984714508057,-0.320497989654541,0.31671321392059326
-0.2741060256958008,0.18018141388893127,-0.6964317560195923
0.08015254139900208,-0.67940753698349,-0.027420759201049805
-0.7839711904525757,-0.27230358123779297,0.063137948513031
0.20448559522628784,0.213581383228302,0.5502512454986572
-0.38759276270866394,0.213581383228302,0.017562836408615112
0.8078129887580872,-0.3390016257762909,0.25959739089012146
0.22117240726947784,0.14870116114616394,0.31756284832954407
0.23986484110355377,0.02776673063635826,-0.25472795963287354
-0.36830034852027893,-0.12259414047002792,0.23155874013900757
0.7263403534889221,-0.12259414047002792,0.03510872274637222
-0.43372389674186707,-0.04332118481397629,-0.30542412400245667
-0.11566918343305588,-0.12259414047002792,-0.08651487529277802
-0.5272805094718933,-0.09454602748155594,0.31756284832954407
0.06209782883524895,-0.12259414047002792,-0.12393752485513687
0.7790190577507019,-0.33786875009536743,-0.18005260825157166
-0.8395764827728271,-0.141097754240036,-0.017919279634952545
0.9358991980552673,0.17365793883800507,-0.694543719291687
0.5766120553016663,-0.08514316380023956,0.31661877036094666
-0.022103125229477882,-0.12259414047002792,-0.28295543789863586
0.6341767311096191,-0.06930601596832275,-0.6911450624465942
-0.0320965051651001,-0.67940753698349,-0.027420759201049805
-0.8113489747047424,-0.1787535846233368,-0.21753188967704773
-0.556663990020752,0.178085595369339,0.33508986234664917
-0.21932725608348846,0.32986679673194885,-0.08288967609405518
-0.040049757808446884,-0.3469317555427551,-0.3604629933834076
0.7771309018135071,-0.2068139612674713,-0.3016478717327118
0.8127220869064331,-0.15366323292255402,-0.07716865837574005
0.7391796112060547,-0.015282525680959225,-0.10836048424243927
-0.81729656457901,-0.3819564878940582,-0.24557055532932281
-0.7147713899612427,0.029088428243994713,-0.11459130048751831
-0.6676626205444336,-0.3190818727016449,-0.35168319940567017
0.5485733151435852,-0.12259414047002792,0.26903802156448364
0.6338222026824951,0.1325577050447464,-0.042864248156547546
0.8045087456703186,-0.3097356855869293,0.19417384266853333
-0.3027823865413666,-0.14505338668823242,-0.3734910786151886
0.6234375238418579,-0.17876963317394257,0.3128425180912018
0.6240752339363098,0.5412193536758423,-0.40251675248146057
-0.5331337451934814,0.2869119346141815,-0.020260555669665337
0.750697135925293,-0.0317092128098011,-0.04910828173160553
0.26790350675582886,0.22989057004451752,-0.11056015640497208
-0.3878656029701233,-0.23267705738544464,0.39117661118507385
0.04335818439722061,-0.2629668116569519,0.3128425180912018
-0.06948140263557434,0.8042352199554443,0.017562836408615112
-0.22791823744773865,0.41067859530448914,0.31756284832954407
0.6614601612091064,-0.3945460319519043,0.017562836408615112
-0.4805494248867035,-0.12259414047002792,0.2222125232219696
-0.41503146290779114,-0.1319686621427536,0.31756284832954407
0.7076479196548462,-0.12259414047002792,-0.18005260825157166
0.8018422722816467,0.2615879476070404,0.0166187584400177
-0.48989561200141907,-0.1319686621427536,-0.3227948844432831
0.08079971373081207,0.011434451676905155,-0.2663399577140808
0.3614601194858551,-0.0010271761566400528,0.31756284832954407
0.8298808932304382,-0.20747056603431702,0.0166187584400177
0.8035646677017212,-0.21619795262813568,-0.09587997943162918
-0.1905333548784256,-0.2629573941230774,-0.35168319940567017
-0.04081444442272186,0.03645211458206177,0.31756284832954407
-0.06888142973184586,-0.12259414047002792,0.20352007448673248
0.4643629491329193,-0.19745829701423645,-0.3242109715938568
1.0918583869934082,-0.08195647597312927,0.2602407932281494
-0.06948140263557434,-0.2915865480899811,0.6175628900527954
-0.6495135426521301,0.3364521265029907,0.017562836408615112
0.17498460412025452,0.02646815776824951,0.017562836408615112
0.4182695746421814,-0.16999126970767975,0.017562836408615112
0.8766120672225952,-0.2722332775592804,0.04527205228805542
0.4456705152988434,-0.09211979061365128,-0.3401656448841095
-0.06830033659934998,0.6640418767929077,-0.3486759066581726
-0.743070125579834,-0.2778032422065735,0.04130697250366211
-0.15293653309345245,0.3716656565666199,-0.5233851075172424
-0.8180518746376038,-0.11345560103654861,-0.12394696474075317
0.24921105802059174,-0.12252804636955261,0.2968878746032715
-0.8113489747047424,-0.1787535846233368,0.20352007448673248
0.3894988000392914,-0.18811586499214172,-0.35168319940567017
-0.4056852161884308,-0.22552528977394104,-0.3242109715938568
0.8010157346725464,-0.10313700139522552,-0.09276457130908966
0.7987499237060547,-0.10465694218873978,-0.3453579843044281
0.8030926585197449,-0.2941586673259735,0.3165243864059448
0.6614601612091064,-0.3378456234931946,-0.0014590620994567871
0.05272328853607178,-0.09772752225399017,-0.3441306948661804
0.8035646677017212,-0.3190818727016449,-0.2268781214952469
0.5579195618629456,-0.34712058305740356,-0.32609909772872925
-0.8575849533081055,0.6445941925048828,-0.3397583067417145
0.7918583154678345,-0.3819564878940582,-0.09588941931724548
0.38079971075057983,-0.09692081809043884,0.17032259702682495
0.4643629491329193,0.05523896962404251,-0.2350914627313614
-1.0916180610656738,-0.08101242780685425,0.1674809604883194
-0.5757108926773071,0.2263975292444229,0.063137948513031
-0.5251091718673706,0.306265264749527,0.17538700997829437
-0.3207195997238159,0.07166565954685211,-0.22338508069515228
0.6493048071861267,0.11065544933080673,0.05690712854266167
0.35402512550354004,0.40565192699432373,-0.062210455536842346
0.684990406036377,0.0616585947573185,-0.18005260825157166
-0.8113489747047424,-0.30038946866989136,-0.24557055532932281
-0.47099125385284424,0.3004833459854126,-0.574081301689148
0.0999547466635704,0.34676551818847656,-0.0847211554646492
-0.2372644543647766,-0.12259414047002792,-0.08651487529277802
0.07080632448196411,-0.1793375015258789,0.017562836408615112
-0.7518730759620667,-0.12259414047002792,0.063137948513031
-0.5647598505020142,-0.12259414047002792,0.2222125232219696
-0.6121286153793335,0.17740586400032043,0.11060118675231934
-0.38699281215667725,0.27964267134666443,0.31756284832954407
