-0.10582917928695679,0.3101193904876709,-0.02720615640282631
-0.004877239465713501,-0.3731744885444641,-0.22827744483947754
-0.38538065552711487,0.3725300431251526,0.050390273332595825
0.009136497974395752,-0.05125027894973755,0.21462038159370422
0.8848846554756165,0.4650993049144745,-0.2838156819343567
0.14331305027008057,-0.7337712645530701,-0.2431788444519043
-0.5580717325210571,0.628635823726654,-0.4025992155075073
-0.15241220593452454,-0.6794185042381287,0.2636515498161316
0.5906697511672974,-1.2788113355636597,-0.9017726182937622
-0.2596331238746643,-0.6380010843276978,0.21125733852386475
-0.12474119663238525,-0.6267255544662476,-0.3102739453315735
0.22103872895240784,0.08759240061044693,0.042340025305747986
-0.03936256840825081,0.6781060695648193,0.10637767612934113
0.03914731740951538,0.007434278726577759,-0.24102099239826202
-0.24160495400428772,0.629156768321991,0.037609368562698364
0.005508036352694035,-0.3389320373535156,-0.31487247347831726
-0.11675947159528732,-0.3444839417934418,0.2833443582057953
-0.2821895480155945,-0.07343471050262451,0.49696624279022217
-0.7003631591796875,0.9753918647766113,0.1960763782262802
-0.3040880858898163,-0.2748885154724121,-0.30476871132850647
-0.03241598606109619,0.26616114377975464,0.22254833579063416
-0.2953937351703644,-0.22079533338546753,-0.07113273441791534
0.13489758968353271,-0.41657185554504395,0.19876472651958466
0.05550546944141388,0.13003143668174744,-0.18336191773414612
0.19275876879692078,-0.4342685341835022,-0.12532725930213928
0.06783241778612137,0.5101612210273743,-0.06867188960313797
0.13160032033920288,-0.6808931827545166,0.28186875581741333
0.23847472667694092,-0.6741282343864441,-0.1970677524805069
-0.32261431217193604,0.32534945011138916,0.16692721843719482
0.10739835351705551,0.7734425067901611,-0.0729399099946022
0.3249633014202118,-0.08753524720668793,0.19043688476085663
-0.22207202017307281,-0.2548728585243225,-0.30316147208213806
0.20796296000480652,-0.4258771538734436,0.07408407330513
0.35068488121032715,-0.07283073663711548,-0.06469078361988068
0.07174476236104965,-0.11598870903253555,-0.3817555010318756
-0.5099263787269592,0.41372883319854736,0.338791161775589
0.4242507815361023,-0.46749410033226013,-0.5222484469413757
-0.1094726100564003,-0.4682738780975342,-0.17243161797523499
0.11425147950649261,0.28279364109039307,0.016888048499822617
-0.18930435180664062,0.6341014504432678,-0.06532061100006104
-0.10756414383649826,0.7698858380317688,-0.07314810156822205
-0.8927710652351379,-1.2736082077026367,0.7023863792419434
-0.07913391292095184,0.6232578158378601,0.15827645361423492
0.6275657415390015,-0.5784684419631958,0.15194468200206757
-0.1379692405462265,0.11455359309911728,-0.15573234856128693
-0.027122795581817627,0.4485693573951721,0.08720670640468597
0.25322237610816956,-0.27482500672340393,0.2605295479297638
0.2163543403148651,0.02081350050866604,-0.18683186173439026
0.05934842303395271,-0.3014567494392395,0.3346126675605774
0.17387214303016663,0.6251662969589233,0.06241948902606964
-0.09366124868392944,0.10801884531974792,-0.29086771607398987
-0.0292477048933506,0.23117832839488983,0.12780453264713287
-0.8633642792701721,0.9256868362426758,0.08501070737838745
0.1805272400379181,0.022895457223057747,0.21741563081741333
0.19492748379707336,-0.30024224519729614,-0.2851178050041199
-0.3576597273349762,-0.1951032280921936,-0.17095689475536346
0.0800379067659378,0.8149082660675049,0.10750540345907211
-0.2520865201950073,-0.19033163785934448,0.3064189553260803
-0.09663385152816772,0.564725935459137,-0.026659641414880753
0.17428135871887207,-0.49915629625320435,0.04586200788617134
-0.02708766795694828,-0.5205831527709961,0.1630243957042694
-0.08822011947631836,-0.17558571696281433,-0.3845323622226715
-0.10704366117715836,0.8349471688270569,0.08711953461170197
-0.13862007856369019,-0.6395151615142822,-0.18388241529464722
0.08900769799947739,-0.6095002293586731,-0.1432841569185257
0.17235340178012848,-0.3287152647972107,-0.2106681764125824
0.09993799030780792,0.6337776184082031,0.033240120857954025
-0.18488019704818726,-0.9371720552444458,0.42259877920150757
-0.2728198170661926,-0.09447511285543442,-0.26308369636535645
0.03555333986878395,0.014394113793969154,-0.2924914062023163
-0.3412642776966095,-0.055178094655275345,0.0814635381102562
0.05561823770403862,-0.4530929625034332,-0.20435503125190735
0.3229063153266907,0.5706497430801392,0.1840415894985199
-0.13870680332183838,0.08872013539075851,0.17508241534233093
-0.19641773402690887,-0.13862724602222443,-0.17800676822662354
0.15207377076148987,0.16583944857120514,-0.07280978560447693
0.3858606815338135,-0.14027824997901917,0.0633678212761879
-5.253506969893351e-05,0.6735951900482178,-0.1146572157740593
0.21297113597393036,-0.649144172668457,-0.04322858527302742
-0.1486828774213791,-0.5470413565635681,-0.052901025861501694
-0.12222462147474289,-0.007206224836409092,0.2878552973270416
0.6334011554718018,0.5531506538391113,-0.2627839744091034
0.2776063084602356,1.193327784538269,0.15610775351524353
-0.008983281441032887,-0.6447201371192932,0.2414449155330658
0.6194972395896912,0.28784826397895813,0.3690229654312134
-0.21695387363433838,-0.3671253025531769,0.18783442676067352
0.268923819065094,-0.38317373394966125,-0.01936410181224346
-0.19335828721523285,-0.9639156460762024,-0.21511143445968628
-0.030757127329707146,0.41057395935058594,-0.08845919370651245
-0.23473729193210602,0.00970969907939434,-0.1802389770746231
-0.00012627120304387063,-0.4104994535446167,0.24899202585220337
0.24385355412960052,-0.37883633375167847,0.12312011420726776
-0.2973696291446686,-0.3481273651123047,0.05116233602166176
-0.5847798585891724,-0.7925435304641724,0.9997166991233826
-0.9452537894248962,-0.14201363921165466,0.807004988193512
0.10457924008369446,-0.24580788612365723,-0.36774587631225586
0.3435274660587311,-0.2262459248304367,0.17673063278198242
0.1650860458612442,-0.032710254192352295,-0.2965685725212097
0.0878799706697464,0.4202898144721985,0.034766893833875656
0.11650693416595459,-0.6664939522743225,-0.2616957426071167
-0.4674637019634247,0.6137582659721375,0.2942742705345154
0.14582788944244385,0.8746778964996338,-0.0010801443131640553
-0.3357017934322357,-0.2767961025238037,0.16053277254104614
0.8304067254066467,-1.2769027948379517,0.7842769026756287
0.2346154898405075,-0.08775145560503006,0.2801787555217743
0.38820287585258484,-0.20004788041114807,-0.06831622868776321
0.18154871463775635,0.056794583797454834,0.0586855411529541
-0.1470346599817276,0.18403925001621246,-0.04753997549414635
0.017717871814966202,0.5644656419754028,0.09761608392000198
0.2788122296333313,0.030788689851760864,0.5224025845527649
-0.0005756278405897319,0.9050397872924805,0.1572122424840927
-0.4161522388458252,-0.02427154779434204,-0.6009060144424438
-0.5233732461929321,-0.7384324669837952,0.26986175775527954
-0.11962216347455978,-0.44146865606307983,0.18818141520023346
-0.2301396280527115,-0.6388212442398071,-0.0007990796584635973
-0.06980258226394653,0.05549550801515579,-0.2459075003862381
-0.24905121326446533,0.05324048176407814,-0.0648718848824501
0.05775371193885803,-0.455980122089386,0.12175668776035309
0.11039139330387115,0.9058636426925659,-0.11114411801099777
-0.26848089694976807,0.03267347812652588,-0.2018638551235199
-0.7976081371307373,0.46804875135421753,-0.9494841694831848
0.1445266753435135,-0.5507715344429016,-0.05670928210020065
-0.2957213819026947,-0.2920011878013611,-0.18674510717391968
0.2401643842458725,-0.0992005467414856,0.16738545894622803
-0.10843248665332794,0.6865215301513672,0.021797141060233116
0.7908507585525513,0.44731587171554565,-0.9499192833900452
-0.12760302424430847,0.19424954056739807,0.08062207698822021
0.16335149109363556,-0.25626128911972046,0.3319239318370819
0.19761666655540466,0.924037754535675,0.16111591458320618
-0.809752881526947,0.93357914686203,0.18358290195465088
0.10366816818714142,-0.36851322650909424,-0.2636909484863281
0.2984183132648468,-0.06107698008418083,-0.1919500231742859
-0.19882343709468842,-0.08545327931642532,0.3176967203617096
0.103754922747612,-0.5171131491661072,0.13153471052646637
-0.040820807218551636,0.5285123586654663,-0.9686555862426758
-0.09446514397859573,0.4465745687484741,-0.000823369191493839
-0.264405220746994,0.022895457223057747,0.10073903203010559
-0.011151990853250027,-0.6127966642379761,0.10394872725009918
-0.047785840928554535,-0.41275492310523987,-0.24382555484771729
-0.3586575984954834,-0.26688775420188904,-0.07446689903736115
0.23162204027175903,-0.3548937439918518,-0.18804635107517242
-0.1663786768913269,1.5746111869812012,-0.1482279896736145
0.05563364923000336,0.013984471559524536,-0.04207289218902588
0.28714099526405334,-0.24333533644676208,-0.25518959760665894
0.11971662938594818,0.055486828088760376,-0.225261390209198
-0.3767682611942291,0.619878351688385,0.3757726550102234
0.26692861318588257,-0.0023483233526349068,0.15894721448421478
0.12687401473522186,-0.03422769904136658,-0.2946642339229584
-0.5369051694869995,-0.37716352939605713,0.4992843568325043
-0.0160879734903574,-0.2522704303264618,-0.3759433627128601
-0.9872400164604187,-0.17489171028137207,0.11453115940093994
0.5746898651123047,0.3276820182800293,-0.3325296640396118
0.11919613927602768,0.7436878681182861,0.02761014923453331
0.07869330793619156,0.3734457194805145,-0.059233661741018295
0.017492325976490974,0.7913994193077087,-0.1327008605003357
0.24324630200862885,0.921348512172699,-0.03683522716164589
0.16942346096038818,-0.33728381991386414,0.2600090503692627
-0.8377726674079895,-0.6810667514801025,-0.2033131718635559
0.8930389881134033,0.4296192228794098,0.28386396169662476
0.10386618971824646,-0.1287161409854889,-0.42845064401626587
-0.38350987434387207,-0.12466441094875336,-0.6956584453582764
0.09100290387868881,0.6723806262016296,-0.06398747116327286
-0.17481736838817596,0.6587380170822144,0.10900336503982544
-0.8955479264259338,-0.7993539571762085,-0.2591800093650818
0.059929631650447845,0.6999666690826416,0.1006522849202156
-0.03898000717163086,0.9721822142601013,-0.21589170396327972
-0.017597395926713943,0.5555305480957031,-0.09817501902580261
0.20763632655143738,-0.6326189041137695,0.06557101756334305
-0.07565809041261673,0.5915311574935913,0.06918863952159882
-0.10739105939865112,-0.6723065376281738,0.3240780234336853
-0.32131218910217285,-0.07521696388721466,-0.17425334453582764
0.09646805375814438,0.09267585724592209,0.19772374629974365
-0.15727095305919647,0.9320185780525208,0.09180395305156708
-0.19639448821544647,-0.6339632868766785,-0.09912925213575363
-0.017736192792654037,0.8095298409461975,0.13431067764759064
0.10592363029718399,0.9125001430511475,0.12390085309743881
0.1116490289568901,-0.6127966642379761,0.02168523520231247
-0.08644091337919235,0.6543369293212891,-0.07035481184720993
0.18512490391731262,0.080062635242939,0.1382143497467041
0.18189573287963867,1.1667401790618896,0.2185845673084259
0.09056916832923889,0.5249950885772705,0.02438311092555523
-0.03640444949269295,-0.2940831184387207,0.34588995575904846
0.008964959532022476,-0.6416838765144348,-0.1951597034931183
-0.054361362010240555,0.1392909735441208,0.17933307588100433
0.30128008127212524,-0.6801992654800415,0.5238409042358398
-0.08109722286462784,-0.6408163905143738,0.17291370034217834
0.457364559173584,0.48553913831710815,-0.2788786292076111
0.1995251476764679,0.08486850559711456,-0.11856088787317276
0.11598645150661469,-0.49542614817619324,-0.14510588347911835
-0.11007984727621078,-0.5336821675300598,0.1197369247674942
-0.0593947172164917,0.025782257318496704,0.34674596786499023
0.0766373723745346,-0.6494911909103394,0.20344913005828857
-0.030826525762677193,0.012832642532885075,0.2900240123271942
0.22386394441127777,-0.9132295250892639,0.2409389764070511
-0.5600669384002686,0.6419954895973206,-0.31351640820503235
-0.3047432601451874,-0.0003531026013661176,0.017738182097673416
0.07779980450868607,0.19943709671497345,-0.12818995118141174
-0.1401815414428711,0.8278338313102722,-0.000673294416628778
-0.14573343098163605,-0.5564969778060913,0.03913901001214981
0.2642982304096222,0.43434804677963257,-0.48830658197402954
0.1947539746761322,-0.4708763659000397,-0.03752053901553154
0.17818504571914673,-0.4468470513820648,0.11947668343782425
0.3058786392211914,-0.30431944131851196,0.15113984048366547
0.17645007371902466,-0.6488839983940125,-0.12567424774169922
0.395016610622406,-0.026812225580215454,-0.2629101872444153
0.320669949054718,-0.31824323534965515,-0.05141828581690788
0.5141425132751465,0.1199474036693573,0.6323140859603882
0.3604232370853424,0.3313959538936615,0.5807410478591919
0.03235319256782532,1.5752184391021729,0.21099665760993958
-0.14907346665859222,-0.23652581870555878,-0.3510034382343292
-0.1528468132019043,0.04206685349345207,-0.21797452867031097
0.30378347635269165,0.13525785505771637,-0.09676387906074524
0.08866070210933685,-0.37302419543266296,0.2664284408092499
-0.4876329004764557,0.32601842284202576,0.5129914283752441
0.15745218098163605,-0.4045138359069824,-0.20027786493301392
0.10123921185731888,-0.2157493531703949,0.37616515159606934
0.05893981456756592,0.8515633344650269,0.7173938751220703
0.06684347987174988,-0.6033411026000977,-0.052154991775751114
-0.012696112506091595,-0.5004575252532959,-0.17980524897575378
-0.05608765780925751,0.2933769226074219,-0.09973648935556412
-0.07891401648521423,-0.41876381635665894,-0.2689017057418823
-0.09108196198940277,0.7446420788764954,0.08134210109710693
0.6864651441574097,-0.04060521721839905,-0.3389008641242981
-0.2444530874490738,-0.38594967126846313,0.10741866379976273
0.10175970941781998,0.25859078764915466,-0.06445591896772385
0.24237796664237976,-0.061858583241701126,-0.27123716473579407
-0.5798455476760864,0.205003559589386,0.5705914497375488
-0.30968695878982544,-0.6810667514801025,-0.004087716341018677
0.2704853117465973,-0.36044564843177795,-0.11266198754310608
0.03046988509595394,0.14395283162593842,0.17751136422157288
-0.06399910897016525,-0.048585206270217896,0.3382561206817627
0.40195775032043457,0.3481624126434326,0.316743403673172
0.01741425320506096,0.07755561172962189,-0.23783990740776062
-0.21018747985363007,-0.6520069241523743,0.08144619315862656
-0.1914062350988388,0.11422394216060638,-0.07162979990243912
0.38291123509407043,-0.24559082090854645,0.007935616187751293
-0.23760414123535156,-0.07690790295600891,0.012343078851699829
0.07744652032852173,0.07618264853954315,-0.21192581951618195
0.23144854605197906,-0.34205499291419983,0.20466360449790955
0.06252340972423553,0.5964757800102234,-0.08286392688751221
-0.3231329321861267,-0.06437426805496216,-0.43012166023254395
-0.3942040503025055,-0.24691523611545563,-0.06939779222011566
0.04598049446940422,-0.486144095659256,0.18236927688121796
-0.16369035840034485,-0.6406429409980774,0.16606056690216064
0.36757218837738037,0.18114858865737915,0.07885432243347168
-0.10773764550685883,0.9049530625343323,0.15183383226394653
-0.04453277215361595,8.063372661126778e-05,-0.30524343252182007
-0.18234211206436157,-0.1666501760482788,0.3477993607521057
0.08943211287260056,-0.31095635890960693,-0.3230708837509155
0.21869653463363647,-0.22928209602832794,-0.31799542903900146
0.03943099081516266,0.9354884624481201,-0.18232093751430511
-0.05877599120140076,-1.2805461883544922,0.304857075214386
-0.0713466927409172,0.509727418422699,0.060227539390325546
0.12934571504592896,0.1177721694111824,-0.15204575657844543
-0.08359557390213013,-0.6065508127212524,0.017798908054828644
-0.3016203045845032,-0.23119056224822998,0.24179191887378693
-0.09082213789224625,0.9299370646476746,-0.1600261777639389
-0.20645731687545776,0.06635639071464539,0.7364794015884399
-0.3305942714214325,-0.31924015283584595,-0.017238764092326164
0.2857534885406494,-0.3548074960708618,0.05608920753002167
-0.06410320848226547,0.825838565826416,-0.12489350885152817
-0.420446515083313,-0.39824846386909485,-0.062107205390930176
0.04588594287633896,-0.6720467209815979,0.29089242219924927
0.3698122203350067,-0.15615321695804596,0.13951556384563446
-0.10739064961671829,-0.5314266681671143,-0.12463328242301941
0.31507399678230286,-0.007466474082320929,-0.01524355262517929
0.8866196274757385,-0.6740400791168213,0.0032876431941986084
-0.12248487025499344,-0.40173783898353577,-0.22448065876960754
0.21722179651260376,0.0931096002459526,-0.035265080630779266
0.2563605308532715,-0.7586879730224609,-0.09607355296611786
-0.25789862871170044,-0.3549800515174866,-0.15256668627262115
0.3571469187736511,-0.08215682953596115,0.10585718601942062
-0.05722428113222122,-0.1983565092086792,0.3884402811527252
-0.18594108521938324,0.9491516351699829,-0.07400670647621155
-0.2808006703853607,-0.3320789337158203,0.15339531004428864
0.024588344618678093,-0.39262932538986206,-0.2611752450466156
0.44114261865615845,1.2752183675765991,-0.1369747668504715
0.7460873126983643,0.5050902962684631,-0.955643355846405
0.7989175319671631,0.9720959067344666,-0.09036722779273987
0.1793127804994583,0.9058205485343933,0.061927806586027145
0.05313723534345627,0.7278129458427429,-0.11101378500461578
-0.010614368133246899,-0.0965130478143692,0.37725022435188293
0.1730668842792511,0.13173864781856537,0.08385779708623886
0.154502734541893,-0.6631974577903748,0.20839378237724304
-0.060547180473804474,-0.6354820728302002,-0.17074066400527954
0.05620812624692917,-0.5758418440818787,0.13318294286727905
0.37709951400756836,0.4721263647079468,-0.1076301634311676
0.11477197706699371,0.2297903597354889,0.07115783542394638
0.12882520258426666,-0.5615283846855164,0.0741419792175293
0.30455729365348816,-0.11084303259849548,0.14023451507091522
0.9397963881492615,0.4395085275173187,0.8224461674690247
0.12691673636436462,0.8462244868278503,-0.06776970624923706
0.1365458220243454,-0.6276305913925171,-0.0645253136754036
0.38915711641311646,-0.1283937245607376,-0.030129576101899147
0.8392550349235535,-0.029065966606140137,0.838581383228302
-0.18494370579719543,-0.3375440537929535,0.24855829775333405
-0.407737672328949,0.5421954393386841,-0.37313076853752136
-0.017976731061935425,-0.313711941242218,0.16408903896808624
-0.036196254193782806,0.4848305881023407,-0.08518010377883911
-0.32825204730033875,-0.14617714285850525,-0.21910226345062256
0.24606585502624512,0.9281580448150635,0.09818016737699509
0.029550349339842796,0.4915969669818878,0.08651228994131088
-0.08362159878015518,0.39192306995391846,0.047839872539043427
0.14999181032180786,-0.6581660509109497,-0.19411872327327728
0.16814589500427246,0.5321321487426758,0.31867465376853943
-0.25364843010902405,-0.15519896149635315,-0.307672381401062
0.2534826099872589,0.039290901273489,0.08711953461170197
-0.19613423943519592,0.0719863697886467,-0.1431974172592163
-0.16273610293865204,-0.4846692979335785,-0.09860876202583313
-0.02311459369957447,-0.34890809655189514,0.29930609464645386
0.1249215304851532,0.8562004566192627,0.0677659660577774
0.07277707755565643,0.8438822627067566,-0.12081634998321533
0.14472338557243347,-0.9344828128814697,0.2836378514766693
-0.05416184291243553,0.9123266339302063,0.20631182193756104
-0.309009313583374,-0.2990904450416565,-0.3716907501220703
-0.07978150248527527,0.10021151602268219,-0.39678746461868286
-0.659271776676178,0.3069569170475006,-0.3369938135147095
-0.23773030936717987,-0.30002516508102417,-0.24768607318401337
0.051567092537879944,-0.6016928553581238,0.059759099036455154
0.012476086616516113,-0.31514349579811096,0.16768929362297058
0.5359585881233215,-0.12056317925453186,-0.27761125564575195
0.13535457849502563,-0.18399664759635925,0.41201549768447876
0.02851804532110691,0.6350788474082947,0.10099927335977554
0.008964959532022476,-0.6350042223930359,0.17291370034217834
0.2662346363067627,0.042674094438552856,-0.0014332103310152888
-0.8042882084846497,1.5599510669708252,0.035175055265426636
0.13246777653694153,-0.16135896742343903,-0.38513773679733276
-0.2470555603504181,-0.4061620533466339,0.03920840471982956
-0.25304117798805237,0.05709167197346687,0.02601397968828678
0.17055119574069977,0.9046061038970947,-0.0726536437869072
-0.00023904413683339953,0.7357937097549438,0.1202574223279953
-0.1879807561635971,0.9239518642425537,-0.19064921140670776
-0.6537996530532837,-0.3611201345920563,-0.29937922954559326
-0.05993928387761116,0.7102029323577881,-0.10450764745473862
-0.46486127376556396,0.4666893780231476,-0.2741679847240448
0.15027529001235962,0.6270747184753418,-0.07711838185787201
0.27751192450523376,-0.29581815004348755,-0.20947319269180298
-0.029680579900741577,0.3696296811103821,0.09440639615058899
-0.19561375677585602,-0.03409822657704353,0.2705056071281433
0.32257795333862305,-0.17788347601890564,-0.23415334522724152
-0.10556893795728683,0.15650531649589539,0.13526490330696106
-0.08343877643346786,-0.40490490198135376,0.24096716940402985
-0.17895807325839996,-0.5003708004951477,0.014823438599705696
0.08675223588943481,0.4468348026275635,-0.02947028912603855
0.3594891428947449,-0.2617259621620178,-0.6825603246688843
0.12158192694187164,0.02345954068005085,0.25502127408981323
-0.03767010569572449,0.9253398776054382,-0.8733190894126892
0.008413239382207394,-0.03739467263221741,-0.34237170219421387
-0.4880666732788086,0.22651800513267517,-0.6166942119598389
-0.07968321442604065,-0.6512262225151062,0.24179191887378693
0.06163857504725456,-0.5463473796844482,-0.14562638103961945
0.29100197553634644,-0.11724591255187988,0.243657648563385
0.1752355992794037,0.00797474104911089,-0.24035561084747314
-0.02729734778404236,-0.0050997138023376465,-0.1954444944858551
-0.1729724258184433,-0.4328805208206177,0.14602169394493103
0.24229207634925842,-0.6664939522743225,-0.12177059054374695
0.1334228664636612,0.8076213598251343,-0.00035059047513641417
-0.2619762718677521,-0.04103809967637062,-0.21649980545043945
-0.351154088973999,-0.20664119720458984,0.7697911858558655
-0.1787845641374588,-0.3283487558364868,-0.2691560983657837
-0.2551906108856201,0.07731081545352936,-0.6871339082717896
0.1730668842792511,-0.350556343793869,-0.24512676894664764
0.09855001419782639,0.5829430818557739,-0.0269892830401659
-0.13966104388237,0.8805767297744751,0.04526344686746597
0.3438291549682617,0.14666134119033813,-0.38186633586883545
0.160922110080719,-0.4962936341762543,-0.09331711381673813
-0.3639923632144928,-0.24359557032585144,0.11054159700870514
0.6580376625061035,0.3295028805732727,0.2705046534538269
-0.08709152787923813,-0.24524380266666412,-0.3740348815917969
0.03673311695456505,-0.2507956922054291,0.3722614645957947
-0.08227699249982834,0.25373291969299316,0.08920148760080338
0.1535484939813614,-0.5542415380477905,0.012273035012185574
0.1831296980381012,0.933927059173584,-0.010073348879814148
0.19926533102989197,-0.09673012793064117,-0.31868988275527954
-0.16932985186576843,-1.2809799909591675,-0.856403648853302
0.02947227843105793,0.41430413722991943,0.0895484909415245
0.0626014843583107,0.9058205485343933,0.17863908410072327
0.1476496011018753,-0.2764732539653778,-0.32649675011634827
0.11581294983625412,-0.32175585627555847,0.30581220984458923
0.19822391867637634,-0.3925425708293915,0.1694437563419342
0.2996327579021454,-0.2635476887226105,0.20978176593780518
-0.35423994064331055,-0.9496647715568542,0.05357201397418976
-0.2406361848115921,0.010924184694886208,0.1689232736825943
-0.6411339640617371,0.03580191731452942,0.16239765286445618
0.07858054339885712,0.3581779897212982,0.06121646985411644
0.17497622966766357,0.970707356929779,-0.4816519320011139
-0.1163257285952568,-0.6200835704803467,-0.11708616465330124
0.054629307240247726,-0.6583396196365356,-0.24087610840797424
-0.3366276025772095,0.9354022145271301,0.624937891960144
0.1610528826713562,-0.2127571851015091,-0.3496159315109253
0.4741505980491638,-0.23587240278720856,0.12795810401439667
-0.1631707102060318,0.9669790267944336,0.14255262911319733
0.34153223037719727,-0.2219952642917633,-0.19116927683353424
-0.05458499491214752,-0.9595540165901184,-0.18087032437324524
-0.05638260394334793,0.8621861338615417,0.13092748820781708
-0.36954429745674133,-0.11546821147203445,0.11860920488834381
-0.38750210404396057,-0.13776297867298126,-0.0264605525881052
0.3430069386959076,-0.08033512532711029,-0.13113939762115479
-0.8389021158218384,-0.39419078826904297,0.5020843744277954
-0.29598167538642883,0.005372284445911646,-0.046481646597385406
-0.07548438012599945,0.36854416131973267,-0.0678909420967102
-0.07066138833761215,-0.5849503874778748,0.12563581764698029
0.042892251163721085,0.8596704006195068,0.13587212562561035
-0.26587995886802673,-0.39002686738967896,-0.024542979896068573
0.15159644186496735,0.953141987323761,-0.1357802003622055
-0.05690309405326843,-0.3495153486728668,-0.29856380820274353
-0.12623827159404755,-0.3872741460800171,0.024377286434173584
0.18384692072868347,-0.48529982566833496,0.07712027430534363
0.08464424312114716,0.28982025384902954,0.07552127540111542
-0.138663649559021,-0.06302860379219055,0.3235524892807007
-0.1512853354215622,-0.3844749629497528,0.22114579379558563
-0.1020122542977333,0.6184232234954834,0.017634084448218346
-0.2166927456855774,-0.8027362823486328,-0.33595138788223267
0.13776029646396637,0.21823547780513763,-0.028550755232572556
-0.14660091698169708,0.1522112637758255,-0.10268592834472656
0.07137322425842285,0.09223194420337677,0.1693815290927887
-0.3103809952735901,-0.16075000166893005,0.2583599090576172
-0.12543430924415588,-0.29573139548301697,0.3233353793621063
0.16907645761966705,-0.6171340942382812,-0.004406945314258337
-0.23693789541721344,-0.3722202181816101,0.0037775039672851562
0.3107365667819977,-0.040691111236810684,0.1344841569662094
-0.08449774980545044,0.6539900302886963,0.06765320152044296
-0.5772587656974792,0.9778258204460144,-0.0904984325170517
0.2429860681295395,-0.4026920795440674,-0.07494379580020905
-0.30604445934295654,-0.02542339637875557,0.1239876076579094
0.2372615486383438,-0.5679083466529846,-0.7297505736351013
-0.12500056624412537,0.14524930715560913,-0.010055989027023315
0.11138835549354553,-0.07374268770217896,0.349446177482605
0.551711916923523,1.2159932851791382,-0.08924078941345215
-0.1020122542977333,0.08688974380493164,-0.20262007415294647
-0.05475848913192749,-0.32360169291496277,0.08185112476348877
0.07346238195896149,0.569757342338562,0.06375819444656372
0.31615856289863586,-0.11854755878448486,-0.21853861212730408
-0.32408812642097473,-0.24177385866641998,-0.2083454579114914
0.09907050430774689,0.32521355152130127,-0.02719748206436634
-0.8369919061660767,-1.269789457321167,-0.14050734043121338
-0.37578922510147095,-0.8625058531761169,-0.6188861131668091
0.488334596157074,0.4385085105895996,-0.30651408433914185
0.2639791667461395,-0.19735871255397797,-0.29309865832328796
-0.5473150014877319,0.3420659899711609,-0.42975056171417236
0.1346178501844406,0.018451780080795288,-0.013788372278213501
-0.16091439127922058,0.9066013693809509,-0.10754384100437164
0.09985123574733734,0.9079025387763977,-0.17139065265655518
0.23942939937114716,-0.22607238590717316,0.3012145459651947
0.14745661616325378,-0.41898131370544434,0.05139869451522827
0.3333384096622467,-1.271524429321289,-0.5639137029647827
-0.03659442067146301,0.9719218611717224,0.8273908495903015
0.3177083432674408,-0.40384310483932495,-0.0774189829826355
0.07848511636257172,-0.4284564256668091,0.21594089269638062
-0.7584846019744873,0.4274505078792572,-0.37030380964279175
0.35869693756103516,0.626340389251709,-0.39531147480010986
0.3133389949798584,-0.018743760883808136,-0.07974965870380402
0.2518676221370697,0.17281988263130188,-0.08878162503242493
-0.10669666528701782,0.2894732356071472,0.03272830322384834
-0.12864400446414948,0.013353141024708748,-0.26464518904685974
-0.11717373132705688,-0.33995354175567627,-0.017305999994277954
0.3454359173774719,-0.2600777745246887,0.12745752930641174
-0.09533176571130753,0.1583348512649536,-0.15751004219055176
-0.09168919175863266,0.5037418007850647,-0.01799347810447216
-0.033072441816329956,0.008976280689239502,0.6528704166412354
0.11607319861650467,0.6912050247192383,-0.0006516074063256383
-0.12621505558490753,0.7870619893074036,0.040535662323236465
-0.9574853777885437,0.5200110673904419,-0.725239634513855
0.39457958936691284,-0.17398065328598022,0.01504963543266058
0.030192287638783455,-0.6040350794792175,-0.14970356225967407
-0.16690003871917725,-0.6117556691169739,0.04373667761683464
-0.5205097198486328,0.6171854734420776,-0.18754908442497253
-0.03916304558515549,0.9098976850509644,-0.20183934271335602
-0.26845356822013855,-0.6578422784805298,0.5995653867721558
-0.15111182630062103,-0.6107147336006165,-0.06927912682294846
0.2275448590517044,0.039984896779060364,0.1461952030658722
-0.2242407351732254,0.09194717556238174,-0.018192997202277184
0.07332946360111237,-0.2332957684993744,-0.22531065344810486
0.16855596005916595,-0.6373464465141296,0.15018561482429504
-0.5611955523490906,-0.36510592699050903,-0.35526061058044434
-0.21096821129322052,-0.45317965745925903,0.028946075588464737
0.1100875586271286,-0.4502302408218384,-0.18275469541549683
0.09776927530765533,0.7585217952728271,0.08013629168272018
-0.18887147307395935,-0.1635894775390625,-0.12673932313919067
0.00024067444610409439,0.2836611270904541,0.1149657592177391
-0.07904127985239029,-0.49377790093421936,0.1647593379020691
-0.07434819638729095,0.43174058198928833,-0.055746376514434814
-0.2781541347503662,-0.25153374671936035,-0.25566741824150085
-0.15839870274066925,-0.42602741718292236,-0.1765087991952896
0.0743708610534668,-0.43784886598587036,0.014053761959075928
-0.05436915159225464,-1.0663645267486572,-0.20617586374282837
0.27968060970306396,-0.04251281917095184,0.19885148108005524
-0.10860512405633926,0.7054318189620972,-0.04866770654916763
-0.01904609426856041,0.18187053501605988,0.15608452260494232
0.15389548242092133,-0.4982020854949951,0.09987154603004456
-0.25815653800964355,1.1919399499893188,0.15766921639442444
0.23274977505207062,-0.3210618793964386,-0.23541095852851868
-0.12658612430095673,0.6290686726570129,0.09651245176792145
-0.24705274403095245,-0.6581025123596191,-0.5943131446838379
0.01630387455224991,-0.2924349009990692,-0.3511333167552948
0.20397254824638367,0.6230844259262085,-0.05786024034023285
-0.2733730673789978,1.2643756866455078,-0.5299458503723145
0.7882478833198547,-1.2731735706329346,-0.8337627649307251
0.2879217267036438,-0.339192271232605,0.1096741110086441
0.12778423726558685,0.0036373131442815065,-0.2734067440032959
0.326004296541214,-0.3204546272754669,0.013383414596319199
0.13784703612327576,0.1060524582862854,0.1561712622642517
0.28349849581718445,-0.2239045798778534,-0.343112975358963
0.2562585473060608,0.9300233721733093,0.5034728050231934
0.1439194232225418,0.9190930724143982,0.18835489451885223
0.4244002103805542,0.6323660016059875,0.05868974328041077
-0.10053753107786179,0.34629344940185547,0.01612466387450695
0.07372304797172546,0.0443214476108551,-0.8661189675331116
0.09551382809877396,0.3748336434364319,-0.0005136774270795286
-0.04363926127552986,0.7732690572738647,-0.12333204597234726
0.1769942343235016,0.6663704514503479,0.10449288785457611
0.23422448337078094,-0.14487594366073608,-0.31547972559928894
-0.07279756665229797,-0.39044108986854553,0.25298941135406494
-0.13549712300300598,-0.48527655005455017,0.13248896598815918
-0.043769389390945435,-0.14513617753982544,0.38926416635513306
0.09837651997804642,0.7022221684455872,0.059967298060655594
0.13767355680465698,0.17566804587841034,0.07987605035305023
-0.07478193193674088,0.4465745687484741,0.05676628276705742
-0.01873379945755005,-0.5721116662025452,0.14220477640628815
0.0774875059723854,0.4737268388271332,0.04734540730714798
-0.3659866452217102,0.4608486294746399,0.4529848098754883
-0.25590386986732483,-0.31603047251701355,0.2122974693775177
-0.07826642692089081,0.6657645106315613,0.29741737246513367
-0.025092456489801407,0.5103346705436707,0.09119671583175659
-0.01666962169110775,0.2351691871881485,-0.12662892043590546
0.1497315764427185,0.06321609765291214,0.19494777917861938
0.16014136373996735,-0.6098472476005554,0.05240284278988838
0.3732706904411316,-0.2205871194601059,-0.5234388113021851
0.03413933888077736,0.7917464375495911,0.12797802686691284
0.08192034810781479,0.9571755528450012,0.18566571176052094
-0.08926023542881012,-0.05257563665509224,-0.3421114981174469
-0.11007984727621078,0.8883841037750244,0.09900406748056412
0.421561598777771,-1.2603338956832886,0.44838714599609375
-0.19587485492229462,1.576866626739502,0.08581916987895966
-0.09960652887821198,-0.09020125865936279,0.1424882560968399
-0.09220968931913376,0.5457280278205872,0.02501637302339077
-0.028050577268004417,0.35652977228164673,-0.09470508247613907
0.18269595503807068,0.12079969048500061,-0.07349509745836258
-0.2355184555053711,-1.2677946090698242,-0.473583459854126
0.20681200921535492,-0.27898895740509033,0.2885492742061615
0.21245065331459045,-0.4363504648208618,0.07879169285297394
0.06765024363994598,0.7896645069122314,-0.11231499910354614
-0.05918522924184799,-0.6157901883125305,-0.11938435584306717
-0.07175441831350327,-0.3295632004737854,0.31309905648231506
-0.1365380883216858,0.030963057652115822,0.2445678561925888
-0.2353445291519165,-0.10471141338348389,-0.30073249340057373
-0.035458892583847046,0.09075003862380981,-0.2236131876707077
-0.029950367286801338,0.5911841988563538,0.09796307981014252
0.11130203306674957,-0.26311397552490234,0.3523961007595062
0.24341981112957,-0.26051151752471924,-0.2818213403224945
0.052200354635715485,0.6741156578063965,-0.10199194401502609
0.07278574258089066,-0.645153820514679,-0.19203677773475647
-0.06720013171434402,-0.25044870376586914,0.3706132471561432
0.061777375638484955,0.19064947962760925,0.13830110430717468
-0.15163232386112213,-0.5192818641662598,0.07734298706054688
-0.20749828219413757,-0.4310588240623474,0.10342822968959808
0.2319258600473404,0.06287800520658493,-0.0797845721244812
-0.08541920781135559,0.08442415297031403,0.2533015012741089
-0.18954093754291534,0.13695093989372253,-0.011790533550083637
-0.09828293323516846,0.2397269308567047,-0.27245157957077026
-0.20376810431480408,-0.6281511187553406,-0.045857056975364685
-0.19908368587493896,-0.2950373589992523,0.28499260544776917
0.10392841696739197,0.6361198425292969,-0.0196416974067688
-0.3227001428604126,-0.3098713457584381,-0.0945315808057785
0.30570515990257263,-0.3208884000778198,-0.11110053211450577
0.049040764570236206,-0.5396051406860352,0.5911517143249512
-0.07145079225301743,0.5247349143028259,-0.06210503727197647
0.025889569893479347,0.6283992528915405,-0.10494139045476913
-0.5420241355895996,-0.6297367811203003,-0.5059165358543396
0.12995293736457825,-0.330517441034317,-0.2891082167625427
0.06957605481147766,0.06605277955532074,0.23441831767559052
-0.15336686372756958,0.8941966891288757,-0.05562448874115944
-0.44243699312210083,0.6164906024932861,0.1210622489452362
0.08434062451124191,0.1339394748210907,0.1673618108034134
-0.004900902509689331,-0.6815004944801331,0.3121439218521118
0.28505903482437134,-0.001654337509535253,0.1096741110086441
-0.19769571721553802,0.005198785103857517,-0.22638912498950958
-0.19893386960029602,0.13907477259635925,0.08709588646888733
-0.10478820651769638,0.19628813862800598,-0.10520163178443909
-0.04387348145246506,0.0984446257352829,0.21411919593811035
-0.2047223299741745,-0.3914148509502411,-0.17000266909599304
-0.5989301800727844,0.22105200588703156,0.5245281457901001
0.16924995183944702,-0.3734579086303711,0.22218678891658783
0.10739835351705551,0.7233887314796448,-0.05765484273433685
0.22988706827163696,-0.6390814185142517,0.005184824112802744
-0.1930980384349823,0.9084230661392212,0.05077196657657623
-0.3093910217285156,0.5356411337852478,0.16087976098060608
-0.051967110484838486,0.7737895250320435,0.11808870732784271
-0.11441726237535477,-0.28436732292175293,-0.334217369556427
0.22824473679065704,1.18022882938385,0.17467190325260162
-0.2897357642650604,-0.34084051847457886,0.10273424535989761
0.00889556109905243,-0.319153368473053,0.3271523118019104
0.10540314018726349,-0.5931915640830994,-0.08740086853504181
-0.22056977450847626,-0.32863351702690125,0.028626561164855957
-0.9076917767524719,-0.08944457769393921,-0.22170472145080566
0.21826279163360596,0.07660138607025146,0.09293168038129807
0.39332520961761475,0.34325313568115234,0.4551970958709717
-0.20706453919410706,-0.4391264021396637,-0.07903832197189331
0.045486029237508774,-0.6601613163948059,0.24604257941246033
0.1196298822760582,-0.5427907705307007,-0.10112446546554565
-0.16373392939567566,-0.21440497040748596,0.3499239981174469
0.285666286945343,0.01699657179415226,0.038748644292354584
0.05176854133605957,0.013897716999053955,0.28498199582099915
0.2630249559879303,-0.30371221899986267,0.21802286803722382
-0.09325066953897476,0.3917495906352997,-0.025870230048894882
-0.2123802900314331,0.45490914583206177,-0.4510048031806946
-0.11571849882602692,-0.5738466382026672,0.08894125372171402
0.24489367008209229,-0.741059422492981,-0.2847331464290619
0.12778423726558685,-0.63526451587677,-0.11960186064243317
-0.08793491125106812,0.10194733738899231,-0.2363719344139099
0.34482911229133606,-0.06125003099441528,0.05838891118764877
0.21715828776359558,-0.10415343940258026,-0.18763583898544312
0.3488191068172455,-0.13290464878082275,0.1795065850019455
-0.23230832815170288,-0.07434947788715363,0.2811756730079651
0.18781410157680511,-0.626936674118042,-0.08128511160612106
0.04074089229106903,0.5512799024581909,-0.09036765992641449
-0.5267202854156494,-1.22615647315979,0.13665243983268738
0.12509502470493317,0.1650153249502182,-0.1156981885433197
-0.15796495974063873,0.9171846508979797,0.1683160364627838
0.2699648439884186,-0.3390188217163086,0.15894721448421478
0.3191511631011963,-0.2167036086320877,0.21993133425712585
0.14647872745990753,-0.1782308965921402,0.36926889419555664
0.7768829464912415,-0.6814137101173401,0.8569719791412354
-0.14104901254177094,-0.6505322456359863,0.20978176593780518
0.050821054726839066,-0.5055756568908691,-0.1728653758764267
0.579160213470459,0.21064305305480957,-0.5498111844062805
0.22294718027114868,0.009102463722229004,0.19442729651927948
-0.21313607692718506,0.962207019329071,-0.6142811179161072
-0.1544950157403946,-0.366691529750824,-0.24434605240821838
0.2544368505477905,-0.39687997102737427,0.06131189316511154
-0.29008278250694275,0.4540822505950928,-0.8740140199661255
0.017761245369911194,0.9155363440513611,-0.22508789598941803
0.2185230255126953,-0.31282079219818115,0.25384992361068726
-0.06376489251852036,-0.5316001772880554,-0.1485758125782013
0.2752111852169037,-0.07788205146789551,-0.573493480682373
0.08467808365821838,-0.17324179410934448,-0.9959818124771118
0.06631431728601456,0.245058074593544,-0.11101378500461578
-0.03385404497385025,0.05491429194808006,0.250813752412796
-0.363818883895874,-0.14791211485862732,0.15556401014328003
-0.3148060441017151,-0.017616039142012596,0.063133604824543
-0.005922798067331314,-0.43504926562309265,-0.23011930286884308
0.2693575918674469,-0.07192052900791168,0.2409244328737259
-0.221031054854393,0.9170110821723938,-0.06834224611520767
-0.02469584345817566,0.1114024668931961,-0.07703207433223724
-0.28054043650627136,0.014047127217054367,-0.09383759647607803
-0.1152847483754158,0.7352732419967651,0.037898510694503784
0.2890477478504181,0.6133722066879272,-0.40715327858924866
-0.3268645405769348,-0.23769713938236237,-0.40010714530944824
0.12344680726528168,-0.6291921138763428,0.16753529012203217
0.13350962102413177,-0.5936253070831299,-0.028542080894112587
0.2612459063529968,-0.6524847745895386,0.0630028247833252
-0.11146781593561172,0.9047796130180359,-0.11231499910354614
-0.17787347733974457,-0.6309707164764404,0.12090782076120377
-0.45518815517425537,0.38135433197021484,0.11984691023826599
-0.09273017197847366,-0.4360034763813019,-0.20487552881240845
-0.09541936963796616,0.6100952625274658,-0.044373661279678345
0.009181831032037735,-0.5601403713226318,-0.15005053579807281
0.1423579454421997,0.9195268154144287,0.09249793738126755
-0.013034431263804436,-0.26042476296424866,0.3720012307167053
0.21657505631446838,-0.752942681312561,0.6765700578689575
0.07194428890943527,0.6315221786499023,0.07967653125524521
-0.011854654178023338,-0.021172717213630676,0.32784631848335266
-0.042242612689733505,-0.6314476132392883,0.20882752537727356
0.008782787248492241,0.5009658336639404,-0.09305685758590698
0.1477363407611847,-0.45890507102012634,-0.14597336947917938
-0.12343908846378326,-0.621731698513031,0.14697593450546265
0.04567687213420868,-0.3957522511482239,0.2536764144897461
-0.07217080891132355,0.9170120358467102,-0.839313805103302
0.20030587911605835,-0.4707895815372467,0.016688527539372444
-0.17219169437885284,-0.6657999157905579,-0.20643699169158936
0.3748445212841034,-0.23535534739494324,-0.046107757836580276
0.569878101348877,-0.6415345668792725,-0.45690369606018066
-0.3316356837749481,-0.3153360188007355,0.0338035486638546
-0.2864452004432678,-0.7479738593101501,0.5233136415481567
0.17219939827919006,-0.5118215680122375,-0.0005266896914690733
-0.036100830882787704,-0.6246812343597412,0.14324574172496796
0.047646064311265945,-0.5328146815299988,0.15270131826400757
0.19098107516765594,-0.14170895516872406,0.33821341395378113
0.065013088285923,-0.4089379906654358,-0.2411363422870636
-0.11832093447446823,-0.5789647698402405,-0.083714060485363
0.04111390933394432,-0.006598988547921181,0.30676642060279846
-0.6823891401290894,0.3229140639305115,-0.07059705257415771
-0.17271217703819275,-0.5059226751327515,-0.04963928833603859
0.09855001419782639,0.5838972926139832,0.025736385956406593
-0.137579083442688,-0.5843431949615479,-0.025479862466454506
-0.2518267333507538,0.923690676689148,0.03522665798664093
-0.47620534896850586,0.8412402868270874,0.61879563331604
-0.2655329704284668,0.045883774757385254,-0.018427222967147827
0.43064647912979126,0.24239252507686615,-0.6306602358818054
0.0028665482532233,0.7206994891166687,-0.11968861520290375
-0.04625038802623749,0.2821863889694214,0.10559694468975067
0.017440276220440865,0.6827037334442139,0.11279705166816711
-0.2724711298942566,-0.4419700801372528,0.09451219439506531
0.10809233784675598,0.21285706758499146,-0.09427133947610855
0.22756808996200562,-0.317788690328598,0.004685401916503906
-4.039031045977026e-05,0.9187460541725159,0.2365870177745819
0.0916101410984993,0.5283783078193665,-0.032098766416311264
-0.11745345592498779,0.25763657689094543,-0.029609084129333496
0.15901364386081696,0.9080759882926941,-0.11821389198303223
0.22728462517261505,-0.431145578622818,-0.04085167869925499
-0.19988766312599182,-0.3145325183868408,0.38062989711761475
-0.07421720027923584,-0.6783779859542847,-0.30368101596832275
-0.12768977880477905,0.8304362297058105,-0.05275355279445648
-0.08821926265954971,0.009449462406337261,-0.28789374232292175
0.25020986795425415,0.6156235337257385,0.46198296546936035
0.054127037525177,-1.2163524627685547,0.5069422721862793
-0.13601762056350708,-0.48640432953834534,-0.13669128715991974
0.08423566818237305,0.5964363813400269,-0.3108811378479004
0.18868160247802734,0.1301511526107788,0.039225757122039795
-0.1147642582654953,-0.376233845949173,0.24951252341270447
-0.10324995219707489,-0.34862464666366577,0.41253596544265747
0.06074506789445877,0.7516686916351318,0.10724515467882156
0.06392005831003189,-0.2808973491191864,-0.3495718538761139
0.0916101410984993,0.4828353822231293,-0.0006290528108365834
-0.018109211698174477,0.6369005441665649,0.10620418190956116
0.6629389524459839,-0.07261538505554199,0.36601465940475464
-0.46798378229141235,0.4494520425796509,0.37189456820487976
0.3175897002220154,-0.042599573731422424,-0.12289830297231674
0.1138177365064621,-0.6565178632736206,0.2387557327747345
-0.26900243759155273,0.32568681240081787,-0.6553465127944946
-0.32894647121429443,0.5763107538223267,-0.040460437536239624
-0.10400746762752533,0.11849217861890793,0.1694437563419342
-0.10782439261674881,0.9153629541397095,0.19668273627758026
-0.027530087158083916,-0.6239004135131836,-0.14623360335826874
0.23495039343833923,0.2659412622451782,0.2336694598197937
-0.08540861308574677,-0.2871432602405548,0.34424176812171936
-0.12829658389091492,0.959344744682312,0.1671878695487976
1.0031228065490723,0.42614927887916565,-0.631829023361206
0.3126075267791748,0.44949519634246826,-0.48804551362991333
-0.24126750230789185,0.8252553939819336,-0.22438330948352814
0.11563944816589355,-0.6311873197555542,-0.1802389770746231
0.2646731734275818,-0.013625610619783401,-0.1818871945142746
0.09215515851974487,0.09327247738838196,0.032877713441848755
0.15337499976158142,0.12880654633045197,-0.11474396288394928
0.3089909851551056,-0.9572118520736694,0.05669495463371277
0.2074192464351654,0.9112856984138489,0.026300249621272087
0.13559158146381378,-0.38629665970802307,-0.23601819574832916
0.3448692560195923,-0.308113157749176,0.40681058168411255
0.719369649887085,0.6941245794296265,-0.1896945685148239
0.1344870775938034,0.2821228802204132,-0.5878061056137085
-0.01957525871694088,0.3287702798843384,0.09917756170034409
-0.29580816626548767,-0.35567447543144226,0.006305613089352846
0.3169623017311096,0.3436274528503418,0.575015664100647
-0.3391823172569275,-0.07296150922775269,0.13326966762542725
0.28039851784706116,-0.35869118571281433,0.052699923515319824
-0.28218865394592285,-0.2705743610858917,0.23008087277412415
0.1979018747806549,0.16917647421360016,-0.08730649948120117
0.3877064883708954,-0.0829877108335495,-0.19422957301139832
-0.056200429797172546,-0.6109749674797058,0.0816543847322464
-0.4888914227485657,-0.5401697158813477,-0.6321794986724854
0.15970763564109802,-0.4337480664253235,0.16484609246253967
0.061674147844314575,0.9671525359153748,-0.2118145227432251
-0.043352995067834854,0.6647468209266663,-0.10442090034484863
0.10028412938117981,0.9241717457771301,0.04805585741996765
0.1439194232225418,0.9131073951721191,-0.16262905299663544
0.25964176654815674,-0.6550431251525879,-0.03660967946052551
-0.07934489846229553,0.7013546228408813,0.08668579161167145
-0.28075799345970154,-0.03327346220612526,-0.17212866246700287
-0.31923022866249084,-0.046850234270095825,-0.12931768596172333
-0.09802182763814926,0.08955291658639908,0.203362375497818
0.14417967200279236,0.13884855806827545,0.11748146265745163
-0.7044844031333923,-0.040859997272491455,-0.8127260804176331
-0.18286174535751343,-0.3962727189064026,0.18835489451885223
0.14626163244247437,-0.22433744370937347,0.3562130331993103
-0.17895807325839996,0.06561902910470963,0.17187272012233734
0.04580700024962425,-0.06298543512821198,-0.3526948094367981
0.2169615477323532,0.9164906144142151,-0.0726536437869072
0.22390228509902954,0.9588246941566467,-0.060993775725364685
0.08239161968231201,0.13551808893680573,-0.20403128862380981
-0.07166766375303268,-0.36244088411331177,0.28299739956855774
0.5268567800521851,0.96905916929245,-0.201751708984375
0.3320391774177551,0.535948634147644,-0.433654248714447
-0.06336584687232971,0.8168166875839233,0.11895618587732315
0.1338566094636917,-0.3639155924320221,0.2573198676109314
0.0936921015381813,-0.5706369280815125,0.10984760522842407
0.12552876770496368,0.8032839894294739,-0.043844494968652725
-0.04481903836131096,-0.033143989741802216,-0.3346511125564575
0.2769528925418854,-0.20004791021347046,-0.8233529329299927
0.3539865016937256,-0.28885501623153687,0.29148727655410767
0.16924995183944702,-0.5121685862541199,-0.0447293296456337
0.4609212577342987,0.4802301526069641,0.2812943458557129
-0.2104477435350418,-0.4063355624675751,0.14003606140613556
-0.06538708508014679,0.16947421431541443,0.14888440072536469
-0.21478432416915894,0.5962628722190857,0.8338102102279663
0.19770342111587524,-0.024295661598443985,-0.2605679929256439
-0.014318306930363178,-0.48492956161499023,0.18783442676067352
-0.11034009605646133,0.24939551949501038,0.05535228177905083
-0.2787182927131653,-0.14157992601394653,0.2862933278083801
0.27013736963272095,-0.6814137101173401,-0.16124022006988525
0.16690775752067566,-0.62086421251297,0.09457989782094955
-0.010804563760757446,0.6251500844955444,-0.8943122029304504
0.3649543225765228,-0.2605982720851898,0.04528079926967621
0.09577450156211853,-0.08952957391738892,-0.9635383486747742
-0.948463499546051,-0.11841852962970734,-0.7896069884300232
0.9611364603042603,-0.10306404531002045,0.14610758423805237
-0.12352627515792847,-0.6218180656433105,0.020236104726791382
-0.31393852829933167,-0.3034519553184509,-0.13712503015995026
0.1400398463010788,0.29756492376327515,-0.034092068672180176
0.05103597044944763,-0.49874669313430786,-0.6048964262008667
0.29315507411956787,-0.5124529600143433,-0.09181830286979675
0.15582890808582306,0.4221174120903015,0.44532686471939087
0.029344290494918823,-0.33101844787597656,0.32728898525238037
-0.116435706615448,-0.15335407853126526,0.21544364094734192
0.10765859484672546,-0.20377805829048157,-0.38166874647140503
0.18486465513706207,-0.6481900215148926,-0.1697424352169037
-0.30188053846359253,-0.34352967143058777,-0.04380979761481285
-0.06577745825052261,0.03122330829501152,0.2715466022491455
0.28505903482437134,-0.3638288378715515,-0.054948288947343826
0.11199601739645004,0.05917363613843918,0.22730493545532227
-0.0605725459754467,0.2508702278137207,-0.10806433856487274
-0.08303170651197433,-0.5673405528068542,-0.12133683264255524
0.23092803359031677,-0.4003499150276184,-0.11665242165327072
-0.650145411491394,0.41048723459243774,0.08118510246276855
-0.44686031341552734,-0.8264811038970947,-0.3947042226791382
-0.003407095093280077,0.9380041360855103,-0.18891382217407227
-0.5587670803070068,-0.3754294514656067,0.46007537841796875
0.060927242040634155,-0.6192160248756409,0.17664387822151184
0.08926793932914734,0.9183123111724854,-0.217801034450531
-0.027625510469079018,-0.3825664818286896,0.2674694359302521
0.3777921199798584,-0.6945623159408569,0.04930636286735535
0.014360709115862846,0.2424556165933609,0.1276310384273529
0.7440061569213867,-1.073305368423462,0.13786649703979492
-0.08969397842884064,0.7311093211174011,-0.08114630728960037
0.02379697561264038,-0.3132786154747009,-0.13498042523860931
0.3222736418247223,0.3384479880332947,0.40848416090011597
-0.014370356686413288,-0.22017349302768707,0.387529194355011
0.102998286485672,-0.1998290866613388,0.38226163387298584
-0.3412788510322571,0.4719109833240509,-0.4654041528701782
0.25061994791030884,-0.655216634273529,-0.08109426498413086
0.03233781456947327,0.014590799808502197,-0.4094519019126892
0.09811627864837646,0.873897135257721,0.10698492079973221
0.0439852811396122,0.2906877100467682,0.10125952214002609
0.034009214490652084,-0.6468888521194458,0.2065720558166504
-0.3579085171222687,0.21628212928771973,0.061765849590301514
-0.2804536819458008,-0.21123845875263214,0.273194819688797
0.36373981833457947,-0.19805267453193665,0.14532770216464996
-0.44417113065719604,0.4631320536136627,0.40533584356307983
0.24688975512981415,0.059199657291173935,-0.04074757918715477
-0.25824612379074097,-0.06515416502952576,0.24751730263233185
-0.15787820518016815,-0.547214925289154,-0.0006411976646631956
0.2174820601940155,-0.411106675863266,0.11435852199792862
0.16920679807662964,-0.29690271615982056,0.29822197556495667
-0.12760302424430847,0.7853270769119263,-0.02403116412460804
-0.12985847890377045,0.8280940055847168,0.050971489399671555
-0.27259233593940735,1.234359860420227,-0.12725894153118134
-0.15996016561985016,-0.3930630385875702,-0.20643699169158936
-0.22814440727233887,0.36307448148727417,-0.0522335022687912
0.02423267625272274,-0.6016061305999756,0.14393973350524902
0.22455185651779175,0.41682448983192444,-0.3284483551979065
0.2878349721431732,0.01959901675581932,-0.033321917057037354
0.300586998462677,-0.3019772469997406,-0.1707834005355835
0.04028979688882828,0.09451492875814438,0.2170686274766922
0.2557380795478821,-0.28618907928466797,-0.24451953172683716
0.1249215304851532,0.7622519731521606,-0.009951900690793991
0.20676885545253754,0.05533957853913307,-0.14965994656085968
0.25975173711776733,-0.29223817586898804,-0.34890106320381165
-0.37223345041275024,-0.09742455184459686,0.0721120610833168
0.03593502938747406,0.913801372051239,0.214986652135849
0.050251126289367676,-0.364589661359787,-0.32926145195961
-0.05618307739496231,0.7328442931175232,0.10871988534927368
-0.2216382920742035,0.07996721565723419,-0.08029617369174957
0.06295714527368546,0.4103137254714966,-0.07229797542095184
0.6729351878166199,0.14497366547584534,-0.43539008498191833
0.21383947134017944,-0.10696600377559662,0.3115385174751282
0.8408164978027344,-0.0905722975730896,-0.9019461274147034
-0.13792607188224792,-0.06472041457891464,-0.32927271723747253
-0.4418729245662689,0.5611887574195862,-0.32953080534935
-0.08264419436454773,0.07210500538349152,-0.27794957160949707
-0.19275106489658356,0.0503946952521801,-0.17911124229431152
-0.6558877229690552,-0.8244237899780273,-0.3880009055137634
-0.22293952107429504,-0.32080164551734924,0.24222564697265625
-0.09539574384689331,0.15087385475635529,-0.2915343642234802
-0.06966377794742584,0.4796257019042969,-0.060439467430114746
-0.9397886395454407,0.5009263753890991,0.7945132255554199
0.10644412040710449,0.8018960356712341,0.07767263799905777
0.11635710299015045,-0.20578783750534058,0.191761314868927
-0.15570950508117676,-0.32964998483657837,0.2774454951286316
-0.23360955715179443,-0.6477562785148621,-0.08151064813137054
-0.11068751662969589,-0.09048423916101456,0.3572544455528259
0.17315363883972168,-0.4219502806663513,-0.1622820645570755
0.37674930691719055,0.8569180965423584,-0.3677861988544464
-0.3777853846549988,-0.2400389313697815,0.0713573545217514
-0.24048590660095215,0.09175050258636475,-0.22881615161895752
0.10765859484672546,0.8634873628616333,-0.10043048113584518
0.07459878921508789,0.6356860399246216,-0.07565513253211975
-0.2374763786792755,0.1211623102426529,0.08991500735282898
-0.06036435440182686,0.5465955138206482,0.07611116766929626
0.23752091825008392,0.0781281590461731,0.0053990925662219524
-0.09147296845912933,-0.21449214220046997,0.37733694911003113
0.19345276057720184,0.9162303805351257,0.12060441076755524
-0.10019053518772125,0.7850668430328369,0.08233102411031723
0.40336477756500244,-0.3039529621601105,-0.008978158235549927
-0.193531796336174,-0.6216450333595276,0.008013689890503883
-0.11068707704544067,-0.6156593561172485,-0.0284293070435524
0.0012818872928619385,-0.04413783550262451,-0.3132579028606415
-0.9475093483924866,-0.2925225496292114,-0.6532385349273682
-0.1363646239042282,0.2207685261964798,-0.03197731822729111
-0.32769492268562317,0.6443367600440979,-0.11008363962173462
0.09115186333656311,-0.5151412487030029,-0.2584758698940277
-0.25191348791122437,-0.6574721336364746,0.08868100494146347
-0.16915592551231384,-0.6376071572303772,0.0746975988149643
0.2026481032371521,-0.05621906369924545,-0.2860720455646515
-0.20081865787506104,-0.28792399168014526,-0.29119017720222473
-0.07453624904155731,0.6333206295967102,-0.16516800224781036
-0.2952876389026642,-0.30015549063682556,0.17464865744113922
-0.03084387443959713,-0.3204546272754669,-0.324675053358078
0.1397555023431778,0.8821382522583008,-0.05280560627579689
0.10835257917642593,0.9092904329299927,0.17083172500133514
0.2227737009525299,-0.6671012043952942,-0.15768440067768097
-0.07908567786216736,0.11409211158752441,-0.4384254217147827
-0.24185064435005188,0.03625471144914627,0.1318816989660263
0.30869606137275696,0.11950907111167908,0.2072901427745819
-0.0988893061876297,-0.5028864741325378,-0.15230602025985718
-0.41302844882011414,0.9663954973220825,-0.32993048429489136
0.06803865730762482,-0.0827399492263794,0.15931829810142517
0.19180452823638916,-0.2597307562828064,-0.3187761902809143
-0.16030801832675934,-0.6405172348022461,0.2980043888092041
0.0853729322552681,0.9164038300514221,0.21056248247623444
0.513664722442627,0.30120792984962463,-0.5243934988975525
0.3265247642993927,-0.07886040210723877,-0.16818095743656158
-0.1295114904642105,-0.20863598585128784,-0.3716926872730255
0.346049040555954,0.46923911571502686,-0.46618491411209106
0.2364799529314041,-0.36087942123413086,0.16545332968235016
-0.355491042137146,-0.27222251892089844,0.08325055986642838
0.013241872191429138,0.2047463059425354,0.1435495913028717
-0.2116622030735016,-0.3279149830341339,-0.2405291199684143
0.1730668842792511,-0.006598988547921181,0.2620042860507965
0.07988176494836807,0.28938648104667664,-0.078795425593853
-0.08313579857349396,-0.4380854666233063,0.20518408715724945
-0.7471205592155457,0.4661402702331543,-0.9680483937263489
0.10132595896720886,-0.39644619822502136,0.2360665202140808
0.08240614831447601,-0.5701164603233337,-0.1204693540930748
-0.3788148760795593,0.43185490369796753,-0.48492252826690674
0.32513681054115295,-0.27152857184410095,0.16458585858345032
-0.009078704752027988,0.4557698965072632,-0.091929130256176
-0.10793437063694,0.6513643264770508,0.15957768261432648
0.0418681800365448,-0.7651750445365906,-0.39754414558410645
-0.33415094017982483,-0.031062033027410507,0.03052489645779133
-0.19535350799560547,-0.4748667776584625,-0.03785885497927666
0.27057111263275146,0.32733458280563354,-0.5396939516067505
-0.07499880343675613,-0.5427039861679077,0.13708661496639252
0.0326555036008358,-0.10219527781009674,0.3759053647518158
-0.17323267459869385,-0.6675348877906799,0.2292134016752243
0.017474975436925888,-0.46523770689964294,-0.20496226847171783
-0.11979565769433975,-0.4113669693470001,0.21455290913581848
0.008494782261550426,-0.007119487505406141,-0.3162604570388794
0.18399718403816223,0.059893641620874405,0.17464865744113922
-0.2718656361103058,-0.3777086138725281,0.059594277292490005
0.14409291744232178,-0.6598142981529236,-0.2336759865283966
-0.13471639156341553,0.06600072979927063,0.2076130509376526
0.9666025042533875,0.507347047328949,-0.7031188011169434
-0.004953818861395121,0.048711780458688736,-0.2617824971675873
-0.28489241003990173,-0.9170464277267456,0.19887468218803406
0.1831296980381012,-0.19692493975162506,0.3509213626384735
0.034998148679733276,-0.5900686383247375,0.025458790361881256
0.17098578810691833,1.5354876518249512,0.20796047151088715
0.027277542278170586,-0.6687494516372681,-0.27670320868492126
0.0979427769780159,-0.6081990599632263,-0.018557339906692505
0.004193798638880253,0.8569812774658203,0.14437347650527954
0.34251925349235535,0.7506517767906189,0.38029244542121887
0.2208021581172943,0.1436728835105896,0.08605492115020752
0.09438609331846237,-0.4220369756221771,-0.2178877741098404
0.15337499976158142,-0.5328146815299988,0.04697239026427269
0.10490760207176208,0.17941278219223022,0.04372081160545349
-0.16143488883972168,-0.6296258568763733,-0.1353033185005188
0.3121245503425598,-0.22234220802783966,-0.23280851542949677
-0.1623023897409439,0.9100711941719055,0.12433458864688873
0.10540314018726349,-0.28323960304260254,-0.3421982228755951
-0.11233530193567276,-0.03505245968699455,0.31526780128479004
-0.1607409119606018,-0.2951241433620453,0.30563870072364807
0.04601519554853439,-0.021172717213630676,-0.32111838459968567
0.0798470601439476,-0.3378910720348358,0.3034699857234955
0.4650852084159851,0.16987045109272003,-0.6624096632003784
-0.00592540018260479,0.11192532628774643,0.20717932283878326
-0.5808002352714539,0.3305288851261139,0.336796373128891
-0.0903879702091217,-0.6118424534797668,0.061988528817892075
0.33186566829681396,-0.2950141429901123,0.24756655097007751
-0.823460042476654,1.555180311203003,-0.7032055854797363
-0.3774624764919281,0.20352968573570251,-0.6713457107543945
0.4966856837272644,0.03781706094741821,0.35626035928726196
-0.2532125413417816,-0.025356143712997437,-0.019687265157699585
-0.2278841733932495,-0.6536551117897034,0.0355910025537014
0.24706324934959412,-0.37059518694877625,-0.14337091147899628
0.6014178991317749,1.530369520187378,-0.866033136844635
0.1954052448272705,-0.2340105175971985,0.3291915953159332
-0.35410308837890625,-0.2892252504825592,0.002052340190857649
0.07332358509302139,0.4737268388271332,-0.0551738403737545
0.1328592151403427,-0.2903965711593628,0.3219042718410492
0.09054553508758545,0.14072343707084656,0.22957536578178406
-0.23282882571220398,-0.4104994535446167,0.07912133634090424
0.07038001716136932,-0.07181063294410706,-0.15562567114830017
0.20490354299545288,0.9177051186561584,-0.11335599422454834
-0.07112114876508713,0.9065145254135132,-0.17945824563503265
-0.08960723876953125,0.28227314352989197,-0.07102277129888535
0.1868598759174347,-0.6398621797561646,0.022040903568267822
0.0926511287689209,0.12132885307073593,-0.17460033297538757
-0.45510226488113403,0.48717957735061646,0.2906293272972107
0.3137732148170471,0.2780701816082001,0.669535219669342
-0.08199072629213333,-0.019090760499238968,-0.31391826272010803
-0.30617988109588623,-0.2061198502779007,-0.268461674451828
0.006620824337005615,-0.5625934600830078,0.07924953103065491
-0.9469892382621765,-0.8400380611419678,-0.7778096199035645
0.33667436242103577,-0.2872300148010254,0.10073903203010559
-0.20585006475448608,0.03738243877887726,0.17404143512248993
0.287747323513031,-0.6814137101173401,0.487250417470932
-0.07420939207077026,-0.6290186047554016,0.1360456347465515
-0.17548811435699463,0.9183990955352783,-0.15829163789749146
-0.06528234481811523,0.358307421207428,0.081341452896595
0.1479339450597763,-0.5681453943252563,0.6324439644813538
0.221212238073349,0.956134557723999,0.09588112682104111
0.16413180530071259,0.15893426537513733,0.05672290548682213
-0.03618757799267769,-0.6255487203598022,-0.19819588959217072
0.3340723216533661,-0.15198886394500732,-0.2073916494846344
0.09343186020851135,-0.5255277752876282,-0.13521656394004822
0.11121528595685959,0.28183940052986145,-0.03475326672196388
-0.01893332228064537,-0.5333351492881775,-0.16002659499645233
0.17141865193843842,0.9013963937759399,-0.02783074602484703
-0.20905974507331848,0.9195268154144287,-0.11960186064243317
0.7973564863204956,-0.6703980565071106,0.8273041248321533
-0.12413309514522552,-0.5932782888412476,0.05645398423075676
-0.43046486377716064,0.5104446411132812,-0.3787512183189392
-3.171546632074751e-05,0.7736160159111023,0.12936601042747498
0.3778802752494812,-0.12101966887712479,-0.06443032622337341
-0.482928991317749,0.946288526058197,-0.15260984003543854
