0.13704781234264374,-0.17803286015987396,-0.23089991509914398
-0.2257230579853058,0.9322447776794434,0.2273840308189392
-0.22383466362953186,-0.9478027820587158,0.22708585858345032
0.22709448635578156,0.5596343874931335,-0.2272225320339203
-0.23059312999248505,0.2196236252784729,0.22678770124912262
0.226398766040802,-0.8898588418960571,-0.22990602254867554
-0.19302397966384888,-0.363692045211792,0.2276821881532669
-0.2136969417333603,-0.6164389252662659,-0.23070114850997925
0.22619998455047607,0.005559024401009083,0.22678770124912262
-0.23079191148281097,0.7419143319129944,-0.22990602254867554
0.22709448635578156,-0.6164389252662659,0.19488373398780823
0.22679631412029266,0.7346588969230652,0.22440235316753387
-0.12086736410856247,0.22956256568431854,-0.23089991509914398
0.10613773763179779,0.9323441982269287,-0.1197827160358429
-0.23198457062244415,-0.1264498233795166,-0.09396138042211533
0.22659753262996674,0.368806928396225,0.10205414891242981
-0.13120386004447937,0.5751391053199768,0.22788096964359283
-0.12086736410856247,-0.9484984874725342,-0.1197827160358429
0.14738428592681885,-0.5391141176223755,-0.23089991509914398
0.22659753262996674,0.16247479617595673,-0.1919393241405487
0.152552530169487,-0.9484984874725342,0.11239063739776611
0.22659753262996674,-0.3069407641887665,0.06595596671104431
-0.06926444917917252,-0.6217065453529358,0.07627256959676743
-0.23198457062244415,0.4719730019569397,-0.06816986203193665
-0.07441281527280807,-0.05419380962848663,0.2276821881532669
-0.10020433366298676,-0.34311842918395996,-0.23089991509914398
0.044238097965717316,0.9319466352462769,0.14846894145011902
-0.15694567561149597,0.9319466352462769,-0.04236839339137077
0.044238097965717316,0.20372134447097778,0.2276821881532669
-0.03830469399690628,0.5493972897529602,-0.23089991509914398
-0.23198457062244415,-0.4307797849178314,-0.021735183894634247
-0.23198457062244415,0.12122827768325806,-0.011418575420975685
0.22659753262996674,-0.04903550446033478,-0.026893487200140953
0.059713009744882584,-0.4101068377494812,0.2276821881532669
0.22659753262996674,0.7195517420768738,-0.026893487200140953
-0.23198457062244415,0.7041463851928711,0.019531244412064552
-0.06409621238708496,-0.007771065458655357,-0.23089991509914398
0.10096950083971024,0.35847043991088867,-0.23089991509914398
0.028703561052680016,-0.8069681525230408,-0.012959109619259834
0.19379907846450806,-0.6217065453529358,-0.02690342627465725
0.1268107146024704,0.5338925719261169,0.2276821881532669
-0.012503236532211304,0.7814712524414062,-0.23089991509914398
-0.23198457062244415,-0.5803605914115906,0.2207249402999878
0.13197895884513855,-0.19343820214271545,0.2276821881532669
0.22659753262996674,0.15730655193328857,0.05048106983304024
-0.23198457062244415,-0.1728646159172058,0.13306361436843872
0.22371526062488556,0.7918077111244202,-0.23089991509914398
-0.017671477049589157,-0.881808340549469,0.22062556445598602
0.22659753262996674,-0.3482866883277893,-0.14035630226135254
-0.23198457062244415,0.4152217209339142,0.1381324678659439
0.018446587026119232,0.7298882007598877,0.2276821881532669
-0.02798808366060257,-0.6217065453529358,-0.1455245316028595
0.22659753262996674,0.9104785323143005,0.07111427187919617
-0.058937910944223404,0.3791434168815613,0.22807975113391876
0.033921487629413605,-0.9208682775497437,-0.23089991509914398
-0.14144094288349152,-0.8821064829826355,0.06595596671104431
-0.23198457062244415,0.7402247190475464,0.21555669605731964
-0.23089130222797394,0.9318472146987915,-0.2269243597984314
0.22659753262996674,0.4616365134716034,-0.0630016177892685
-0.23198457062244415,0.028339043259620667,0.16397367417812347
-0.23089130222797394,-0.6199175119400024,-0.02002568729221821
0.03907979279756546,-0.5958653688430786,0.2276821881532669
-0.23198457062244415,0.07992208003997803,-0.21778053045272827
0.1268107146024704,0.012864137999713421,-0.23089991509914398
-0.21886518597602844,0.38431164622306824,-0.23089991509914398
0.22619998455047607,0.22220775485038757,0.22678770124912262
0.13704781234264374,-0.9484984874725342,-0.06815992295742035
-0.06409621238708496,-0.23478415608406067,0.2276821881532669
-0.23198457062244415,0.29138270020484924,-0.07848646491765976
-0.23178580403327942,0.5648025870323181,-0.2272225320339203
0.22659753262996674,0.5803073644638062,0.08144081383943558
0.070029616355896,-0.3843649923801422,-0.23089991509914398
-0.13627269864082336,-0.16769637167453766,-0.23089991509914398
0.22659753262996674,-0.47719457745552063,0.08144081383943558
-0.23198457062244415,-0.4411162734031677,-0.1919393241405487
0.044238097965717316,0.19855310022830963,-0.23089991509914398
0.2269950956106186,-0.3843649923801422,0.22062556445598602
0.22659753262996674,0.2965509295463562,-0.06815992295742035
-0.23178580403327942,-0.8899582028388977,-0.2272225320339203
0.1869412213563919,0.9322447776794434,0.22718524932861328
-0.07957112044095993,0.858895480632782,0.2276821881532669
0.22659753262996674,-0.1418551653623581,0.10722239315509796
0.09066282957792282,0.6577315926551819,-0.23089991509914398
-0.23198457062244415,-0.28636717796325684,-0.10944622755050659
0.10096950083971024,0.363638699054718,0.2276821881532669
0.059713009744882584,0.04381395876407623,0.2276821881532669
-0.05892797186970711,0.9319466352462769,-0.202275812625885
0.22659753262996674,-0.1986064463853836,-0.08364477008581161
-0.08988772332668304,0.10055529326200485,0.2276821881532669
-0.23198457062244415,0.5648025870323181,0.09691572934389114
-0.06409621238708496,0.3791434168815613,-0.23089991509914398
-0.10020433366298676,-0.48753106594085693,0.2276821881532669
-0.002186628757044673,-0.9484984874725342,0.07628250867128372
-0.23198457062244415,0.8382225036621094,0.09691572934389114
0.008139916695654392,0.932145357131958,-0.001092029851861298
-0.0950460284948349,-0.5132728815078735,-0.23089991509914398
0.10096950083971024,-0.6217065453529358,0.09174748510122299
-0.23198457062244415,0.250136137008667,0.06595596671104431
-0.23198457062244415,-0.028402289375662804,0.019531244412064552
0.22649815678596497,-0.8867777585983276,0.22718524932861328
-0.10536263883113861,0.9323441982269287,0.09689585119485855
-0.23198457062244415,-0.31210899353027344,0.08143087476491928
0.22659753262996674,0.8537272810935974,-0.08880307525396347
0.22659753262996674,-0.48753106594085693,-0.09396138042211533
-0.23198457062244415,0.8073124885559082,-0.09911967813968658
0.22659753262996674,0.4152217209339142,-0.19710756838321686
0.2239140421152115,0.932145357131958,-0.21261228621006012
-0.23198457062244415,-0.45145276188850403,0.11755888164043427
-0.10536263883113861,0.6731369495391846,-0.23089991509914398
-0.23198457062244415,0.647395133972168,-0.11461447179317474
-0.23198457062244415,-0.9312047362327576,-0.037210091948509216
0.008129977621138096,-0.2553577125072479,-0.23089991509914398
-0.012503236532211304,0.508051335811615,0.2276821881532669
0.2269950956106186,0.4358946681022644,0.22062556445598602
0.22659753262996674,0.018022440373897552,0.09175742417573929
0.09066282957792282,0.508051335811615,-0.23089991509914398
-0.0950559675693512,-0.6217065453529358,0.21038846671581268
0.027113331481814384,-0.6577848792076111,-0.015493535436689854
0.22659753262996674,-0.09031186997890472,-0.18170224130153656
0.1628890186548233,-0.5030357837677002,0.2276821881532669
-0.23198457062244415,-0.07483695447444916,-0.22294877469539642
-0.10020433366298676,0.24496789276599884,0.2276821881532669
0.22659753262996674,0.0953870564699173,-0.07847653329372406
0.028763193637132645,-0.10062847286462784,-0.23089991509914398
0.2236158698797226,-0.8825040459632874,0.003624984761700034
-0.21886518597602844,-0.08515356481075287,0.2276821881532669
0.22659753262996674,0.5906438231468201,-0.0733182281255722
-0.14144094288349152,0.8382225036621094,-0.23089991509914398
0.10096950083971024,0.8692319393157959,-0.23089991509914398
-0.23198457062244415,0.20372134447097778,-0.17136573791503906
-0.23198457062244415,-0.20377469062805176,0.009214638732373714
0.2093038111925125,-0.6217065453529358,-0.1558610200881958
-0.08988772332668304,-0.8899582028388977,-0.23089991509914398
-0.012503236532211304,-0.9484984874725342,-0.052685003727674484
0.10096950083971024,-0.9454174637794495,0.22788096964359283
-0.11053087562322617,-0.9484984874725342,0.16914190351963043
0.12164247035980225,-0.06451041251420975,0.2276821881532669
0.11130598932504654,0.8330543041229248,0.2276821881532669
0.22659753262996674,0.6061485409736633,0.21038846671581268
0.22659753262996674,0.7763029932975769,0.10722239315509796
-0.23198457062244415,0.37397515773773193,0.01437294203788042
-0.10536263883113861,-0.6217065453529358,-0.04237833246588707
-0.18785573542118073,-0.23995238542556763,0.2276821881532669
0.22659753262996674,0.29138270020484924,-0.19710756838321686
0.02360489033162594,-0.5494505763053894,-0.23089991509914398
0.21447205543518066,-0.4307797849178314,-0.23089991509914398
-0.23198457062244415,-0.6113700866699219,0.10205414891242981
-0.23198457062244415,0.02318074367940426,-0.10944622755050659
-0.18785573542118073,0.33272862434387207,0.2276821881532669
-0.07957112044095993,0.11606002599000931,-0.23089991509914398
0.22659753262996674,0.11606002599000931,0.16397367417812347
0.09582113474607468,-0.6217065453529358,-0.11461447179317474
-0.23178580403327942,-0.31210899353027344,-0.2272225320339203
0.22659753262996674,-0.26052597165107727,0.19488373398780823
0.018446587026119232,-0.14702340960502625,0.2276821881532669
0.21964028477668762,-0.26569420099258423,-0.23089991509914398
-0.2279096096754074,0.5033800601959229,0.2273840308189392
-0.23198457062244415,0.13663358986377716,0.10722239315509796
0.22659753262996674,0.6679686903953552,-0.17653398215770721
-0.12086736410856247,0.6989781260490417,0.2276821881532669
-0.06409621238708496,-0.3740285038948059,0.2276821881532669
-0.23198457062244415,-0.5648559331893921,-0.12495094537734985
0.12164247035980225,0.6731369495391846,0.2276821881532669
0.13704781234264374,0.9319466352462769,-0.006258283741772175
0.22351647913455963,-0.12167912721633911,0.2273840308189392
0.05454476550221443,-0.8821064829826355,-0.1197827160358429
-0.23198457062244415,0.5854755640029907,-0.01657688058912754
0.22629937529563904,-0.8833985328674316,-0.11153340339660645
-0.23198457062244415,0.6267221570014954,0.20005197823047638
-0.13120386004447937,0.4719730019569397,-0.23089991509914398
0.05455470830202103,-0.29670363664627075,0.2276821881532669
0.09582113474607468,-0.8821064829826355,0.04015452042222023
0.22659753262996674,0.25530436635017395,0.10722239315509796
0.02360489033162594,0.06960547715425491,-0.23089991509914398
0.22659753262996674,0.02318074367940426,-0.18170224130153656
0.013288280926644802,0.6163856983184814,0.2276821881532669
-0.23198457062244415,-0.9208682775497437,0.11755888164043427
-0.23198457062244415,-0.19343820214271545,-0.18170224130153656
0.21447205543518066,-0.6217065453529358,0.08143087476491928
0.1268107146024704,0.131465345621109,0.2276821881532669
-0.20852869749069214,-0.47202634811401367,0.2276821881532669
-0.2309906780719757,0.9317477941513062,0.040164459496736526
0.13197895884513855,0.12639649212360382,-0.23089991509914398
0.1422160565853119,-0.9484984874725342,-0.17653398215770721
-0.23198457062244415,0.9208149909973145,-0.1197827160358429
-0.027978144586086273,-0.42561155557632446,-0.23089991509914398
0.22659753262996674,-0.2089429348707199,0.02468954771757126
0.22659753262996674,-0.3740285038948059,-0.037210091948509216
0.22659753262996674,0.3275603652000427,0.21555669605731964
-0.10021427273750305,-0.6217065453529358,-0.22294877469539642
-0.13120386004447937,-0.1521916538476944,0.2276821881532669
-0.14660918712615967,0.4358946681022644,0.2276821881532669
-0.0073439376428723335,0.9319466352462769,-0.10427798330783844
0.22659753262996674,0.47714123129844666,0.040164459496736526
0.22659753262996674,0.8433907628059387,0.18981488049030304
0.11647423356771469,-0.2915354073047638,-0.23089991509914398
-0.23198457062244415,-0.5236093401908875,0.02468954771757126
0.22659753262996674,0.37397515773773193,-0.0011019688099622726
0.13704781234264374,0.25530436635017395,-0.23089991509914398
0.14738428592681885,0.9319466352462769,0.13306361436843872
0.008129977621138096,-0.49786752462387085,0.2276821881532669
-0.23198457062244415,0.3894798755645752,-0.1301192045211792
-0.10020433366298676,-0.9484984874725342,-0.001100974972359836
-0.19302397966384888,0.12639649212360382,0.2276821881532669
0.06486137211322784,-0.8821064829826355,0.15880542993545532
-0.23198457062244415,0.6886416673660278,0.11755888164043427
-0.012503236532211304,0.29138270020484924,0.2276821881532669
0.08550452440977097,0.7660658955574036,-0.23089991509914398
-0.21886518597602844,-0.9484984874725342,-0.1351880580186844
0.22659753262996674,0.49781426787376404,0.14330069720745087
-0.23198457062244415,0.482309490442276,-0.1661974936723709
0.22659753262996674,0.19855310022830963,-0.05784330517053604
0.22659753262996674,0.6731369495391846,0.1381324678659439
-0.17245039343833923,0.8176489472389221,0.2276821881532669
-0.19819222390651703,0.9319466352462769,0.13306361436843872
-0.043462999165058136,-0.8821064829826355,-0.12495094537734985
-0.23198457062244415,0.8382225036621094,-0.001102962763980031
-0.17245039343833923,0.0025475304573774338,-0.23089991509914398
0.013288280926644802,0.8278860449790955,0.2276821881532669
0.13197895884513855,0.2708090841770172,0.2276821881532669
-0.23198457062244415,-0.3276137113571167,-0.021735183894634247
-0.03530313819646835,-0.7351097464561462,-0.005610266234725714
-0.1311044692993164,0.9319466352462769,-0.1351880580186844
-0.05377960577607155,-0.8821064829826355,0.12272712588310242
0.13197895884513855,-0.6199175119400024,0.22758281230926514
-0.23198457062244415,0.30171915888786316,0.14846894145011902
-0.2136969417333603,0.27597734332084656,-0.23089991509914398
-0.009069337509572506,0.9322447776794434,0.22718524932861328
0.21964028477668762,-0.8821064829826355,0.12272712588310242
-0.23198457062244415,-0.06452035158872604,0.10722239315509796
0.02360489033162594,-0.04387720301747322,0.2276821881532669
-0.15694567561149597,-0.6217065453529358,0.04015452042222023
-0.002189610619097948,0.2811455726623535,-0.23089991509914398
0.22659753262996674,0.49781426787376404,-0.15069277584552765
0.018436647951602936,-0.6217065453529358,0.1381324678659439
-0.14144094288349152,-0.4307797849178314,-0.23089991509914398
-0.002189610619097948,0.6886416673660278,-0.23089991509914398
0.14738428592681885,-0.08515356481075287,-0.23089991509914398
-0.14362750947475433,-0.8829016089439392,0.22678770124912262
-0.16728214919567108,0.007705833297222853,0.2276821881532669
-0.23198457062244415,0.2140578180551529,-0.026893487200140953
0.033921487629413605,0.9319466352462769,-0.202275812625885
-0.13120386004447937,0.5648025870323181,-0.23089991509914398
0.22659753262996674,0.7557293772697449,-0.1455245316028595
0.2269950956106186,0.9258838891983032,-0.026893487200140953
-0.023296909406781197,-0.8748510479927063,0.024808812886476517
-0.23198457062244415,0.054130565375089645,0.06079767644405365
-0.23198457062244415,0.482309490442276,0.055639371275901794
-0.1311044692993164,0.9319466352462769,0.20522022247314453
0.22659753262996674,-0.5132728815078735,-0.1919393241405487
-0.03313644975423813,0.028339043259620667,0.2276821881532669
0.22659753262996674,-0.5442823171615601,0.009214638732373714
-0.23198457062244415,0.13663358986377716,-0.10944622755050659
-0.16042429208755493,-0.9479022026062012,-0.2297072559595108
-0.14660918712615967,-0.8821064829826355,-0.06301155686378479
-0.16728214919567108,0.14180181920528412,-0.23089991509914398
-0.14660918712615967,-0.6217065453529358,-0.1455245316028595
-0.002209488535299897,0.12639649212360382,0.2276821881532669
0.13704781234264374,-0.363692045211792,0.2276821881532669
0.22659753262996674,-0.3947014808654785,0.11755888164043427
0.02360489033162594,0.4255582094192505,0.2276821881532669
0.08550452440977097,0.9208149909973145,0.2276821881532669
-0.12086736410856247,-0.07999525964260101,-0.23089991509914398
0.22659753262996674,0.2811455726623535,0.019531244412064552
0.08033628761768341,-0.6217065453529358,-0.202275812625885
0.2269950956106186,0.06960547715425491,0.01951136440038681
-0.012503236532211304,0.4513000249862671,-0.23089991509914398
-0.06925451010465622,0.7711347341537476,0.2276821881532669
-0.07956118136644363,0.9319466352462769,0.009214638732373714
-0.23198457062244415,-0.3740285038948059,-0.1197827160358429
-0.23198457062244415,-0.46168985962867737,-0.10427798330783844
0.19379907846450806,0.9319466352462769,-0.13001981377601624
0.22659753262996674,-0.19343820214271545,-0.17136573791503906
0.152552530169487,-0.8821064829826355,0.17947840690612793
-0.23198457062244415,0.6525633335113525,-0.22294877469539642
0.22659753262996674,0.6370586156845093,0.01437294203788042
0.15772077441215515,-0.9484984874725342,0.02468954771757126
0.10613773763179779,-0.6217065453529358,0.004047390539199114
0.15772077441215515,0.7144829034805298,-0.23089991509914398
0.070029616355896,-0.9484984874725342,-0.011418575420975685
-0.13120386004447937,-0.2553577125072479,-0.23089991509914398
-0.04862130433320999,-0.1625281423330307,-0.23089991509914398
0.22659753262996674,0.37397515773773193,-0.10944622755050659
0.22659753262996674,0.7969759702682495,0.01437294203788042
-0.002186628757044673,-0.9484984874725342,0.16397367417812347
-0.23198457062244415,-0.30177250504493713,0.17947840690612793
0.08551446348428726,0.9319466352462769,0.07112420350313187
0.22659753262996674,-0.05419380962848663,0.16397367417812347
-0.03829475864768028,-0.9484984874725342,-0.1919393241405487
0.1835619956254959,0.482309490442276,-0.23089991509914398
0.22659753262996674,-0.2915354073047638,-0.0630016177892685
-0.15694567561149597,-0.6217065453529358,0.14330069720745087
0.22619998455047607,0.5213695168495178,0.22678770124912262
0.1422160565853119,0.44106292724609375,0.2276821881532669
-0.16728214919567108,-0.8820070624351501,-0.1455245316028595
0.1628890186548233,-0.363692045211792,-0.23089991509914398
-0.12603561580181122,-0.31210899353027344,0.2276821881532669
0.22659753262996674,-0.1057867780327797,-0.09911967813968658
-0.2136969417333603,-0.5132728815078735,-0.23089991509914398
0.03907979279756546,-0.012930361554026604,-0.23089991509914398
0.22659753262996674,-0.5391141176223755,0.1381324678659439
-0.19302397966384888,-0.9484984874725342,0.03500615432858467
-0.23198457062244415,0.8485589623451233,-0.21778053045272827
-0.23198457062244415,-0.5339457988739014,0.13306361436843872
0.15772077441215515,0.054130565375089645,0.2276821881532669
-0.23198457062244415,0.5442290306091309,-0.10944622755050659
-0.14660918712615967,0.745392918586731,-0.23089991509914398
0.044238097965717316,-0.4668580889701843,-0.23089991509914398
0.22659753262996674,0.5493972897529602,-0.0011019688099622726
-0.012503236532211304,0.8692319393157959,-0.23089991509914398
0.21447205543518066,0.09023869037628174,-0.23089991509914398
-0.13627269864082336,0.9208149909973145,-0.23089991509914398
-0.23198457062244415,0.42038995027542114,0.2207249402999878
0.018446587026119232,0.37397515773773193,-0.23089991509914398
-0.23198457062244415,-0.12128157168626785,0.009214638732373714
0.1422160565853119,0.9319466352462769,-0.19710756838321686
-0.23198457062244415,0.8692319393157959,0.17431014776229858
0.22659753262996674,-0.1264498233795166,-0.0011019688099622726
0.16805726289749146,0.6318903565406799,-0.23089991509914398
0.22659753262996674,-0.023243987932801247,-0.10427798330783844
-0.022819841280579567,0.9319466352462769,0.10205414891242981
-0.23198457062244415,0.7247199416160583,-0.08880307525396347
0.22659753262996674,-0.46168985962867737,0.1949831247329712
0.22659753262996674,-0.9477033615112305,-0.16102926433086395
-0.23198457062244415,-0.21411116421222687,-0.0733281672000885
0.2269950956106186,-0.05420374497771263,0.0556194931268692
-0.23198457062244415,0.20888958871364594,0.14330069720745087
-0.23198457062244415,-0.37919676303863525,0.15363718569278717
-0.23198457062244415,-0.3998697102069855,0.055639371275901794
0.02360489033162594,0.6009803414344788,-0.23089991509914398
-0.16211390495300293,-0.8816094994544983,0.14846894145011902
-0.04345306009054184,0.6731369495391846,0.2276821881532669
0.22659753262996674,0.2347308099269867,-0.14035630226135254
-0.23198457062244415,-0.04903550446033478,-0.0733281672000885
0.22659753262996674,-0.5648559331893921,-0.0733182281255722
0.10613773763179779,-0.8821064829826355,-0.202275812625885
-0.10020433366298676,-0.9484984874725342,0.08144081383943558
0.10096950083971024,-0.8821064829826355,-0.04237833246588707
0.1835619956254959,-0.6163395047187805,-0.23080052435398102
0.2271938920021057,0.9297600388526917,0.15880542993545532
0.22659753262996674,0.6679686903953552,-0.08880307525396347
0.2269950956106186,-0.24512062966823578,0.11755888164043427
0.152552530169487,0.760897696018219,0.2276821881532669
-0.043462999165058136,0.2140578180551529,-0.23089991509914398
0.09066282957792282,-0.5339457988739014,0.2276821881532669
0.0081200385466218,-0.6217065453529358,0.060787733644247055
0.2239140421152115,-0.948299765586853,0.06595596671104431
0.2271938920021057,-0.9453180432319641,-0.04237833246588707
0.22659753262996674,0.858895480632782,-0.18677109479904175
0.17839375138282776,0.3533022105693817,-0.23089991509914398
-0.23198457062244415,-0.17803286015987396,0.21038846671581268
-0.022819841280579567,-0.6113700866699219,-0.23089991509914398
-0.23198457062244415,0.03349734842777252,-0.026893487200140953
0.008129977621138096,-0.337950199842453,-0.23089991509914398
-0.23198457062244415,0.7763029932975769,0.14330069720745087
-0.08471948653459549,0.9319466352462769,-0.0733182281255722
-0.23059312999248505,-0.8834978938102722,0.18504419922828674
0.152552530169487,-0.6217065453529358,0.15363718569278717
-0.23198457062244415,-0.5184411406517029,-0.052685003727674484
-0.23198457062244415,0.3533022105693817,0.09174748510122299
-0.13627269864082336,0.3533022105693817,-0.23089991509914398
-0.12603561580181122,0.17281128466129303,0.2276821881532669
-0.13627269864082336,-0.5597870349884033,0.2276821881532669
0.044238097965717316,-0.9484984874725342,-0.1558610200881958
-0.2279096096754074,-0.8826034665107727,0.050908442586660385
0.22659753262996674,-0.4411162734031677,-0.0011019688099622726
0.018446587026119232,-0.22961589694023132,0.2276821881532669
-0.027978144586086273,-0.30177250504493713,0.2276821881532669
-0.2279096096754074,-0.8826034665107727,-0.09869231283664703
0.21447205543518066,-0.9484984874725342,0.15880542993545532
-0.03931846469640732,-0.6236943602561951,-0.0030798157677054405
0.06487131118774414,-0.9484984874725342,0.12272712588310242
0.22659753262996674,-0.2708624303340912,-0.1558610200881958
0.15772077441215515,-0.8816094994544983,-0.1455245316028595
0.1422160565853119,-0.45145276188850403,-0.23089991509914398
-0.23198457062244415,-0.05420374497771263,-0.15069277584552765
0.08034622669219971,0.43072643876075745,-0.23089991509914398
0.028763193637132645,-0.18320110440254211,-0.23089991509914398
-0.06409621238708496,-0.9454174637794495,0.22788096964359283
-0.18278689682483673,-0.36886027455329895,-0.23089991509914398
0.226398766040802,-0.033570531755685806,-0.22990602254867554
-0.04345306009054184,0.18821661174297333,0.2276821881532669
-0.23198457062244415,0.502982497215271,0.1381324678659439
-0.05378954857587814,-0.8813113570213318,-0.04237833246588707
-0.17245039343833923,-0.6217065453529358,-0.0733281672000885
-0.23198457062244415,0.9053102731704712,-0.03205178305506706
-0.15177743136882782,-0.5597870349884033,-0.23089991509914398
0.22659753262996674,0.7298882007598877,0.05048106983304024
-0.08988772332668304,0.482309490442276,0.22807975113391876
0.2093038111925125,-0.19343820214271545,0.2276821881532669
-0.23198457062244415,0.6370586156845093,0.06595596671104431
0.22709448635578156,-0.3172772526741028,0.1381324678659439
0.22659753262996674,0.18821661174297333,0.15363718569278717
0.2093038111925125,0.14697006344795227,0.2276821881532669
0.023594951257109642,-0.8821064829826355,0.09174748510122299
0.22679631412029266,-0.5498481392860413,0.22440235316753387
0.023594951257109642,-0.6217065453529358,-0.07848646491765976
0.09582113474607468,0.5854755640029907,-0.23089991509914398
-0.08472942560911179,0.7866395115852356,-0.23089991509914398
0.070029616355896,0.28631383180618286,-0.23089991509914398
-0.05376966670155525,-0.1521916538476944,0.2276821881532669
-0.23198457062244415,-0.23995238542556763,0.08658917993307114
0.1732254922389984,-0.9478027820587158,0.22718524932861328
-0.04862130433320999,-0.07999525964260101,-0.23089991509914398
-0.15694567561149597,0.9319466352462769,0.029847851023077965
0.13704781234264374,-0.2915354073047638,0.22817914187908173
-0.16728214919567108,0.6422268748283386,0.2276821881532669
-0.23198457062244415,0.7814712524414062,-0.1661974936723709
-0.03829475864768028,-0.4411162734031677,0.2276821881532669
-0.002189610619097948,0.13663358986377716,-0.23089991509914398
-0.06408627331256866,0.9319466352462769,0.17947840690612793
-0.23198457062244415,0.760897696018219,-0.026893487200140953
-0.007355864625424147,-0.8821064829826355,-0.1868704855442047
-0.20852869749069214,-0.23995238542556763,-0.23089991509914398
-0.048611365258693695,0.5803073644638062,0.2276821881532669
0.14738428592681885,0.8021441698074341,-0.23089991509914398
0.04939640313386917,0.5545655488967896,0.2276821881532669
0.152552530169487,-0.8821064829826355,0.08658917993307114
-0.2279096096754074,0.059726178646087646,0.2273840308189392
-0.16728214919567108,-0.6217065453529358,0.21555669605731964
-0.06409621238708496,-0.27603068947792053,-0.23089991509914398
0.22659753262996674,0.09024863690137863,0.08659911900758743
-0.15177743136882782,-0.06451041251420975,0.2276821881532669
-0.027978144586086273,-0.575192391872406,0.2276821881532669
0.059713009744882584,0.3068874180316925,0.2276821881532669
0.1732254922389984,-0.4307797849178314,0.22807975113391876
0.054564643651247025,-0.8853863477706909,0.22778157889842987
0.1732254922389984,0.879469096660614,-0.23089991509914398
-0.20852869749069214,0.4719730019569397,-0.23089991509914398
0.1989673227071762,-0.13161806762218475,-0.23089991509914398
0.054564643651247025,0.932145357131958,-0.05267506092786789
-0.23198457062244415,0.30171915888786316,0.019531244412064552
-0.23198457062244415,0.5906438231468201,-0.16102926433086395
0.22659753262996674,0.5803073644638062,-0.16102926433086395
0.1732254922389984,0.3791434168815613,0.2276821881532669
-0.07441281527280807,0.6112173795700073,-0.23089991509914398
-0.23198457062244415,0.7660658955574036,0.05048106983304024
0.22659753262996674,0.7814712524414062,-0.05784330517053604
-0.23198457062244415,0.5132195949554443,-0.006262259557843208
0.023286843672394753,-0.8791247606277466,-0.025998985394835472
0.19379907846450806,-0.05935211107134819,0.2276821881532669
-0.23198457062244415,0.29138270020484924,-0.1661974936723709
0.22659753262996674,0.2708090841770172,0.17431014776229858
-0.11569912731647491,-0.4204432964324951,0.2276821881532669
0.22659753262996674,0.8433907628059387,0.08659911900758743
0.22659753262996674,-0.4204432964324951,-0.10944622755050659
0.22659753262996674,-0.27603068947792053,0.004056334961205721
-0.06925451010465622,0.2965509295463562,-0.23089991509914398
-0.21886518597602844,-0.1418551653623581,-0.23089991509914398
-0.23198457062244415,-0.04387720301747322,0.17431014776229858
0.08033628761768341,-0.6217065453529358,0.17947840690612793
-0.23198457062244415,0.0025475304573774338,-0.19710756838321686
-0.16211390495300293,-0.9484984874725342,-0.05784330517053604
-0.027978144586086273,-0.9484984874725342,-0.1197827160358429
0.19041985273361206,-0.9479022026062012,-0.2297072559595108
-0.17245039343833923,0.25530436635017395,0.2276821881532669
0.10096950083971024,-0.94551682472229,-0.23070114850997925
-0.23198457062244415,0.858895480632782,-0.15069277584552765
0.22659753262996674,0.2140578180551529,0.009214638732373714
0.16805726289749146,-0.8821064829826355,-0.05269493907690048
0.22659753262996674,-0.3843649923801422,0.05048106983304024
-0.19302397966384888,-0.8821064829826355,-0.011428514495491982
0.226398766040802,-0.33278197050094604,-0.22990602254867554
-0.23198457062244415,0.39464816451072693,-0.06301155686378479
0.12164247035980225,0.6009803414344788,0.2276821881532669
-0.08989766240119934,-0.8821064829826355,0.17947840690612793
-0.058937910944223404,-0.6217065453529358,0.15363718569278717
-0.15694567561149597,-0.9484984874725342,0.11755888164043427
-0.043462999165058136,-0.6217065453529358,-0.0733281672000885
-0.23198457062244415,0.14697006344795227,-0.20744405686855316
-0.11053087562322617,-0.8821064829826355,-0.0011109138140454888
0.22659753262996674,0.858895480632782,-0.021735183894634247
-0.23198457062244415,-0.23478415608406067,0.17431014776229858
-0.23198457062244415,-0.5082039833068848,-0.16102926433086395
0.226398766040802,0.7247199416160583,-0.22990602254867554
-0.12086736410856247,0.3533022105693817,0.2276821881532669
0.06487131118774414,-0.9484984874725342,0.05564931035041809
0.08034622669219971,0.7557293772697449,0.2276821881532669
-0.23198457062244415,0.647395133972168,-0.04236839339137077
0.09066282957792282,-0.1264498233795166,-0.23089991509914398
-0.23198457062244415,-0.1264498233795166,-0.16102926433086395
0.04939640313386917,-0.9484984874725342,-0.07847653329372406
0.22659753262996674,0.018022440373897552,-0.026893487200140953
-0.23198457062244415,0.7093145847320557,-0.17136573791503906
-0.23198457062244415,-0.3740285038948059,-0.18677109479904175
-0.03022434376180172,-0.8021975159645081,0.016976939514279366
-0.20336046814918518,0.20888958871364594,-0.23089991509914398
0.17839375138282776,0.20372134447097778,-0.23089991509914398
0.08032634854316711,-0.1161133199930191,0.22807975113391876
-0.18278689682483673,0.9319466352462769,-0.1816028505563736
0.22659753262996674,0.3791434168815613,0.17431014776229858
0.08034622669219971,-0.22444765269756317,-0.23089991509914398
0.16805726289749146,-0.6217065453529358,-0.10427798330783844
-0.23198457062244415,0.16247479617595673,0.040164459496736526
0.006258479319512844,-0.6994289755821228,0.031169729307293892
0.22659753262996674,0.06960547715425491,0.21038846671581268
-0.23198457062244415,0.07992208003997803,-0.0733281672000885
-0.022819841280579567,-0.5030357837677002,-0.23089991509914398
-0.17761863768100739,0.6112173795700073,-0.23089991509914398
-0.17245039343833923,0.6783051490783691,-0.23089991509914398
-0.10020433366298676,0.6370586156845093,0.2276821881532669
-0.23198457062244415,0.4358946681022644,-0.006262259557843208
-0.022819841280579567,-0.9484984874725342,0.01437294203788042
0.22659753262996674,0.4358946681022644,-0.13001981377601624
-0.23198457062244415,0.11606002599000931,0.16914190351963043
-0.23198457062244415,-0.11094508320093155,0.15363718569278717
-0.20336046814918518,0.5751391053199768,0.2276821881532669
-0.16718275845050812,-0.8831003308296204,-0.2297072559595108
0.0081200385466218,-0.9454174637794495,0.22788096964359283
0.22659753262996674,0.5751391053199768,0.15363718569278717
-0.23198457062244415,-0.12128157168626785,0.07627256959676743
0.05455470830202103,0.8228171467781067,-0.23089991509914398
0.22659753262996674,0.1057235449552536,-0.16102926433086395
-0.23089130222797394,-0.6199175119400024,0.16566328704357147
-0.2240334302186966,-0.9484984874725342,-0.202275812625885
0.2093038111925125,0.6731369495391846,0.2276821881532669
0.22659753262996674,-0.15735989809036255,0.17431014776229858
0.1628890186548233,0.2140578180551529,0.2276821881532669
0.1628890186548233,0.4152217209339142,-0.23089991509914398
0.22659753262996674,-0.40493857860565186,-0.17136573791503906
0.22659753262996674,0.5287243127822876,-0.08880307525396347
0.10613773763179779,-0.47202634811401367,0.2276821881532669
-0.23198457062244415,0.42038995027542114,0.07111427187919617
0.0029706803616136312,0.3533022105693817,0.2276821881532669
-0.03830469399690628,0.054130565375089645,-0.23089991509914398
0.10613773763179779,-0.002611767500638962,0.2276821881532669
0.059713009744882584,0.14180181920528412,0.2276821881532669
-0.13627269864082336,0.760897696018219,0.2276821881532669
0.1989673227071762,-0.3069407641887665,0.2276821881532669
-0.13627269864082336,0.054130565375089645,-0.23089991509914398
-0.15694567561149597,0.07476378232240677,0.2276821881532669
0.15772077441215515,-0.1161133199930191,0.2276821881532669
0.14738428592681885,0.9319466352462769,0.05564931035041809
0.22659753262996674,0.7660658955574036,0.16914190351963043
0.22659753262996674,-0.554618775844574,0.07111427187919617
0.22659753262996674,0.028339043259620667,0.15363718569278717
-0.18278689682483673,0.879469096660614,0.2276821881532669
-0.14660918712615967,-0.9454174637794495,0.22788096964359283
0.22659753262996674,0.4255582094192505,0.12789537012577057
0.15772077441215515,-0.6217065453529358,0.0556294322013855
-0.06409621238708496,0.4926459491252899,-0.23089991509914398
0.14738428592681885,0.5338925719261169,-0.23089991509914398
0.1268107146024704,-0.9484984874725342,0.16914190351963043
-0.23198457062244415,0.5596343874931335,0.16397367417812347
0.1835619956254959,-0.9484984874725342,-0.10944622755050659
0.1886308491230011,0.02318074367940426,-0.23089991509914398
-0.20852869749069214,-0.6217065453529358,-0.15069277584552765
0.152552530169487,0.9319466352462769,-0.07847653329372406
-0.23198457062244415,0.20888958871364594,-0.08880307525396347
-0.23198457062244415,-0.0026127612218260765,0.10205414891242981
0.08034622669219971,-0.05936205014586449,-0.23089991509914398
0.06487131118774414,0.4719730019569397,0.2276821881532669
-0.23198457062244415,0.0953870564699173,-0.1558610200881958
0.19379907846450806,0.27597734332084656,0.2276821881532669
-0.23148763179779053,0.28154313564300537,0.22440235316753387
0.059713009744882584,0.6731369495391846,0.2276821881532669
-0.23198457062244415,-0.26569420099258423,0.009214638732373714
-0.07441281527280807,0.8692319393157959,-0.23089991509914398
-0.0021876227110624313,-0.3740285038948059,0.2276821881532669
0.059713009744882584,0.13663358986377716,-0.23089991509914398
0.03391155228018761,-0.6217065453529358,-0.1455245316028595
0.028763193637132645,0.508051335811615,-0.23089991509914398
0.22659753262996674,0.621553897857666,-0.21778053045272827
-0.10020433366298676,-0.9484984874725342,-0.21778053045272827
-0.23198457062244415,-0.4359480142593384,0.18464665114879608
0.22659753262996674,-0.5700241327285767,-0.21261228621006012
-0.15694567561149597,0.4100534915924072,-0.23089991509914398
-0.23198457062244415,0.363638699054718,0.20005197823047638
0.22659753262996674,0.6577315926551819,0.07111427187919617
-0.07957112044095993,-0.9484984874725342,-0.05784330517053604
-0.23198457062244415,-0.47202634811401367,0.06079767644405365
0.11130598932504654,0.18304838240146637,-0.23089991509914398
-0.0950559675693512,-0.8821064829826355,-0.17136573791503906
0.16805726289749146,-0.22961589694023132,-0.23089991509914398
-0.23198457062244415,0.8073124885559082,0.19488373398780823
-0.23198457062244415,-0.2553577125072479,-0.16102926433086395
0.22659753262996674,0.15730655193328857,-0.13001981377601624
-0.15177743136882782,-0.31210899353027344,-0.23089991509914398
-0.23198457062244415,0.8692319393157959,-0.08880307525396347
-0.11053087562322617,0.16764302551746368,-0.23089991509914398
-0.23198457062244415,-0.5700241327285767,-0.19710756838321686
-0.05377960577607155,0.7195517420768738,-0.23089991509914398
-0.17761863768100739,0.523556113243103,-0.23089991509914398
-0.23089130222797394,-0.6199175119400024,-0.08708363771438599
0.22659753262996674,-0.6062018275260925,0.02468954771757126
0.059713009744882584,-0.9484984874725342,0.18464665114879608
-0.2240334302186966,-0.01808568462729454,0.2276821881532669
0.22629937529563904,-0.8833985328674316,0.06380915641784668
0.085941843688488,0.9296606183052063,-0.23050236701965332
0.01881432719528675,-0.7247732877731323,-0.027112144976854324
-0.15177743136882782,-0.9484984874725342,-0.17136573791503906
0.09066282957792282,-0.5030357837677002,-0.23089991509914398
-0.23198457062244415,0.06960547715425491,0.11755888164043427
-0.19302397966384888,-0.5287775993347168,0.2276821881532669
0.22659753262996674,0.3068874180316925,-0.14035630226135254
0.10613773763179779,0.19855310022830963,0.2276821881532669
-0.16211390495300293,0.4926459491252899,0.2276821881532669
-0.11053087562322617,0.02318074367940426,0.2276821881532669
0.1835619956254959,0.5699709057807922,0.2276821881532669
-0.03829475864768028,0.9319466352462769,-0.037210091948509216
-0.23198457062244415,0.6009803414344788,-0.07848646491765976
-0.23198457062244415,-0.3740285038948059,-0.05784330517053604
0.22659753262996674,0.0592888668179512,-0.12495094537734985
-0.012503236532211304,0.9319466352462769,-0.1661974936723709
0.22659753262996674,-0.4668580889701843,-0.1558610200881958
-0.0021965678315609694,-0.8821064829826355,0.16397367417812347
0.22649815678596497,-0.6199175119400024,-0.09911967813968658
0.17839375138282776,0.48747771978378296,0.2276821881532669
-0.19302397966384888,0.7866395115852356,-0.23089991509914398
-0.18785573542118073,0.8846372961997986,-0.23089991509914398
0.152552530169487,0.8744001984596252,0.2276821881532669
-0.08473935723304749,-0.6217065453529358,-0.11461447179317474
-0.04345306009054184,-0.9484984874725342,0.11755888164043427
-0.23198457062244415,-0.5648559331893921,0.06595596671104431
0.11647423356771469,-0.8816094994544983,-0.10427798330783844
0.22659753262996674,0.31205564737319946,0.13306361436843872
-0.23198457062244415,-0.5030357837677002,0.18464665114879608
-0.07959099113941193,-0.881808340549469,0.07109439373016357
-0.23198457062244415,0.3275603652000427,-0.21261228621006012
0.22659753262996674,-0.22444765269756317,-0.03205178305506706
0.1422160565853119,-0.6217065453529358,-0.1558610200881958
0.039069853723049164,-0.8811125755310059,0.02983791008591652
-0.12086736410856247,-0.24502123892307281,0.2276821881532669
0.22659753262996674,0.34813395142555237,-0.18677109479904175
-0.07441281527280807,-0.21927940845489502,-0.23089991509914398
0.07519786059856415,0.9319466352462769,0.01437294203788042
0.070029616355896,-0.3533555567264557,0.2276821881532669
0.059713009744882584,-0.30177250504493713,-0.23089991509914398
0.22659753262996674,0.3997170031070709,-0.057833362370729446
0.08034622669219971,-0.5597870349884033,-0.23089991509914398
0.09582113474607468,-0.6217065453529358,-0.05269493907690048
0.03907979279756546,0.879469096660614,0.2276821881532669
0.22659753262996674,-0.15735989809036255,0.05048106983304024
-0.07441281527280807,0.2965509295463562,0.2276821881532669
0.22659753262996674,0.9156467318534851,-0.08364477008581161
-0.0950360894203186,-0.881808340549469,-0.09914950281381607
-0.19302397966384888,0.6938099265098572,0.2276821881532669
0.22659753262996674,0.3068874180316925,0.07111427187919617
-0.18278689682483673,-0.4204432964324951,0.2276821881532669
-0.14660918712615967,0.2811455726623535,-0.23089991509914398
-0.13120386004447937,-0.6217065453529358,0.09174748510122299
0.12164247035980225,-0.8853863477706909,0.22778157889842987
0.19379907846450806,0.9319466352462769,0.019531244412064552
0.21447205543518066,0.8021441698074341,0.2276821881532669
0.02138851024210453,-0.7626405954360962,0.022512922063469887
0.22659753262996674,-0.4668580889701843,0.1381324678659439
0.13704781234264374,0.06960547715425491,-0.23089991509914398
-0.17761863768100739,0.19855310022830963,0.2276821881532669
-0.23198457062244415,0.6834734082221985,0.17431014776229858
0.22659753262996674,0.43072643876075745,0.004056334961205721
-0.06925451010465622,0.4358946681022644,-0.23089991509914398
0.22659753262996674,-0.33278197050094604,0.009214638732373714
0.22659753262996674,-0.5958653688430786,0.13306361436843872
0.22659753262996674,0.2347308099269867,-0.202275812625885
0.07518792152404785,-0.19343820214271545,0.2276821881532669
0.152552530169487,-0.8821064829826355,0.02983791008591652
-0.23198457062244415,0.6267221570014954,0.14330069720745087
-0.23198457062244415,-0.17803286015987396,0.07627256959676743
-0.23198457062244415,-0.900195300579071,-0.16102926433086395
0.044238097965717316,0.8846372961997986,-0.23089991509914398
-0.23198457062244415,0.9053102731704712,0.09691572934389114
0.1782943606376648,-0.8816094994544983,-0.202275812625885
0.18873023986816406,-0.5906971096992493,0.2276821881532669
-0.01766153797507286,0.8744001984596252,0.2276821881532669
-0.06409621238708496,-0.5597870349884033,-0.23089991509914398
0.1628890186548233,-0.23995238542556763,0.2276821881532669
-0.23198457062244415,0.33272862434387207,-0.026893487200140953
-0.23198457062244415,-0.34311842918395996,0.03500615432858467
0.22659753262996674,-0.14702340960502625,-0.14035630226135254
0.05454476550221443,-0.6217065453529358,0.02983791008591652
-0.23198457062244415,-0.16769637167453766,-0.04236839339137077
-0.04345306009054184,0.24496789276599884,0.2276821881532669
0.07518792152404785,0.250136137008667,0.2276821881532669
0.02360489033162594,0.9319466352462769,0.07112420350313187
-0.03830469399690628,-0.36886027455329895,-0.23089991509914398
0.22659753262996674,0.6370586156845093,-0.04236839339137077
0.1628890186548233,-0.012928374111652374,0.2276821881532669
-0.23198457062244415,-0.19343820214271545,-0.12495094537734985
-0.06408627331256866,0.9319466352462769,-0.12495094537734985
0.22619998455047607,0.8928866386413574,0.22678770124912262
-0.0950460284948349,-0.1057867780327797,0.2276821881532669
-0.08989766240119934,-0.6217065453529358,0.024679606780409813
-0.23198457062244415,-0.10062847286462784,-0.04236839339137077
-0.17245039343833923,-0.10062847286462784,-0.23089991509914398
0.10613773763179779,0.07992208003997803,0.2276821881532669
0.1835619956254959,0.14697006344795227,-0.23089991509914398
0.12164247035980225,-0.9484984874725342,-0.12495094537734985
0.1422160565853119,0.9319466352462769,0.19488373398780823
-0.23178580403327942,-0.6164389252662659,0.03500615432858467
-0.01416303776204586,-0.7785428166389465,-0.03233007714152336
-0.23198457062244415,0.46680474281311035,0.17947840690612793
-0.18278689682483673,-0.4668580889701843,-0.23089991509914398
-0.23198457062244415,0.33272862434387207,-0.1301192045211792
0.09582113474607468,-0.2553577125072479,0.2276821881532669
-0.16211390495300293,0.9319466352462769,0.09175742417573929
-0.002189610619097948,-0.04903550446033478,-0.23089991509914398
0.22659753262996674,0.8846372961997986,0.12272712588310242
0.10096950083971024,-0.8811125755310059,0.11755888164043427
0.22659753262996674,-0.15735989809036255,-0.04752669855952263
0.22659753262996674,0.19855310022830963,0.08659911900758743
0.22659753262996674,-0.1986064463853836,0.08659911900758743
-0.06925451010465622,-0.46168985962867737,-0.23089991509914398
0.22659753262996674,0.131465345621109,-0.037210091948509216
-0.01766153797507286,-0.1057867780327797,0.2276821881532669
0.1835619956254959,0.29138270020484924,-0.23089991509914398
-0.20852869749069214,-0.2915354073047638,0.2276821881532669
-0.03531307727098465,-0.6783584952354431,0.0033317862544208765
-0.19819222390651703,-0.8899582028388977,0.22807975113391876
-0.025791579857468605,-0.8365861773490906,-0.024736741557717323
0.013268403708934784,0.07476378232240677,0.2276821881532669
0.2269950956106186,0.00253759091719985,0.04014458507299423
-0.23198457062244415,0.15213830769062042,-0.05784330517053604
-0.048611365258693695,-0.5030357837677002,0.2276821881532669
-0.14660918712615967,0.932145357131958,0.15363718569278717
0.16805726289749146,0.7093145847320557,0.2276821881532669
0.22659753262996674,0.8744001984596252,0.029847851023077965
-0.23198457062244415,0.43072643876075745,-0.18170224130153656
0.22659753262996674,0.4926459491252899,-0.011418575420975685
-0.16211390495300293,-0.6217065453529358,-0.19710756838321686
-0.23198457062244415,0.19855310022830963,0.08143087476491928
0.22659753262996674,-0.03871889412403107,0.11239063739776611
-0.23198457062244415,-0.32244548201560974,-0.17136573791503906
0.11130598932504654,-0.3482866883277893,-0.23089991509914398
0.22659753262996674,0.7144829034805298,0.10205414891242981
0.22659753262996674,-0.36886027455329895,0.16914190351963043
-0.007355864625424147,-0.6217065453529358,0.21038846671581268
0.049386460334062576,-0.8821064829826355,-0.19710756838321686
0.21447205543518066,-0.9484984874725342,0.009214638732373714
-0.19302397966384888,-0.18836936354637146,-0.23089991509914398
0.02875325456261635,-0.6217065453529358,-0.22294877469539642
0.22659753262996674,0.8176489472389221,0.14330069720745087
0.033921487629413605,0.9319466352462769,-0.14035630226135254
-0.23198457062244415,-0.07483695447444916,0.05048106983304024
-0.23198457062244415,0.45646828413009644,-0.1197827160358429
0.22659753262996674,0.735056459903717,-0.08364477008581161
-0.027978144586086273,0.6422268748283386,-0.23089991509914398
0.22659753262996674,0.523556113243103,0.09691572934389114
-0.18278689682483673,0.32239213585853577,-0.23089991509914398
0.2269950956106186,-0.21411116421222687,-0.22294877469539642
-0.2309906780719757,0.9317477941513062,0.17431014776229858
0.22659753262996674,-0.363692045211792,-0.08880307525396347
-0.15694567561149597,-0.48236283659935,0.2276821881532669
-0.16728214919567108,-0.6217065453529358,-0.011428514495491982
-0.12603561580181122,-0.36886027455329895,0.2276821881532669
-0.06925451010465622,0.9104785323143005,0.2276821881532669
0.070029616355896,0.621553897857666,0.2276821881532669
-0.13120386004447937,0.8692319393157959,0.2276821881532669
0.1422160565853119,0.32239213585853577,0.2276821881532669
-0.23059312999248505,0.16287235915660858,0.22678770124912262
-0.18278689682483673,-0.17803286015987396,0.2276821881532669
0.22659753262996674,-0.575192391872406,-0.14035630226135254
-0.027978144586086273,-0.9157000780105591,-0.23089991509914398
-0.18278689682483673,0.09023869037628174,-0.23089991509914398
0.22659753262996674,0.48747771978378296,-0.202275812625885
-0.23198457062244415,0.5699709057807922,0.04532276466488838
-0.012503236532211304,0.9319466352462769,0.17431014776229858
-0.10536263883113861,-0.8821064829826355,0.11755888164043427
0.2093038111925125,-0.48236283659935,-0.23089991509914398
-0.23198457062244415,0.35847043991088867,0.14846894145011902
0.22659753262996674,-0.4926992952823639,0.004056334961205721
-0.03829475864768028,0.8228171467781067,0.2276821881532669
0.18873023986816406,0.9319466352462769,0.10205414891242981
0.22659753262996674,0.3997170031070709,0.04532276466488838
-0.23198457062244415,0.24496789276599884,-0.14035630226135254
-0.14660918712615967,0.30171915888786316,0.2276821881532669
0.17839375138282776,-0.29670363664627075,-0.23089991509914398
0.22659753262996674,0.8124806880950928,-0.1197827160358429
-0.08990760147571564,0.43072643876075745,0.22788096964359283
-0.23198457062244415,0.5338925719261169,-0.1661974936723709
0.018446587026119232,0.012864137999713421,0.2276821881532669
-0.23198457062244415,0.26564085483551025,-0.026893487200140953
-0.16211390495300293,-0.9484984874725342,0.16914190351963043
0.21964028477668762,-0.8821064829826355,0.17431014776229858
-0.23198457062244415,-0.2553577125072479,-0.04236839339137077
0.22659753262996674,0.2397996485233307,0.055639371275901794
-0.14144094288349152,-0.9484984874725342,0.05048106983304024
0.22659753262996674,0.6886416673660278,0.01437294203788042
-0.18785573542118073,0.9319466352462769,-0.08363483101129532
-0.23198457062244415,0.1057235449552536,0.06595596671104431
0.049386460334062576,-0.6217065453529358,0.09690578281879425
0.17839375138282776,0.6318903565406799,0.2276821881532669
0.22659753262996674,-0.09031186997890472,0.10722239315509796
0.22659753262996674,-0.23995238542556763,-0.11461447179317474
-0.17245039343833923,-0.12128157168626785,0.2276821881532669
0.22629937529563904,-0.8833985328674316,-0.06000005453824997
0.20413556694984436,0.6783051490783691,-0.23089991509914398
-0.2282077819108963,-0.3998697102069855,-0.23089991509914398
-0.07441281527280807,-0.8898588418960571,0.2276821881532669
-0.23198457062244415,0.3791434168815613,-0.18170224130153656
-0.08988772332668304,-0.18836936354637146,0.2276821881532669
-0.10536263883113861,0.8073124885559082,0.2276821881532669
0.08034622669219971,0.2347308099269867,-0.23089991509914398
0.21447205543518066,-0.8821064829826355,-0.1661974936723709
-0.002189610619097948,0.018022440373897552,-0.23089991509914398
-0.08472942560911179,-0.9484984874725342,-0.1558610200881958
0.002961735473945737,-0.8821064829826355,-0.10427798330783844
0.018446587026119232,-0.40493857860565186,-0.23089991509914398
-0.0021876227110624313,0.5596343874931335,0.2276821881532669
-0.027978144586086273,-0.03356059268116951,0.2276821881532669
-0.05376966670155525,-0.9484984874725342,0.060807615518569946
0.16805726289749146,0.5803073644638062,-0.23089991509914398
-0.23198457062244415,0.4616365134716034,0.10205414891242981
-0.23198457062244415,0.07476378232240677,0.01437294203788042
-0.06925451010465622,0.5338925719261169,0.2276821881532669
-0.23198457062244415,0.8073124885559082,-0.04752669855952263
-0.23198457062244415,-0.5648559331893921,-0.03205178305506706
0.028763193637132645,-0.45145276188850403,0.2276821881532669
0.22659753262996674,0.3275603652000427,-0.021735183894634247
-0.0950460284948349,-0.4101068377494812,-0.23089991509914398
0.059713009744882584,0.8073124885559082,0.2276821881532669
-0.2309906780719757,-0.9477033615112305,0.16049504280090332
-0.22830717265605927,-0.948299765586853,0.07111427187919617
0.2269950956106186,0.8021441698074341,-0.1816028505563736
0.22679631412029266,-0.5133722424507141,0.18971548974514008
0.22679631412029266,0.3838147222995758,0.22440235316753387
-0.19302397966384888,0.3894798755645752,0.2276821881532669
-0.23148763179779053,0.8696295022964478,0.22440235316753387
-0.05376966670155525,-0.9484984874725342,0.17947840690612793
0.22649815678596497,-0.6199175119400024,-0.202275812625885
0.08551446348428726,0.9319466352462769,0.17947840690612793
-0.20852869749069214,0.038655657321214676,-0.23089991509914398
-0.23198457062244415,-0.5184411406517029,0.08658917993307114
0.22659753262996674,0.44106292724609375,0.08144081383943558
0.08034622669219971,0.028339043259620667,-0.23089991509914398
0.226398766040802,0.19338485598564148,-0.22990602254867554
-0.23198457062244415,0.5287243127822876,-0.06301155686378479
0.1732254922389984,-0.9484984874725342,-0.021735183894634247
0.22659753262996674,-0.5803605914115906,-0.026893487200140953
0.22659753262996674,-0.20377469062805176,0.15880542993545532
0.22659753262996674,0.7093145847320557,-0.13001981377601624
-0.23198457062244415,0.15213830769062042,-0.1558610200881958
0.05455470830202103,0.3791434168815613,0.2276821881532669
-0.23198457062244415,-0.35852378606796265,0.09691572934389114
0.10613773763179779,0.7041463851928711,-0.23089991509914398
-0.13627269864082336,-0.03356059268116951,-0.23089991509914398
0.15772077441215515,0.8176489472389221,0.2276821881532669
-0.08988772332668304,0.038655657321214676,-0.23089991509914398
-0.0950460284948349,-0.12128157168626785,-0.23089991509914398
-0.23198457062244415,0.250136137008667,0.16914190351963043
-0.23198457062244415,-0.41527506709098816,-0.15069277584552765
0.22659753262996674,0.018022440373897552,-0.07847653329372406
0.1422160565853119,-0.5906971096992493,-0.23089991509914398
-0.022819841280579567,-0.20377469062805176,-0.23089991509914398
-0.23198457062244415,0.879469096660614,0.02468954771757126
0.013288280926644802,0.7402247190475464,-0.23089991509914398
-0.19819222390651703,0.9319466352462769,0.004059316124767065
0.22659753262996674,-0.06451041251420975,-0.13001981377601624
0.22659753262996674,0.47714123129844666,0.19488373398780823
0.22659753262996674,0.6318903565406799,0.16914190351963043
0.10096950083971024,0.9319466352462769,-0.17136573791503906
0.22659753262996674,-0.1521916538476944,-0.19710756838321686
-0.17761863768100739,0.9325429201126099,0.22479991614818573
0.152552530169487,-0.910531759262085,-0.23089991509914398
0.22659753262996674,0.5338925719261169,-0.18677109479904175
0.21964028477668762,-0.9484984874725342,0.21555669605731964
0.22659753262996674,0.7041463851928711,0.17431014776229858
-0.23148763179779053,-0.40970927476882935,0.22440235316753387
-0.17761863768100739,-0.8821064829826355,0.09690578281879425
-0.07957112044095993,-0.30177250504493713,0.2276821881532669
0.2093038111925125,-0.08515356481075287,-0.23089991509914398
0.22659753262996674,0.33789685368537903,0.03500615432858467
-0.01766153797507286,0.3429657220840454,-0.23089991509914398
-0.19302397966384888,0.45646828413009644,0.2276821881532669
0.11130598932504654,-0.41527506709098816,-0.23089991509914398
-0.11053087562322617,0.9319466352462769,0.04533270373940468
0.22659753262996674,-0.3482866883277893,0.10205414891242981
-0.17245039343833923,-0.9484984874725342,-0.10427798330783844
-0.20336046814918518,-0.8821064829826355,-0.05785324424505234
0.22659753262996674,0.07992208003997803,0.13306361436843872
-0.23198457062244415,0.16247479617595673,0.15363718569278717
-0.05376966670155525,0.7195517420768738,0.2276821881532669
0.018446587026119232,-0.5442823171615601,0.2276821881532669
-0.07440287619829178,0.9319466352462769,0.13306361436843872
-0.002189610619097948,0.9156467318534851,-0.23089991509914398
0.002972668269649148,0.17797952890396118,0.22807975113391876
-0.10020433366298676,0.735056459903717,-0.23089991509914398
0.07004950195550919,-0.03356059268116951,0.2276821881532669
-0.03313644975423813,-0.31210899353027344,-0.23089991509914398
-0.23198457062244415,-0.32244548201560974,-0.07848646491765976
0.22659753262996674,0.5442290306091309,0.05048106983304024
-0.18278689682483673,-0.9484984874725342,-0.011418575420975685
-0.0950559675693512,-0.6217065453529358,0.12272712588310242
0.10096950083971024,0.9319466352462769,-0.04236839339137077
-0.15694567561149597,-0.8821064829826355,0.019521303474903107
0.03907979279756546,0.32239213585853577,-0.23089991509914398
0.1628890186548233,-0.01808568462729454,-0.23089991509914398
0.044238097965717316,0.4616365134716034,-0.23089991509914398
0.1268107146024704,-0.9484984874725342,-0.011418575420975685
0.1732254922389984,-0.8821064829826355,0.13296422362327576
-0.19819222390651703,-0.5700241327285767,-0.23089991509914398
-0.23198457062244415,0.8278860449790955,0.14330069720745087
0.1732254922389984,-0.1625281423330307,0.2276821881532669
0.22659753262996674,0.6112173795700073,0.12272712588310242
-0.23198457062244415,0.7505611777305603,-0.1301192045211792
-0.08988772332668304,-0.5700241327285767,0.2276821881532669
0.22659753262996674,0.6370586156845093,-0.12485155463218689
0.16805726289749146,-0.8950271010398865,0.2276821881532669
0.22659753262996674,0.9104785323143005,-0.1558610200881958
-0.2279096096754074,-0.13112112879753113,0.2273840308189392
0.22659753262996674,0.11606002599000931,0.024709424003958702
0.22659753262996674,-0.25018948316574097,0.07111427187919617
-0.23198457062244415,0.8330543041229248,0.05048106983304024
-0.06409621238708496,0.16247479617595673,-0.23089991509914398
-0.23198457062244415,0.33789685368537903,-0.0733281672000885
0.22659753262996674,-0.4926992952823639,-0.04752669855952263
-0.23198457062244415,-0.5700241327285767,-0.07848646491765976
-0.08472942560911179,0.5545655488967896,-0.23089991509914398
-0.23198457062244415,0.6989781260490417,0.06595596671104431
0.044238097965717316,0.6525633335113525,-0.23089991509914398
-0.23198457062244415,-0.926036536693573,0.009214638732373714
-0.23198457062244415,-0.5494505763053894,0.17947840690612793
-0.13627269864082336,0.7918077111244202,-0.23089991509914398
-0.12603561580181122,0.5183877944946289,-0.23089991509914398
-0.23198457062244415,0.7298882007598877,0.16914190351963043
-0.23198457062244415,0.6938099265098572,-0.04752669855952263
0.22659753262996674,-0.01808568462729454,-0.15069277584552765
0.21964028477668762,0.8744001984596252,-0.23089991509914398
0.07518792152404785,-0.9484984874725342,-0.1919393241405487
-0.23198457062244415,0.5183877944946289,-0.22294877469539642
-0.23198457062244415,-0.9312047362327576,-0.09396138042211533
-0.033146392554044724,-0.8821064829826355,0.07111427187919617
0.08551446348428726,0.9319466352462769,0.11755888164043427
0.22659753262996674,-0.10062847286462784,0.16397367417812347
0.22659753262996674,-0.10062847286462784,0.055639371275901794
-0.23198457062244415,-0.47202634811401367,0.01437294203788042
0.22659753262996674,0.06444717198610306,-0.026893487200140953
0.05455470830202103,-0.49786752462387085,0.2276821881532669
0.22659753262996674,-0.4307797849178314,0.05048106983304024
0.09066282957792282,-0.1728646159172058,-0.23089991509914398
-0.17761863768100739,-0.6217065453529358,0.09174748510122299
0.22659753262996674,0.2347308099269867,-0.09396138042211533
0.17839375138282776,-0.6217065453529358,0.19488373398780823
0.14738428592681885,-0.5700241327285767,0.2276821881532669
-0.19312337040901184,0.7763029932975769,0.2276821881532669
0.008129977621138096,0.8278860449790955,-0.23089991509914398
-0.18785573542118073,-0.8815101385116577,-0.1868704855442047
-0.06926444917917252,-0.6217065453529358,-0.1661974936723709
-0.01766153797507286,0.4048852324485779,0.2276821881532669
-0.012503236532211304,-0.12128157168626785,-0.23089991509914398
0.22659753262996674,-0.09031186997890472,-0.04752669855952263
-0.02798808366060257,-0.6217065453529358,0.09690578281879425
0.10613773763179779,-0.9484984874725342,0.03500615432858467
0.09580125659704208,-0.8821064829826355,-0.1455245316028595
0.1422160565853119,0.9323441982269287,-0.15069277584552765
0.12164247035980225,0.4513000249862671,-0.23089991509914398
0.22659753262996674,-0.31210899353027344,-0.17653398215770721
-0.23198457062244415,0.6318903565406799,-0.18170224130153656
-0.06925451010465622,0.0592888668179512,0.2276821881532669
0.03907979279756546,-0.09547016769647598,0.2276821881532669
-0.0589478500187397,0.9323441982269287,0.05047112703323364
0.22659753262996674,0.15730655193328857,-0.07847653329372406
-0.23198457062244415,0.22956256568431854,0.02468954771757126
-0.03828481584787369,0.33272862434387207,0.2276821881532669
-0.23198457062244415,-0.46168985962867737,-0.15069277584552765
0.2093038111925125,0.3894798755645752,-0.23089991509914398
0.05454476550221443,-0.6217065453529358,-0.021745122969150543
-0.10536263883113861,-0.926036536693573,0.2276821881532669
0.09066282957792282,-0.6010335683822632,0.2276821881532669
0.02138851024210453,-0.8400648236274719,0.022512922063469887
-0.23178580403327942,-0.47202634811401367,-0.2272225320339203
-0.23198457062244415,0.2347308099269867,-0.20744405686855316
-0.010712241753935814,-0.6409880518913269,-0.033383604139089584
0.22659753262996674,-0.9362736344337463,-0.11461447179317474
0.02360489033162594,-0.9484984874725342,-0.19710756838321686
-0.21886518597602844,-0.023243987932801247,-0.23089991509914398
0.1732254922389984,0.9319466352462769,-0.03205178305506706
0.11647423356771469,0.4048852324485779,-0.23089991509914398
0.10096950083971024,-0.8821064829826355,0.18464665114879608
-0.04862130433320999,0.8124806880950928,-0.23089991509914398
0.17839375138282776,0.9319466352462769,0.16914190351963043
0.22659753262996674,0.523556113243103,0.17947840690612793
-0.12086736410856247,-0.6217065453529358,-0.08881301432847977
0.06486137211322784,-0.8821064829826355,-0.0062692174687981606
0.22709448635578156,-0.42561155557632446,0.16914190351963043
0.09583108127117157,-0.9484984874725342,-0.04752669855952263
-0.13120386004447937,0.6370586156845093,-0.23089991509914398
0.1268107146024704,0.9053102731704712,-0.23089991509914398
0.2269950956106186,0.3533022105693817,-0.05787312239408493
-0.23198457062244415,0.8949737548828125,-0.202275812625885
0.22709448635578156,0.5648025870323181,-0.11461447179317474
0.05972294881939888,0.9319466352462769,-0.10427798330783844
0.22659753262996674,-0.45145276188850403,-0.06815992295742035
0.02360489033162594,-0.337950199842453,0.2276821881532669
0.09582113474607468,-0.3172772526741028,0.2276821881532669
0.22659753262996674,-0.04387720301747322,-0.18677109479904175
-0.23198457062244415,-0.37919676303863525,0.009214638732373714
0.09066282957792282,0.4358946681022644,0.2276821881532669
0.02875325456261635,-0.8821064829826355,-0.1558610200881958
0.22659753262996674,0.3894798755645752,-0.16102926433086395
0.22659753262996674,-0.33278197050094604,0.19488373398780823
0.2093038111925125,0.5183877944946289,-0.23089991509914398
0.22659753262996674,-0.007770071271806955,0.18464665114879608
-0.23198457062244415,0.3172239065170288,0.18981488049030304
0.17839375138282776,-0.37919676303863525,0.2276821881532669
0.0031793981324881315,-0.8831003308296204,-0.2297072559595108
0.08550452440977097,0.5183877944946289,0.2276821881532669
-0.23148763179779053,-0.23428718745708466,0.22440235316753387
-0.11053087562322617,0.42038995027542114,-0.23089991509914398
0.1732254922389984,-0.9484984874725342,0.06596590578556061
-0.03315633162856102,0.932145357131958,0.014353063888847828
-0.23198457062244415,0.621553897857666,0.02468954771757126
0.13704781234264374,-0.8821064829826355,-0.011428514495491982
-0.23198457062244415,-0.5803605914115906,0.009214638732373714
-0.23198457062244415,-0.03356059268116951,-0.03205178305506706
0.002972668269649148,0.9319466352462769,-0.052685003727674484
-0.23198457062244415,0.012864137999713421,0.03500615432858467
0.1732254922389984,-0.8821064829826355,-0.10427798330783844
-0.11569912731647491,0.5338925719261169,0.22807975113391876
0.1732254922389984,-0.41527506709098816,-0.23089991509914398
0.16805726289749146,-0.6217065453529358,0.11239063739776611
0.16805726289749146,-0.9484984874725342,0.15363718569278717
0.1628890186548233,0.760897696018219,-0.23089991509914398
-0.23198457062244415,0.5132195949554443,0.18464665114879608
0.10096950083971024,-0.3947014808654785,0.2276821881532669
0.06486137211322784,-0.6217065453529358,0.1381324678659439
-0.12603561580181122,0.12639649212360382,-0.23089991509914398
0.22619998455047607,-0.4277981221675873,0.22678770124912262
-0.23198457062244415,-0.3533555567264557,0.21038846671581268
-0.20852869749069214,0.7041463851928711,-0.23089991509914398
0.09066282957792282,0.5699709057807922,0.2276821881532669
-0.05377960577607155,-0.6214084029197693,0.22509807348251343
-0.0021975617855787277,-0.6217065453529358,-0.1919393241405487
0.05455470830202103,0.5699709057807922,-0.23089991509914398
0.09066282957792282,0.7041463851928711,0.2276821881532669
