0.10427570343017578,-0.1060398519039154,-0.0774252712726593
-0.6579387784004211,0.7388709783554077,0.09340723603963852
0.6640831232070923,0.7402891516685486,0.09296374768018723
-0.6574578881263733,-0.5342666506767273,-0.33315205574035645
0.6483420729637146,-0.5102554559707642,-0.2969726324081421
-0.6125807166099548,0.04073462635278702,0.12292463332414627
0.017368072643876076,0.6181597709655762,-0.061949845403432846
0.644225537776947,0.12745897471904755,0.11152186244726181
-0.26639050245285034,-0.49076035618782043,0.09586195647716522
0.3781359791755676,-0.49348390102386475,0.10683071613311768
0.040185149759054184,-0.5351099967956543,-0.3458385169506073
-0.1618196815252304,0.21749192476272583,0.08676711469888687
0.4046395421028137,0.4331544041633606,-0.05205203592777252
-0.3419156074523926,-0.1662047803401947,-0.15162894129753113
-0.6593503355979919,-0.3525592088699341,0.09136457741260529
-0.4973631501197815,0.4144212305545807,-0.05177104100584984
0.501720666885376,-0.18072760105133057,-0.15162894129753113
0.3036606013774872,0.7471411228179932,0.0814264565706253
-0.30556169152259827,0.7137854695320129,0.10683071613311768
0.18174979090690613,0.20470845699310303,0.10683071613311768
-0.3314342200756073,-0.5182322859764099,-0.242454394698143
0.05084749683737755,-0.42143189907073975,0.022598255425691605
0.6525177359580994,-0.3242163360118866,0.10277368873357773
0.32716551423072815,-0.5125978589057922,-0.21014191210269928
-0.1528376340866089,-0.15899018943309784,0.10589376091957092
-0.6358263492584229,-0.16200120747089386,-0.12895122170448303
0.3854442238807678,-0.03531184419989586,0.10683071613311768
0.6449283957481384,0.42083948850631714,0.10875771939754486
-0.4364545941352844,-0.18803587555885315,0.10683071613311768
-0.3782695531845093,0.09440987557172775,-0.05009087547659874
-0.20858657360076904,0.41442760825157166,-0.06177473068237305
0.18174979090690613,0.48835355043411255,0.10589376091957092
-0.5309935808181763,-0.4981686472892761,-0.07918339967727661
-0.6617928147315979,0.29927557706832886,0.09146462380886078
-0.15184472501277924,-0.30897200107574463,-0.17249524593353271
0.5862278938293457,-0.5025660395622253,-0.08195378631353378
0.028072193264961243,0.2866643965244293,-0.06989504396915436
0.24724307656288147,-0.2462209314107895,0.10683071613311768
0.25445762276649475,-0.2752665579319,-0.15162894129753113
0.4862985610961914,0.27100449800491333,0.13497716188430786
0.01593388244509697,0.02544337511062622,0.10278930515050888
0.6433637142181396,0.24986019730567932,-0.07369594275951385
-0.1051340103149414,-0.05541869252920151,-0.1573038250207901
0.4653666615486145,0.5899196863174438,0.08068961650133133
0.6545383930206299,-0.09855645149946213,0.015945859253406525
0.48719778656959534,0.09449419379234314,-0.05712742358446121
-0.050981007516384125,0.42286020517349243,0.10683071613311768
0.22728589177131653,0.6143742799758911,-0.08148831129074097
0.64067143201828,0.5755842924118042,-0.07827454805374146
-0.4364545941352844,0.26292163133621216,0.10683071613311768
-0.05193648487329483,0.7375592589378357,0.12943661212921143
-0.6467077732086182,0.5877646803855896,-0.06174661964178085
0.2642019987106323,0.08494661003351212,-0.06180284544825554
-0.47280851006507874,0.5683696866035461,0.10683071613311768
-0.2577832341194153,0.6165229678153992,-0.07253400981426239
-0.6692883968353271,0.14099201560020447,-0.07217495888471603
-0.13178110122680664,-0.5166391730308533,-0.04606819525361061
-0.46550026535987854,-0.3989449143409729,0.10589376091957092
-0.6527979969978333,-0.34806814789772034,-0.15133848786354065
0.4267388582229614,-0.27299270033836365,0.10683071613311768
-0.27642229199409485,0.008350355550646782,0.10683071613311768
-0.6625423431396484,-0.14680975675582886,0.0879041850566864
-0.26920774579048157,0.5101847052574158,0.10683071613311768
0.033535540103912354,-0.2125905305147171,0.09679891914129257
0.13087300956249237,-0.4981686472892761,-0.14464862644672394
-0.12097471207380295,-0.3525592088699341,0.09586195647716522
0.6380479335784912,-0.3262370526790619,-0.1515352576971054
0.24079057574272156,0.32338061928749084,-0.0774843692779541
-0.4364545941352844,-0.34075990319252014,-0.15162894129753113
0.34809738397598267,-0.06265826523303986,-0.1685943752527237
0.1990898698568344,0.0038593285717070103,0.11686252057552338
-0.658863365650177,0.48757898807525635,0.08921569585800171
-0.23426534235477448,0.21383120119571686,-0.06335807591676712
0.44353559613227844,-0.37711381912231445,-0.15162894129753113
0.07265986502170563,-0.30946552753448486,-0.13008829951286316
0.10904191434383392,0.6847397685050964,0.09146462380886078
0.20076362788677216,-0.5025660395622253,0.032630063593387604
-0.697153627872467,0.4137844741344452,-0.04989389330148697
-0.4801167845726013,-0.08347143977880478,-0.06464181840419769
-0.35925570130348206,-0.5025660395622253,-0.05461939051747322
0.6553940773010254,-0.5369963645935059,0.10937300324440002
0.09451907128095627,0.4134906530380249,-0.04282008484005928
-0.1455293744802475,-0.5125978589057922,-0.2464958280324936
-0.30556169152259827,-0.3189288079738617,0.10589376091957092
0.348996639251709,0.41564568877220154,0.10683071613311768
-0.49191612005233765,-0.5025660395622253,-0.26374220848083496
-0.49463963508605957,0.24849244952201843,-0.057146161794662476
0.0027026927564293146,0.22198297083377838,0.09614304453134537
-0.2541227340698242,-0.03531184419989586,-0.06602852046489716
-0.4572017192840576,0.7395799160003662,0.10331088304519653
-0.22573289275169373,-0.22570154070854187,-0.03555867448449135
-0.424093097448349,0.6001388430595398,-0.04696444794535637
0.6755514144897461,0.07648299634456635,-0.10549963265657425
0.48719778656959534,-0.4981686472892761,-0.2683269679546356
0.39237138628959656,0.2609604001045227,-0.05178041383624077
0.5599057078361511,0.4247341454029083,-0.042810723185539246
-0.27642229199409485,0.3428440988063812,0.09146462380886078
-0.5236852765083313,0.4083373546600342,0.10683071613311768
-0.6692883968353271,-0.5070697665214539,0.019425107166171074
0.33447378873825073,0.13924328982830048,0.09146462380886078
0.18429185450077057,-0.5097748041152954,-0.3400418758392334
-0.10186715424060822,0.5828925371170044,0.10683071613311768
-0.4364545941352844,0.08833838999271393,0.10683071613311768
-0.050981007516384125,-0.2093047946691513,-0.028269147500395775
0.3860064446926117,0.5876710414886475,-0.0616716668009758
-0.6673208475112915,-0.006172476336359978,-0.06203708425164223
0.4895654320716858,-0.07149066030979156,-0.016325857490301132
0.4945060908794403,0.08106760680675507,0.10683071613311768
0.4217981696128845,-0.4981686472892761,-0.05010024830698967
0.4747299253940582,0.7356101870536804,0.09529978781938553
0.6661942601203918,-0.0767001360654831,-0.13955450057983398
0.5259879231452942,-0.42199403047561646,0.0465843603014946
-0.6949049830436707,-0.4869000017642975,-0.15677283704280853
0.5235517621040344,-0.15889650583267212,0.10683071613311768
0.10727440565824509,0.33967092633247375,0.08583015203475952
0.2690742015838623,-0.08347143977880478,0.0008608524804003537
0.18174979090690613,-0.3097465932369232,-0.021007725968956947
-0.5309935808181763,0.09410067647695541,-0.03554930537939072
-0.06317418068647385,-0.49019184708595276,0.08414363116025925
0.3126426637172699,0.5899196863174438,0.08068961650133133
-0.24662069976329803,-0.4016684293746948,-0.1616513729095459
-0.07831539958715439,0.4050453007221222,-0.05711805447936058
0.00624858820810914,-0.5407441854476929,-0.1591995656490326
0.2111423760652542,-0.36955228447914124,0.08474640548229218
-0.6283994913101196,-0.21807445585727692,0.007138722576200962
0.5962596535682678,0.24821138381958008,0.05173763260245323
0.4945060908794403,0.43747678399086,0.10683071613311768
-0.3855777978897095,0.4252026379108429,0.044429369270801544
-0.4873313307762146,-0.04983467608690262,0.10683071613311768
-0.5673474669456482,-0.26074376702308655,0.10683071613311768
0.6413272619247437,-0.23169808089733124,-0.04274513199925423
0.610876202583313,0.5610613822937012,0.09146462380886078
-0.5600392818450928,0.19015751779079437,0.10683071613311768
0.050838127732276917,0.5465385913848877,0.10589376091957092
-0.23023028671741486,-0.3698992431163788,-0.013755676336586475
-0.13100653886795044,-0.01348073873668909,0.09146462380886078
-0.27414843440055847,-0.17097096145153046,0.10683071613311768
0.237673819065094,0.42789459228515625,-0.10221091657876968
-0.4873313307762146,-0.2098669856786728,-0.15162894129753113
-0.32008451223373413,0.1828867346048355,0.10683071613311768
-0.24340695142745972,0.09068380296230316,-0.010417087003588676
-0.0008788066334091127,-0.0859762504696846,0.04188729077577591
0.29081159830093384,0.2919673025608063,0.09146462380886078
0.3781359791755676,-0.18072760105133057,0.10683071613311768
-0.6105599999427795,0.6325451731681824,0.11282110959291458
0.005984128452837467,-0.18678973615169525,-0.14556680619716644
-0.5443638563156128,-0.5065357685089111,0.08202946186065674
-0.12369824200868607,0.25936123728752136,0.0007671621860936284
0.2270984947681427,-0.42574188113212585,-0.08220039308071136
0.5544586777687073,-0.02800358459353447,0.10683071613311768
-0.39234280586242676,-0.06939823180437088,0.01583329774439335
0.18737129867076874,-0.14764052629470825,-0.1471065878868103
0.33649447560310364,-0.3605703115463257,0.10885141789913177
0.12356474250555038,0.25936123728752136,0.0007671621860936284
0.6685366630554199,0.7292703986167908,-0.07824666798114777
-0.12494438141584396,-0.10012118518352509,-0.007693547289818525
0.1599186807870865,-0.14437365531921387,0.0817202776670456
-0.35643845796585083,0.25936123728752136,-0.02828788198530674
0.6413272619247437,-0.3989449143409729,-0.013755676336586475
0.0881100594997406,0.5980961322784424,-0.0031805660109966993
0.08721080422401428,-0.22045458853244781,-0.028278514742851257
0.6467804312705994,-0.5226296186447144,-0.19751182198524475
0.012525851838290691,-0.3443516790866852,0.10488174110651016
-0.35596999526023865,0.5900133848190308,0.05970176309347153
-0.050981007516384125,-0.41028210520744324,-0.06464181840419769
0.5163372755050659,0.5790510177612305,-0.05712742358446121
-0.16691085696220398,0.3270970284938812,0.09275750815868378
-0.20916126668453217,-0.18476901948451996,-0.14750318229198456
0.116256482899189,0.09559980779886246,0.09146462380886078
-0.4087737500667572,-0.48817113041877747,0.08212292194366455
-0.15732865035533905,0.5687381029129028,0.010798966512084007
0.37082773447036743,-0.23169808089733124,-0.15162894129753113
-0.6410483717918396,0.7332180738449097,-0.012256324291229248
-0.3783632516860962,-0.42133820056915283,0.013978258706629276
-0.5685937404632568,-0.05734570324420929,0.029385164380073547
-0.5309935808181763,0.578769862651825,-0.021007725968956947
0.15171119570732117,-0.5127730369567871,0.09874788671731949
-0.6565458178520203,-0.39163661003112793,-0.021007725968956947
0.5235517621040344,0.25982969999313354,-0.05712742358446121
-0.2514180541038513,-0.5407441854476929,-0.1406165361404419
0.36274486780166626,-0.5190505981445312,-0.3312217891216278
-0.16990253329277039,0.7146536111831665,0.13497716188430786
0.23488160967826843,0.6893245577812195,0.018107231706380844
-0.42193177342414856,-0.4981686472892761,-0.15919017791748047
0.20563583076000214,-0.2051885724067688,-0.0037238711956888437
-0.17466872930526733,0.4375704228878021,0.09146462380886078
-0.09461510926485062,-0.3208963871002197,0.0008608524804003537
0.37347641587257385,-0.4459116756916046,-0.019402649253606796
-0.09183535724878311,0.1201891079545021,0.09679891914129257
-0.6933934092521667,0.15055549144744873,0.11254638433456421
0.644184947013855,-0.19604697823524475,0.08091124892234802
0.3126426637172699,-0.38442209362983704,-0.15162894129753113
-0.5964869260787964,0.24821138381958008,0.008075427263975143
0.022012876346707344,-0.10499358177185059,-0.1085478663444519
-0.019335180521011353,-0.5045150518417358,-0.03637072071433067
0.24921707808971405,0.39755603671073914,0.03439756855368614
0.4322795867919922,-0.08676328510046005,-0.14044789969921112
0.227848082780838,0.09272335469722748,0.058952197432518005
0.48719778656959534,-0.5125978589057922,-0.14465796947479248
-0.24683330953121185,-0.4840954542160034,-0.007765290327370167
-0.06553195416927338,-0.23891262710094452,0.10589376091957092
-0.34999844431877136,0.43253588676452637,-0.06988567858934402
-0.2627986967563629,-0.2744920253753662,-0.1797754168510437
0.09522189944982529,-0.06515403836965561,0.09477820992469788
-5.832380338688381e-05,0.6483858227729797,0.10589376091957092
-0.20371440052986145,-0.26805201172828674,0.10589376091957092
-0.542792797088623,-0.10352868586778641,-0.14159712195396423
0.13087300956249237,-0.29700398445129395,0.08209504932165146
0.3761870563030243,0.7028542757034302,0.11592555791139603
-0.16736045479774475,-0.4716528058052063,0.10589376091957092
-0.5891786217689514,0.4134906530380249,0.015383690595626831
0.3126426637172699,-0.5125978589057922,-0.07192198187112808
0.5672140121459961,0.09410067647695541,0.022598255425691605
0.20358088612556458,0.6265547275543213,0.10589376091957092
0.05084749683737755,-0.42143189907073975,-0.1300976723432541
-0.22457079589366913,0.7363100647926331,0.0055333576165139675
-0.5309935808181763,-0.413655161857605,-0.15155398845672607
-0.43567997217178345,-0.5166391730308533,-0.030552441254258156
0.46779006719589233,-0.5102554559707642,0.08461211621761322
0.29081159830093384,-0.10801973193883896,0.10683071613311768
0.3636131286621094,0.0829227864742279,0.0007671621860936284
0.5504424571990967,-0.42086973786354065,-0.1134910136461258
0.021764345467090607,-0.30955925583839417,-0.028315996751189232
0.23440676927566528,0.23584356904029846,0.015383690595626831
0.6503283977508545,0.1510332077741623,-0.08167269825935364
-0.22599509358406067,0.27380919456481934,0.0358969084918499
-0.3709613084793091,-0.08347143977880478,-0.07918339967727661
-0.23023028671741486,-0.12254256010055542,0.029906518757343292
0.5453829169273376,0.33562949299812317,0.09146462380886078
0.5235517621040344,-0.30440595746040344,-0.15162894129753113
-0.6312634348869324,0.0491233691573143,0.0060547166503965855
0.6412336230278015,-0.21717524528503418,-0.14922097325325012
0.050838131457567215,0.4247341454029083,0.058952197432518005
-0.6590756177902222,-0.11410994082689285,-0.04275450482964516
0.22569307684898376,-0.01348073873668909,-0.07823706418275833
-0.24297292530536652,0.5156190395355225,-0.06203708052635193
-0.66675865650177,-0.04018402099609375,0.0927763506770134
0.1599186807870865,-0.42143189907073975,0.0008608524804003537
0.5381683111190796,-0.08347143977880478,-0.11554763466119766
-0.22624832391738892,-0.5191221833229065,-0.3151278793811798
-0.13822108507156372,-0.42143189907073975,-0.12281748652458191
-0.5455164313316345,0.30649012327194214,0.09146462380886078
-0.42016422748565674,-0.4986371695995331,-0.32192087173461914
0.30542808771133423,0.030143985524773598,0.09146462380886078
-0.05825179070234299,-0.42143189907073975,0.05173763260245323
-0.414623498916626,-0.2898831367492676,0.10617484897375107
-0.20371440052986145,0.6047236323356628,0.10683071613311768
-0.6100166440010071,-0.2575705945491791,-0.14758750796318054
0.15270410478115082,-0.3855464458465576,-0.1429714560508728
0.6519149541854858,0.40889957547187805,0.002266291296109557
-0.6688387989997864,0.30604052543640137,-0.06407952308654785
-0.5818703174591064,-0.42077600955963135,0.10683071613311768
-0.050990376621484756,0.3137984275817871,0.09146462380886078
0.2326265424489975,-0.5125978589057922,-0.13737782835960388
-0.26246801018714905,0.3334808647632599,-0.07147524505853653
-0.20371440052986145,0.08106760680675507,0.10683071613311768
0.11596903949975967,-0.2291746586561203,-0.13200271129608154
0.002772476291283965,-0.3375491797924042,-0.1774236559867859
0.28359702229499817,-0.45712995529174805,0.09146462380886078
0.19627262651920319,0.31229910254478455,0.1340402066707611
0.06390846520662308,-0.09603895246982574,-0.16765113174915314
0.09846678376197815,-0.4844513535499573,-0.03637072071433067
0.6750954389572144,0.3050844967365265,0.13488346338272095
0.4581521153450012,0.4134906530380249,0.015383690595626831
0.5767961144447327,0.15151090919971466,0.13093574345111847
0.39987337589263916,0.5174928903579712,0.10589376091957092
-0.0700417309999466,-0.5086690187454224,-0.31188908219337463
-0.6660090684890747,0.5864529609680176,0.04592849686741829
-0.4364545941352844,-0.10801973193883896,-0.15162894129753113
-0.08734431117773056,-0.22045458853244781,-0.12282685935497284
0.5672140121459961,0.6774315237998962,0.10589376091957092
-0.6709874272346497,-0.23259729146957397,0.10927930474281311
-0.1455293744802475,-0.42143189907073975,-0.006447411607950926
0.4653666615486145,-0.08347143977880478,0.07347504794597626
0.36880701780319214,-0.08530476689338684,-0.05532221123576164
-0.33460733294487,-0.42077600955963135,0.10589376091957092
-0.2683394253253937,-0.055793482810258865,-0.15732255578041077
0.509028971195221,-0.5125978589057922,0.008075427263975143
0.058099549263715744,-0.5125978589057922,-0.21735650300979614
-0.3293198049068451,0.09254845231771469,0.053664643317461014
-0.27642229199409485,0.4247341454029083,0.03721480071544647
-0.31408801674842834,-0.4209634065628052,-0.0630396157503128
-0.21374620497226715,-0.2997148334980011,-0.09649535268545151
0.5599057078361511,-0.30440595746040344,0.10683071613311768
-0.5183446407318115,-0.421150803565979,-0.02057672291994095
0.5526911616325378,-0.08347143977880478,0.015383690595626831
0.6625494956970215,-0.5142500996589661,0.016086522489786148
0.37082773447036743,0.25936123728752136,0.029906518757343292
-0.5309935808181763,-0.1662047803401947,0.10683071613311768
-0.5455164313316345,0.502876341342926,0.10683071613311768
-0.41013243794441223,0.6747080087661743,0.09679891914129257
-0.6553748250007629,0.4090402126312256,0.11484181135892868
-0.0800735279917717,-0.1008988469839096,0.08125178515911102
0.29811984300613403,0.5900133848190308,-0.020998355001211166
-0.21910551190376282,-0.04833533614873886,0.13093574345111847
0.09442537277936935,0.2409968227148056,0.09015287458896637
-0.26114994287490845,0.5902945399284363,0.031593047082424164
0.43866339325904846,-0.4217129647731781,0.08827897161245346
-0.314543753862381,-0.49253422021865845,0.009842912666499615
-0.5553666353225708,-0.49104753136634827,-0.33511969447135925
0.14539586007595062,0.4247341454029083,0.03721480071544647
0.6474050283432007,0.48330649733543396,-0.05805187672376633
-0.2236715853214264,-0.3996008038520813,0.07900308817625046
-0.13822108507156372,-0.22045458853244781,0.008075427263975143
-0.6514050364494324,-0.5175889134407043,0.11087212711572647
-0.13822108507156372,-0.5125978589057922,-0.15192876756191254
-0.3855777978897095,0.008350355550646782,0.10683071613311768
-0.5673474669456482,0.7283082604408264,0.09146462380886078
-0.5891786217689514,-0.5125978589057922,-0.21735650300979614
0.4217981696128845,0.3574605882167816,0.09146462380886078
-0.6571953296661377,0.4879724085330963,-0.07147524505853653
-0.4364545941352844,0.4738306999206543,0.10683071613311768
0.3026108741760254,0.4235224723815918,-0.0037238711956888437
-0.13100653886795044,0.4134906530380249,0.0008608524804003537
0.4217981696128845,0.16834516823291779,0.10683071613311768
0.3926587998867035,0.06646044552326202,0.09146462380886078
0.6268854737281799,0.37198343873023987,-0.06299879401922226
0.5817367434501648,0.5900133848190308,0.008075427263975143
0.5963534116744995,-0.42808425426483154,0.10683071613311768
-0.4509774446487427,0.0829227864742279,0.015383690595626831
0.6405777931213379,-0.05714293569326401,-0.0656818300485611
-0.40282419323921204,0.3474287688732147,0.11686252057552338
-0.03643006086349487,0.5900133848190308,0.03721480071544647
0.017035625874996185,0.7235419750213623,0.07802841812372208
0.10253016650676727,-0.36506131291389465,0.09477820992469788
-0.653678834438324,-0.5407441854476929,-0.04458758980035782
-0.34835559129714966,-0.3925049304962158,-0.14354608952999115
0.667937159538269,-0.04999684542417526,0.12135378271341324
-0.5746557712554932,-0.07166579365730286,0.10683071613311768
-0.45828568935394287,0.17561593651771545,0.10683071613311768
0.33447378873825073,-0.26805201172828674,0.10683071613311768
-0.1791597604751587,-0.08402726799249649,-0.09648598730564117
0.23440676927566528,0.5653714537620544,0.03712110221385956
0.039057571440935135,-0.4526388943195343,0.09679891914129257
-0.05456344410777092,0.2341381460428238,0.01583329774439335
-0.33460733294487,-0.07166579365730286,0.10683071613311768
-0.0991436243057251,-0.49852460622787476,0.038438986986875534
0.6549131870269775,0.08917228877544403,0.008731293492019176
0.29081159830093384,0.4810452461242676,0.09146462380886078
0.3926587998867035,-0.4981686472892761,-0.1519193947315216
-0.014623322524130344,0.12469326704740524,0.09146462380886078
0.36034634709358215,-0.5085564851760864,0.004034006968140602
-0.09462447464466095,0.1974189579486847,0.09146462380886078
-0.4801167845726013,0.4134906530380249,0.029906518757343292
-0.3273927867412567,0.578769862651825,-0.04282008484005928
0.4581521153450012,0.25982969999313354,0.015383690595626831
0.5817367434501648,-0.5125978589057922,-0.2683269679546356
0.19627262651920319,0.7417067885398865,0.1116219237446785
-0.5309935808181763,0.0829227864742279,0.05173763260245323
-0.5309935808181763,-0.34075990319252014,0.10683071613311768
-0.40010061860084534,-0.23169808089733124,-0.15162894129753113
0.10904191434383392,-0.114122673869133,0.04997013136744499
-0.4775528013706207,-0.07141894102096558,0.03060935065150261
-0.33460733294487,-0.5125978589057922,-0.15192876756191254
0.22559936344623566,0.20469911396503448,-0.06592545658349991
-0.10186715424060822,0.5790510177612305,-0.05712742358446121
0.6413272619247437,-0.3989449143409729,-0.10108757764101028
0.682216227054596,0.1805940568447113,0.1296364963054657
-0.10186715424060822,0.49566179513931274,0.10683071613311768
0.29811984300613403,0.24821138381958008,-0.04283883050084114
0.29081159830093384,-0.4981686472892761,-0.29006436467170715
-0.03819756209850311,-0.5407441854476929,-0.2311047464609146
-0.35643845796585083,0.5173991918563843,0.10683071613311768
0.17444153130054474,-0.49770018458366394,-0.05737103521823883
-0.6588818430900574,-0.3088969886302948,-0.055575087666511536
0.17444153130054474,-0.3097465932369232,-0.10827966779470444
-0.4437628388404846,0.578769862651825,0.022598255425691605
-0.23276008665561676,-0.4981686472892761,-0.2391875982284546
-0.02915927767753601,0.4134906530380249,0.022598255425691605
-0.6565458178520203,-0.21708154678344727,-0.10827966779470444
0.22476838529109955,0.7193261981010437,-0.1015331819653511
-0.34913018345832825,0.26292163133621216,0.10683071613311768
-0.414623498916626,-0.10071146488189697,0.10683071613311768
0.5817367434501648,-0.4981686472892761,0.05173763260245323
-0.1891915649175644,-0.3097465932369232,0.029906518757343292
0.15270410478115082,-0.22045458853244781,0.03721480071544647
0.6413272619247437,-0.26074376702308655,0.044429369270801544
0.03506916016340256,-0.48647207021713257,0.03282645717263222
0.3926587998867035,-0.08347143977880478,0.029906518757343292
0.17444153130054474,-0.4981686472892761,-0.21735650300979614
0.5745222568511963,0.09256406873464584,-0.06181221455335617
0.049366891384124756,0.16510643064975739,0.12285290658473969
0.6399219036102295,0.02287319488823414,0.09146462380886078
0.5599057078361511,0.48835355043411255,0.09146462380886078
0.20339348912239075,-0.09396537393331528,-0.05009087547659874
0.024506622925400734,-0.21042276918888092,-0.08922456204891205
-0.2982534170150757,-0.08347143977880478,-0.013755676336586475
0.10173363238573074,-0.3208963871002197,-0.05009087547659874
0.5526911616325378,0.4134906530380249,0.05173763260245323
-0.22389957308769226,-0.20025689899921417,0.05215300992131233
0.14539586007595062,0.5694003701210022,0.09015287458896637
0.45084384083747864,-0.2535291612148285,-0.15162894129753113
-0.6465139985084534,-0.32174599170684814,0.027182992547750473
-0.5164706707000732,0.25936123728752136,0.029906518757343292
-0.0848458856344223,-0.3329489231109619,-0.09123590588569641
-0.08008290827274323,0.662908673286438,0.09146462380886078
-0.5164706707000732,-0.5125978589057922,-0.1591995656490326
-0.35643845796585083,-0.23169808089733124,0.10617484897375107
-0.5091624855995178,0.670123279094696,0.09146462380886078
0.24724307656288147,-0.33345162868499756,0.10683071613311768
0.4997529983520508,-0.4216192364692688,-0.0489196851849556
0.25445762276649475,0.15379421412944794,0.10683071613311768
0.2308463454246521,-0.362591028213501,-0.15146028995513916
0.227192223072052,0.5320158004760742,-0.06160608306527138
-0.007349724415689707,-0.042620107531547546,0.09146462380886078
0.6810919642448425,-0.1414813995361328,-0.09058640152215958
0.4945060908794403,0.0010420918697491288,0.09146462380886078
0.3999670743942261,-0.5125978589057922,-0.2464958280324936
-0.014620511792600155,-0.26074376702308655,-0.15162894129753113
0.21361269056797028,-0.4816845953464508,0.09679891914129257
-0.2837305963039398,0.6192464828491211,0.10683071613311768
-0.5164706707000732,-0.3262370526790619,-0.15162894129753113
-0.489873468875885,0.0020069072488695383,0.11881149560213089
-0.42193177342414856,-0.5125978589057922,-0.2391875982284546
0.08721080422401428,-0.42143189907073975,-0.05009087547659874
0.059661272913217545,0.25181856751441956,0.01458716206252575
0.20560158789157867,-0.08492998033761978,0.05375834181904793
0.5776954293251038,-0.16303160786628723,-0.14758750796318054
0.19627262651920319,-0.22045458853244781,-0.10100887715816498
-0.014613953419029713,-0.15168194472789764,0.0817202776670456
-0.5818703174591064,-0.08347143977880478,-0.06464181840419769
-0.2255455106496811,0.277444452047348,0.10683071613311768
-0.5818703174591064,0.42117369174957275,-0.06403280049562454
-0.28223127126693726,-0.5352160930633545,-0.33916109800338745
0.3781359791755676,-0.1371590942144394,-0.15162894129753113
-0.6908636093139648,-0.4869000017642975,-0.2367514818906784
-0.26031938195228577,0.12383946031332016,-0.06936720758676529
0.5672140121459961,-0.4981686472892761,-0.14464862644672394
0.3781359791755676,0.578769862651825,0.03721480071544647
0.05084749683737755,-0.49770018458366394,-0.1083265021443367
0.4726749360561371,0.4244530498981476,-0.06180284544825554
0.10173363238573074,-0.49779385328292847,-0.3118954300880432
0.268980473279953,0.670123279094696,0.09146462380886078
-0.669194757938385,0.4213610887527466,0.008075427263975143
0.21557393670082092,-0.3698992431163788,0.022598255425691605
-0.47280851006507874,0.3501523435115814,0.09146462380886078
0.2762887477874756,-0.08347143977880478,-0.07918339967727661
0.4681839048862457,0.0929545909166336,0.047246601432561874
0.4844742715358734,-0.24172987043857574,0.09679891914129257
-0.023909201845526695,0.5194199085235596,0.10481000691652298
-0.6328408122062683,0.22647398710250854,0.09146462380886078
-0.5309935808181763,0.5900133848190308,0.05904589593410492
-0.24325402081012726,-0.4492594599723816,-0.08079496771097183
0.059064365923404694,0.05101964250206947,0.06331819295883179
0.5890451073646545,-0.23169808089733124,0.10683071613311768
-0.24016205966472626,0.05319313332438469,-0.07212810218334198
-0.13100653886795044,-0.282574862241745,0.0817202776670456
0.6519149541854858,0.24755550920963287,-0.010101544670760632
0.2690742015838623,0.3646751642227173,0.10683071613311768
0.08493690192699432,0.4406498968601227,0.12191594392061234
0.007672381587326527,0.2778940796852112,0.09182054549455643
0.5231021046638489,-0.3766642212867737,0.09275750815868378
-0.3325866460800171,0.4304216504096985,0.12891502678394318
0.21566763520240784,-0.2897893786430359,0.05173763260245323
0.16722695529460907,0.2546764314174652,-0.06398594379425049
-0.16005221009254456,-0.2093047946691513,-0.07191260159015656
-0.4437628388404846,0.24821138381958008,0.008075427263975143
-0.036439429968595505,-0.42124444246292114,-0.14441436529159546
0.5745222568511963,0.05924588069319725,0.10683071613311768
-0.0800735279917717,0.27858152985572815,-0.041748613119125366
0.12760615348815918,-0.21390840411186218,0.10278930515050888
-0.1528376340866089,-0.09405907243490219,0.05904589593410492
0.227192223072052,0.37198343873023987,-0.06173725426197052
-0.414623498916626,0.4134906530380249,-0.04282008484005928
0.35707947611808777,-0.3124887943267822,-0.14354608952999115
-0.6577638983726501,0.06651666015386581,-0.08155389875173569
0.25389567017555237,-0.07849308103322983,-0.1726451814174652
-0.6521421074867249,-0.41206231713294983,-0.09384677559137344
-0.014617701061069965,-0.22045458853244781,0.03721480071544647
-0.1891915649175644,0.5320158004760742,0.09146462380886078
-0.6527043581008911,-0.4174966812133789,0.04986371099948883
-0.06552258133888245,-0.333638995885849,0.08209504932165146
0.06538907438516617,-0.3208963871002197,0.05173763260245323
0.6545383930206299,0.6931723952293396,0.042661864310503006
0.5380746126174927,0.6047236323356628,0.09146462380886078
0.19627262651920319,0.4083373546600342,0.10589376091957092
0.44353559613227844,0.5900133848190308,-0.013755676336586475
0.6472301483154297,0.6225134134292603,0.11171562224626541
0.3781359791755676,0.4134906530380249,0.022598255425691605
0.06989885121583939,-0.12712730467319489,0.09679891914129257
-0.05448232591152191,-0.0987844467163086,-0.13358603417873383
0.6548194885253906,0.5853286385536194,0.023254137486219406
-0.21983006596565247,-0.26074376702308655,-0.14054472744464874
0.3001405596733093,0.22128009796142578,0.10885141789913177
-0.6734234690666199,0.05519509315490723,0.10543778538703918
-0.4509774446487427,-0.4981686472892761,-0.07918339967727661
-0.5455164313316345,-0.4981686472892761,0.015383690595626831
-0.3782695531845093,0.1319631189107895,0.09146462380886078
0.05203743651509285,0.5900133848190308,0.038245439529418945
-0.6037014126777649,0.45921415090560913,0.09146462380886078
-0.04627102613449097,-0.1100812628865242,-0.01629774458706379
0.3854442238807678,0.248305082321167,0.10683071613311768
-0.6037014126777649,-0.3262370526790619,0.10683071613311768
0.268980473279953,-0.2025587260723114,-0.15162894129753113
-0.572219729423523,0.2509285807609558,-0.06181221455335617
0.23993481695652008,0.5392303466796875,0.10589376091957092
-0.6690073609352112,-0.09377797693014145,0.03721480071544647
0.0645676702260971,0.2565753161907196,-0.06522899866104126
0.653039276599884,-0.3110583424568176,-0.08118848502635956
0.41721343994140625,0.10048458725214005,-0.06311781704425812
-0.4801167845726013,-0.4716528058052063,0.10589376091957092
0.5745222568511963,-0.362591028213501,-0.15162894129753113
-0.5818703174591064,0.11741966754198074,0.09146462380886078
0.24724307656288147,-0.4981686472892761,-0.21014191210269928
-0.6617928147315979,0.6556004881858826,0.09146462380886078
0.2762887477874756,-0.4981686472892761,-0.006447411607950926
-0.49893423914909363,-0.5083534717559814,-0.32938849925994873
0.44353559613227844,-0.14437365531921387,0.10683071613311768
0.2326265424489975,-0.15168194472789764,0.10683071613311768
-0.24737662076950073,0.1392526477575302,0.10683071613311768
-0.14729684591293335,0.2794248163700104,0.0790158063173294
-0.07078204303979874,0.03216469660401344,0.08944392204284668
-0.06102218106389046,-0.5025660395622253,-0.07644111663103104
0.18174979090690613,0.578769862651825,-0.028278514742851257
0.042755287140607834,-0.08695068210363388,-0.008214905858039856
-0.24681442975997925,0.687644362449646,0.07356874644756317
-0.6037014126777649,0.09456916153430939,-0.04282008484005928
-0.5818703174591064,-0.362591028213501,-0.15162894129753113
-0.19640614092350006,-0.5125978589057922,-0.0937437117099762
0.009954741224646568,0.3546433746814728,0.08143281936645508
0.45084384083747864,0.6556004881858826,0.10589376091957092
-0.19640614092350006,0.24821138381958008,-0.02828788198530674
0.35630491375923157,0.3211066722869873,0.09146462380886078
0.509028971195221,0.5900133848190308,0.015383690595626831
-0.6565458178520203,-0.18072760105133057,0.008075427263975143
-0.11444101482629776,0.4119291603565216,0.10488174110651016
-0.6477320790290833,0.6656321883201599,-0.07144714146852493
0.04188369959592819,0.6181597709655762,-0.07407408952713013
0.05811828747391701,-0.2093047946691513,0.03721480071544647
-0.66675865650177,0.25870534777641296,0.0007671621860936284
-0.6110097169876099,0.5900133848190308,0.0008608524804003537
0.5478531718254089,0.7310472726821899,0.10049387067556381
0.11151223629713058,-0.50054532289505,0.049173612147569656
-0.20643796026706696,0.018382161855697632,0.09679891914129257
-0.27642229199409485,0.4247341454029083,-0.03554930537939072
0.5965406894683838,-0.42199403047561646,0.03684001415967941
0.3785170912742615,-0.4317447543144226,0.07627955824136734
0.5235517621040344,-0.4981686472892761,-0.0864635482430458
0.5235517621040344,-0.5125978589057922,-0.21014191210269928
-0.2015593945980072,-0.34075990319252014,-0.14926780760288239
0.16722695529460907,0.25982969999313354,0.06626046448945999
0.029016392305493355,0.4247341454029083,-0.021007725968956947
-0.1091754212975502,-0.08290927112102509,-0.07919276505708694
-0.1463039517402649,-0.3178294599056244,-0.06545387208461761
-0.6162973046302795,-0.08869029581546783,-0.12405426800251007
0.6545383930206299,-0.5021975636482239,-0.13010703027248383
0.6421705484390259,-0.45712995529174805,-0.06262736022472382
0.31837984919548035,0.10865798592567444,-0.07790613174438477
0.18174979090690613,0.4134906530380249,-0.020998355001211166
0.15517441928386688,-0.1061115711927414,-0.11757665872573853
-0.40010061860084534,-0.4426071047782898,0.09146462380886078
-0.0873536765575409,-0.45712995529174805,0.10589376091957092
-0.35643845796585083,-0.30440595746040344,-0.15162894129753113
-0.5964869260787964,-0.1371590942144394,0.10683071613311768
0.43949416279792786,-0.5166391730308533,0.03394794464111328
0.07542088627815247,-0.2580202519893646,0.09679891914129257
0.5745222568511963,-0.08347143977880478,-0.05009087547659874
-0.31277623772621155,0.09410067647695541,-0.028269147500395775
-0.5851372480392456,-0.1871366649866104,-0.15567035973072052
0.5308600664138794,0.2701362371444702,0.10683071613311768
-0.5164706707000732,0.13924328982830048,0.09146462380886078
-0.19640614092350006,0.37198343873023987,0.09146462380886078
-0.600977897644043,-0.5025660395622253,0.04170583188533783
-0.014615827240049839,-0.3097465932369232,0.029906518757343292
0.09451907128095627,0.6192464828491211,0.10589376091957092
0.25445762276649475,-0.04983467608690262,0.10683071613311768
-0.2596255838871002,0.05292116105556488,0.13497716188430786
0.12356474250555038,-0.3208963871002197,0.015383690595626831
-0.6615116596221924,0.709100604057312,0.044429369270801544
-0.2982534170150757,0.2546764314174652,-0.06398594379425049
-0.2419080287218094,-0.18556556105613708,-0.0912640169262886
-0.295080304145813,0.2241063266992569,0.07761015743017197
0.5381683111190796,-0.46443819999694824,0.10683071613311768
0.21154502034187317,-0.20227761566638947,0.06616676598787308
0.5890451073646545,0.24821138381958008,-0.04283883050084114
-0.21708479523658752,-0.5065357685089111,0.07963085919618607
0.0072040315717458725,-0.3208963871002197,-0.09373433887958527
-0.13228687644004822,-0.5169954895973206,-0.3197845220565796
-0.3709613084793091,0.24821138381958008,0.03712110221385956
0.13808758556842804,-0.41028210520744324,0.06616676598787308
0.5380746126174927,0.24821138381958008,0.008075427263975143
0.6564653515815735,0.6396190524101257,-0.07618825137615204
0.6413272619247437,-0.1735130399465561,0.0008608524804003537
0.5308600664138794,-0.07794339954853058,0.0879041850566864
-0.3419156074523926,-0.48608192801475525,0.09146462380886078
0.4290127456188202,0.4375704228878021,0.09146462380886078
0.644506573677063,0.5202165246009827,0.08667976409196854
0.18174979090690613,0.13924328982830048,0.09146462380886078
-0.39279240369796753,0.2119511514902115,0.10683071613311768
-0.10186715424060822,0.578769862651825,0.015383690595626831
0.6413272619247437,-0.3262370526790619,0.029906518757343292
-0.27642229199409485,-0.16366271674633026,-0.1597117930650711
-0.2182372361421585,-0.3335452973842621,0.10589376091957092
-0.26920774579048157,-0.2535291612148285,0.10589376091957092
-0.5018542408943176,-0.2462209314107895,0.10683071613311768
0.3926587998867035,0.6192464828491211,0.10589376091957092
-0.059813521802425385,-0.49650388956069946,0.041959039866924286
-0.6110097169876099,-0.2098669856786728,0.10683071613311768
-0.4801167845726013,-0.12254256010055542,0.10683071613311768
-0.3983331620693207,-0.3899628221988678,0.12595736980438232
-0.014610206708312035,-0.42143189907073975,0.0008608524804003537
-0.2182372361421585,-0.14437365531921387,0.10589376091957092
-0.5891786217689514,-0.4981686472892761,-0.1519193947315216
0.29081159830093384,-0.19534413516521454,0.10683071613311768
-0.6682516932487488,0.22048361599445343,-0.06992324441671371
0.03952592611312866,0.10369201004505157,0.07868428528308868
-0.4437628388404846,0.08314765989780426,-0.05713679641485214
0.2326265424489975,0.26292163133621216,0.10683071613311768
0.48719778656959534,0.3646751642227173,0.10683071613311768
-0.42914634943008423,0.6265547275543213,0.09146462380886078
0.509028971195221,0.5465385913848877,0.10683071613311768
-0.08006414771080017,-0.2093047946691513,0.044429369270801544
0.3482220470905304,0.7471411228179932,0.0965241938829422
-0.4388906955718994,0.4074941575527191,0.0879041850566864
-0.26189953088760376,-0.5125978589057922,-0.07192198187112808
0.20967087149620056,0.14328470826148987,-0.07819022238254547
0.28359702229499817,0.09410067647695541,0.0008608524804003537
-0.28579190373420715,-0.42152559757232666,0.06120089069008827
-0.28236284852027893,0.7002243995666504,-0.06994812190532684
-0.08977103978395462,-0.3817048966884613,-0.14356175065040588
-0.1959565281867981,-0.0867319330573082,-0.13755570352077484
-0.14280582964420319,-0.43146368861198425,0.04901408776640892
0.509028971195221,-0.38442209362983704,-0.15162894129753113
-0.03643006086349487,0.5902008414268494,0.10683071613311768
0.13895586133003235,0.7390583753585815,0.1246706172823906
-0.2599724531173706,0.5811653733253479,-0.03352859616279602
0.39819958806037903,-0.3498356342315674,-0.17169256508350372
-0.12369824200868607,0.42117369174957275,-0.06403280049562454
-0.2554594874382019,0.7390583753585815,0.07334363460540771
-0.32185202836990356,-0.11086829751729965,-0.16051152348518372
0.3417820632457733,-0.08347143977880478,0.07347504794597626
0.6443192362785339,-0.40176212787628174,0.09155195951461792
0.5890451073646545,-0.282574862241745,-0.15162894129753113
0.18174979090690613,0.05923651158809662,0.09146462380886078
0.48719778656959534,0.17561593651771545,0.10683071613311768
0.38791459798812866,-0.3706020712852478,0.09477820992469788
-0.2410612404346466,0.46879634261131287,0.13497716188430786
0.1599186807870865,-0.42143189907073975,-0.06463245302438736
0.21557393670082092,-0.3698992431163788,-0.05010024830698967
-0.23023028671741486,-0.37711381912231445,-0.09373433887958527
0.5943326950073242,-0.11004044115543365,0.10885141789913177
0.17998230457305908,-0.04429391771554947,0.08676711469888687
-0.16252249479293823,-0.4861161708831787,0.007372594904154539
-0.46550026535987854,-0.3989449143409729,-0.15162894129753113
0.33447378873825073,-0.08347143977880478,0.0008608524804003537
0.33447378873825073,0.0829227864742279,0.058952197432518005
0.21557393670082092,-0.1371590942144394,0.015383690595626831
-0.34913018345832825,0.6337693333625793,0.10683071613311768
-0.6513334512710571,0.583595335483551,0.11080040037631989
-0.5818703174591064,0.3574605882167816,0.10683071613311768
-0.2832809388637543,-0.49852460622787476,0.05119432136416435
0.2258615642786026,-0.5266709923744202,-0.04734860360622406
-0.30556169152259827,0.5610613822937012,0.09146462380886078
-0.3782695531845093,0.578769862651825,0.0007671621860936284
-0.19640614092350006,-0.41028210520744324,-0.05010024830698967
-0.44151416420936584,-0.42133820056915283,0.023254137486219406
0.0072040315717458725,-0.38442209362983704,0.0817202776670456
0.04179985076189041,-0.4299708902835846,-0.07019196450710297
-0.5673474669456482,0.24821138381958008,0.06626046448945999
-0.5694961547851562,0.5903945565223694,-0.05177104100584984
-0.414623498916626,0.24821138381958008,-0.0501096136868
0.14539586007595062,-0.2093047946691513,-0.05009087547659874
-0.0800735279917717,-0.15899018943309784,0.10589376091957092
-0.18226446211338043,0.5703309774398804,-0.07183465361595154
0.3407891094684601,-0.4844513535499573,0.1033889651298523
-0.08008290827274323,0.25936123728752136,0.07356874644756317
0.5526911616325378,-0.21717524528503418,-0.15162894129753113
0.053130798041820526,-0.10071146488189697,0.08272570371627808
0.6140493154525757,0.07888137549161911,0.0629936158657074
-0.5091624855995178,0.22656768560409546,0.10683071613311768
0.06537970155477524,-0.22045458853244781,-0.11555419862270355
0.007194661535322666,-0.5125978589057922,-0.25371041893959045
-0.5164706707000732,-0.14437365531921387,-0.15162894129753113
-0.2255455106496811,0.4247341454029083,0.0007671621860936284
-0.15361222624778748,0.262759268283844,-0.055903106927871704
0.5745222568511963,0.3938145339488983,0.10683071613311768
-0.2670527696609497,-0.421150803565979,0.001704114256426692
-0.6137332320213318,0.0929545909166336,0.03439756855368614
0.0531214214861393,0.43510913848876953,0.10185234993696213
-0.01741713471710682,-0.2580202519893646,0.09642414003610611
-0.47280851006507874,-0.31171420216560364,0.10683071613311768
0.5672140121459961,-0.5125978589057922,-0.013755676336586475
0.4290127456188202,-0.23891262710094452,0.10683071613311768
0.4726749360561371,0.49566179513931274,0.10683071613311768
-0.25635871291160583,-0.08347143977880478,0.024365758523344994
-0.414623498916626,0.5392303466796875,0.10683071613311768
0.13808758556842804,0.3865062892436981,0.10589376091957092
-0.363746702671051,0.7356165647506714,0.10683071613311768
0.47998324036598206,-0.08347143977880478,-0.09372496604919434
-0.3419156074523926,0.05924588069319725,0.10683071613311768
0.23993481695652008,0.03741477057337761,0.09146462380886078
0.37082773447036743,-0.5125978589057922,-0.0937437117099762
0.12356474250555038,0.1828867346048355,0.10683071613311768
0.2301904708147049,-0.42143189907073975,-0.008696111850440502
-0.6745231747627258,-0.04025249928236008,-0.10281679779291153
-0.39279240369796753,0.09425059705972672,0.04452306404709816
-0.13822108507156372,0.6483858227729797,0.10683071613311768
0.44353559613227844,-0.5125978589057922,-0.18829208612442017
0.4563845992088318,-0.5245787501335144,-0.09631012380123138
0.4217981696128845,-0.18072760105133057,-0.15162894129753113
-0.16005221009254456,-0.220267191529274,-0.13724663853645325
0.30488479137420654,0.27747586369514465,0.04071290045976639
-0.47280851006507874,0.578769862651825,-0.04282008484005928
0.18671564757823944,-0.26074376702308655,-0.14626017212867737
0.06943049281835556,-0.09810048341751099,-0.09373433887958527
0.5163372755050659,0.4247341454029083,0.0007671621860936284
-0.22820957005023956,-0.26276448369026184,0.035194091498851776
0.2432016283273697,-0.5367028117179871,0.11536974459886551
0.10904191434383392,-0.4100947082042694,-0.10830683261156082
-0.6400553584098816,-0.0934968888759613,0.10683071613311768
-0.4873313307762146,-0.4981686472892761,0.05173763260245323
-0.5628563761711121,-0.008989713154733181,0.08143281936645508
0.18174979090690613,-0.3189288079738617,0.10683071613311768
0.6515464782714844,-0.1198190227150917,0.05622865632176399
-0.1528376340866089,0.13924328982830048,0.09146462380886078
0.08721080422401428,-0.4499153792858124,0.09146462380886078
0.5453829169273376,0.11019479483366013,0.09146462380886078
0.6399219036102295,-0.49779385328292847,-0.25371041893959045
-0.3855777978897095,-0.4981686472892761,-0.013755676336586475
-0.07280274480581284,-0.4981686472892761,-0.021007725968956947
0.4290127456188202,0.7137854695320129,0.09146462380886078
0.6413272619247437,-0.2535291612148285,-0.10108757764101028
0.32716551423072815,-0.02800358459353447,0.09146462380886078
-0.2837305963039398,-0.08347143977880478,-0.08645418286323547
-0.414623498916626,-0.042620107531547546,0.09146462380886078
-0.20643796026706696,-0.4100073575973511,-0.15104500949382782
-0.30556169152259827,-0.34075990319252014,-0.15162894129753113
-0.35898056626319885,-0.16153226792812347,0.11881149560213089
-0.5964869260787964,0.5900133848190308,0.05904589593410492
-0.3908434808254242,-0.49448317289352417,0.046378329396247864
0.5012710690498352,-0.1366157978773117,-0.13755570352077484
-0.414623498916626,-0.1735130399465561,-0.15162894129753113
-0.3419156074523926,-0.2462209314107895,-0.15162894129753113
0.116256482899189,-0.5125978589057922,-0.23197302222251892
0.10904191434383392,0.502876341342926,0.09146462380886078
0.01848812960088253,-0.20075346529483795,-0.009714256972074509
0.610876202583313,0.4247341454029083,0.044429369270801544
-0.1091754212975502,-0.42143189907073975,-0.0573616623878479
0.1599186807870865,-0.08290927112102509,0.0007671621860936284
-0.043710220605134964,-0.3097465932369232,-0.028278514742851257
-0.2022150456905365,-0.0989314615726471,-0.05157148838043213
0.21153250336647034,-0.26478520035743713,-0.016966307535767555
0.412428617477417,-0.4210571050643921,0.03496609255671501
-0.5948004126548767,-0.41890206933021545,-0.138783261179924
-0.050981007516384125,-0.3989449143409729,0.10589376091957092
0.10754255205392838,0.6071972846984863,-0.08123243600130081
0.6421705484390259,0.21925939619541168,-0.06210266426205635
-0.2298554927110672,-0.1298508495092392,-0.12285496294498444
0.6447876691818237,0.24464459717273712,0.06214422360062599
-0.5891786217689514,0.5392303466796875,0.09146462380886078
-0.13822108507156372,0.06650729477405548,0.09146462380886078
-0.235264852643013,0.4880164563655853,-0.0968921110033989
0.18174979090690613,0.6847397685050964,0.09146462380886078
0.3199509382247925,0.6992626190185547,0.09146462380886078
0.24724307656288147,0.43747678399086,0.10589376091957092
0.5672140121459961,-0.37711381912231445,0.10683071613311768
0.44353559613227844,0.030143985524773598,0.09146462380886078
-0.1891915649175644,-0.5125978589057922,-0.1810212880373001
0.21323153376579285,-0.4185273349285126,-0.14924906194210052
-0.5236852765083313,-0.08347143977880478,0.044429369270801544
-0.3071327805519104,-0.49650388956069946,-0.004923165310174227
0.509028971195221,0.670123279094696,0.10589376091957092
-0.49463963508605957,0.4665223956108093,0.10683071613311768
0.37082773447036743,-0.12254256010055542,0.10683071613311768
0.6180906891822815,0.42501524090766907,-0.05010024830698967
-0.08008290827274323,-0.5125978589057922,-0.16647033393383026
-0.47562575340270996,-0.5025660395622253,-0.18553104996681213
-0.5236852765083313,-0.26074376702308655,-0.15162894129753113
0.35630491375923157,0.19742830097675323,0.10683071613311768
0.25849905610084534,-0.38759517669677734,0.10278930515050888
0.06012962758541107,0.388526976108551,0.10387305170297623
0.5045379400253296,-0.09350324422121048,0.032630063593387604
0.4653666615486145,0.25973600149154663,-0.0501096136868
0.6223853230476379,0.16536903381347656,0.08540251106023788
0.20554213225841522,-0.156172975897789,-0.07468299567699432
0.45084384083747864,-0.5125978589057922,-0.3118954300880432
-0.2545911967754364,-0.4426071047782898,0.10589376091957092
0.6583923697471619,-0.27209344506263733,0.10562516748905182
-0.17466872930526733,-0.22186003625392914,0.07413091510534286
0.3126426637172699,-0.5125978589057922,-0.13010703027248383
-0.6565458178520203,-0.2752665579319,-0.10827966779470444
-0.4364545941352844,-0.282574862241745,-0.15162894129753113
-0.5236852765083313,-0.3989449143409729,0.10589376091957092
-0.26920774579048157,-0.06435753405094147,0.10683071613311768
0.20358088612556458,-0.42143189907073975,0.05904589593410492
0.3417820632457733,0.5465385913848877,0.10589376091957092
-0.6325876712799072,-0.40599995851516724,0.10481000691652298
-0.16005221009254456,0.578769862651825,0.07356874644756317
-0.3273927867412567,0.3211066722869873,0.10683071613311768
-0.32008451223373413,0.4665223956108093,0.09146462380886078
0.055357273668050766,-0.49076035618782043,0.09679891914129257
-0.6110097169876099,0.277444452047348,0.10683071613311768
0.21810373663902283,-0.5125978589057922,-0.26101869344711304
-0.6110097169876099,-0.4981686472892761,-0.2683269679546356
0.577245831489563,-0.516751766204834,-0.30784764885902405
-0.6578575968742371,-0.45956605672836304,-0.06240249052643776
-0.4141738712787628,-0.49852460622787476,-0.08694502711296082
0.402690589427948,-0.4881368577480316,0.04170583188533783
-0.6201733350753784,-0.023512542247772217,0.10488174110651016
0.022242097184062004,-0.11834488064050674,-0.1311531364917755
-0.21016667783260345,-0.262511283159256,-0.05157148838043213
-0.2671870291233063,0.08090207725763321,0.05375834181904793
-0.2869037091732025,-0.5258466005325317,-0.19085289537906647
-0.23023028671741486,-0.15899018943309784,-0.013755676336586475
-0.414623498916626,-0.083002969622612,-0.013755676336586475
-0.27968916296958923,0.26340264081954956,-0.01048882957547903
0.5890451073646545,0.29927557706832886,0.09146462380886078
-0.6665775775909424,-0.23442164063453674,0.03439756855368614
-0.3782695531845093,-0.5125978589057922,-0.2028336524963379
0.17444153130054474,-0.5125978589057922,0.06626046448945999
-0.3782695531845093,0.4446913003921509,0.10683071613311768
-0.12369824200868607,-0.23169808089733124,0.10589376091957092
0.18174979090690613,0.5900133848190308,0.05173763260245323
0.31010037660598755,-0.42556703090667725,0.05324926599860191
-0.5236852765083313,-0.08347143977880478,-0.10100230574607849
0.3417820632457733,-0.18072760105133057,-0.15162894129753113
0.5308600664138794,0.09410067647695541,-0.020998355001211166
-0.07434571534395218,0.5707588195800781,-0.029018819332122803
-0.3273927867412567,0.4134906530380249,0.015383690595626831
0.23112741112709045,0.06995529681444168,-0.01858101226389408
0.2112637162208557,0.04712165147066116,-0.08156327158212662
-0.06553195416927338,-0.08290927112102509,0.029906518757343292
-0.6182242631912231,-0.4981686472892761,-0.006447411607950926
-0.2028151899576187,-0.4070277810096741,0.09781093895435333
0.6413272619247437,-0.1662047803401947,-0.11554107815027237
-0.5236852765083313,0.4134906530380249,-0.020998355001211166
0.14539586007595062,0.42117369174957275,-0.06403280049562454
-0.6185991168022156,-0.4218066930770874,-0.04810452461242676
-0.06431392580270767,-0.10012118518352509,-0.1070653647184372
0.16545946896076202,0.27190372347831726,0.10589376091957092
-0.2909451425075531,-0.22438982129096985,-0.15162894129753113
0.12930190563201904,-0.46591562032699585,0.09073679894208908
0.44353559613227844,0.10287996381521225,0.10683071613311768
-0.6601062417030334,0.5653714537620544,-0.006447411607950926
0.2762887477874756,0.10287996381521225,0.10683071613311768
-0.5437489151954651,0.06504541635513306,0.13497716188430786
-0.07281211018562317,-0.41028210520744324,-0.013755676336586475
0.07992128282785416,-0.5125978589057922,-0.16647033393383026
-0.49463963508605957,0.2846590280532837,0.09146462380886078
-0.14103832840919495,-0.5025660395622253,0.1053379476070404
-0.5673474669456482,0.4134906530380249,0.06626046448945999
-0.6037014126777649,-0.30440595746040344,-0.15162894129753113
0.29081159830093384,0.42117369174957275,-0.06403280049562454
0.3854442238807678,-0.08347143977880478,-0.12280812114477158
0.6035679578781128,0.248305082321167,0.10683071613311768
-0.23198547959327698,0.22647398710250854,0.09954744577407837
0.13087300956249237,-0.31002768874168396,-0.14202512800693512
-0.49463963508605957,0.6192464828491211,0.10683071613311768
-0.6110097169876099,0.6774315237998962,0.09146462380886078
-0.11189895868301392,0.28924381732940674,0.09679891914129257
-0.19640614092350006,-0.2093047946691513,0.008075427263975143
0.4217981696128845,-0.07897405326366425,0.10683071613311768
0.6719785332679749,-0.5150464177131653,-0.05737103894352913
-0.007345976773649454,0.4246404469013214,0.07347504794597626
0.06538907438516617,-0.09405907243490219,0.06626046448945999
0.3417820632457733,-0.4981686472892761,-0.26101869344711304
0.5208282470703125,-0.5025660395622253,0.05622865632176399
0.6513527035713196,0.10818596184253693,-0.06257114559412003
-0.42792215943336487,0.7396515011787415,0.11089098453521729
-0.1091754212975502,0.7065708637237549,0.10683071613311768
-0.5041966438293457,-0.4217129647731781,-0.10458992421627045
0.3126426637172699,0.4134906530380249,0.06626046448945999
0.14539586007595062,-0.5125978589057922,-0.2828497886657715
0.5868836641311646,-0.5002236366271973,0.09464391320943832
0.043557967990636826,0.6774315237998962,0.09146462380886078
-0.4873313307762146,-0.4981686472892761,-0.03554930537939072
0.28359702229499817,-0.4981686472892761,0.05173763260245323
0.32716551423072815,0.6410775780677795,0.09146462380886078
0.4921042323112488,-0.5190161466598511,-0.3096809685230255
-0.6631045341491699,-0.1662047803401947,-0.057267963886260986
0.22812916338443756,0.6897056698799133,0.06176307424902916
0.23590590059757233,0.5905755758285522,-0.010663720779120922
-0.02189785987138748,0.25936123728752136,0.08068961650133133
0.6008443832397461,-0.09350324422121048,-0.09824317693710327
0.21557393670082092,-0.282574862241745,-0.0864635482430458
0.413590669631958,0.12551280856132507,0.13497716188430786
0.4290127456188202,0.24821138381958008,0.058952197432518005
0.23122088611125946,0.20874053239822388,0.11961104720830917
-0.25421640276908875,0.3865062892436981,-0.0659816712141037
-0.09737611562013626,0.4235224723815918,0.05622865632176399
-0.4364545941352844,0.015564928762614727,0.09146462380886078
0.029025761410593987,0.5924495458602905,0.08659244328737259
-0.19640614092350006,-0.41028210520744324,0.029906518757343292
0.6399219036102295,0.37198343873023987,0.09146462380886078
0.6253990530967712,-0.4062531888484955,-0.151619553565979
0.27266597747802734,0.4316053092479706,-0.004498445428907871
0.5817367434501648,-0.4981686472892761,-0.2028336524963379
-0.26920774579048157,-0.5125978589057922,-0.2755415439605713
0.610876202583313,0.4810452461242676,0.10683071613311768
0.19627262651920319,0.25936123728752136,-0.013755676336586475
0.049667179584503174,-0.3729661703109741,-0.14919285476207733
0.48719778656959534,-0.5125978589057922,-0.0501096136868
0.654444694519043,-0.005610305350273848,-0.06563499569892883
-0.23276008665561676,0.4246404469013214,0.07347504794597626
-0.6328408122062683,0.09731444716453552,0.08659244328737259
0.26176589727401733,-0.08347143977880478,0.06626046448945999
-0.6413419842720032,0.21726655960083008,0.04825838655233383
0.5890451073646545,0.6192464828491211,0.09146462380886078
0.3636131286621094,0.578769862651825,-0.013755676336586475
0.6413272619247437,-0.38442209362983704,0.03721480071544647
0.29811984300613403,-0.33345162868499756,-0.15162894129753113
0.3417820632457733,0.4665223956108093,0.09146462380886078
-0.30556169152259827,0.13197249174118042,0.10683071613311768
0.07994002103805542,0.4134906530380249,0.008075427263975143
-0.13822108507156372,-0.4981686472892761,-0.10100700706243515
-0.5673474669456482,-0.4716528058052063,0.10589376091957092
0.5130703449249268,-0.285841703414917,0.10278930515050888
-0.6473636627197266,0.3501523435115814,0.09146462380886078
0.350308358669281,-0.41890206933021545,-0.13795872032642365
0.17444153130054474,-0.23891262710094452,0.0817202776670456
-0.17457501590251923,0.4134906530380249,0.044429369270801544
-0.2476576864719391,0.26910558342933655,-0.059235576540231705
0.6399219036102295,0.5902945399284363,-0.027660120278596878
-0.21092896163463593,-0.22045458853244781,-0.09373433887958527
-0.6255325675010681,0.4247341454029083,0.05173763260245323
-0.030367935076355934,-0.20324265956878662,-0.09251630306243896
-0.19640614092350006,-0.08290927112102509,0.022598255425691605
0.10173363238573074,-0.41028210520744324,0.015383690595626831
-0.24934421479701996,-0.3189288079738617,-0.151619553565979
0.3199509382247925,0.578769862651825,0.029906518757343292
0.37082773447036743,-0.3189288079738617,0.10683071613311768
0.2190966159105301,0.6054981350898743,0.1340402066707611
-0.16005221009254456,0.48835355043411255,0.09146462380886078
-0.33919209241867065,-0.5025660395622253,-0.3219272494316101
-0.42914634943008423,-0.34075990319252014,0.10589376091957092
0.15542766451835632,0.03290500119328499,0.09679891914129257
-0.1528376340866089,0.24109049141407013,0.10683071613311768
0.6035679578781128,-0.08347143977880478,-0.006447411607950926
0.501720666885376,0.22656768560409546,0.10683071613311768
-0.46550026535987854,-0.4981686472892761,-0.1300976723432541
0.07265986502170563,-0.4981686472892761,-0.2683269679546356
0.6180906891822815,-0.083002969622612,0.06626046448945999
0.48844394087791443,-0.12932947278022766,0.12083219736814499
-0.01459989883005619,0.7065708637237549,0.10645593702793121
-0.4509774446487427,-0.08347143977880478,0.07347504794597626
0.043557967990636826,0.248305082321167,0.08068961650133133
0.33447378873825073,0.5790510177612305,-0.05712742358446121
0.501720666885376,0.4247341454029083,0.05173763260245323
0.40516093373298645,0.09612138569355011,0.03923550993204117
-0.03144444525241852,0.38957300782203674,-0.06114073842763901
0.48719778656959534,-0.04983467608690262,0.10683071613311768
-0.11965683102607727,-0.13943304121494293,0.07774733006954193
0.5817367434501648,0.578769862651825,-0.04282008484005928
0.4624621272087097,-0.42012014985084534,-0.12924504280090332
-0.16649216413497925,-0.3561510145664215,0.08576168864965439
0.4605882167816162,0.5803627371788025,-0.06180284544825554
-0.493865042924881,-0.055793482810258865,-0.1652618944644928
0.25445762276649475,-0.15168194472789764,-0.15162894129753113
0.21388742327690125,-0.35528266429901123,0.07384981960058212
-0.414623498916626,0.578769862651825,0.07356874644756317
0.6443192362785339,0.6673997044563293,0.09155195951461792
0.24724307656288147,0.25982969999313354,-0.050062764436006546
0.610876202583313,-0.29709774255752563,0.10683071613311768
-0.5383018255233765,-0.2025587260723114,-0.15162894129753113
0.3999670743942261,-0.29709774255752563,-0.15162894129753113
-0.42914634943008423,-0.08347143977880478,-0.07191260159015656
0.4363210201263428,0.5900133848190308,0.03721480071544647
-0.1455293744802475,-0.3097465932369232,-0.006447411607950926
0.0280656348913908,-0.5206805467605591,-0.0655972883105278
-0.05826116353273392,0.16105563938617706,0.09146462380886078
-0.02915927767753601,-0.08290927112102509,0.06626046448945999
0.5163372755050659,0.0829227864742279,0.058952197432518005
0.12356474250555038,-0.4981686472892761,-0.09375307708978653
0.10173363238573074,-0.22045458853244781,-0.07919276505708694
-0.3900688588619232,0.28924381732940674,0.09679891914129257
0.25849905610084534,0.26340264081954956,0.05491077899932861
-0.30556169152259827,-0.2098669856786728,0.10589376091957092
0.4945060908794403,0.3137984275817871,0.10683071613311768
0.3199509382247925,0.37198343873023987,0.10683071613311768
0.15270410478115082,0.6192464828491211,0.10589376091957092
-0.38961923122406006,-0.11936940252780914,-0.14758750796318054
0.6413272619247437,-0.282574862241745,-0.03552119433879852
-0.1091754212975502,0.4446913003921509,0.10683071613311768
0.4067320227622986,0.029638152569532394,0.12090393155813217
0.18085059523582458,-0.09099209308624268,0.062993623316288
-0.012306299060583115,0.09786435216665268,0.10617484897375107
-0.6578575968742371,0.34050169587135315,-0.06174661964178085
-0.45828568935394287,0.6992626190185547,0.09146462380886078
0.5557830929756165,-0.4216192364692688,0.004889773670583963
-0.27642229199409485,0.08875066041946411,-0.06397657841444016
-0.3208591043949127,-0.019920745864510536,0.11961104720830917
-0.20371440052986145,0.662908673286438,0.09146462380886078
0.30737704038619995,-0.39535313844680786,0.12090393155813217
0.4956303536891937,-0.4218066930770874,0.08771678805351257
-0.23276008665561676,0.5538468360900879,0.10683071613311768
0.13087300956249237,-0.34806814789772034,0.0817202776670456
0.21566763520240784,-0.333638995885849,-0.0864635482430458
-0.07280274480581284,-0.3134007453918457,-0.14438626170158386
0.3417820632457733,0.41751953959465027,-0.06401405483484268
0.3781359791755676,-0.23169808089733124,0.10683071613311768
-0.27642229199409485,0.3938145339488983,0.09146462380886078
-0.6465139985084534,-0.3962213695049286,-0.15427753329277039
0.352263480424881,-0.5166391730308533,-0.03879741206765175
-0.414623498916626,-0.3989449143409729,-0.15162894129753113
0.3926587998867035,0.5683696866035461,0.10589376091957092
0.29081159830093384,0.5392303466796875,0.10589376091957092
-0.6713311672210693,-0.29359957575798035,0.1033453494310379
-0.6565458178520203,-0.362591028213501,0.03721480071544647
-0.5236852765083313,-0.08347143977880478,-0.006447411607950926
-0.2255455106496811,0.32832127809524536,0.10683071613311768
-0.6565458178520203,-0.34075990319252014,-0.021007725968956947
0.19627262651920319,-0.5125978589057922,-0.17375048995018005
0.18905805051326752,-0.4981686472892761,-0.11555232107639313
-0.6900327801704407,-0.5258466005325317,-0.10827403515577316
0.3199509382247925,0.25936123728752136,0.06626046448945999
-0.42914634943008423,0.4134906530380249,0.022598255425691605
0.47988951206207275,0.24821138381958008,0.058952197432518005
0.643269956111908,0.5333524346351624,-0.07366783916950226
0.1154819205403328,-0.054388049989938736,-0.13241375982761383
-0.21102266013622284,-0.2098669856786728,0.10589376091957092
-0.08486462384462357,0.26026391983032227,-0.0017031619790941477
-0.3347947597503662,-0.421150803565979,0.05304936319589615
-0.6711747646331787,0.7363100647926331,-0.08586078882217407
0.19065088033676147,-0.3335452973842621,-0.15135721862316132
0.00309370132163167,-0.49823737144470215,0.09799832850694656
-0.35643845796585083,0.5755842924118042,0.10683071613311768
-0.3855777978897095,0.07470567524433136,0.09024657309055328
-0.03819756209850311,-0.08846254646778107,0.11787453293800354
0.116256482899189,0.578769862651825,0.05173763260245323
0.6428139805793762,0.3242798447608948,-0.0566464439034462
-0.07280274480581284,0.5320158004760742,0.09146462380886078
-0.3419156074523926,0.6847397685050964,0.09146462380886078
0.1142357811331749,-0.018768293783068657,0.08944392204284668
0.2762887477874756,0.09410067647695541,0.05173763260245323
